acceleration_mean,acceleration_stdev,pitch1,pitch2,pitch3,roll1,roll2,roll3,sitting,sittingdown,standing,standingup,walking,total_accel_sensor_1,total_accel_sensor_2,total_accel_sensor_4
535.146545942886,552.5549056254351,1,764.2467236107184,16.803157965250435,0,243.9631769125951,49.05124158093784,0,1,0,0,0,0,1461.8087222451463,1
572.3172143641061,808.6275524265669,2,736.4838919084052,14.827714745765796,0,330.33154918895593,14.630163719877451,0,1,0,0,0,0,1970.8909642969022,0
403.62669069490266,403.89244244388755,0,143.75404617540553,14.387817749164803,0,46.281434122258574,11.734685000157402,0,1,0,0,0,0,1085.1362953297548,1
777.446263322365,849.9313763768275,0,841.4361095869576,19.196244999859722,0,17149.626327274997,2.356957723211063,0,1,0,0,0,0,2202.264341859436,3
851.1047872962209,976.9741349969696,2,841.45906495181,3.252312172996623,1,8025.267302298513,4.024544045324549,0,1,0,0,0,0,2509.665826771263,3
600.7850521362303,655.1941188075871,0,771.4990578808817,2.3083048858851427,1,70.03173675862676,2.172515447343238,0,1,0,0,0,0,1705.7419292240786,1
735.1434343061552,775.3764075724341,1,698.1902295124773,25.80530793040815,0,6218.171875862892,4.657107017646414,0,1,0,0,0,0,2050.235776305368,2
970.8530951118271,768.8735867980721,0,1205.5117009221422,3.8101594524889846,1,2677.3242477682793,0.6412168591631233,0,1,0,0,0,0,2162.516462916038,4
890.332911535297,1065.6273447789486,1,841.2326612756776,3.4511214278374647,0,6130.531827065039,1.4210669839692345,0,1,0,0,0,0,2713.8750674013872,2
550.1463575578266,634.1315541915294,1,787.3372050436435,20.110609740804122,0,12815.602495370355,1.1549823081805386,0,1,0,0,0,0,1624.4322682968477,0
938.0759628960518,870.6113850067752,1,858.8916480434449,3.337177225880858,0,6873.897547511903,9.041400449120912,0,1,0,0,0,0,2337.9747579061936,5
969.4818692266101,1029.9649823199984,1,929.849236173842,7.193530835671114,0,13087.363926748416,8.171762232785913,0,1,0,0,0,0,2675.1762440013345,4
510.49200982330194,411.92215152265663,1,1189.2425716223916,14.853471523208231,0,324.53868934409786,4.753920451058882,0,1,0,0,0,0,1140.0250471113313,1
556.2275418637995,562.7199559007937,1,500.7605068233805,10.082718189305202,1,15035.823180465002,10.433307582678825,0,1,0,0,0,0,1502.8864613793664,1
832.2277893046089,793.4315646348014,1,765.8070915217808,10.743406872657324,0,5420.524107867183,4.333671248510224,0,1,0,0,0,0,2153.498553479173,3
752.1929012231318,1000.5740833281815,2,762.3774330388516,8.205673364776045,0,7049.249484625845,3.413770785493014,0,1,0,0,0,0,2476.9376272620084,1
854.4624845512383,753.5578965711677,1,867.5746427092115,3.3902312564405306,2,15916.823228557601,0.5524610718887037,0,1,0,0,0,0,2069.2836493818154,3
652.5932136179495,673.6481664684015,0,987.1987044597956,4.076661231004497,1,113.16352469824143,1.5701960182888683,0,1,0,0,0,0,1767.8785662103137,1
660.9071134111424,735.1438137384009,2,797.8082007948692,1.4765690881982945,1,9514.427571149463,1.7164862815158877,0,1,0,0,0,0,1907.7187361856982,1
1064.8929729902272,1172.325252412486,2,1175.8799204043298,4.284722961477769,1,13233.03478335706,2.6196950374123813,0,1,0,0,0,0,3020.5380983657255,4
860.6709257065784,864.3211055168848,2,1090.9546762562363,16.55331851423107,1,13293.732241496285,6.550712503525882,0,1,0,0,0,0,2299.756921329269,2
741.6470151663987,798.8131441786371,1,1255.6095186140499,20.140475400066247,1,9704.518339276512,28.839873474195795,0,1,0,0,0,0,2102.4048493605123,1
733.7263455691498,694.5864905757369,1,1236.8198262710905,4.414902691366926,0,9850.498209340394,1.4613040655133909,0,1,0,0,0,0,1863.3189527178372,2
768.3565135276267,834.4100722027065,1,296.9173295517661,5.348742953543109,2,10884.535058040654,16.67482840779843,0,1,0,0,0,0,2181.3040459608255,2
1017.8933335726917,1077.6844690761434,0,753.110067114417,3.9582432984885427,1,16728.428910108985,2.7672748940829157,0,1,0,0,0,0,2835.5726170945472,2
651.2468554755696,796.7433605415716,3,1390.8285701888537,17.948653769992667,0,14174.258653309742,6.2933550744485425,0,1,0,0,0,0,2016.929905441542,1
706.049132011894,773.8742442110239,1,289.7903072208953,3.338607408337643,1,8765.48788203898,6.03058361353458,0,1,0,0,0,0,2018.3371991316008,1
611.2846626921137,671.9672454956649,2,386.6751972208,2.1043079469931065,0,7677.031922910282,2.7138181609727656,0,1,0,0,0,0,1752.9762484632383,1
1061.1806934309477,829.5218263933674,1,835.7076937057911,9.14597320549689,3,14693.924663086582,3.1250415837590406,0,1,0,0,0,0,2346.795071507817,5
902.0888189561153,650.4678586503836,1,510.7015572303591,4.318599282320052,1,1697.9055985294306,2.595383548084069,0,1,0,0,0,0,1835.3939969719418,4
821.1109504669148,1135.8643399236744,0,873.1700268605441,14.255414945713806,1,15423.812010034531,4.481618599126613,0,1,0,0,0,0,2781.7962735179754,0
949.6729171543418,679.8425562115303,3,1130.8341902097548,14.811182890679124,1,12323.781863852699,4.728583098058864,0,1,0,0,0,0,1850.2467591601767,6
443.75267656010567,344.2210346439091,0,45.648085503633496,1.0967587231233547,1,69.17390383995158,1.2419713865494262,0,1,0,0,0,0,704.6188144974169,4
1248.1452384698264,1323.982890260804,1,1078.050396581537,13.111111523440613,2,19681.876172657976,2.570765763543933,0,1,0,0,0,0,3447.2802374574685,5
708.4200518715957,493.21587586012043,3,605.040408405094,11.475267412512524,1,16108.869700468942,5.332973291486561,0,1,0,0,0,0,1378.2544930236181,2
509.115442555735,410.37292783505296,0,174.54467721605346,20.469200192758464,1,90.14316654807246,4.4702158872013795,0,1,0,0,0,0,1207.069205784936,1
783.1853842179838,1060.254494582448,0,1050.298517002343,9.578208049935377,0,20283.347014552302,4.5130534336388735,0,1,0,0,0,0,2611.864962530205,1
666.6044170148052,659.575474875084,0,812.8032973881035,7.368864103749631,1,15784.73520979035,0.6941346139999169,0,1,0,0,0,0,1765.3284366320481,2
607.8182451952426,672.4420073328924,0,631.2912901866439,4.85924580326263,1,137.82039217335503,0.6033452335934884,0,1,0,0,0,0,1746.9602447948432,1
1051.2103248624028,1026.8953540012797,0,870.8974452693881,33.04297759835784,1,16511.702570924477,14.128923384137622,0,1,0,0,0,0,2565.9538228829992,0
703.6830713801198,843.8188584682978,1,901.995548780262,24.772573302774642,1,15757.748138971572,8.406557107687897,0,1,0,0,0,0,2143.440586950293,1
674.3003511701154,718.419801299878,1,787.5536776737077,8.27927399859767,0,7598.731253354688,2.1240575359885434,0,1,0,0,0,0,1880.9416148877947,1
885.2073038783208,759.1708256125369,2,624.6267989448929,9.882703191554642,1,13777.730965616582,2.8443682251047973,0,1,0,0,0,0,2188.8968071623563,3
941.6623654469026,798.8502580276166,3,1109.477146964604,14.049048003441586,1,17203.356366173364,2.7141311718035723,0,1,0,0,0,0,2320.3440372740247,2
1061.9384202400765,1251.0147704176638,2,580.4397772297025,17.004103706055243,0,14387.730704609909,3.5212686004160014,0,1,0,0,0,0,3197.134262551194,2
535.7442421858119,345.67349056046123,1,994.3057899748314,9.995885102049796,1,15380.792848199064,2.473300827522088,0,1,0,0,0,0,986.3484769578254,3
720.5846554112458,963.3293743092047,0,102.04506809691436,9.509693542570494,0,16346.926138537965,2.803147000396695,0,1,0,0,0,0,2378.0648230780025,0
390.3534955779786,396.11825982323734,0,14.325851975677029,11.608506837559322,2,42.574605948797824,1.096127064823851,0,1,0,0,0,0,1016.3414733091731,0
712.6680766199538,730.7867279634778,7,537.5940960913556,8.968307807998837,1,14241.985148106696,1.2670957234189721,0,1,0,0,0,0,1938.3612375452349,2
976.2868051225095,1116.0842589198667,2,862.4579173157884,4.150695525394342,1,11637.351352035857,1.0930212993497457,0,1,0,0,0,0,2857.6469793949177,1
583.9373865054994,458.2209811074361,5,863.9264771847477,8.041350957434222,1,16022.06040441911,4.606483171077992,0,1,0,0,0,0,1279.5836283945218,2
698.8724681312365,484.47334547458405,0,567.34765940314,4.552178685734017,2,85.42999580321188,1.9513434033626889,0,1,0,0,0,0,1381.9825771610176,4
1097.0292558023793,1353.4507730682465,3,458.86381830427814,5.688238870840461,0,11137.694875972296,4.346166613895026,0,1,0,0,0,0,3398.1134668933296,1
1081.4279892215327,792.7511854870661,1,557.7638398359566,3.005203526482211,1,8531.723301789705,2.970447476536144,0,1,0,0,0,0,2234.0180286943787,6
656.753820160913,630.4050146352804,0,967.3672724230297,4.9761347353042185,1,1255.6259954044904,0.39819245916230217,0,1,0,0,0,0,1698.283686277214,2
898.9051338242102,1473.6314162715405,3,670.2801063757961,4.645203215623898,0,16725.08656339807,1.3170149999626026,0,1,0,0,0,0,3450.710108078643,0
862.3602947425807,621.455985210878,5,983.388980829843,1.4871924830058905,2,11842.571216080834,1.1765789854305568,0,1,0,0,0,0,1733.032063867834,5
307.39700766501335,296.20089231534405,0,309.7039158737571,1.762961948774846,2,122.39708097621178,1.2223077539654938,0,1,0,0,0,0,781.0747704208154,1
727.806738491726,457.18904140599926,2,411.99642893668323,7.688398253813867,3,16001.979184623518,1.6277457212488495,0,1,0,0,0,0,1286.969103162444,4
624.5783973387762,659.2605524755795,2,388.592679518796,3.7991254351572192,1,6175.660411235495,1.2124907131940676,0,1,0,0,0,0,1730.9999484998566,1
1057.9504722150023,1690.1794110461678,1,261.8450081430843,5.2007910142415055,0,19893.702373909466,6.3030334166931254,0,1,0,0,0,0,3982.3850095847793,1
928.39541195687,838.7366797664918,1,567.6092808358794,19.999124635443945,0,4466.936045801929,5.148962498281334,0,1,0,0,0,0,2326.771478268238,3
691.304453628403,689.5691947341619,0,559.0503063473902,15.827501902305391,1,7558.8889056180315,1.5439462640350838,0,1,0,0,0,0,1840.2799010365743,2
646.6969981722867,662.6579367195675,0,80.00196419573541,9.354500113815778,1,68.3197448560144,0.6585371171030614,0,1,0,0,0,0,1756.598022608707,1
750.7191642619403,1159.0412009854454,3,676.0682306017486,4.637990672947363,0,16730.95148656813,2.9120090696758827,0,1,0,0,0,0,2756.3915475048043,0
684.7110782151334,604.4136919831284,1,409.27579902128076,6.474821284814027,2,15380.362107312358,0.7913914483536155,0,1,0,0,0,0,1657.3390503500293,3
627.1818654487538,523.6424910536231,3,613.2710867107764,4.410349620822187,0,16330.89950005581,0.7614461480574786,0,1,0,0,0,0,1454.6639246170253,2
936.5840863366983,747.0597809961193,3,874.0176250292352,3.978720957405258,2,10065.997815165567,0.5155593900436263,0,1,0,0,0,0,2090.041744932683,3
786.8045348669915,1172.709717581581,2,439.2677019667347,2.566549189109219,1,15881.142188984446,0.7192685127781847,0,1,0,0,0,0,2810.0099713724135,1
863.025292882692,746.3609471293348,4,1217.743639540532,6.961867689891802,1,13475.247872721025,2.0209025957466125,0,1,0,0,0,0,2066.066258431407,3
942.1420611851777,845.1795970749555,3,465.4422804197009,11.808378423444672,2,12035.969234391801,3.769466491170362,0,1,0,0,0,0,2315.699210982608,4
771.7806424981061,718.2671220466792,2,569.2189066588116,5.2593530195563,1,13529.433784245713,1.360007606673861,0,1,0,0,0,0,1927.2061468393724,2
575.245349139461,422.7966494561696,0,298.40980387151075,4.299798054369593,2,48.045738545788296,4.66584084443111,0,1,0,0,0,0,1161.392991516961,3
988.8125337090723,1218.4634139222842,1,714.0102672317078,4.5235566338948,1,15027.97253521626,1.8959020852020283,0,1,0,0,0,0,3074.9428766624114,1
877.3835625512677,842.6791792999211,0,612.3701930399212,2.020876000176533,1,9669.530791590838,1.454757648436509,0,1,0,0,0,0,2202.988583996331,5
910.1293649774176,691.5193509110832,0,1113.8917503628309,3.0721703582337905,1,14286.809644628851,1.787023764608007,0,1,0,0,0,0,1715.176496194424,7
579.8405231294024,478.0343924295182,0,488.2587564568795,2.858164203477561,3,159.2284643455672,0.26108564380089333,0,1,0,0,0,0,1328.673496654051,2
1171.679530578955,1254.6841251925887,0,260.2322685307366,3.1981273662779914,2,17762.493720748265,2.136131297801442,0,1,0,0,0,0,3257.655354080896,5
956.8547571928852,848.727885612598,0,817.2483390589205,4.958940504802437,1,10820.68204033043,1.781792585337961,0,1,0,0,0,0,2283.3944930425405,5
790.1867108680287,640.2385780905697,1,108.05474503966123,3.572892009080248,2,52.2320856320854,0.5245354316719175,0,1,0,0,0,0,1750.17504891605,4
1149.0298938327774,1197.3987573295112,1,588.6333782690514,5.984980784542432,0,13226.434361439682,2.174302007560309,0,1,0,0,0,0,3163.316186864905,4
680.8389621883837,801.6001194232176,3,714.1904307789506,8.981083518559082,1,5961.848598490701,0.9406891907497456,0,1,0,0,0,0,2045.0895578213588,1
710.4178973505675,676.3277001663123,3,1005.3219265719656,1.7692832056586392,0,7056.689079410369,0.520675830050906,0,1,0,0,0,0,1802.1701882831112,1
755.4438099739453,925.8523868423936,5,320.2491562364151,8.577829896667183,2,15641.996914975347,6.058081398288541,0,1,0,0,0,0,2339.5596416659746,1
614.4963254927492,735.7993126198879,0,719.5275570189383,12.789136940469106,0,8203.635893185954,2.286744513600288,0,1,0,0,0,0,1863.4234150965308,0
1050.2271840236128,779.4188754733286,1,587.2117827387817,32.486878710334814,2,12470.03131445668,17.55295486339606,0,1,0,0,0,0,2339.194632852533,2
846.0610113954363,379.83553180216086,1,632.226114758841,29.36072483289098,5,13763.292214127707,4.1536807422141715,0,1,0,0,0,0,188.32386834561578,5
744.080981764961,369.11419674471165,2,105.97468612882119,21.652146492870507,1,33.202404815254745,3.2675786144598327,0,1,0,0,0,0,1312.8297995897587,3
1063.8582460834837,1187.2398050271358,0,409.51168917628115,9.43446901930788,1,13718.955421771898,4.990426348563933,0,1,0,0,0,0,3072.642764382244,2
914.7806099219032,726.3072233992327,2,887.4165451847321,6.342635135624901,1,10037.380332574385,2.222719514796698,0,1,0,0,0,0,2005.8884258540832,5
853.4493247127311,793.582779654929,1,617.4187041066251,3.591869198506914,1,4368.193221513426,0.90062598656266,0,1,0,0,0,0,2155.799801839349,3
821.3667772972129,842.3533779003394,2,366.8699311138531,17.67969575289729,1,13140.630059851508,6.555284507973824,0,1,0,0,0,0,2269.902034607273,2
908.4463508391517,1024.416802924116,3,678.7574366451331,3.912006939391168,2,13415.92565514366,1.2627779107922166,0,1,0,0,0,0,2650.8610839909297,2
545.5994790020178,467.51640596946396,0,708.3560690562524,3.9679024416634956,0,7768.914124420161,2.572283122335934,0,1,0,0,0,0,1281.4487717949328,3
605.4973795289786,570.1536885023037,3,104.81303301317388,7.599630371966621,2,6694.793702425068,2.4799806800590956,0,1,0,0,0,0,1539.7472069498776,2
49589.16616148882,84984.05578704298,6,1166.0375428157442,7.215215457578632,2,11697.917178060694,27.148221003655966,0,1,0,0,0,0,196784.23590194364,6
22387.929397842494,38139.41306997225,4,1200.9317710907371,4.348645599485838,0,15156.503086748824,1.4626067899760513,0,1,0,0,0,0,88446.24556131521,3
604.7943081384527,877.46769716496,1,108.41736640440803,0.5941127231310286,1,13309.151535519193,5.989476809701146,0,1,0,0,0,0,2122.1161441719305,0
1161.3167895852193,273.7210901235957,0,909.1893233548248,32.42118773602979,3,15234.72475031401,6.758378677862626,0,1,0,0,0,0,1391.4801701036636,7
684.1785174255816,582.7913747856991,2,667.3779544178824,11.075829692443945,1,365.1144083339251,0.9495243166503394,0,1,0,0,0,0,1591.0014123678388,3
1395.4130364949062,1318.570980031581,1,443.2554397593196,20.863695968259503,0,14563.215183894104,4.986677094739194,0,1,0,0,0,0,3663.846423398019,4
594.4463966961348,642.3834819948928,1,476.18823008070854,6.722742962995566,1,16691.940750751193,2.429173482454967,0,1,0,0,0,0,1684.7134430717365,1
747.9433348632821,585.8888983773857,1,125.34079282473535,10.3213619864244,1,7065.83729399906,1.1164955687048208,0,1,0,0,0,0,1761.8575821920108,2
856.008217112438,495.27621788417576,1,524.6822844191194,12.432929018381591,2,15610.12461729809,4.4922321539790255,0,1,0,0,0,0,1677.8326296013531,4
747.8849299342769,651.4548568150497,2,441.55929980506835,5.36955109586696,1,5311.766212774779,1.8806979545961582,0,1,0,0,0,0,1763.9419421872533,4
770.895487885563,1122.9778986625624,0,345.2356085450673,1.949362086697501,1,12440.467279101322,4.410279826090492,0,1,0,0,0,0,2708.8625751051354,1
1098.740210503631,901.82442716832,2,267.43898395548194,9.803069444676911,2,15174.223802050552,9.351360841200737,0,1,0,0,0,0,2417.5228972447767,7
740.4545346524205,823.2390208358581,4,588.2966852353311,5.946988042268014,0,12649.399436225816,3.939711564068716,0,1,0,0,0,0,2140.2115223729406,1
50144.251269694214,86021.87322162544,1,637.1410944157943,13.982350240115629,2,7195.474482505645,42.33335918492417,0,1,0,0,0,0,199137.49490433594,1
1018.9496107494488,710.824364074263,5,912.6787701383694,4.595462443698218,1,11702.499138000534,6.912025273133553,0,1,0,0,0,0,1917.80082039605,7
916.5444379922375,263.22112034307554,7,1389.719812340702,14.143235898241961,2,15845.159723411458,7.064132364116366,0,1,0,0,0,0,1061.575925362912,2
1177.8416619375919,1210.1144459785364,1,334.090558888636,74.2381374214447,1,15542.861032224831,4.446908228401394,0,1,0,0,0,0,3058.049149191371,0
488.3245753540945,290.5318543352152,0,546.9947997010606,6.4193535551716785,2,14577.682053363034,8.912470908510121,0,1,0,0,0,0,829.4369222791131,2
237.0219636181576,183.991310075117,0,20.5969265977608,6.522708601859051,1,48.88177650475785,1.5365263588189877,0,1,0,0,0,0,519.1114012306023,1
875.3672787682091,959.9895629191368,0,452.2774508473666,7.056799875573775,2,14467.744217107258,3.403670876756561,0,1,0,0,0,0,2496.543121380539,1
575.9480913602844,671.6052701181743,1,665.7017864397394,13.689006132518536,0,8913.979110437323,5.061008624652443,0,1,0,0,0,0,1724.7099729741285,1
686.7122568587021,983.6820326130634,0,213.06276267659013,5.5482462647269895,1,13092.798273271834,1.4426753849047682,0,1,0,0,0,0,2384.318495649253,1
843.3920836486236,941.7515056080584,0,666.1521771516886,12.163110752868842,2,15825.466768719885,2.551971698724266,0,1,0,0,0,0,2441.575435603104,2
525.7247843983125,321.54111416458517,2,180.25159772924536,3.449818235865654,2,12191.951549402529,8.502580809739005,0,1,0,0,0,0,535.6001015974063,4
672.9170334591834,555.5528387411713,3,318.81049048338605,5.483465882084156,1,11332.084849458612,0.6924817701222514,0,1,0,0,0,0,1557.4831203224019,2
593.4742745772702,635.6623914504598,8,191.49215243049514,5.10225926135371,1,14842.403946341317,4.088480557557781,0,1,0,0,0,0,1662.7195619603483,1
984.8535009657948,1206.6700705059045,3,727.0225626929513,4.912113409899657,1,12234.14055939712,7.174074370846091,0,1,0,0,0,0,3049.869956744452,1
358.82500465442854,289.4005082677127,3,479.17870200953826,10.09522642455992,0,15679.677199090489,12.430954625343595,0,1,0,0,0,0,722.1714007400872,2
149.73744155386208,162.97597801515892,0,8.63823970495806,11.793980871875855,0,45.05343645277569,3.99146396616006,0,1,0,0,0,0,427.8146030755942,0
287.6862781261035,172.01935191339282,3,579.6472961633874,1.3481607441468262,1,19606.279718724858,3.5745411028462195,0,1,0,0,0,0,269.3734603736036,2
192.0026459870382,152.7674954278618,1,84.4271773574426,4.962374357112251,1,52.62694861229993,2.537793882165727,0,1,0,0,0,0,424.523969010128,1
749.4196952589139,857.035524743843,1,878.4883211226621,5.453244950211451,1,15447.288198511069,4.880042456421279,0,1,0,0,0,0,2214.8534467397694,1
597.9730432395431,646.9399672637091,1,615.5085580777279,1.844816353804658,0,14261.34890534712,2.846759390131905,0,1,0,0,0,0,1693.7161286627233,0
694.880170631368,1010.6518703251072,1,654.3050028585974,5.220918459744537,2,17429.140721419597,6.56520839818074,0,1,0,0,0,0,2440.0001309579393,1
879.8474799614744,1146.5303749524455,3,738.1820965955932,22.02892823383842,1,13408.253153926013,4.401917713379661,0,1,0,0,0,0,2856.141394886226,1
486.592384961555,476.12034708955093,0,577.0997077791503,8.310004150998115,0,117.48360203529217,3.081514622876914,0,1,0,0,0,0,1280.4249568114237,1
925.6755522684115,1371.205353277254,0,518.272623352385,7.848864076741617,0,21203.583122943302,3.1396086524085844,0,1,0,0,0,0,3296.7403388702614,1
442.18160679444424,406.96474311084586,3,682.3699637884779,9.681386803249335,0,19880.559992629773,2.9179722693740984,0,1,0,0,0,0,1102.1019722073952,2
741.6895696255348,882.770300145799,1,806.3032904297829,10.581957803781886,1,253.0238557260205,5.322936417876564,0,1,0,0,0,0,2254.8009372269435,1
809.7294821346065,1314.2264350369198,0,212.36888062382087,3.142764463671508,0,16134.712290882573,3.1022684569083467,0,1,0,0,0,0,3085.9269156197597,0
585.3893387508859,352.02546574078195,1,723.9500070795896,6.252840669004099,2,16879.470685185166,7.924864611306956,0,1,0,0,0,0,905.4690192115032,4
71.93148367259946,57.72442023513909,0,0.9713284502356331,1.9064922523841537,0,16.016954798886946,1.1444753313305502,0,1,0,0,0,0,163.93786543591318,0
349.0604604539434,279.0201056793063,1,272.07025709799694,0.7325751445577237,1,12651.29205119448,1.168017871618491,0,1,0,0,0,0,687.9638888418935,2
678.0008973794851,1086.049263424255,0,405.2557617426956,0.5909264855674532,0,14397.694139877703,10.870690672970376,0,1,0,0,0,0,2557.4763450684854,0
413.4545204647985,276.6520449060749,1,483.4385824571458,11.746776861859953,2,15171.996295881294,9.862498953683566,0,1,0,0,0,0,791.5557552253883,1
575.0430454174901,600.6439440363033,2,284.6174181459897,1.464985854828928,2,8550.950315407643,1.1154372317499324,0,1,0,0,0,0,1582.4011217378584,2
1103.0285740219997,1250.9580638394516,2,602.0280293905636,4.285723230966558,2,13351.956097135575,6.318398363765944,0,1,0,0,0,0,3229.559970402933,3
591.9092255209592,554.8070197320984,0,732.3398903052469,10.876740416602395,0,8505.768966348012,3.98545095032868,0,1,0,0,0,0,1504.9986491937427,2
589.1445673845758,406.76691252447887,1,92.60591648895422,6.5345908883521115,2,75.0251806290017,5.941665648738468,0,1,0,0,0,0,1152.9448298949878,3
883.6616847875376,940.022776352462,1,628.4714051144413,6.189659930583784,1,14926.903187059157,7.697669940324291,0,1,0,0,0,0,2432.6360017034467,4
585.7820696605904,381.862876171816,4,502.85435630419715,3.37229257588547,1,14577.081488843418,3.2357541177234057,0,1,0,0,0,0,1028.112346802552,4
291.70277764542067,198.10606786158274,1,62.08161093771411,0.48318013272839544,2,39.24215690253094,3.3498371197964776,0,1,0,0,0,0,564.4989082582581,1
1331.2621616993665,383.37442748230006,2,527.7831089272671,32.48849774030258,3,17921.166415565618,5.530132884338732,0,1,0,0,0,0,1543.2614298220246,9
356.8087739064495,222.02800237260192,2,50.67329887314849,11.37508365040139,2,60.98086681682134,1.648299489135578,0,1,0,0,0,0,642.3299234385321,2
1141.499540476249,887.9110004735005,5,637.8259571691622,4.941801401639808,3,16884.840157684434,3.2137410241597846,0,1,0,0,0,0,2392.9105990389294,8
756.7097445504407,562.2549815145109,2,427.44649152688544,8.937916940110684,0,7155.801642150466,2.6916107816274075,0,1,0,0,0,0,1565.2756889868108,4
842.4885984819718,1352.1598090161056,0,214.0114871425794,6.227263643482781,0,15468.149462063082,2.992098228725288,0,1,0,0,0,0,3182.561387247624,0
655.699699545051,452.43193992024965,2,481.63261237158997,6.944493593468075,1,15726.172191283087,10.443367419607881,0,1,0,0,0,0,1022.6235072317562,6
823.0166024896287,1370.2028645423616,0,111.73596174048657,0.24756921426259032,0,15205.69678145441,4.87983490544985,0,1,0,0,0,0,3196.0445842533272,0
672.9131632940682,640.3909495874124,2,311.6934119568782,2.877160383750055,1,11425.723457775332,1.4852885244158949,0,1,0,0,0,0,1725.1210188899454,1
730.4892879570168,988.1879905682624,1,291.86953239997524,18.323315658251385,0,12156.437331274681,4.724217637480272,0,1,0,0,0,0,2425.5079917907815,0
458.7019145543191,517.4880233271612,3,303.01758053746937,7.478756279621817,0,4574.495722959282,2.6935983048935497,0,1,0,0,0,0,1338.47522583794,1
693.8597583024017,992.0208390095075,2,69.921649654335,2.818372846488705,0,13238.518092690565,2.023793511513303,0,1,0,0,0,0,2402.740959038511,0
631.5996359791588,171.39452343823936,2,734.6661723247471,4.863186208765004,1,13024.084367484798,1.5301683876200263,0,1,0,0,0,0,779.9169951898721,4
688.0373543813114,940.2723268367579,1,115.41645478492607,0.9994017690743023,0,11890.682368211988,12.92308169201995,0,1,0,0,0,0,2309.787276086887,0
596.7024554937784,374.01119356610724,4,607.1991314999958,4.841937352804951,1,11840.01611142974,8.906421977282097,0,1,0,0,0,0,963.4097645532452,4
1030.3096099208044,820.3914669673521,1,246.84859116494437,34.5709215305509,1,11357.099800749878,12.79595697637113,0,1,0,0,0,0,2123.3082918318437,1
435.6916370777067,251.86630374538385,4,700.0634048261203,1.918222692157557,1,15549.458005239954,5.012359750701346,0,1,0,0,0,0,577.3923278982081,3
627.9995596631694,983.4111533477799,0,196.05271681501017,1.205993172842637,0,12037.992850796221,3.8976575289254938,0,1,0,0,0,0,2330.8342064686467,0
413.19728007932366,336.3785608586637,2,421.2177551698615,7.757610903126057,0,16954.125434111753,2.6400721455031144,0,1,0,0,0,0,944.1870509987803,2
1230.7631699801886,1442.7208156624206,0,458.40852897327716,16.019236996316273,0,17309.272051560056,1.009327088232129,0,1,0,0,0,0,3606.9695447874583,0
350.16981403946625,310.3331986674202,1,409.9228691036721,3.9110550064625604,1,95.28041758721952,4.063530891262739,0,1,0,0,0,0,845.9452312233705,1
291.46348032410106,309.9936657388548,8,220.61487052284463,3.952181413907658,1,6255.687651142304,4.083192874175668,0,1,0,0,0,0,52.73419692686565,4
303.00828513186315,257.49369423350663,1,254.04083104922358,4.110854205491564,1,83.56002564368167,5.350480072595402,0,1,0,0,0,0,692.7853810538412,1
556.8123662277708,390.6622409388632,6,1092.5676783668505,2.047420495166958,2,18996.8720079118,7.331887152313337,0,1,0,0,0,0,241.4897026761639,6
479.25794300587546,319.57598707334245,3,112.7697925822199,10.223252478509796,1,6282.880841212027,16.33883354120388,0,1,0,0,0,0,856.4852567010474,0
346.1299419689153,132.1871427024971,2,401.9099672500289,6.253050786582682,2,13461.420168381203,2.0264092873461306,0,1,0,0,0,0,129.04290062744172,1
396.90982311104403,532.3186862275344,0,63.80215142604804,4.756607262743084,1,6739.342703047158,18.221930121515918,0,1,0,0,0,0,1312.8948429601794,0
472.0202375203735,164.55853023567707,5,282.67158705244515,5.598492920276731,3,13445.626433993066,6.136287238538854,0,1,0,0,0,0,420.32918005679386,3
432.7899940696452,334.92740444858526,1,19.38529186775038,9.277903334619115,2,48.16296295631759,15.400014173317317,0,1,0,0,0,0,925.8608606901531,2
624.5367321133392,404.9796576750129,4,303.08906535498966,6.032190846682763,2,11046.418205011094,11.0675580311092,0,1,0,0,0,0,64.87977509622203,6
173.53408237052122,136.82960379771112,0,4.603513220011846,3.247088435249731,1,28.75132644499478,2.5738949757099268,0,1,0,0,0,0,372.6850979822628,1
728.7409505464047,535.8205344914699,4,313.21062952023453,8.04858941596105,2,15517.489476941768,21.275629736413087,0,1,0,0,0,0,1518.553993021739,4
342.9872396356889,380.5674857783983,1,313.98787155464345,8.57719207088368,1,26.37681141828683,29.84043811522222,0,1,0,0,0,0,990.7916142150924,1
997.168031163006,1188.167315369106,1,548.7097761429791,3.47032765531426,1,18422.35618518589,3.039315346856739,0,1,0,0,0,0,3031.5770446042047,2
305.4419345834515,282.40368839833786,2,95.99257532788245,9.816421406269603,1,111.5859537503043,13.073989174886592,0,1,0,0,0,0,770.4866764391427,0
923.5999363716636,1010.9410152682121,3,677.8093748486504,9.799385079995574,1,17446.30507824826,2.496952521897117,0,1,0,0,0,0,2634.6816073022947,3
212.49137647594705,190.14576870169665,2,186.87790203185733,12.689452324483861,0,255.58723247034703,3.6600310830073806,0,1,0,0,0,0,513.0741097581736,0
884.5863791332386,975.1062334089343,3,453.2845026309351,15.141943793964344,1,17663.537749601415,2.510629468932043,0,1,0,0,0,0,2536.4452223837397,3
260.29253872875296,222.22027734546018,1,8.900932434994193,12.537064822700316,1,45.822905718596644,2.802957482256738,0,1,0,0,0,0,619.5329624678855,1
1027.7886268590282,437.9937066114625,4,464.40087985053344,8.112963463375017,2,16447.83329111561,3.157582189797505,0,1,0,0,0,0,1570.0613649832826,6
213.2572786856047,192.61623569432686,1,21.502003259300253,6.471733573837702,1,32.83830558965033,6.892375145862621,0,1,0,0,0,0,533.4541429530553,0
418.8949533672914,161.29609852205718,2,325.518807338431,3.182459405137947,2,16842.240636558166,30.65098366648622,0,1,0,0,0,0,298.2117150276428,3
410.5950308447068,503.321287143529,1,40.265230806201224,1.4992634659051065,1,6946.326467866501,2.2300456490489937,0,1,0,0,0,0,1264.489420088241,1
799.3768298080593,463.9218897739685,3,697.7342345110192,5.428711828263284,1,16621.463230328063,3.3406109676859925,0,1,0,0,0,0,1578.204161530295,3
416.1992921156768,442.60499854820347,0,436.60201528962875,12.816711396445696,1,60.76046004946754,7.599535421962164,0,1,0,0,0,0,1165.4353214801529,1
971.172923096587,1221.168272964867,0,399.74041211566987,21.688876659129946,1,17277.807361371248,6.597723207926915,0,1,0,0,0,0,3083.2122314054272,1
278.01439554504674,193.43682409612626,2,9.780216197001659,4.7802112737995195,1,42.75370250877962,6.209329410138085,0,1,0,0,0,0,543.7144656830578,1
1004.4752626796779,958.9380615214613,2,687.3887046508526,4.914067262017577,2,16607.778261964966,5.806423442169043,0,1,0,0,0,0,2549.129603300572,5
443.0889382834066,323.7804433016774,2,131.3098111777018,21.960149421558597,1,54.21854397311096,33.388424268155646,0,1,0,0,0,0,929.281041924181,2
1248.31130330886,1413.6363473896288,1,467.1695437910374,9.321914731312118,1,16212.509894451992,8.310064534173147,0,1,0,0,0,0,3624.8003139277107,5
686.2090434874748,661.6081246024669,1,714.8978672409701,18.235523376012715,1,3086.3166317340024,21.174442974679756,0,1,0,0,0,0,1777.472954539225,3
627.7773871948004,960.4747525518791,0,443.2192674478076,10.672935196981626,1,13602.732103479108,21.647000627150486,0,1,0,0,0,0,2288.1258553943435,0
652.8650813794131,563.4451999119264,5,399.6624245203716,7.311695054989313,1,11612.646651978223,2.6288455440238527,0,1,0,0,0,0,1558.8112119495493,3
692.4569440247136,648.8105035106873,1,299.93301066326273,8.756129216567846,1,70.46156958479193,4.00663968793078,0,1,0,0,0,0,1760.7680785434302,2
789.1984616223998,1155.6575133781678,0,1118.583026961628,6.090055651683145,0,12171.53175532867,3.098275796080151,0,1,0,0,0,0,2785.6544868061924,1
724.8339994080179,597.405043323682,0,684.573985275336,8.71073160804479,1,14833.984058749205,14.894184997962697,0,1,0,0,0,0,1756.2406089452809,2
130.7733253130921,100.01529547903597,0,10.619266901470185,1.3582530175764407,1,18.721382700347714,4.152487095469043,0,1,0,0,0,0,289.59586314096765,0
359.7423772748534,216.12269365361053,4,239.30043404791522,0.8092065036070513,2,16889.96983971818,2.37158243151049,0,1,0,0,0,0,531.1615783610373,2
427.9639456613846,587.7849981969784,1,58.00783011372098,1.6691506348446008,0,7053.256819868288,3.815537537967193,0,1,0,0,0,0,1440.7936812097937,1
696.8632209047668,606.8215992428429,1,681.3969464523869,9.108457478067624,1,17107.915275490763,30.584732022351947,0,1,0,0,0,0,1587.7632454509487,4
259.3764209133881,213.8472817135118,0,1.5498739895074618,1.39285883665556,1,44.6663043597175,6.197478367659512,0,1,0,0,0,0,600.3162048370027,1
716.4881939150775,580.9908981136083,3,338.74363326271356,5.7797988830656815,2,16973.90771105505,20.825549017312156,0,1,0,0,0,0,1580.425977040795,4
250.8381179486877,230.73547183681944,3,47.34106398972984,4.188904142154766,1,39.66496902692254,3.1521948764414995,0,1,0,0,0,0,632.106498235235,1
1116.652719738763,1270.2985644271355,3,188.03969361076372,11.747422814527422,1,16886.787406531515,5.21841181880009,0,1,0,0,0,0,3278.0544856649003,3
550.8830751938148,651.3951492971119,0,246.84897527511367,6.767561859018431,0,129.0198512217214,5.400603344034528,0,1,0,0,0,0,1664.0210255448208,1
1074.7952037953764,1530.7714943263686,0,221.06526861246164,5.142402825431342,0,18866.638391095297,3.68692213113012,0,1,0,0,0,0,3710.6865290398173,0
650.9429459226889,640.6434996636576,1,170.72033635487,7.535148268086494,1,8696.298345246938,6.017914717584729,0,1,0,0,0,0,1720.6676342178218,2
213.0613427250412,183.14771187230292,2,10.411779423175485,1.5595123897534888,1,25.510625958869937,13.480354740338413,0,1,0,0,0,0,511.4235799796401,1
23499.5167091848,39394.28476590611,5,826.3812981446504,5.753909643837504,2,17333.18726819059,5.7068370267998265,0,1,0,0,0,0,91724.41659740244,9
33465.18498996393,57901.93569780617,0,168.5215547675494,1.3040605471518307,0,13536.889935636762,1.86571554070292,0,1,0,0,0,0,133754.2773393048,0
318.83625842483616,214.13056551451126,2,1158.7155925736538,0.9514433907942585,1,8297.115622883253,2.594463687949488,0,1,0,0,0,0,612.2494613043671,2
788.1626632283286,1087.305419508669,3,216.53738628347486,3.124314284067448,0,15773.245357295944,1.592663492958367,0,1,0,0,0,0,2665.4475476790403,0
264.2960518499009,238.29959601945419,0,12.41418063663858,8.669472015669822,1,40.73703310842434,4.1062633729346745,0,1,0,0,0,0,659.067045873949,1
932.9175755873762,388.3110048852117,4,758.722755071119,5.664166479022038,2,14333.860757454597,1.7430288028573302,0,1,0,0,0,0,1535.381816484978,4
234.7582960475048,145.22146715378037,1,9.384660275151537,6.372164765086086,1,40.68120109794691,8.046228950652138,0,1,0,0,0,0,465.7340345670963,0
397.5049123832139,243.86337805204556,3,719.4892792514236,1.065539076474844,2,20071.738284114246,1.5674767059595993,0,1,0,0,0,0,253.59634979258124,4
374.0313891697659,537.3716295425438,1,13.737213659307999,7.351231468339272,0,8052.131796047049,2.463829041173983,0,1,0,0,0,0,1299.353330257729,0
505.8025960384089,353.37725029213965,1,250.0976909777812,18.691956149211265,0,311.97258064987767,7.994723544665933,0,1,0,0,0,0,868.9637256448955,1
1027.8603362261695,1330.7620262386324,1,367.5213685527483,11.839978881052605,0,17758.25500669879,19.77013723773389,0,1,0,0,0,0,3281.667039618298,0
232.5185469523198,182.66768098073322,0,12.895454261675388,0.6128005986929403,1,25.726643609545064,2.1149606033381105,0,1,0,0,0,0,515.2409664257357,1
551.0344525382602,260.953038077136,4,331.10008178215804,25.04378561639009,4,14665.603516576643,2.8860390974721133,0,1,0,0,0,0,188.34606967746518,3
20133.080403475913,33811.589589468145,0,381.5410155024206,11.665847291021498,0,17013.87368281745,10.309425082863669,0,1,0,0,0,0,78690.05564288417,2
369.6286035753769,403.6170025167979,2,640.8087878381639,6.453021378927012,0,15458.55730103478,9.485703204587491,0,1,0,0,0,0,1056.754804438179,0
470.01358723136605,564.8397686039832,0,461.0006887243409,2.8449660491545146,0,5998.653408059954,6.2262872312736075,0,1,0,0,0,0,1442.5603578243367,0
353.48157570040786,218.74471170224183,1,344.42333269280886,3.2399983077200067,1,17198.690708613358,3.7983136367180106,0,1,0,0,0,0,595.9471409128737,2
308.619356662904,220.0288775649418,0,1.5960641191704243,0.9789742753564739,2,47.09220703009113,4.664194617971722,0,1,0,0,0,0,647.2782860637303,1
1022.5395741604775,865.5706359416952,1,949.7320041943271,6.967584257450786,2,21028.34234607428,3.6851571084978927,0,1,0,0,0,0,2405.3555611021975,5
190.65332112835824,161.67330858057505,0,79.07083865704314,5.14424515943479,1,92.07237412141569,8.50483548673898,0,1,0,0,0,0,454.0860780730874,0
704.7988328041581,530.5818856199995,2,731.506599951201,2.613885693017384,2,17000.978855499703,5.735460321221133,0,1,0,0,0,0,1481.969491948629,4
382.91553428364966,389.9344345051882,0,268.66554938236635,27.537924533498693,1,49.75285102620347,36.36030635405446,0,1,0,0,0,0,1033.1714061701387,0
922.6329770177072,1060.8367887485472,1,506.32656217127976,5.783948484734893,2,18200.3049087425,4.646361651963315,0,1,0,0,0,0,2733.683173549586,2
247.58447351657654,178.50233143492292,1,20.061954741331935,0.4654999506650114,1,43.778646674459424,5.673215595329578,0,1,0,0,0,0,505.82634094291575,1
930.0287563211384,875.2815193344998,3,208.58460297106885,2.5280547891037237,2,17628.080247952428,2.6664935441560966,0,1,0,0,0,0,2363.35108100741,4
452.9812198817402,316.5484873994163,2,50.34517877496624,12.036541363334461,1,23.719836687265087,37.09929948329139,0,1,0,0,0,0,872.0076032822668,3
967.8416346401691,721.960115640279,3,543.7139152802082,10.007719326103315,3,15769.520621141157,10.572940714546643,0,1,0,0,0,0,1543.316118224269,9
5.737869260275568,6.195588287756276,0,0.28514850401354686,0.13148686291409725,0,0.3222291903081719,1.9182264121047619,0,1,0,0,0,0,2.8315521630291878,0
418.8441733934925,458.2925639131519,1,399.830063734898,18.20999449546915,0,129.41568133595993,32.90906435609607,0,1,0,0,0,0,1193.6228725265291,1
951.7545999549307,1457.1065795200684,0,567.541122951699,1.2863352497483158,0,18841.438677886512,2.2658102024232143,0,1,0,0,0,0,3472.9004111188133,0
469.93685617003644,380.1690875006602,3,164.5091399962708,15.039208141697937,1,124.77979314518831,36.49165602738853,0,1,0,0,0,0,1030.2911616533484,3
1116.0731483134366,1177.8831054163331,4,602.1153865402316,5.571115719192819,3,19315.51017113313,8.430196516724715,0,1,0,0,0,0,3069.349996327702,5
577.0682442670292,538.4441155192529,3,132.32387258575136,6.638483899763255,0,123.16534836049334,2.996295314574119,0,1,0,0,0,0,1463.1559201111038,2
1123.2491022266995,1556.3617844755545,1,268.4648538646922,5.552417608728705,0,19268.6765260299,0.414413741679731,0,1,0,0,0,0,3807.3135587666447,2
267.4748736873276,335.9340224222513,1,33.068948258379656,6.3945543975857655,1,51.63113722273929,2.771819681659496,0,1,0,0,0,0,841.1125284614553,0
1109.2274914778714,1421.392197887399,0,477.6747239839515,4.612283373435388,2,171.23590379207002,4.486351890928435,0,1,0,0,0,0,3553.4073758955988,2
603.7127746034212,480.26731826463356,2,188.9284816344655,17.81152756580608,1,65.93991143508865,34.734032542247654,0,1,0,0,0,0,1293.2883003155773,4
823.7454147230948,1056.9780671956185,0,604.7472396355367,0.9736891927228714,0,9492.079201657123,2.0202197261152524,0,1,0,0,0,0,2639.9829808240856,1
4527.749732240811,6678.918703623911,1,485.1952730647952,2.197303552958801,6,19010.01668014552,1.5003039581178736,0,1,0,0,0,3,641.131368848437,2
2354.5998432106326,3017.7688078590445,1,36.4333909649321,3.342560038858216,3,7107.481222433052,10.025814073007961,0,1,0,0,0,1,1528.6522583572591,2
878.4815645554193,941.4704002435714,1,317.2239550736964,3.870086904129118,1,14663.60058585427,4.073002196111578,0,1,0,0,0,0,2458.9314021042314,3
369.929642976988,355.5047475811946,1,61.980030335688824,7.925540856947896,1,61.71651032088027,3.345399104523013,0,1,0,0,0,0,956.4695194557789,1
1036.8155084381015,1395.1931167309717,1,345.96918480033423,6.65846244517281,1,15622.008874861469,3.7151559211981313,0,1,0,0,0,0,3440.6491240051637,2
345.6709140759766,303.4571354450304,2,242.86809505987839,15.215307671971654,1,114.56295380227665,18.109425590322335,0,1,0,0,0,0,834.4892524728405,1
304.5758109180323,278.441474026462,5,334.6777976218787,1.8424341147963013,1,12615.125347702473,3.0524842316655105,0,1,0,0,0,0,48.93261436694607,2
193.43968404892405,155.1417621273788,0,71.03314932937631,3.169692414805525,1,121.89637066437443,3.7951037380879504,0,1,0,0,0,0,434.3513820881542,1
826.5537677842481,948.3262783163432,6,149.82626619676918,10.838128008954772,1,13322.173419628274,7.80215302649667,0,1,0,0,0,0,2445.376913515011,2
416.9003747732623,426.75817501340794,1,637.2411401698484,14.869012129267354,0,9927.963051702327,4.814511817190013,0,1,0,0,0,0,1135.6627132521967,1
10951.781046371509,16914.01447926116,0,184.58046263482225,11.759405375212001,9,20214.4262171467,8.400068718240636,0,1,0,0,0,7,3543.7696758034385,0
5690.280689498388,8871.100909286475,0,695.7891168353281,12.961717112630573,4,15011.041773431702,3.525342742351599,0,1,0,0,0,4,1368.4508002157568,1
5110.905948686986,7344.638037564214,4,82.19064730361862,4.999049015724324,4,14062.518351235178,6.775168339965932,0,1,0,0,0,3,2335.7796154455204,1
344.75537897485196,186.82236288859193,0,360.1395366807658,1.9621695579474074,0,19741.65425671141,2.0793845954206365,0,1,0,0,0,0,466.5673288762572,2
8086.847898530849,12500.34082023883,2,96.79218889495722,6.985058050157403,5,12845.931952485458,8.20590665701485,0,1,0,0,0,5,1957.3085083863566,1
367.45500928423735,204.81510714743507,3,332.50059241076656,1.6811520833295919,1,15988.708319878231,5.243663224934459,0,1,0,0,0,0,485.9971532287457,2
490.0131719871011,727.8018025658708,1,21.37344012413338,8.198526259090846,1,9827.274549226187,8.430353707537748,0,1,0,0,0,0,1746.087940069331,0
402.82567228623884,271.77015346757685,4,508.94922018328464,1.0863622844513838,1,13527.959001893896,1.8463556661133576,0,1,0,0,0,0,743.3625437790072,2
682.3024790072159,1041.2617171100374,1,332.1437120432905,1.7011668051777769,0,13207.776619021086,2.0174885770678666,0,1,0,0,0,0,2479.312762116433,1
588.3822591412168,201.43343776360066,2,281.52584316562616,7.321980180744712,1,17084.92323395535,4.5019147024968955,0,1,0,0,0,0,712.947842728933,2
334.28743718024367,338.5418782198767,2,236.07953043923135,10.459032998849498,1,22.581374764557637,2.5107444607382154,0,1,0,0,0,0,897.8738292940689,0
874.9401213041864,1119.0102572411265,2,102.69851751878323,15.266180169238162,0,19801.482374077998,4.515824160285184,0,1,0,0,0,0,2797.7543929457083,2
455.7896308814889,585.7902528151202,3,217.46159025904245,16.163418410936274,0,9472.572078712898,6.667850542042385,0,1,0,0,0,0,1465.6026306149279,0
799.1127813310268,1343.828962685713,0,571.6036487381658,12.4010463095756,0,18129.31615529948,3.6421089654211696,0,1,0,0,0,0,3126.5335501817744,0
504.26115584759617,555.2675611422843,4,46.7688333776353,6.647792846456697,0,14790.888781031073,2.5815232633691645,0,1,0,0,0,0,1447.9154165142306,1
8881.52690255603,13870.062174404648,1,428.01779018534046,4.227725354983723,7,16214.906626657797,3.421747533793633,0,1,0,0,0,6,2461.510222344622,1
10482.253772441296,16484.318585415203,2,833.2944104268777,5.194473046556453,9,7968.091689075605,4.181201517313676,0,1,0,0,0,7,2435.578793888473,2
336.7504583671688,290.54951118453846,0,36.58360142717905,3.0332443442883044,2,24.432064908954775,3.796801923606584,0,1,0,0,0,0,807.7928642960359,1
413.02759430639264,334.4602395643101,3,257.59324589787997,4.039791659561341,3,19240.49263735557,2.3008194595529874,0,1,0,0,0,0,179.39725519081153,4
473.46595270479384,502.97704796793647,2,13.230430673338075,6.211774620904172,1,7021.443260149335,2.8151263787412137,0,1,0,0,0,0,1327.0654901997611,1
8292.475652372646,12432.206771705469,1,73.3112869406495,21.60404926487296,7,18266.41997470666,11.916307744748526,0,1,0,0,0,5,2920.490071962991,2
6363.0740197811865,9883.693374233708,0,523.3286125353218,5.882521276775988,5,9922.77095746547,4.750556665472053,0,1,0,0,0,4,1423.3028822727447,1
5232.360116129548,7538.541232211556,1,398.08915735057604,2.584772864015268,6,7881.020594528799,2.745860494451371,0,1,0,0,0,3,1864.7242976641746,3
9696.266211534332,15432.21096342972,1,191.21517107003342,4.606867309079006,8,16820.54663153943,3.0069856695875927,0,1,0,0,0,7,1398.8841089271398,5
561.2499551058172,490.7859018493097,2,441.9113886909779,4.4902796645564,1,36.735797601215936,2.177985339779026,0,1,0,0,0,0,1349.1014833041743,2
1175.8420833175185,1474.4055753885593,1,634.671423828448,5.905988421390523,0,15982.787940870325,2.765540739722049,0,1,0,0,0,0,3726.5196199941233,1
529.1872617773864,531.3511430885866,0,357.7623568234333,2.638836750181437,0,12622.536104624702,2.8163160944194225,0,1,0,0,0,0,1421.6851295582865,1
8128.228503981285,12669.522089686941,1,237.8247231551349,6.291433591898784,7,13120.803100781886,1.4566768837017388,0,1,0,0,0,5,2319.622807477266,0
8888.353498705957,13706.901696997884,0,117.80474911002071,10.853323669461664,3,349.0644847380793,27.597096337042004,0,1,0,0,0,6,2051.5585806609997,1
6460.321822630152,10482.306854628701,3,9.459030555878307,4.837458080941288,3,46.62971067712504,2.162721745890338,0,1,0,0,0,4,1013.7484051458914,1
1140.2924210176525,1327.9123313820467,2,109.75681276770811,8.080394718315295,1,17019.330081167336,5.373568728064319,0,1,0,0,0,0,3439.136600718638,2
342.8141207732605,289.7495080400528,2,228.65142076916192,5.354864605691747,1,125.3790315635239,1.0996938139213417,0,1,0,0,0,0,807.3323226114873,1
4788.783348957285,6983.462841985887,3,333.4692217876068,2.1176269435674575,4,15653.670839418432,3.8500483070661096,0,1,0,0,0,3,1541.161199076075,3
9630.324393802626,16136.717626465997,0,9.937473877802658,2.0602627331424497,4,24.787349988051584,0.9523212860423417,0,1,0,0,0,7,710.5504891629196,1
13605.180890448057,21237.679085625557,0,157.00681702565743,9.37627326234573,9,9378.90459768552,36.26992125037693,0,1,0,0,0,9,2953.428283029081,1
7656.828131586117,12256.025830484206,1,108.95281502229822,6.757003693844625,5,10297.437760290459,3.203548530775858,0,1,0,0,0,5,1623.8045000376885,0
7437.522612856463,11503.329455494459,0,116.66541143385581,9.694730618554434,5,14300.169774954476,5.217342266501113,0,1,0,0,0,5,2243.0321700337604,1
8450.980971735544,13213.145744973304,1,268.87964108109816,1.4883962767886825,5,19954.386061535748,3.4623097358665698,0,1,0,0,0,6,1560.58844318584,4
508.3943657706077,438.37885866548737,0,86.824181153636,6.3912335142006675,1,45.38971293925969,3.025309710362029,0,1,0,0,0,0,1219.4376569603587,2
933.0205997360844,931.8631265796885,2,240.47908853680278,2.5654871575319076,1,19093.043512202592,4.950497985112143,0,1,0,0,0,0,2530.8144071765573,3
421.6885680143113,396.6792537405749,0,373.1668336461409,8.818272040510383,0,64.706582993094,3.0645122817944426,0,1,0,0,0,0,1068.118284597881,1
1010.8679627398125,944.1733535446599,3,303.3278208672918,14.222727665783717,1,17546.79824392245,11.806243766901803,0,1,0,0,0,0,2644.157949897865,2
780.8354510795923,750.5318544575854,1,426.23103718536805,12.009742616340507,0,256.57878549579175,7.0085814767222105,0,1,0,0,0,0,2066.821199776306,1
1060.3751813911128,1547.7695332808653,1,211.44677861597734,2.7280452804117377,0,15787.369167384619,4.529808149692024,0,1,0,0,0,0,3727.3830092833405,0
548.5238855907083,463.6973291864706,0,198.67702110368845,22.121954337758055,0,177.1859720444027,16.96264924161438,0,1,0,0,0,0,1291.0636348191792,0
692.2112234562989,934.6969318527704,0,134.64701315572623,15.812295224947865,0,13266.247816431904,11.555231997345379,0,1,0,0,0,0,2300.675952194524,0
614.4743172029514,373.3121985999795,3,604.5527230206172,8.875244183383067,1,22520.129427391155,4.390415715819424,0,1,0,0,0,0,732.3559351198031,1
222.52236361966325,197.79506003955862,3,19.696846773031936,0.23507701826880734,1,24.247102764258152,1.3404409978273462,0,1,0,0,0,0,545.4297670770827,0
298.8466152271573,93.43095671346886,5,336.2501437056844,2.060564887744364,1,20587.903888464894,2.156005273726533,0,1,0,0,0,0,353.78141812676006,2
117.81780853470036,69.60760503361001,7,30.908113661737502,7.19666334898323,1,18.554279786360677,3.273591503548161,0,1,0,0,0,0,226.0954236530918,0
593.907112732209,658.4225672939183,4,508.3587925414726,8.523551026983105,1,14302.741643770787,4.037018777127925,0,1,0,0,0,0,1711.7506265795887,2
358.2794206929848,325.6113903322401,2,21.01284470950809,4.249823836542079,1,39.71374621818945,1.146220800605943,0,1,0,0,0,0,891.443177736428,1
972.8683104235686,898.9629729922782,2,450.49835028663847,9.91066938255564,1,19837.219944492703,6.759787484611223,0,1,0,0,0,0,2517.290241319679,2
397.96533230647174,438.2159644656805,1,54.684645708659275,17.8544940931494,0,52.097965851426295,4.506981927640002,0,1,0,0,0,0,1140.7337698343465,0
1098.2556911233892,1638.9358025628312,0,50.71783886815017,16.211162604234147,0,23329.489174766502,6.5468664452982335,0,1,0,0,0,0,3933.6391715577042,1
426.0773867250899,421.57519427187316,2,399.7346093896544,9.199253582712144,0,8196.084563771967,2.587709822128562,0,1,0,0,0,0,1137.9656339776657,1
786.4890372010334,919.3851601879801,0,104.6213326862472,12.405535743823677,0,15693.970560471837,12.309700233302944,0,1,0,0,0,0,2352.7304504426124,1
667.4691708982023,250.4670187722481,3,305.4421746981737,4.184860833905969,1,20522.15050520481,11.396603692068535,0,1,0,0,0,0,575.5697245763209,4
305.1210055544902,301.14352620930043,1,33.994568109006195,4.185261445895357,1,36.609908060911835,4.038935008965192,0,1,0,0,0,0,804.2589963772427,1
673.6468797185714,328.2091980540204,2,165.7246237589662,9.983677026687442,1,20381.31272086237,3.979089411434792,0,1,0,0,0,0,1222.8489836344436,3
201.92792882989232,200.1767051459684,2,40.27772137210882,5.81518788795028,0,27.080057587657215,3.076552322530223,0,1,0,0,0,0,540.8890086379668,0
722.9447955048886,539.4726521662935,6,492.13504110514714,2.3294569120335127,2,20723.780183017217,1.976592918851385,0,1,0,0,0,0,1506.1360325434866,4
211.0265631406386,176.8282418763661,0,25.095371560499842,3.1316156101741934,1,17.404219942627748,0.9486143729052489,0,1,0,0,0,0,493.82807609303717,0
545.016162590345,368.40669890685825,2,280.09429194191466,3.2031614079081416,3,21020.55452939082,2.2451818654508964,0,1,0,0,0,0,191.91604596825957,5
536.4245623672056,560.2822640214125,3,204.3587503744147,5.324338893465296,2,8909.348914356842,2.90004479826472,0,1,0,0,0,0,1486.1479045760511,1
1132.3160982026936,1008.3985496765541,3,525.7880400081087,13.680513044015104,0,9791.164749091387,10.444954759099495,0,1,0,0,0,0,2878.6597023815666,2
477.17225492961467,338.0591422463843,2,75.17803427591392,6.174485794198555,0,10638.471687227357,1.2351525633959046,0,1,0,0,0,0,940.794838294971,3
175.22622194430434,179.4890996379246,0,18.43096200533986,3.502289777354029,1,32.21670502225692,1.5899428440781838,0,1,0,0,0,0,478.29486806141546,0
1088.2529419014727,1150.0451988508098,1,287.61234539596296,5.442906766380703,1,16847.099118159684,1.9709086630351376,0,1,0,0,0,0,3016.2610000631157,4
407.66821698228875,406.7018262109935,1,440.3957548260008,19.529891751352757,0,137.34642453955604,2.641309126479559,0,1,0,0,0,0,1080.4341650719114,1
864.7285704778748,1373.0090048953225,0,322.17014097106744,12.891850659354692,0,19914.962211463597,15.278755141568915,0,1,0,0,0,0,3241.841242159773,0
472.49608297292053,617.6698707561477,4,150.4953023178052,21.19349079721261,0,113.12564382072352,3.444497589476188,0,1,0,0,0,0,1535.130876421009,0
842.6625391182856,842.5447179502943,0,266.8638719574244,13.091932964685931,0,10382.49496821582,4.440276637603076,0,1,0,0,0,0,2259.0432983370565,2
673.7074149325734,533.3336224087167,4,322.87720602261135,4.4273870535355435,1,9344.885833608685,2.1325073547604987,0,1,0,0,0,0,1520.1590873233863,3
154.08946770795407,160.42574472876137,1,12.47466015237087,2.8276671075444173,1,25.102906543160408,0.3846486120605025,0,1,0,0,0,0,424.5785362143553,0
791.0072318270138,378.7487298888363,1,331.0537945322408,5.5842222792400165,2,19069.928766472905,3.6646611556309847,0,1,0,0,0,0,1423.0144753939646,3
541.6492200250492,527.2594142150746,1,65.80298295590387,5.756464834336118,1,42.772746686612614,4.291938444827986,0,1,0,0,0,0,1417.3512163623616,2
936.022024289306,693.1195576856873,1,427.65063218464707,18.681202437544698,1,19651.175063440798,5.126701532524477,0,1,0,0,0,0,2091.3341897642445,2
358.9511898562413,398.4113126941267,1,369.69326809578314,1.951465145307324,0,15032.207592778723,0.7377534974853224,0,1,0,0,0,0,1035.0809729785592,0
537.6258832264148,800.0807582776273,2,405.1624855508795,0.1272532388836899,1,15441.620536320723,1.8065588754592614,0,1,0,0,0,0,1919.4087278162465,0
322.9323706734174,182.6709059761768,1,270.80873841195347,9.5200548012198,1,20868.561035514613,0.8119891070112932,0,1,0,0,0,0,369.3099257466681,2
221.90429722846466,173.28353814185016,1,122.53459605070866,1.6826516988700928,1,158.47390742716212,1.057006549116668,0,1,0,0,0,0,446.5603888568164,1
555.4226674953273,471.54773355564123,1,298.06701647106865,1.243481297052797,1,19636.503558789,0.397723577930168,0,1,0,0,0,0,1295.3391304204474,3
493.1910823717437,470.00215101136394,2,464.7406628107786,6.928433673840978,1,48.16400088018215,3.149135073608967,0,1,0,0,0,0,1272.4499868074504,1
986.7139259340895,1279.987474690853,1,165.2247225887278,6.982241502504758,1,18809.926838559826,2.200406330753922,0,1,0,0,0,0,3179.9438691841574,2
485.60101881996894,436.03500797215304,1,113.82305759163371,5.845960411319033,1,25.25554514971975,3.421633549569683,0,1,0,0,0,0,1188.557408944539,2
721.1613418316304,932.4389827778149,0,498.93450044688274,7.047722101752269,1,10973.75027889033,3.7870004774566155,0,1,0,0,0,0,2325.414081072164,1
351.7533218252329,326.9434697259158,0,476.38184698895,8.2070319784683,0,13956.632721517974,2.8841253653896293,0,1,0,0,0,0,911.6033689517488,1
790.6330504702908,1279.680318699851,1,103.41805900294042,6.872233274961861,0,18354.537405430587,3.2671199378684115,0,1,0,0,0,0,3005.8839450703476,0
395.7323102991521,239.0099987974414,4,450.2859827288039,5.980898093034366,1,19888.767277014413,1.2675895968041655,0,1,0,0,0,0,731.5875533789487,2
336.3296590855819,177.0641265959692,1,12.253109679771624,3.310880785317915,2,39.471111043893835,6.426121816176614,0,1,0,0,0,0,496.07393233155597,2
987.4403255229444,815.6597088404328,2,489.93619693464586,5.959900757920202,2,20196.5466550109,0.915519517763171,0,1,0,0,0,0,2255.2729694508193,6
240.46089792875014,247.82496667793265,3,4.2061084353360805,2.445378069726072,1,35.518369776977025,1.0285786247829845,0,1,0,0,0,0,658.866721839929,0
984.9176689508822,362.2181459087019,2,408.3675138891309,48.29242619855772,2,21062.211698663705,10.509407888608509,0,1,0,0,0,0,1433.0065117891968,5
418.800155991319,396.55679317232733,3,37.615310528728,8.496782363917871,1,54.62709079076304,4.128333023544114,0,1,0,0,0,0,1073.5912608462884,1
883.2902049056036,1150.5029671569373,2,672.7298876811706,10.317684359148345,0,17606.78848347434,2.4013696364792887,0,1,0,0,0,0,2853.544032805299,2
429.3369122628952,369.306096756482,1,627.0159600707885,8.61300210307044,0,18385.37017144166,1.0512474041619884,0,1,0,0,0,0,1019.7853043599313,2
634.528865331603,761.9991663178638,4,87.23934559823059,1.1224674383715199,1,13644.246986464515,2.8791423786289747,0,1,0,0,0,0,1935.6336765719598,1
810.872840351028,425.68165938590835,4,295.49949075742967,4.131349432306485,1,17818.554451368578,6.390527747488587,0,1,0,0,0,0,1529.5173992092214,3
341.0291264257728,321.06775448738273,1,41.76803524117759,1.410076956671028,1,17.209249932454306,1.577153535732387,0,1,0,0,0,0,872.6763409753281,1
732.5047579236879,432.3381674816868,9,288.4092410372094,12.882562580130433,3,15160.315770997746,10.07003966051585,0,1,0,0,0,0,60.722150865830635,6
169.85102133756206,180.42559027559625,0,3.363687006101336,15.780540561118139,0,7.517324875208843,8.332327998272056,0,1,0,0,0,0,58.446428635766786,0
164.54865165366533,188.86925521675846,0,344.2959176443833,2.763651991397973,0,116.34299904694257,1.5838405712634125,0,1,0,0,0,0,487.0919354975031,0
169.33017887098643,118.05851571235581,1,154.38045900394076,2.9210858768930494,1,11626.14949446716,1.0168824028439565,0,1,0,0,0,0,20.050270057910407,1
338.988154173679,326.8500900733987,0,63.82948440722917,3.6931089259285943,1,26.173235627689866,1.7382054978441608,0,1,0,0,0,0,869.3370525323908,0
878.7356570102824,412.1936192765698,4,645.8417718271184,14.95729961902867,2,15040.555616661111,7.505244731189544,0,1,0,0,0,0,1417.7596221554807,1
482.8459919113408,392.7406627475557,2,35.92475193134215,18.9638112135869,1,22.64702314083066,8.328765227357849,0,1,0,0,0,0,642.1954058984975,0
703.682299991656,860.1929367829833,1,319.86271422373886,5.285246129843661,1,20423.978422730775,2.9589284144962322,0,1,0,0,0,0,2180.210040794164,1
646.181380934649,497.5837127279583,0,139.7570797188345,12.655628990194733,0,8304.324605067703,12.520226800264487,0,1,0,0,0,0,1354.3248982093762,0
591.2784462983683,891.5613603376432,1,348.3354284384832,0.5715786854374776,0,14822.310545947814,8.995634933249141,0,1,0,0,0,0,2133.666861076371,0
504.71206044414555,263.40938627578595,6,565.4195915345388,1.6666469300903661,1,16603.44353369812,3.9027174901769097,0,1,0,0,0,0,902.482290699432,2
509.1539459013031,807.6167190035553,2,135.44009512146158,0.8141470971595548,0,14102.945034545608,0.651401697707678,0,1,0,0,0,0,1907.2509546531637,0
635.5321485115732,547.7242063204123,2,263.9797957438698,3.8444932267294347,1,18000.474026496486,1.147747925889807,0,1,0,0,0,0,1509.4294313434839,3
396.0123918060924,464.64702618091013,0,31.37810855563922,4.661756210931742,1,27.44285380978129,1.4010196124009715,0,1,0,0,0,0,1185.2024414668872,0
1096.7384614401392,1319.0212584287692,2,533.067693051753,2.145861709916126,1,22975.359204598506,4.221437775999226,0,1,0,0,0,0,3356.370048415183,2
595.3938221816993,512.4754766538263,2,213.8107400636887,1.66242817246793,1,23.00292990163953,2.514259194026066,0,1,0,0,0,0,1419.7313754810198,2
429.1779770065234,536.1912111937801,1,130.92228546542464,1.5279557568006727,0,8741.39193455222,1.438367941714112,0,1,0,0,0,0,1349.5170001302456,0
266.43438344041465,260.6172140843385,4,104.73657051628047,2.0133137715259553,0,9225.629508046588,2.5759358640447445,0,1,0,0,0,0,700.7533174754752,0
778.5142096886414,1264.4601916213408,1,185.6415876969036,1.1194066765681239,0,17702.31424930997,2.301451454999069,0,1,0,0,0,0,2967.812268734251,0
245.34112183062052,262.9186524099952,0,10.56729324654849,2.3282930626052605,1,26.726975211302666,1.1286818746901175,0,1,0,0,0,0,684.913506425403,0
487.0893234800334,264.1256376089934,3,126.1553433887662,19.914322690129822,2,15354.280613789497,1.7133450536172414,0,1,0,0,0,0,65.50351242430344,4
812.5008090134882,741.6256952581597,0,231.26135615324142,39.099514486818755,1,13919.256004621597,5.074814429539249,0,1,0,0,0,0,1897.2437038097733,0
428.63352683055325,273.50982753690755,4,183.7364165067931,4.021889377505316,1,17140.322808698416,4.94361444306011,0,1,0,0,0,0,867.0910468761142,1
546.3605745641966,625.8421688642654,2,54.73701042459509,2.345223123588193,1,13307.124231421418,1.5289069864568745,0,1,0,0,0,0,1612.6043251344715,1
785.8122752070128,616.31677230673,2,232.81751785875582,10.63243762289853,1,20857.879677347533,2.135438069127453,0,1,0,0,0,0,1826.5300386599777,3
431.5303338457524,419.44910609767084,2,516.2790645015466,7.900403587820397,0,255.61253735095843,2.810598690460866,0,1,0,0,0,0,1129.2558411801297,1
566.3562729117533,866.7007936187416,0,62.952031000035234,6.81802652985886,0,14920.003309513566,2.844304620594592,0,1,0,0,0,0,2065.327339563409,0
522.4547102123917,211.53372947699913,2,178.7440682571888,7.318704951756625,1,21294.58711984836,5.896036268191864,0,1,0,0,0,0,803.2558992977158,3
333.03926036121095,536.2583291185913,0,19.950579978897636,6.466936750642797,0,9005.391459165625,1.9974402768092647,0,1,0,0,0,0,1261.71084619303,0
476.25635199103823,263.5432028998454,1,145.88542153851486,6.41294185020797,0,17347.60549213381,8.96769071816834,0,1,0,0,0,0,913.2303547783038,2
403.2213318417556,457.7647628254358,0,11.35309611845277,3.9736118207251034,1,9695.307143188313,1.240516438633962,0,1,0,0,0,0,1173.0634920977197,1
883.1989947874495,409.0884837242978,2,339.6913894883979,9.035562473600049,2,19215.13616806167,12.096634981436987,0,1,0,0,0,0,1409.5763379425907,2
298.59540569017656,316.185085717173,1,21.752749600091565,7.315853126458562,1,43.27038411143761,1.510170550988572,0,1,0,0,0,0,828.1789138011154,0
1162.6659411485675,807.5473063881002,5,700.3276064954653,6.345476412926677,1,9200.988609282196,3.2021280755269053,0,1,0,0,0,0,2554.977734908982,3
403.44271463571675,417.5325315756982,1,186.92341533618696,10.050207306854562,0,9759.23118639508,8.795257749105321,0,1,0,0,0,0,1118.8535522567834,0
756.7447910567529,829.1656857781343,0,128.92031594011095,5.399576271624267,0,19140.094640451207,7.152312884586604,0,1,0,0,0,0,2165.4516467043313,1
484.0337005992507,97.2966752136612,6,122.05500022283474,3.9979149993807983,1,19158.901619482887,6.117630175472858,0,1,0,0,0,0,326.5079482224142,3
537.6433571987673,396.69842472818664,2,186.18890732292982,1.8152198737530458,0,8378.254169471871,3.5060972928224277,0,1,0,0,0,0,1174.3624713696233,2
735.5040637531616,411.50880988127386,6,361.2746856861561,29.71701115776661,3,17937.32378778618,19.281690959694124,0,1,0,0,0,0,289.87381681935796,4
435.75715330234857,336.58671236795703,1,73.0846038016732,3.171194801825358,2,29.15711381824933,0.7744612945942271,0,1,0,0,0,0,918.8915421533477,2
890.6672883623279,367.4389295613034,2,227.2795963354783,9.59628352864815,2,18901.831077227023,11.688678619872459,0,1,0,0,0,0,1292.6788760559496,6
109.15168872279295,92.83538137727079,0,3.278243257539628,1.203876772568189,1,10.065971740146246,0.6867028147689325,0,1,0,0,0,0,258.2611402612081,0
446.4492895928129,226.8610211731269,3,367.17412627051726,3.894712979172033,1,19735.9968782231,1.0868750584784812,0,1,0,0,0,0,423.129089211314,4
374.9996414883488,216.39757703805265,2,67.84441800681618,4.520349631063727,1,46.41521585082201,1.8451857398468479,0,1,0,0,0,0,740.641021751607,1
936.0996499549478,988.949100421686,3,501.20703090210804,6.496241282354436,1,19580.375496364315,3.7800730772373727,0,1,0,0,0,0,2609.8205168657387,2
456.3469435794541,405.8326638851273,4,562.3293941093123,2.8620254964988847,0,19555.738052163306,1.177566694038445,0,1,0,0,0,0,1109.3099318122127,2
453.18399825524085,672.7159572726791,1,87.76179715602579,5.485804318586747,0,13606.96329748262,6.607443813604018,0,1,0,0,0,0,1616.841358446381,0
575.292235757253,181.0685333866771,2,429.0607918280473,8.159749845308506,1,21145.34039853552,4.209796054991541,0,1,0,0,0,0,549.0487357547984,4
513.0832064691216,395.8585008821006,0,64.38988658931099,3.0889872403185445,0,8542.4975232307,1.121329649125303,0,1,0,0,0,0,1056.2646094959102,1
602.9963992885805,184.38611270278594,2,342.5902451445695,15.787718059242083,2,20594.713207050918,12.413803341985691,0,1,0,0,0,0,490.33433126304897,4
507.125793819176,443.0139215844483,0,128.9660234142009,3.437535454438875,0,7994.970397103168,28.82242784411913,0,1,0,0,0,0,1196.109483436269,0
308.1322190485516,230.0661640741801,5,314.6300974069204,1.3027330019239185,1,18500.3816584255,0.8256983113779781,0,1,0,0,0,0,307.0457658570857,3
309.00556622524925,297.6001169446583,3,64.46570572794663,0.4826768241697207,1,14.84373302923655,0.46017208506912555,0,1,0,0,0,0,801.9522106781305,1
891.231438623527,675.8356652851058,7,286.49750680679244,4.3124618178986065,1,19320.721838591035,17.67879939851902,0,1,0,0,0,0,1989.5505928272091,4
227.9593386559207,179.637298530627,2,50.90830386847731,6.31850805265362,1,11.943310128444766,3.3054714382244876,0,1,0,0,0,0,513.3162302462409,0
1010.4746577788437,901.2490122042797,2,512.7284343323009,2.9158930017039086,1,20714.880991127244,3.2877445446318516,0,1,0,0,0,0,2529.7246453650987,4
628.6600547699572,573.924133205427,3,435.5689007658815,7.727691037275418,1,7574.253748043999,0.28827114180702285,0,1,0,0,0,0,1564.366567137572,2
798.0499624203017,1250.2433348452369,0,329.04315882837767,0.10662807895201779,0,20488.705548025002,2.0869178234689096,0,1,0,0,0,0,2960.324071421677,1
479.28582907599474,510.724528343148,2,316.72624900190806,4.047945487816699,0,9303.253865398789,1.2388566976126405,0,1,0,0,0,0,1341.270821880942,1
368.8666268539553,524.4543735227272,0,42.648098147953476,0.8237309896688141,1,9439.326137679107,1.9961031942826495,0,1,0,0,0,0,1274.5765886974618,0
844.4946290449311,607.6088605049573,4,401.881626759851,10.43572244414628,2,16287.358969761895,4.475887930342698,0,1,0,0,0,0,1877.4094386823278,3
612.181497450489,573.840618676604,2,496.16519892510235,7.039492775286239,1,10464.508799933195,3.9032422580537087,0,1,0,0,0,0,1574.6707549071482,1
980.2538485380175,1009.5657008552358,0,262.46502911222365,9.658195044470768,0,19790.286291310786,2.7178248553231485,0,1,0,0,0,0,2669.9840042799788,1
382.2528387915895,372.9851697813173,0,529.1777649789308,2.037261804592495,0,9977.32859036344,0.15051616872034182,0,1,0,0,0,0,990.3331709336223,1
758.0185994551978,1054.0630070642728,1,250.1774780403752,0.7783196261886272,0,19437.58433818865,1.878666378684917,0,1,0,0,0,0,2578.007413013861,0
337.72803781230283,341.1244341151118,2,208.13644121563402,4.31812925916605,0,16860.178703962934,1.0439602959239525,0,1,0,0,0,0,907.4894197333879,1
388.76893482147364,547.6576955986906,1,193.5745479370712,3.826547556815671,0,9323.634571261198,5.3834336260311915,0,1,0,0,0,0,1334.3016760149546,0
824.9928778908505,750.8980078096628,1,426.5222207575415,22.408531865237467,1,22461.381416047025,68.71281203223327,0,1,0,0,0,0,2120.609948174764,2
411.6780881649397,439.73595973516706,1,111.8658779528597,3.7108686123171544,1,22.74742604281594,3.503826149146398,0,1,0,0,0,0,1145.7738017692088,0
1053.034867820345,1109.360584495817,1,191.42046085630142,6.463728189495903,0,21604.173803657286,12.44989089930617,0,1,0,0,0,0,2955.337612317072,1
551.2308000903087,532.3729229454293,1,277.9768352701453,22.214372063171922,0,243.9573111205917,28.784088815572513,0,1,0,0,0,0,1432.7884724151884,2
824.8708630821766,1259.640527609335,0,285.5562288319571,1.0469577111678734,0,21890.740974801753,4.150474323499136,0,1,0,0,0,0,3003.579776358501,0
341.2811063926541,323.8080118388992,0,124.59592350178679,5.907304056391937,1,51.67822852273182,0.8987079683446798,0,1,0,0,0,0,873.9745085805602,0
1029.2895981234442,954.65146224258,2,379.40600295487815,14.991628937822181,2,20850.52538658032,4.296503716192387,0,1,0,0,0,0,2638.55617095854,4
336.3121569275694,297.2388203566492,1,20.28916079038131,2.344512349743034,1,34.76768162671162,1.28544290881036,0,1,0,0,0,0,812.4722392131107,1
935.1693056854288,1117.3009928808478,1,429.9311864879745,3.6103814856317107,1,21211.7796721021,1.7946703034738518,0,1,0,0,0,0,2840.6824986870593,2
488.2268837565677,456.17990289655904,1,83.29845909060327,4.20313211189743,1,16.28042589453318,0.736731536032649,0,1,0,0,0,0,1230.9664387786345,1
577.2109861130791,671.3663748059339,2,390.40063879960394,4.0195124926226775,0,10263.346042602188,1.036319439398678,0,1,0,0,0,0,1726.7975144104378,1
585.4864181696008,176.4070855003912,0,270.48579969093646,8.863182216416101,1,22409.448843841164,5.1225064591638105,0,1,0,0,0,0,470.68817447155243,3
403.096565568646,295.5201595271343,3,86.6966723555641,5.570000503120666,1,37.349495491108954,0.3601562558398404,0,1,0,0,0,0,810.7343954337503,2
9044.608763805392,14770.782008369219,5,647.9342410286903,4.054230523847554,1,20642.40636666195,22.444873028185697,0,1,0,0,0,0,34627.77259163877,3
476.04982771737576,378.0519613367916,1,191.35607374027705,5.7162600171971905,0,9641.616490444576,8.835298015090736,0,1,0,0,0,0,1096.3743922699166,2
549.2801871177487,531.0111522131326,4,107.79060939152535,6.944907304524488,1,129.8107796287353,2.3904734973897135,0,1,0,0,0,0,1428.215759688431,1
1074.1934336520596,987.6998529741448,2,251.36641815758088,6.243633595463722,0,19806.30323692164,5.340373934187444,0,1,0,0,0,0,2783.9516318422375,2
600.789145642421,552.8350640771564,1,256.3360531565421,7.305527044296689,0,10270.836125573029,4.651002967285519,0,1,0,0,0,0,1499.6305164933415,3
710.5061732277345,557.8894104259332,2,62.25843497532534,1.448811770993638,0,10423.434148309401,2.1981954818855356,0,1,0,0,0,0,1675.3029295540541,2
1226.7673844628598,626.4507433822528,0,299.18032609700015,31.435584178696438,1,21041.3946134137,4.62062212195714,0,1,0,0,0,0,2229.390713848103,5
234.55807528522615,253.73133531243477,0,14.870294917739212,4.4170196243981685,1,19.668516306466117,2.0908890182706057,0,1,0,0,0,0,659.1103468543631,0
764.138642423617,329.8701874644243,3,300.15978546586365,8.070361969804864,1,23550.085723853,16.411434913147254,0,1,0,0,0,0,1292.7431761487117,3
328.92986517109506,357.7580871425927,3,109.26840593453153,3.1361791620240074,1,87.61065772262218,1.9905038412902374,0,1,0,0,0,0,925.8594333226355,0
905.6913843735244,987.4986864796136,1,297.7049460138496,8.72059112213493,0,10586.14294461346,8.073217208245271,0,1,0,0,0,0,2615.009218945558,1
500.3810232236947,385.18982497326976,2,218.9680978951119,4.504372034517305,0,23400.042061019674,3.1028555742540407,0,1,0,0,0,0,1157.9203228123433,2
679.7767129517961,840.6280379742535,0,209.10094896283914,2.222693441185289,0,21477.40844380268,2.2868401630023483,0,1,0,0,0,0,2125.5965919414716,1
734.5986578550676,712.0054785148282,1,224.96206196759047,2.4574840010107097,1,11413.092952956617,8.003768944445572,0,1,0,0,0,0,1957.718610039179,2
542.7413668460686,454.0761257954966,2,133.57363393167304,4.372865402266703,1,19.19020710483461,0.9851682597099924,0,1,0,0,0,0,1320.3975561109423,1
966.1540318627524,1109.7218441760567,0,201.2669205572249,6.674068229962748,0,21956.79994972803,23.88232212521394,0,1,0,0,0,0,2830.7825465209125,0
505.86806380788505,468.4475693635544,1,283.8491591654507,4.416052047801577,0,218.71381432794772,3.071548852839608,0,1,0,0,0,0,1315.4062076157738,1
593.6903175238103,733.0779644284531,1,216.45823392057656,3.5852544730203264,0,15713.021372728435,2.4333592282621272,0,1,0,0,0,0,1858.5483124801292,1
782.9156989843533,700.404035719304,2,250.08947033414344,1.287488224319372,1,17018.82804683564,5.948973551744022,0,1,0,0,0,0,1987.5531418913872,2
289.40304099661967,269.76305121627877,1,35.11944797507002,0.7342304528281456,1,19.32556047599756,2.5494695966197924,0,1,0,0,0,0,736.34094426128,1
1029.3769903286577,957.472365051291,1,214.95134926618798,3.203540062269404,2,16877.444949761943,14.43538463479938,0,1,0,0,0,0,2661.33670203056,4
273.5565379223541,286.8942739632305,2,131.68953290909056,3.3428345811893707,1,13.05876701534362,1.9971421006383163,0,1,0,0,0,0,756.496161163737,0
766.3652362452902,890.8816147853745,0,407.91822228656946,5.286949524838136,1,10284.244541423992,4.634614964008792,0,1,0,0,0,0,2307.9721765660506,1
455.066580239082,485.3749250223922,2,106.29347600378236,4.728813594720033,1,10307.213229120402,3.069542657932319,0,1,0,0,0,0,1270.5938615530542,1
514.791563906329,441.23064450974056,0,168.77450317805977,4.982413556780054,1,59.67465732308508,1.3864402558922648,0,1,0,0,0,0,1192.1801203813689,3
701.2400049511022,763.1546411533398,0,133.8815754464621,3.0735177233775266,0,10240.99277861984,0.8644850738299896,0,1,0,0,0,0,2012.646312509327,1
517.9985888873514,421.5363551139079,1,241.2429332443757,4.645895943842026,1,17175.151427856417,10.496184715511472,0,1,0,0,0,0,1227.6423869015907,2
578.4891456731937,548.4490302908085,1,201.80107438125668,3.907426998368164,1,9237.167005852605,1.507824291089257,0,1,0,0,0,0,1480.6211555529917,2
652.6665120653267,1079.8766037950195,1,119.32330192566245,0.7048364152944515,0,17467.292370225532,1.6903827822624082,0,1,0,0,0,0,2522.9577330551356,0
472.02651394550867,389.30859104808525,9,355.05805176725187,5.221081156709589,1,16730.611704170075,1.5221040393104581,0,1,0,0,0,0,1085.8402818100972,2
306.24968697337914,285.4604066550949,2,1.5143979094720088,5.21722283172523,1,8.115780405499034,0.6836726231564232,0,1,0,0,0,0,775.8358858021315,1
615.6224430121463,397.25675861030345,1,156.07622146976107,4.590436974345685,1,20856.07573655616,8.75848039187013,0,1,0,0,0,0,1290.4176931898521,2
473.42608742063925,417.2023860908897,2,91.58018429404265,4.0342176681432225,1,12.40314691205123,2.5487818974781646,0,1,0,0,0,0,1147.5865003472259,2
813.8015722535469,884.9611962378477,1,143.75108574174712,1.624146347166756,0,23512.91837748202,1.603061820834172,0,1,0,0,0,0,2330.007608548482,2
462.28580368479714,424.6675364662506,1,51.674828847115364,2.287084323262358,1,48.208270225776545,0.9380831656059266,0,1,0,0,0,0,1147.9956925203521,2
1026.2536111777702,1020.1331891191081,0,85.42158661962239,15.496428305864363,0,18236.32330743608,45.0654393705141,0,1,0,0,0,0,2772.8346381467695,2
539.9994336258168,353.30677510127236,1,265.20509630467893,2.106355837986494,1,112.60547488616879,12.901796958232762,0,1,0,0,0,0,1151.4905770205144,1
876.8836479565643,881.9691455446437,0,191.35751984517333,7.867101398216416,0,20797.578035309765,9.924245321423744,0,1,0,0,0,0,2382.152343665698,1
419.82100895039633,390.5924609794659,0,297.42924072264486,0.8488454989513008,1,57.166048419161484,0.49044266120515667,0,1,0,0,0,0,1057.2711714416214,1
905.8064973826183,1136.303761031392,0,174.34812889434747,3.303129820538823,0,21691.065076867326,3.5464899765007587,0,1,0,0,0,0,2869.315001053962,2
374.0491043757978,337.2872224743907,1,132.52121279387626,5.014881095246593,1,32.055121654858766,1.5609320817011088,0,1,0,0,0,0,935.5432494937804,1
873.3455276691703,848.511996123201,0,138.12649920811288,5.28273458830256,0,17206.05083999183,15.001596856348709,0,1,0,0,0,0,2299.40563860353,1
17.862306614003707,10.871555856300208,0,30.221162945067842,0.39605564572455837,0,27.112167904810672,0.3655960375792358,0,1,0,0,0,0,31.155491484061052,0
571.1544630480014,343.8499286290273,1,314.6338029416351,7.727161552881484,0,10814.830721610035,7.731898157869956,0,1,0,0,0,0,998.8907894737949,1
523.4026880590698,486.71984475968327,0,213.1255083408214,11.54218772523282,0,193.90973713815757,11.029104123059845,0,1,0,0,0,0,1199.3738060612168,0
765.7775308809448,417.5385216309733,2,230.81388795889342,8.976543480938485,1,18389.097931796685,8.947626574949673,0,1,0,0,0,0,1278.653204765339,2
195.13508239080545,179.7953201993505,0,10.125528384171512,1.5717117108759482,1,10.155676710718208,0.18907748656029555,0,1,0,0,0,0,486.8207295484476,0
746.8986663321955,410.5034263644696,1,203.75924709613423,4.993181928127394,1,21218.48952095702,3.146439054683006,0,1,0,0,0,0,1351.8869835426506,4
265.568348016636,273.8984248794326,2,269.5786148303447,1.783407866749686,1,81.97727337771374,1.0950397566190042,0,1,0,0,0,0,722.3757189123837,0
729.6768328971441,313.3911835231035,3,196.44935861893734,11.792045934034256,1,22774.469088727223,3.7021828676226876,0,1,0,0,0,0,1220.0792792887778,3
130.35822449095184,110.7411255123259,1,9.112275579163907,1.5684314989503094,1,11.23363810984111,0.13928381455866984,0,1,0,0,0,0,306.69218155964256,0
666.7814528826175,606.8444809413566,0,204.47718310190567,5.364065029991364,2,19055.395316234357,10.773004528953937,0,1,0,0,0,0,1656.8545375923857,2
329.28074744153105,255.05714097868147,0,8.173947496791426,2.288060182672183,1,8.681085982774421,1.17306631273607,0,1,0,0,0,0,708.2669494300598,2
884.2592438161105,822.9477247759636,1,317.3178608399098,2.498362360220245,2,10261.322687762102,2.2946008222723777,0,1,0,0,0,0,2265.343023596244,3
314.5997378979569,305.49692097643526,0,26.41403109978048,2.4444425054004046,1,5.954388386604519,1.767269246762655,0,1,0,0,0,0,834.2525204086899,0
554.0324785524807,665.7354978569546,0,57.63324854816075,6.244407927543316,1,145.63647721530833,1.7600231127836894,0,1,0,0,0,0,1685.9212826800258,0
815.9054622469962,690.9002608268669,5,218.6863804692179,3.821793705347175,0,22575.632158051492,13.23716198170101,0,1,0,0,0,0,1987.9484885791994,3
479.3485710468318,408.90577339268464,1,135.31497424336547,3.510040852393149,1,20.434549949373277,1.1385711703748918,0,1,0,0,0,0,1141.2795703540626,2
846.2864572566084,932.5066937897697,1,193.3213444328848,4.0864565077887525,0,21260.191442941432,11.643739760365658,0,1,0,0,0,0,2456.884154808391,1
698.68705615787,247.87354727924063,3,296.74645338951734,14.730129475317412,1,16366.49468147759,3.811957251004643,0,1,0,0,0,0,1029.9280604973167,2
367.8101404123308,502.4197575610302,0,37.12822813040412,2.9433681364991076,0,133.333287839117,2.536817904742765,0,1,0,0,0,1,1235.3573494463321,1
448.0534383619682,542.1774925642447,0,63.21306665500362,13.578518178615637,1,157.06310564473216,3.35769379784684,0,1,0,0,0,3,1373.595395345608,1
454.5807342167699,578.4817186131253,0,187.38366456272982,11.11978918441978,1,33.633030613662896,1.409804794652361,0,1,0,0,0,2,1446.7114009219147,1
572.4499407947678,552.1879260703058,0,195.86504297930753,4.329027722744332,1,220.95059393430216,4.25266960236265,0,1,0,0,0,8,1427.7230037030026,1
468.89107549916866,628.1641166084921,0,52.93952103604029,5.351047830555454,0,90.03133074700744,3.02522911487962,0,1,0,0,0,2,1551.560491501929,1
425.6004212502733,622.4713966589306,0,222.39294434990433,5.821886653427695,0,125.96781264683086,0.6423168832754154,0,1,0,0,0,2,1498.6314028292045,0
441.0190018617661,555.3686166808496,0,130.11428278955293,6.36983963297677,0,78.93481634252599,2.623941916785284,0,1,0,0,0,3,1390.416141961267,0
584.4016483638673,867.725979858391,0,256.2583129190818,4.437066306194408,1,49.62414778057391,2.3976840039160834,0,1,0,0,0,1,2085.0028956931264,0
427.0014197862691,305.1786468982912,0,165.25985726117,1.8283264172144564,2,29.605298308936224,1.910519788108216,0,1,0,0,0,8,728.0675974461107,2
387.0965662916762,430.71124243395366,0,49.95222514603972,0.8790165566304576,0,65.7207280409993,1.7737911751487623,0,1,0,0,0,2,1118.2491934006073,1
804.0991261252041,1233.064235609879,0,147.22244023724932,7.415230660882289,0,168.6780695412187,1.6935640651036319,0,1,0,0,0,2,2935.782183815835,0
356.8105234522133,407.0853297003186,0,88.34306752387738,4.286990933133362,0,28.159335469298444,1.395990800696229,0,1,0,0,0,3,1041.3065084473064,0
653.5227015228663,824.019559189287,0,178.43022653339793,3.73237357733581,1,61.39625405246319,1.3202514244022365,0,1,0,0,0,3,2068.6038370125625,2
762.1963815249821,944.1085386125195,0,242.45531918764794,4.823947121567588,1,181.1600431341531,3.7522173717624834,0,1,0,0,0,6,2363.0470243365917,1
396.9031867443767,461.54012183964625,0,158.1786229780092,1.2310955955523784,1,67.60779195663596,2.380078882170881,0,1,0,0,0,4,1169.1306573222464,0
894.8812235077426,1381.689759626993,0,288.95941237609924,3.560987061387532,0,59.587477542788264,3.003560562335219,0,1,0,0,0,3,3280.715673276016,0
346.8784365976962,437.02655565429745,0,68.87984548961973,0.15682494118737442,0,66.43646802311906,0.7191742259499585,0,1,0,0,0,2,1089.3377079361285,0
819.3617043207074,1059.8696996967979,0,300.355669380558,1.6396483896634773,2,40.84703886568825,4.460307761510617,0,1,0,0,0,5,2633.870984416266,1
403.4489510972099,293.56252607559645,0,84.8932357662624,7.866096858913859,2,53.28854270963635,1.3568966971229766,0,1,0,0,0,9,577.7457827980959,2
392.51410053039933,535.8382592070525,0,118.52734425545171,5.00845284775207,1,55.219368486920914,2.712666840108505,0,1,0,0,0,1,1316.5676472868304,0
339.7722312794605,282.58149521989327,0,37.65258922868625,1.07995622632366,2,34.36544481832732,0.6119207129990613,0,1,0,0,0,9,421.0211705231478,1
249.89068964715705,178.62636105035858,0,5.905102388114753,3.17665330152031,1,39.11505135573487,6.717244382223875,0,1,0,0,0,2,524.2557931217909,2
311.5087150107902,296.59961385557637,0,178.86116054197635,2.2697187048453475,2,120.12872079100798,1.6414904167791802,0,1,0,0,0,9,194.57149820951003,1
170.15506437945407,162.0848825844264,0,9.688907469387948,1.1990357164537297,0,27.764890731203465,0.9378510988622231,0,1,0,0,0,1,436.69365285894685,1
527.1181426415687,553.8441101176186,0,171.23891385490955,2.299075694900197,1,68.54730547818585,1.345216736151173,0,1,0,0,0,5,1445.7273732122865,1
94.12368475579459,55.263668880299704,0,12.188830133256182,7.092816674417463,0,14.530610882697125,3.8644354297115537,0,1,0,0,0,1,165.71382688720212,0
252.5222035061712,175.52427924735548,0,119.14377304983891,1.9475785559952823,1,43.21422712625361,3.8939978082720152,0,1,0,0,0,3,495.1809546890114,1
402.7093530325575,558.4520160767333,0,150.3412172971971,12.89421463321015,0,20.6586347547265,1.210234418022858,0,1,0,0,0,1,1365.9440744631377,0
271.4060382623876,236.1965208874329,0,43.201735409735626,3.282511706615643,0,24.930526078548578,2.6565355739176875,0,1,0,0,0,3,651.2005904395685,1
804.8233524439602,1229.0291591008197,0,236.07509399809751,10.314606676512032,1,26.43329529693645,1.4013268514792512,0,1,0,0,0,3,2927.0631143839782,0
423.9533014799319,320.73452416426335,0,23.891369629871356,7.830086542893886,0,52.78206843497187,14.680035947663995,0,1,0,0,0,2,875.509268733415,0
923.5221263893218,1435.6519282157572,0,202.44144607525965,10.565515921606082,1,95.56721611759936,0.5341227299052508,0,1,0,0,0,3,3402.482168952186,0
240.70514405616726,311.39684567786225,0,25.520665327504595,7.535881941804121,0,52.29356851853852,2.395860428138148,0,1,0,0,0,1,778.1712897639013,0
678.6414217046578,931.2288069449436,0,115.60057363455572,111.13673768252778,1,123.2162452709446,65.55543105327457,0,1,0,0,0,4,2278.4184583532106,0
320.95500817305884,424.34253112833915,0,19.805262428800305,8.472799074855008,0,62.3407059466406,1.8007273901218035,0,1,0,0,0,1,1052.4529292901977,0
697.6149092558113,970.800493284245,0,91.4067491709506,5.2723597469513415,0,87.58137869635954,6.889202745585022,0,1,0,0,0,2,2375.0135611048736,0
338.85241607530384,435.35383089692976,0,33.90122174791486,3.957211876162313,0,95.85600106854764,2.69357270887258,0,1,0,0,0,2,1081.1106910877986,0
906.7050038636396,1456.8036123292752,0,220.3924815452301,9.107788305990196,0,71.63106040749915,1.1700850561850378,0,1,0,0,0,2,3426.9025976079147,0
127.53399830193302,129.4596912638836,0,7.4800119050708505,2.0252016335313003,0,24.43939838374296,0.6615193210953567,0,1,0,0,0,0,344.41084299690186,0
248.30446867061198,163.7209708662029,0,153.9551765021414,5.515709913622215,1,53.0485108854385,2.155621866890455,0,1,0,0,0,5,238.6073757132413,2
94.62465252304622,84.15439417839728,0,5.909063978784885,8.50578530422669,0,19.525280669388557,6.425413938147716,0,1,0,0,0,0,231.05460998997313,0
303.90992281470244,239.4584309741919,0,88.64355773363455,3.707781710015234,1,75.83343952775996,3.9897119536439547,0,1,0,0,0,6,565.1368764452295,1
704.2478512762401,1077.5951997937543,0,208.65727593667287,10.370129911311496,0,34.060413999082755,0.44417853456387363,0,1,0,0,0,2,2564.746261638324,0
207.8943919748413,285.73079163963797,0,14.43563765833739,6.847159368344911,0,45.31616771218778,2.785603531511461,0,1,0,0,0,0,701.821551918182,0
655.6187203408031,1032.6788976564735,0,175.4341730996275,2.429233225569515,0,67.5228813195506,1.877787588459606,0,1,0,0,0,1,2442.4339711883495,0
203.34057009986753,242.69076655004912,0,26.097958832734356,4.717723696463848,0,39.43634762116488,1.2634521583787732,0,1,0,0,0,1,618.9588045684349,0
443.7962169861713,602.9929705699111,0,165.559301846499,4.771613607845201,0,137.1031563025599,2.56467013179928,0,1,0,0,0,2,1476.9380707209825,0
78.13731513405139,60.26225413768438,0,2.585009441053797,0.4762540640679947,0,19.359930654893645,2.3015684790804967,0,1,0,0,0,0,167.86394552264392,0
246.40695646973666,195.3310811680897,0,138.38733189630494,3.3260803855684036,1,67.724405886936,0.9938327823184853,0,1,0,0,0,3,539.761030727609,1
662.2402466796943,1037.0768972225162,0,212.75693145016746,9.604815717671345,1,48.12767218871756,2.888926086999012,0,1,0,0,0,1,2456.8139003670085,0
239.4850625311879,291.7948295813219,0,19.36673769709222,4.382432399491607,0,48.989002462728564,3.7603349753846413,0,1,0,0,0,1,737.6898403207871,0
766.1288939083729,1246.329419291858,0,242.10145471045445,6.304620129066017,0,52.42900660545351,0.35915228512419556,0,1,0,0,0,1,2923.3812767002137,0
230.90519675269414,260.8832880813852,0,28.748057849569033,6.347489456175819,0,65.24539014984362,6.734425256147481,0,1,0,0,0,2,669.3996344735385,0
643.4191652384048,1000.9097366569354,0,122.47682614624938,12.377995879477638,0,43.349646285561356,1.8073758279815944,0,1,0,0,0,1,2375.05013635251,0
243.72184418751144,298.54009539044847,0,86.17007471324393,7.435615514406022,0,61.88313145674152,2.8518002946648515,0,1,0,0,0,1,757.5809554433197,0
890.6334015760657,1433.631298310477,0,269.10553964351186,7.678791951150989,0,69.41761195171888,0.33920534311606326,0,1,0,0,0,2,3371.151106022335,0
225.08347215331452,273.2012514791878,0,24.839007539756544,2.317407789500236,0,41.8496041364337,1.3323400344599083,0,1,0,0,0,1,692.6306247998099,0
413.14118644660954,580.769045649773,0,248.06587316744242,3.5334287468262056,0,108.21958588235854,2.2853090704615378,0,1,0,0,0,2,1413.4619237697725,0
307.0145379217481,320.9700106593596,0,37.47797062135639,6.700772043937289,0,66.79670823460671,1.8071910127062223,0,1,0,0,0,2,844.3899234847541,1
720.3315240712108,1039.3553821843075,0,223.54155409466432,9.9127927815549,1,120.25691132746942,0.9475313730338187,0,1,0,0,0,4,2507.667213130153,0
358.3145017007506,464.0392908829753,0,34.71436122437824,7.749385220160314,0,84.0280536790853,2.6225857161439396,0,1,0,0,0,1,1157.5170306911536,1
741.8478785975066,1154.9411476344403,0,207.05722556102833,17.332591420819888,0,225.28179640909792,0.575792081388479,0,1,0,0,0,1,2740.7609546353406,0
319.067682192134,352.08383184171447,0,50.00483068710613,9.86013357187201,0,66.6874437708064,2.2902432863877253,0,1,0,0,0,2,916.9715038296108,1
913.4353780209698,1403.4706225943942,0,161.16082123949994,10.545481416995813,1,94.34238558002575,0.7651704542654887,0,1,0,0,0,3,3335.884208384947,0
386.2134586332296,513.2597910501361,0,23.992296620888787,5.615012793119228,0,241.1470320416713,10.24703803177666,0,1,0,0,0,1,1271.0267820290878,1
964.6822831739969,1498.327892366783,0,189.3743150570288,8.757548458900448,1,103.40680942746052,0.6193307526689362,0,1,0,0,0,3,3553.7391665764408,0
315.0473867329389,441.059387222551,0,25.681262246040504,3.044199993963142,0,96.45716457405337,1.8451545860359015,0,1,0,0,0,1,1076.7737107542875,0
698.6881153177577,1046.9676540255834,0,149.27163941084262,3.2529471889021595,0,126.86246753544992,1.0052770143396956,0,1,0,0,0,2,2507.8251521238444,0
374.341836091231,479.53437735399416,0,16.71701017865224,4.397454626663438,0,119.8653927714077,2.729575349049458,0,1,0,0,0,1,1198.6036971507033,1
918.7044207723075,1388.2091394575007,0,150.50751903000585,7.63377482902682,0,130.53278765199056,1.0829970807346967,0,1,0,0,0,3,3313.7033401361996,0
369.7983576444804,521.9591902715325,0,26.419282433519765,48.78508383623004,0,65.11525603550962,25.833173479986375,0,1,0,0,0,1,1270.9839458952601,0
896.114069869206,1348.462726567949,0,242.681361422467,6.695637602187099,0,36.9757030702676,4.091371042994005,0,1,0,0,0,3,3222.012764477453,0
264.4802061558594,313.3869041203004,0,16.05390945832342,11.516275074371183,0,53.47015070183157,2.5081530719985095,0,1,0,0,0,1,800.7786914537244,0
166.4758491226589,185.77892993685242,0,61.60252238471992,1.4961582724940092,1,44.03849209640624,1.4023432964332458,0,1,0,0,0,5,59.77589481907049,1
524.9467613860336,549.1644595054686,0,122.05035529094077,4.486921353595837,1,71.90384113073077,2.089826323885094,0,1,0,0,0,5,1429.9092441485575,1
204.7938598561448,187.3620986530358,0,88.58630725221508,0.07579861701477622,1,37.817305680985314,0.5595400104363617,0,1,0,0,0,6,154.52077431306287,1
182.4102865203834,176.91508066578947,0,7.607501096678458,7.712483890773338,0,44.330315993990446,0.9084193936980159,0,1,0,0,0,1,477.08750448993595,1
779.6879114829808,1025.9051819282706,0,100.77182307374363,7.240851426027566,1,228.33137691843658,1.3617162168781225,0,1,0,0,0,4,2544.7917372386455,1
212.0579493978441,245.7156657450097,0,12.113875322404423,3.4559085923733806,0,52.747193263439854,2.278367270833123,0,1,0,0,0,1,632.1954864682752,0
450.7640264511406,556.1077534794604,0,93.87104872403279,18.236404930654565,0,137.99595695807898,7.685535864090565,0,1,0,0,0,3,1398.1619497074755,0
179.83960192421685,210.950607195796,0,11.066109203129933,2.2841465147279854,0,41.69790275541901,0.8453388444461507,0,1,0,0,0,0,540.0285555715382,0
498.4508095228233,517.095708944977,0,112.0001141293856,7.618040072428597,0,169.6659542154855,11.927278412166078,0,1,0,0,0,3,1387.4900641334602,0
198.29729871758994,238.0975884410142,0,8.629448030016707,5.656535969009002,0,54.082623170775136,1.8752174590929669,0,1,0,0,0,1,606.0259339899847,0
693.6099533493485,997.278280122997,0,163.63047260189379,15.803675586693032,0,69.20475517927929,2.806332837427407,0,1,0,0,0,2,2417.0893650940206,1
248.36639102583652,337.38319488513133,0,6.861353254326456,8.451092801940401,0,71.55354625789693,1.2103985046669627,0,1,0,0,0,1,830.0825125877004,0
686.4507284594082,1083.8873631395327,0,113.65237725164097,7.948782969331902,0,88.51673455187309,0.8485019285872263,0,1,0,0,0,1,2561.4378714950253,0
358.931517962563,474.8845775152831,0,15.718484535171147,5.21877003112739,0,121.18884019627023,3.0782067451409723,0,1,0,0,0,1,1177.9942299942174,0
706.8100718061254,1134.9057110437755,0,189.10451164689368,5.183318363576384,0,34.03382703554696,2.1169424513438657,0,1,0,0,0,1,2671.2134774980723,0
541.3539591623478,501.2657951099055,0,205.37677909718124,8.129113673910258,2,129.32620480100604,0.4529961222577739,0,1,0,0,0,7,1330.0997606679489,1
372.8155404685579,449.9942301231011,0,42.2818803151036,32.14348651037091,0,224.32859048795416,2.379537237201692,0,1,0,0,0,2,1146.7371351482184,1
682.337773279065,968.2988337063281,0,213.351555483179,2.883093460190012,1,91.37296628327458,0.39874739148065397,0,1,0,0,0,4,2341.768480347134,0
291.29741009813716,359.1494797061964,0,17.283993586973068,7.883369621180984,0,126.38707677851968,1.6836836813985467,0,1,0,0,0,1,907.5639979376217,1
89.41620244831577,117.63617892853601,0,150.4509157198158,1.5175768220851873,1,24.917488171839416,2.261629334862658,0,1,0,0,0,3,25.271011454098307,0
170.3847467837225,157.97574711223965,0,1.0981649767162467,5.055581701698559,0,34.115412215253315,1.5041512157794028,0,1,0,0,0,0,425.88245019970793,1
230.51356842031726,196.3189708711504,0,95.26914582312338,0.8954265414073578,2,94.63701930551221,2.7744150883956133,0,1,0,0,0,6,212.43585443568645,1
487.4043070122311,602.6739096107108,0,54.98290417742019,4.750574238368154,1,44.80595589560925,0.8067702311473439,0,1,0,0,0,3,1518.0189372482332,1
302.0627049701736,209.8134435178991,0,54.82996075198358,1.732667349364116,2,89.36279516468487,2.6015058642476485,0,1,0,0,0,7,389.30452344875266,1
244.03151596580966,279.9528801937092,0,29.52055824814864,7.1982547499379645,0,61.73535164847306,2.114182011022044,0,1,0,0,0,0,719.3124270777062,1
481.92436852469837,648.7428259910481,0,139.99508490731426,5.148780839268915,0,262.7963014571573,3.5615403342074208,0,1,0,0,0,3,1595.7671391373983,0
370.9737316187485,504.7295227395807,0,8.319899449075985,3.2738316470656192,0,74.51028711769354,14.944374198726813,0,1,0,0,0,1,1244.887152116112,0
895.0122677641552,1337.4681863954495,0,157.0014053988159,17.918197491782337,1,47.88939026673487,6.709222682891731,0,1,0,0,0,3,3204.2021737441087,0
320.30388615784216,295.85003205473373,0,51.16193159658366,4.392181246749511,1,21.34828305405948,3.227651059914848,0,1,0,0,0,3,808.0384048288573,0
536.1166514900942,632.6879128167035,0,64.23872030691949,4.552800663564464,1,77.90471176417341,1.3091984749054681,0,1,0,0,0,3,1614.5857580067245,1
604.464509289579,939.2206670862291,0,78.4309512045214,8.641210088046886,1,41.88135892371547,3.034115504723445,0,1,0,0,0,0,2230.8256667722476,0
246.15679094238007,215.20842591750886,0,78.65766528815489,1.29268431430321,2,55.20714145609844,3.966939282425912,0,1,0,0,0,7,275.92597383623286,0
712.0795081879729,927.9732892526594,0,61.83497540651598,3.54980397089693,2,64.0415180074183,2.008291566334954,0,1,0,0,0,5,2299.737961973918,1
292.0218666595752,211.32013302203313,0,58.80828300451325,1.4206840479349716,2,30.05474359761004,4.417801460060151,0,1,0,0,0,4,585.8145564574543,1
912.5343841447855,1302.1925503760149,0,112.60897891210604,5.909589837942768,2,52.70124069517941,2.2672127198219174,0,1,0,0,0,5,3150.447385002115,0
385.87083835623275,287.9750478061744,0,61.18829078299497,2.137104607797621,2,61.99356056658999,16.08014778938172,0,1,0,0,0,5,824.5688745501532,1
898.3143458583716,1381.7752331246297,0,150.85930611247863,3.5903236998438866,2,49.9531643291049,0.3617814935622188,0,1,0,0,0,3,3282.1688814350255,0
321.1140789327953,326.40091664454684,0,32.23982781635556,2.5575150790322616,1,32.80819346040835,1.948064659257661,0,1,0,0,0,3,857.637473935897,0
1002.5313541520443,1545.0504834230283,0,82.65614285423331,7.223684724470227,1,58.197465741009374,0.99905110871212,0,1,0,0,0,4,3668.7470976121635,0
319.61617220266135,435.27699590819924,0,22.99526033900497,8.332561432242196,0,96.92001552515231,2.682279771822003,0,1,0,0,0,1,1072.1681583206666,0
685.8319302110845,1068.4849992244096,1,46.15050644480683,4.569126651062096,0,70.07378957832843,1.846085062778283,0,1,0,0,0,2,2531.9942607794756,0
348.4544505526796,416.0817364461003,0,122.2197904593495,5.897697042414383,0,193.56551505451733,8.98626912823615,0,1,0,0,0,1,1063.380623520478,1
683.9140093249731,1085.8416777835303,0,54.17678373528328,1.4211514859455208,0,74.44881039499754,0.8465030959321824,0,1,0,0,0,2,2561.07015786887,0
324.58975108134103,453.73260567322785,0,2.0474422739931493,1.7717647788253568,0,92.1318992133163,3.407732748823605,0,1,0,0,0,1,1108.4992329231522,0
689.2156903035344,1007.6800080662018,0,128.64421233849384,14.946984130108001,0,70.81284049585156,1.4328374136066535,0,1,0,0,0,3,2427.533190732991,0
333.7185884865398,456.7882339771768,0,18.152604592804806,23.038525575711763,0,79.60297811820774,5.069350566645947,0,1,0,0,0,1,1123.6793695700308,0
898.3859929576872,1463.764598661734,0,98.97690465812153,6.016590509119041,0,81.03719963522845,2.2099129089861353,0,1,0,0,0,1,3432.0529281825798,0
306.6767107562084,423.3737357114806,0,16.824126398262297,4.264266277256161,0,130.54971858376484,5.808989384483217,0,1,0,0,0,1,1037.416630146316,0
874.6272350907985,1274.6649889799978,0,125.25851536935546,12.182427017175483,2,34.73515708368722,1.9699253793303715,0,1,0,0,0,4,3072.309732090925,0
383.7995971804883,308.28632156825614,0,106.10525148159716,3.57042315405414,3,88.10076833601677,1.36847966437349,0,1,0,0,0,5,852.8141228231292,1
419.77513493074844,608.1139267268086,0,23.53842630581463,2.8075077462022895,0,11.84801603508339,1.9829290704836176,0,1,0,0,0,1,1470.2988624277377,0
183.73070564315626,235.03981237793116,0,9.345629641026786,2.3382339416788356,0,34.273537071167226,4.473390006325698,0,1,0,0,0,0,590.1505910178428,0
40.66128940422128,62.08760804748805,0,20.019433946482906,2.021889343724676,0,14.571371891514111,0.45420656439680235,0,1,0,0,0,1,6.979524312835527,0
66.95433427162756,55.57842705140915,0,0.9740938918736329,1.6639987894467654,0,18.102174112918725,2.580637975693857,0,1,0,0,0,0,156.2473879232814,0
124.90262616042823,127.27963263931689,0,6.612697979848164,6.447420133198335,0,15.62276725066194,1.969434474694694,0,1,0,0,0,0,338.8831902265423,0
44.75575550744079,49.473708748948084,0,16.659000136617294,5.303802187969957,0,10.939290689034362,3.0350446124435484,0,1,0,0,0,1,17.26885263926089,0
22.318035198902642,16.43602115816364,0,1.4365840796683949,5.635575300492963,0,7.6550979518819915,6.114085402394027,0,1,0,0,0,0,49.62882474807391,0
112.46379589819203,170.51132280679465,0,11.571049160164552,3.306588418888026,0,21.623992937835744,0.8525597371322222,0,1,0,0,0,0,407.59805455575383,0
408.0042739996617,571.387768695113,0,49.113523521548274,0.32246240126918313,0,20.99568637196223,5.065784325830106,0,1,0,0,0,2,1392.3427601103838,0
75.51003849443705,67.51152458654929,0,2.0002617651660453,0.2544182301685991,0,18.726736350300175,2.423696310024881,0,1,0,0,0,0,175.714310734896,0
178.86870130847603,225.1979220637815,0,34.97950368246335,3.2463244383163588,0,31.780955680997558,0.6446714528877526,0,1,0,0,0,1,566.5968491124822,0
816.4574745162536,1296.4920039694684,1,73.1548497533268,8.180334595423947,0,52.65845659825139,0.6271179209007294,0,1,0,0,0,2,3058.2782027891426,0
102.90737863224362,98.67158242461933,0,3.8218181703287173,1.8679567809306743,0,22.52048872720397,1.860306358274606,0,1,0,0,0,0,267.36166146751015,0
256.0319970085594,190.46063040210606,0,52.904548953229884,0.3766943359461072,3,37.23505789865804,0.758465402311683,0,1,0,0,0,6,337.3305095240161,1
772.8372759747213,1108.893340766547,0,43.11684616770392,1.5033325898534684,2,19.761890872359118,1.5154947402587373,0,1,0,0,0,4,2675.1366034999187,0
169.28129997855555,242.41803673413767,0,5.142486155925589,3.0609835043649314,0,25.131533553191975,4.980493836749125,0,1,0,0,0,0,588.5349575144531,0
619.0726603326503,935.3794872067582,0,54.12992876685827,2.783166296624038,0,37.8287174118242,0.4618250930119686,0,1,0,0,0,2,2232.911093392385,0
183.08479168647472,191.66325643724727,0,7.735523097533529,5.821697911715447,0,36.984335911407804,2.5129042322638755,0,1,0,0,0,0,496.3458526712521,1
145.77390147346043,119.1376090217315,0,61.71049363396833,1.0398402013737513,1,50.74306810843336,1.958543368632426,0,1,0,0,0,4,120.74835941109698,0
358.8856271460217,456.0582572880013,0,41.285688671235995,7.48043590690796,1,19.31368414135799,1.5651871191269078,0,1,0,0,0,2,1138.2910093213402,0
176.3817710040548,156.27250734830054,0,13.910006196685853,2.743589819067428,0,38.380919868147174,2.369388132218794,0,1,0,0,0,1,434.86040882352245,0
817.6175737207102,1281.3486324864782,1,39.48555020116018,11.967413955457598,0,38.91856368262627,0.6038244414631243,0,1,0,0,0,2,3032.832659034742,0
220.1336500179321,260.76574165818437,0,17.770192130120215,4.39526778061416,0,40.39777845837859,1.1748365259909024,0,1,0,0,0,0,664.413580187467,1
164.77363895108383,161.27256724905433,0,31.854491643674038,0.26080662744433103,2,23.845725244345594,0.5571470469376412,0,1,0,0,0,5,116.96111745366784,0
388.541243372508,487.365521604819,0,13.271250939624455,1.7602461715825861,1,27.15419056549333,2.0820103517972077,0,1,0,0,0,2,1220.4221466879426,0
177.03587592924166,126.90623815962657,0,30.411916785394535,1.7402027558819788,1,34.08942956693089,1.270049158887287,0,1,0,0,0,2,353.5755538371883,0
742.67643770342,1230.6146320189243,0,60.60425932257769,4.318185832787924,0,40.969700926564734,1.4058451246973136,0,1,0,0,0,1,2873.230225788116,0
274.46011054381825,324.9660529872873,0,26.245822219829822,3.5751169999016166,0,52.54482186093933,2.73226775782539,0,1,0,0,0,2,827.8300363427236,0
378.2647442013836,496.0792748706373,0,88.06122928624075,0.7188025717199793,0,95.6310561629029,1.2355741217406722,0,1,0,0,0,2,1227.257645614781,0
202.84801738004754,194.36141356922565,0,10.667254982634446,0.7795769153438674,0,43.96495684782307,1.3171709131919558,0,1,0,0,0,1,525.0749642723076,1
188.01189264924537,127.63412181656003,0,67.19499157470447,2.035864423735058,1,55.418263331644326,2.1163890329729536,0,1,0,0,0,4,188.73094818635735,1
400.66369269637573,531.4680325898667,0,30.39804308558481,12.442366723789542,1,12.092379819553758,14.64907242288562,0,1,0,0,0,1,1316.7281868609543,0
324.64734613671226,317.97293551044163,0,50.44248123908703,6.02289805588726,2,53.48118677149347,2.886205392821935,0,1,0,0,0,4,836.1906362238065,0
960.4267534942375,1476.1171519727013,1,31.923123221890084,6.672021133166015,1,72.19557656738922,1.4083396602800737,0,1,0,0,0,4,3507.0031359343384,0
236.40467554195365,311.1170143278509,0,15.99688374753231,3.3246543703246862,0,84.97435181066055,2.503191717169617,0,1,0,0,0,1,771.9484847999441,0
427.6097967683672,531.1119473052773,0,19.461998847338844,6.036685247404073,1,36.189011494010984,17.342456953796493,0,1,0,0,0,2,1338.7262119635752,1
326.29196756211644,453.27873149807454,0,19.28590077572173,8.074957058916482,0,76.2944310814872,1.4254877371393766,0,1,0,0,0,1,1109.053995332647,0
782.6468960865776,1225.1346478602732,0,44.39549431307874,9.871041265411856,1,10.646864516147245,1.5980476255323597,0,1,0,0,0,2,2900.476540049694,0
327.4086350811144,438.42153609432575,0,25.216254564780154,4.096469439318347,1,56.913374544178566,4.444537588246017,0,1,0,0,0,1,1082.896701950045,0
714.1146085296449,1108.757025381304,0,56.411068094612396,11.622157423155489,1,15.844804562733188,0.2041855431527888,0,1,0,0,0,2,2628.8485343459934,0
392.09190138299505,520.2294709000269,0,8.988246157849849,5.934640682568534,0,81.96380946169755,3.0040291049955634,0,1,0,0,0,0,1288.3545244537472,0
551.3349225892107,902.5966715665562,0,20.545664173688802,3.0147799509438964,0,29.982331817841377,0.8677543289777072,0,1,0,0,0,0,2114.127971149952,0
266.93027577072354,312.648571614134,0,15.534030330786296,4.247710947523828,0,52.89474394283334,0.9693296378935669,0,1,0,0,0,1,800.3926285697512,0
103.98043800663547,105.40843009019545,0,24.5831285259423,0.8564082823760314,1,54.85378822145407,1.155900916426359,0,1,0,0,0,3,79.40937553758371,0
16.879675070177,4.713963869965002,0,0.6648960386179564,2.4860085145456496,0,4.407012824196189,3.646937115971052,0,1,0,0,0,0,18.309435704966493,0
52.448730494863966,58.49182340557247,0,3.5375335881389827,5.435745366638917,0,11.962231050499033,1.6998260052153755,0,1,0,0,0,0,151.2027398713963,0
97.12983487572951,60.22855302964152,0,24.627382394964652,0.4772745190567936,1,19.667998119845514,0.24101855141504636,0,1,0,0,0,1,169.4243739594331,0
909.7399097154705,1315.1357367367484,2,5.681847850947088,9.483974723766398,1,77.37468502331146,16.298182679369674,0,1,0,0,0,2,3182.3900158790166,1
140.42576394145732,137.98418644663298,0,2.8677347149741585,1.4993568684215248,0,30.86080392964909,3.1939294899856803,0,1,0,0,0,0,365.07049518949486,1
154.71970389880835,116.3554964185464,0,21.683832803223922,0.5150757961783121,2,37.933154219641665,0.6436508333939295,0,1,0,0,0,3,232.29263093953995,0
648.9991926201272,952.4155350134778,1,19.151431168211246,8.184554207709844,1,20.571246159786345,2.0939081161535196,0,1,0,0,0,3,2289.737420831575,0
157.9404399346944,199.32771211215328,0,8.958456109023814,3.0730788533436475,0,40.503267253589,0.6209910408066407,0,1,0,0,0,0,500.87207294717064,0
758.7719072244502,1183.1667198808914,1,3.6943527903820055,5.732112689756363,1,56.92861178712087,0.6325741089652248,0,1,0,0,0,2,2802.2007814293893,0
158.9414872510876,197.30744338782108,0,1.9597099925463526,3.515369355523541,0,33.876439335164825,2.914185107419864,0,1,0,0,0,0,497.4817767137554,0
56.652248103703485,56.52791779124222,0,28.365617000256243,1.4850612871569875,1,42.24304410999115,2.7125865100606616,0,1,0,0,0,1,48.193765875025974,0
588.0542499490458,857.8124253337913,1,2.2485587828325815,5.889600754358353,1,32.63359560482753,3.8121294868323483,0,1,0,0,0,2,2068.436203136256,0
165.7869243965773,213.76121167080453,0,3.0818209215976644,1.9051563141924799,0,13.748459912903988,0.6870908413745505,0,1,0,0,0,0,534.5032323463308,0
635.5296479804286,1024.7725471992626,1,13.804167936477976,2.799421393806714,0,27.01082416174165,2.1712354215494347,0,1,0,0,0,1,2408.29123200276,0
176.73607248886702,185.7462830367708,0,2.4384259958767,0.5226679811242971,0,50.61801893992827,5.369120825315607,0,1,0,0,0,0,487.334766477328,1
127.16831210846891,97.1469491195823,0,9.822348625375243,0.6502232115223927,2,26.95746655498104,1.080551797425099,0,1,0,0,0,3,195.06435841226048,0
413.24061788665045,516.3097304861636,1,4.949899816994871,5.110815621348867,1,39.03995412369672,5.357193349952128,0,1,0,0,0,2,1300.1545072599295,1
134.1812347578417,81.67069002050084,0,20.228414053955717,1.335954821095072,1,43.79676032957818,0.7808222289817053,0,1,0,0,0,2,233.20484563204417,0
535.0333904409609,696.0454923017251,1,58.638773187430644,3.1559339951114422,2,55.35623519612531,5.4243527235527775,0,1,0,0,0,3,1731.401830551395,1
190.49792272387808,132.57714019231636,0,44.50056945578762,1.1460074701520597,2,55.663261805021925,0.6473020961896947,0,1,0,0,0,3,313.22331062390407,1
401.6627634678848,561.5697854202092,0,6.7412253775365425,3.523085877854384,1,38.308726174272195,3.5297141665003315,0,1,0,0,0,1,1371.8267406970228,0
167.38805674668583,117.23948922385952,0,33.79669782255803,1.185498343979353,1,46.02453482167918,3.420295997170942,0,1,0,0,0,2,320.6693438275747,0
529.6236043363748,812.616464019195,1,1.2196490148621928,5.384276401107141,1,29.45670100283676,5.101185525964455,0,1,0,0,0,1,1935.36541889917,0
162.46308875323012,166.47696643280452,0,14.120342395904283,3.737899693622377,0,14.882047431278616,3.1062361483528624,0,1,0,0,0,1,445.88037144088594,0
624.0146405063555,1016.9589882328067,0,3.423614263521397,1.0467399345849289,0,16.687002858352685,5.3469937029462065,0,1,0,0,0,1,2384.6654088064915,0
188.1240662268668,248.18883138335295,0,8.87468117388487,3.141282765125119,0,19.489987816740694,4.5225979516033705,0,1,0,0,0,0,616.183220552303,0
35.31212409860432,40.97540844033423,0,18.252217805541058,0.5131219943216874,0,8.011479265100089,0.37942996999211964,0,1,0,0,0,1,6.2168166499499105,0
195.76190302957173,182.16037702543636,0,2.1196387139148243,1.5208200439671153,1,48.936495584076326,8.053539212365564,0,1,0,0,0,0,490.2095231188527,1
120.85757767426372,97.9683891703843,0,22.81931902538991,0.9818428353473527,1,37.0727485057139,1.5711042502408976,0,1,0,0,0,3,84.8250568635628,0
129.37518272023055,120.43695460664195,0,10.730289969509691,3.2169271804039727,0,28.348940255518816,5.20045615890266,0,1,0,0,0,0,328.5077884595267,0
128.4367884613502,87.91998834942366,0,6.478584833809613,1.9475358604423332,2,44.56726571908394,0.6701815391341038,0,1,0,0,0,3,136.33850899403174,0
127.9604748426067,115.83720105484073,0,5.392353035893853,2.7621904183686508,1,25.76503141085113,8.723073122935123,0,1,0,0,0,0,311.7418970101861,1
145.8876295044038,116.73940121523172,0,24.875310264278877,0.5217874295607944,2,62.8112778284659,0.31732622721663606,0,1,0,0,0,4,148.94220693015035,0
137.37069313960126,111.83620740337003,0,5.9140326372536,15.718570112998268,1,19.19985591134696,37.33150277582095,0,1,0,0,0,0,231.92253546497588,2
147.09443485220964,56.262394707917814,0,5.189525531052124,6.893515705753325,2,14.040851389549045,11.768178301507623,0,1,0,0,0,2,202.17247322890228,0
448.87300143776866,517.7565330100307,1,29.788783931551176,6.3536356495664155,1,105.7940132129919,3.7813657078114193,0,1,0,0,0,2,1329.65642780944,2
84.89643265243456,75.00627342051644,0,12.110863248147098,1.4868474245969048,1,56.5720818074476,7.993283327957024,0,1,0,0,0,2,47.7747580126926,0
185.42784284611866,153.58269742239952,0,5.703117564291521,1.8022370325074664,0,38.841750858958925,10.64140178186836,0,1,0,0,0,0,394.47367659253405,2
144.57100887308178,79.6185853839482,0,13.681173437610394,1.901399263327167,1,47.22150532413936,1.2713812332900227,0,1,0,0,0,2,208.5337334576608,1
360.9715352587474,495.70761247327664,2,14.120925097374823,1.7617069841515574,0,44.1858175313498,3.4586681656531173,0,1,0,0,0,0,1214.4907394600357,1
174.4115208853748,151.06086987242813,0,15.758024873408234,2.3420020895230182,1,23.571327558105338,0.7225721497785619,0,1,0,0,0,1,424.2663675873713,1
421.6032094629753,669.1030361744691,0,17.248401533791636,2.638754094630359,0,5.402530010151233,1.9319646442246534,0,1,0,0,0,0,1579.8329474261352,0
208.01781748858,286.06531520852485,0,23.84951276709582,16.184243671705772,0,40.58215287377815,8.280445523036942,0,1,0,0,0,0,702.2066729514397,0
752.9032005743213,1067.1511318484825,4,28.011217016254882,13.82906982680867,1,28.843925648494107,24.39498600916458,0,1,0,0,0,1,2593.1161631798486,2
253.87982767132232,361.0662527174064,1,141.9683567792843,9.992260886795453,0,139.6202868229691,4.593574293227596,0,1,0,0,0,0,877.6984241874372,0
679.9039104257876,1109.9784226699983,1,33.53668596546319,0.24317408172125524,0,10.09316309246375,0.8195978417813837,0,1,0,0,0,1,2601.729753031571,0
373.82268513955717,518.9852156306754,1,21.916447550206925,5.219600705367094,0,46.18350470830407,7.644523640253963,0,1,0,0,0,0,1269.7810841878977,1
499.4742223753719,699.2088278000991,1,27.702733009584144,6.099896565074045,1,32.404379665601724,4.291322477454575,0,1,0,0,0,0,1705.8854901276763,1
119.79734737398555,71.23982755298782,0,17.24814688417281,3.239861095809574,1,51.77385487302614,1.1612336647483144,0,1,0,0,0,2,142.00142411988637,0
258.8624598809372,240.27194148672126,0,1.9899804491994337,20.76343942882794,0,36.76678426946759,33.908340704571415,0,1,0,0,0,0,617.296416109107,2
319.31701920509255,460.4739842513962,0,29.964273742377934,0.8323280826409787,0,17.173655782985374,0.3407486220413697,0,1,0,0,0,1,1114.7213831173478,0
200.46325249364827,237.46481936678111,0,6.405475593059987,6.866478821149039,0,34.67401034653284,4.4938469524602365,0,1,0,0,0,0,606.575560924742,1
55.08849108213069,49.30666293623476,0,12.313113182718322,6.65340122331137,1,60.75892765441023,1.882194218349245,0,1,0,0,0,1,25.52209051139966,0
228.29839874440592,240.38054886247556,2,15.050605712787348,2.6197065214135127,0,46.64655341380248,5.526520928026329,0,1,0,0,0,0,595.5040396707157,2
81.84662839812151,32.3729130212046,0,11.337654281639677,2.2087836447790146,1,38.61881171937009,1.7098892628229043,0,1,0,0,0,1,90.55500546296204,0
578.9409232915365,859.638938080666,2,3.201951008876553,1.5676903157019515,2,31.5319100686049,4.1125246019526704,0,1,0,0,0,1,2065.420094425286,0
146.3462287279084,94.5177749086214,0,15.508751154284571,1.6150676939342588,1,68.68674580763482,7.477362512651776,0,1,0,0,0,2,266.136303182407,1
551.5737154054041,692.7817317331412,2,7.850525347507803,8.164997235369722,1,37.50050385352673,35.78416178089952,0,1,0,0,0,0,1731.1631590646175,3
118.51249114762021,58.85596100409677,0,4.019304794744805,6.131751833374242,1,41.45811379370967,3.0632066859297167,0,1,0,0,0,2,166.78530189651366,0
528.8818958207361,735.5786745729217,2,3.2581947061162473,1.7842769786455157,2,35.493644390320526,7.239161258813044,0,1,0,0,0,1,1799.6502523130885,1
62.18688555858357,57.47308777600372,0,29.62845959590543,1.9442659815027379,0,63.40041447981148,3.3211506502618597,0,1,0,0,0,1,63.08790203398703,0
417.7930960225932,500.13593796992933,1,6.441565382184608,1.67785873487973,1,58.413236193575415,6.619877497248888,0,1,0,0,0,1,1272.2668812742315,2
75.2944816787396,35.16610068948783,0,8.779517857321213,12.146152286286261,0,70.13714004985073,8.162065212516042,0,1,0,0,0,1,44.71715013134376,0
19.6372713095588,10.639109970526306,0,2.504771655344579,0.6063134006851785,0,6.262451850820671,1.5906309932901754,0,1,0,0,0,0,35.84007565032396,0
59.23012805139001,78.31042184795965,0,3.1768777537862594,0.929579567292567,0,7.381627359457793,0.4553853122125173,0,1,0,0,0,0,193.42412209265262,0
51.663584389799496,27.944587490870852,0,8.784261578410872,0.5344043333087928,0,20.32777603232084,0.13478068422569978,0,1,0,0,0,0,73.00214381964855,0
438.80101064740467,713.2675115335296,0,11.141924687738689,2.1545280135468743,0,10.32014787519001,2.6268915674344475,0,1,0,0,0,0,1673.9405930789512,0
93.8196332536343,127.51707043749333,0,4.764089984588226,2.0466656092069675,0,4.746540362065585,1.075886125405674,0,1,0,0,0,0,312.34214714277823,0
247.49980283372074,387.4855969521475,1,31.06581226001863,0.37868532105577724,0,18.840749218521466,0.31596193273681716,0,1,0,0,0,0,918.2936597624176,0
193.75474698444023,241.89662940820855,1,18.70754235658196,2.9563543704941164,0,42.99739449118937,0.8933816171600939,0,1,0,0,0,0,606.5144797704186,1
30.437627690577635,16.979406064617745,0,6.472197467777781,0.28509578946824127,0,20.58378525367985,1.6982173726752456,0,1,0,0,0,0,43.16820096883649,0
391.77772584259935,628.3695833291514,1,18.859946376202252,3.52030964887573,1,7.593104005783428,2.6000676465005514,0,1,0,0,0,0,1479.6132324078226,0
160.8194580368025,172.74564747891444,0,22.670769642343522,1.08539632254975,1,16.902766742906962,1.7312349080054192,0,1,0,0,0,0,458.93974448831943,0
552.105417285585,870.0567408484314,2,11.146725054196343,2.0607493063681175,1,12.08777731363168,2.675043661611749,0,1,0,0,0,1,2057.1189483764083,0
175.17828875675534,206.77498026277814,0,10.10412845020329,0.4304670206962683,0,30.08305816186578,1.5011875994434325,0,1,0,0,0,0,518.2956541739111,1
57.579552349560444,23.59574100604838,0,11.247965586583193,0.5705096116586189,0,20.550742245576537,0.8516654344374124,0,1,0,0,0,0,57.11061370232209,0
434.4881723292392,690.388604728503,1,4.41913086945023,7.9070718127494,1,8.693748580295408,0.7767854645505949,0,1,0,0,0,1,1629.1964612922484,0
113.57279183783118,149.44441529999472,0,23.23150762940367,1.968600400411177,0,3.788256139755548,1.4490196433165148,0,1,0,0,0,0,371.25697788577503,0
581.7726440025989,928.518807711221,2,25.645115713028208,1.8776445938978175,1,23.2180349263923,2.650191256058213,0,1,0,0,0,1,2189.0235737026055,0
184.80059728130493,216.12588240985636,1,32.77898844186529,1.5296087247599304,0,33.90522736108552,3.2039656769230183,0,1,0,0,0,0,539.3396460270799,1
57.91251978538294,31.775329496631034,0,3.256601624281859,0.8186367678067867,0,60.2898129471649,0.9374606663929185,0,1,0,0,0,1,63.29366887351701,0
122.1433930111798,147.8346438492132,1,12.619740420707679,2.0417481237837505,0,43.86363649820772,2.6447853215754105,0,1,0,0,0,0,370.4725818115643,0
108.15737580217052,97.7461510515031,0,5.202965559265679,1.4656219660828262,1,22.85858906695572,2.919763748914763,0,1,0,0,0,0,275.327139470179,0
595.0124678220105,913.7410721313014,3,156.76644937301094,3.345491391737786,1,43.65303235167351,1.9152494415085344,0,1,0,0,0,2,2173.4332569866124,0
153.77858857999374,199.94892540938716,0,14.143594419359792,1.9743518075642617,0,16.285317105629865,3.6080433656481157,0,1,0,0,0,0,497.7762921494348,0
23.089426398726342,9.00914903144371,0,5.449344429555328,10.937071407103423,0,13.721634670359673,5.679999484483396,0,1,0,0,0,0,12.071571044421304,0
351.84410549902805,360.0508843232356,0,5.686317617197927,20.53374211850297,1,16.35411637584037,34.76963266343225,0,1,0,0,0,0,928.5987687844197,3
58.50104859954898,73.77070688483701,0,7.05492126131211,1.7353428319426256,0,2.9981117748672363,1.5825882823986834,0,1,0,0,0,0,185.26268393522858,0
324.79412474811227,514.350441221886,2,31.11387307534896,4.0417954162857495,0,32.73469743593007,1.3223450000587598,0,1,0,0,0,0,1215.0295756784712,0
71.05077850313876,67.13536698361708,1,8.090632465228335,0.4545039341001612,0,20.394333715181723,3.59477863097004,0,1,0,0,0,0,165.4498306879432,0
73.66577714654603,67.63279610128744,0,0.6720493750152992,0.7050006711038319,0,3.2506540502292687,0.5209081800868592,0,1,0,0,0,0,153.21450718971187,1
78.71663181480692,90.69343379002315,0,0.9450140413443485,10.631755984552868,0,14.405771347037987,7.123590637423276,0,1,0,0,0,0,41.657112974555645,2
502.0006899372485,744.3976993985356,3,37.98493505903237,3.6684493478121496,2,18.96580239288678,1.353019338186094,0,1,0,0,0,1,1788.0289602155399,0
129.37832112277056,71.79816515024599,0,11.059417006881322,1.6214958038899376,1,51.358662626127796,8.115420569286952,0,1,0,0,0,2,192.08752325124186,0
473.90136335549437,665.7198903618228,2,16.202758016950646,2.8033158590989737,1,21.817322839585405,1.7946340311333644,0,1,0,0,0,1,1623.651443629038,0
154.76199512813508,167.38932768503628,0,5.84245071700882,4.725505937831773,1,33.64758510592312,1.5623843373492112,0,1,0,0,0,0,440.1419182823684,0
492.9964853108576,814.1526138106905,2,13.577525376564669,3.0757236799337146,0,4.458857677043433,1.1192636533119698,0,1,0,0,0,0,1903.0271377404324,0
174.88760521795245,202.48301238551676,0,21.44374717290277,4.50314559113362,1,14.905421798123355,1.5363844222911325,0,1,0,0,0,0,522.7235993708478,0
663.9583541617502,1049.4803407015722,5,25.52683263940275,6.437766790901994,1,9.17072661978388,1.5154242589476392,0,1,0,0,0,1,2479.8799299031634,0
196.64372175367984,187.637210654846,0,7.942102153283587,5.587303939596584,0,16.263311972129596,0.9484347305666392,0,1,0,0,0,0,466.6001794374754,2
35.80639638620881,26.599174092309266,0,4.0266412093759385,2.2418391368054245,0,8.522837437124574,1.9942388200588392,0,1,0,0,0,0,13.03830326189231,0
329.86744438876065,475.3790752131733,2,17.613241368088936,2.5443386819889553,0,22.071008368784433,1.0773144354733462,0,1,0,0,0,1,1151.9316434342948,0
195.82981958887325,178.34920978796953,0,5.340771746282801,0.8727819547909713,1,41.33623666597485,1.7925412891366843,0,1,0,0,0,0,494.2297085909259,1
423.00710100565675,698.5279618155779,0,17.213872416521244,2.64705432236858,0,7.818789035675685,2.4749303098554254,0,1,0,0,0,0,1632.6899676913647,0
157.9385612102322,204.96553290375527,0,18.321890234408954,2.2198031128163462,0,21.743272209858425,1.5318426594622157,0,1,0,0,0,0,510.03204825072305,0
437.10929043923545,690.8177057337685,1,270.39143962459616,11.274348095116842,0,58.70445007206121,9.889885050470529,0,1,0,0,0,0,1633.2809050266783,0
249.57328644978145,303.87131356548616,1,11.842484955423442,2.6239761647879227,0,20.822170561869115,4.514891167041038,0,1,0,0,0,0,758.6876764365732,1
23.74146138547588,19.918304968987655,0,5.713348493258886,0.4580264752495963,0,3.3885860778352868,0.4285478064899193,0,1,0,0,0,0,6.240916698533823,0
175.1450537881491,176.03491965318267,1,24.255022993207046,4.859666087086617,1,33.98193253274161,3.4989163671928916,0,1,0,0,0,0,445.51409508906585,1
73.10579886708322,24.120994936935762,0,1.427157556402537,0.5135890084419854,1,25.09231856265469,1.2990744323053045,0,1,0,0,0,1,83.69564260927501,0
470.4370452927263,714.548856590087,2,34.23627712005909,4.403844561856833,1,20.53705505724237,2.001378203098507,0,1,0,0,0,1,1707.0041130051989,0
139.3119336819889,159.4831499003681,0,20.446347243587866,2.285036326770566,1,10.74769050827277,2.4965970138774614,0,1,0,0,0,0,411.61102836096154,0
205.64946268046066,339.01925730489677,0,21.035895754257304,0.42822180916386343,0,2.2869626016159152,0.32401094557003207,0,1,0,0,0,0,792.7751779399819,0
257.2694652973649,323.9250150755984,0,17.6852043330744,5.3678245604004236,0,19.3126497550708,6.971734034785545,0,1,0,0,0,0,812.1952571237011,1
450.49639568389085,635.5969412240709,1,115.66390323877052,2.8805439283646015,2,17.84106234038576,4.500638430683255,0,1,0,0,0,0,1545.6600813531995,1
339.3249341278727,378.2780253587132,0,77.00355551754697,1.4471668258922705,1,87.49643922058775,6.3519849991746655,0,1,0,0,0,1,988.1694446745422,1
101.5315757053927,88.28128179305396,0,4.407070821556839,2.431852194790493,0,29.9015696212722,16.33300514315733,0,1,0,0,0,0,199.8026604947172,1
184.87575164115964,125.79661557717651,0,17.82687999991301,4.024787342725837,2,21.403902224094477,5.293210227854328,0,1,0,0,0,0,355.606343377911,2
477.68696576319167,778.4399432218765,1,12.325928234920509,1.4982176136218643,1,21.720311133269973,1.389011635900767,0,1,0,0,0,0,1825.7037501095383,0
158.0991123002346,112.59364054955677,0,6.895865606763871,2.9077812873196303,2,24.300519203629975,2.5823243711779034,0,1,0,0,0,1,336.72631086798253,1
450.32419445882624,671.1696592865637,3,30.52804423104165,1.8305341231324557,1,39.05815943524254,5.109398406521352,0,1,0,0,0,0,1610.3761310462828,1
111.85711496378909,68.8529151150985,0,8.398006243640111,2.1120495275225974,1,63.054347276900444,6.506690641749195,0,1,0,0,0,1,201.0125289838233,1
446.60498556836194,675.142716651455,2,32.42739592805576,2.7819321412803966,1,27.236829434040168,4.625113522947999,0,1,0,0,0,0,1614.487145136505,0
160.96525919759384,139.86322789946857,0,15.82899253269725,9.268364235175408,1,64.29409539000551,11.8354332003919,0,1,0,0,0,0,397.1415365108532,1
526.7164839442338,863.9198770251949,2,40.22505740226684,4.907287393088707,0,17.88271948187578,2.5817042092042195,0,1,0,0,0,0,2022.8246100299234,0
152.76780422020954,176.95612533714112,0,11.183838921068219,2.2702629551357427,1,24.847577228883523,3.500060536506639,0,1,0,0,0,0,458.68980094956044,0
483.19017316093334,795.014741238815,2,32.46049358134965,2.7132641627657517,0,4.573750404489891,0.851382944538665,0,1,0,0,0,0,1859.9340008680485,0
246.05885496126194,294.7147959477399,1,32.24368001550005,4.207903599790693,0,27.14609461300486,1.435794766029816,0,1,0,0,0,0,739.2661771437829,1
315.97236997505786,485.59310035977074,2,35.321493750721345,1.0730923734611388,0,9.950182010263395,0.9215004845276941,0,1,0,0,0,0,1156.4551411549046,0
269.163988017566,337.1604288037167,2,23.15507500335927,2.537039323925791,0,44.42462677244969,3.3697070115859984,0,1,0,0,0,0,835.9999374339338,1
33.244346294038934,13.81646267280075,0,0.911388871485407,2.248816353889412,0,4.61143031188981,4.452148151105989,0,1,0,0,0,0,13.112793398345932,0
208.90526153735334,226.99908745700253,3,19.69208849242086,0.45576573704359097,0,50.37467312466429,2.9936750516726764,0,1,0,0,0,0,580.1316172801342,1
79.30305267847068,52.92860425228254,0,3.4039065764513983,0.7336412955615628,1,23.548060364553038,2.1384110684869255,0,1,0,0,0,0,150.9623842738773,0
315.5806488289764,489.86635056346154,0,30.369238843953905,7.059336594478709,0,8.767688743541044,0.8052343483351225,0,1,0,0,0,0,1163.4822564423237,0
128.13449699647705,118.23976854616471,0,23.84170776736313,4.3512369036614835,1,19.13575940645675,1.8102914337105853,0,1,0,0,0,0,326.975732493316,0
529.6882960054444,870.0388515098534,5,73.69853867978429,0.803479138436228,1,12.596917509820537,3.25521779197642,0,1,0,0,0,0,2036.413210387404,0
180.68543811354226,207.46383944769428,2,11.709108771921034,2.1137347529829733,0,37.915942082926605,1.431481998551392,0,1,0,0,0,0,514.5306118544474,1
79.18600328001952,46.89793864241696,0,4.8599030766996405,4.311012556785791,1,33.77545466979707,4.491918592487434,0,1,0,0,0,0,144.61689349736062,0
298.52381151997736,447.55221757430826,3,28.399244305462325,6.405569955330766,0,30.41344658318567,1.7290893037891033,0,1,0,0,0,0,1073.096970957355,0
117.76481412551583,132.20494262426112,0,4.806867068225909,2.5064780450598567,1,30.248437825758607,8.000845068965692,0,1,0,0,0,0,345.7471211349807,0
513.465763264718,845.8142147506788,2,30.28500126658995,5.8816442171913375,0,6.178270514421403,0.5603854324829807,0,1,0,0,0,0,1978.4171105936614,0
168.77218588114678,190.69190276283504,0,20.899804457067454,2.5229674169806895,0,5.275523134972874,1.0872422622284255,0,1,0,0,0,0,491.4492799734193,1
16.750968945070014,10.8777751908278,0,4.290924730338592,1.264868471987213,0,12.83175781310467,0.8392779164141047,0,1,0,0,0,0,13.901336862270602,0
201.22317433731166,204.19846173742488,2,2.9692015610491937,3.1748610485203055,0,35.299199272306986,3.806019625608207,0,1,0,0,0,0,486.7603072091792,2
79.90987255383182,48.93615326421098,0,7.873211442603393,2.630468071283309,1,23.57985980706743,3.1226406952855736,0,1,0,0,0,0,148.32045228790156,0
557.7730131131334,925.4129717729076,4,95.20779817075434,4.501769939244913,1,10.698947948334693,0.41088288647716753,0,1,0,0,0,0,2160.519250773984,0
121.9431268452233,143.7813161708192,0,12.790177935109703,2.05493724364045,0,4.089570202332361,0.9826711155418051,0,1,0,0,0,0,368.4587546100504,0
15.360913739609066,8.50996373186413,0,5.728701580182527,0.7849355259957145,0,3.4254744324714963,0.2569476975803786,0,1,0,0,0,0,8.531284555970565,0
26.28451177559033,19.55539344664044,0,15.333640841342833,1.456582643506339,1,9.937102519376424,4.429756496708116,0,1,0,0,0,0,49.013667234585384,0
112.8711820331758,128.658180030648,0,14.812356224566138,1.8452616804368929,1,31.367630207250297,7.6545209714693865,0,1,0,0,0,0,335.46503677635894,0
535.9870315402626,862.4684790357702,4,40.59303758582786,5.24569847457005,2,17.68783323751727,0.9506680668355394,0,1,0,0,0,0,2029.7232096868875,0
112.57624818830261,151.21576723631267,0,25.628747075260492,1.22219260615656,0,4.181175958619327,1.6876673950375967,0,1,0,0,0,0,372.916588425521,0
591.9277671832331,951.082416771134,7,103.89046751278275,3.7627226401454266,2,38.81219080039641,1.1579863212066757,0,1,0,0,0,0,2238.960148522684,0
150.28998226920567,182.68194463104837,0,13.555435347306629,3.5376242237950124,0,4.344013649952626,6.047558888516944,0,1,0,0,0,0,454.9482481795336,1
19.469893579848726,9.949315899571454,0,3.381060809013701,7.160887906754974,0,5.174686319676957,4.037569412728074,0,1,0,0,0,0,15.44319946741242,0
343.81147814758714,463.3111029343043,3,44.93916220879351,3.0580268223006883,1,36.294335152715384,2.2279253261923304,0,1,0,0,0,0,1141.1920812106594,1
122.3559689152475,129.19066674903354,0,18.748936431798043,1.97399739953004,1,8.746518191673914,1.8064312475088293,0,1,0,0,0,0,342.99250379672037,0
467.2639391711676,756.4681390684041,3,121.28000290012479,2.2111701774410366,0,12.954838625274892,1.6758903734359154,0,1,0,0,0,0,1776.9865792724231,0
211.05526837506324,137.35724355600084,2,8.57232158418515,2.9871412784965985,0,38.66721483803032,46.67150430525221,0,1,0,0,0,0,370.71270268029934,1
67.82810453552305,51.445195893736596,0,4.948876039088126,1.118621053247367,1,35.190161844987365,5.848804646009566,0,1,0,0,0,0,146.7541430062908,0
476.822974158792,776.6099681474627,1,26.40899238594061,1.7266105691385636,0,4.509803998768002,1.5153484395729815,0,1,0,0,0,0,1821.8796702883826,0
102.31216303406744,121.27340065250922,0,7.62824480424739,11.053513756992414,0,3.4197451799645977,3.5302757094585955,0,1,0,0,0,0,311.3945526395811,0
366.1288035701123,380.23412536289965,2,58.28867935840441,15.777363302297507,0,7.354179720656707,37.28175096481467,0,1,0,0,0,0,928.0491061538182,4
171.6666535083483,196.74907710921508,1,12.331530793727884,2.726375814415268,0,27.400911495427433,2.000240541869861,0,1,0,0,0,0,488.323955661948,1
31.30358006291329,8.944318611100016,0,12.743854149256741,0.6744150907823993,0,26.62456401257132,2.4739331439905397,0,1,0,0,0,0,30.148760554505877,0
95.57065941951909,98.67430553712941,1,21.260433631692525,1.7576899380772537,1,22.23747944845514,2.2431295421502373,0,1,0,0,0,0,244.5154734717391,1
94.48049596298054,80.31674467747328,0,7.576942354301847,4.6526950697606715,1,16.285404524122995,0.5962487173407864,0,1,0,0,0,0,222.5153293466603,0
370.85184877507066,592.3654158538033,1,36.4361982901997,2.599907997986154,0,6.286810488371712,0.9656411660675105,0,1,0,0,0,0,1396.6749903590448,0
132.8078821984061,160.85350287333443,0,12.984592000920891,0.8803091490054256,0,6.8235289718959455,5.31221611212038,0,1,0,0,0,0,407.50456976249166,0
204.77208902163358,322.0848463125134,0,9.767684142599803,1.073517387426845,0,4.910838684301858,3.3243575878506015,0,1,0,0,0,0,762.5368925375676,0
94.70059184065191,88.8295215984339,0,2.544783665590049,0.2745245943289798,1,12.782231064730063,4.424750748471118,0,1,0,0,0,0,177.40197494581884,1
69.11432358615352,34.588071135865334,0,3.9298867468118965,1.5374642730923815,1,23.288677986988098,0.9065694414599361,0,1,0,0,0,0,121.84239275625498,0
413.58888756517115,683.0275841051916,3,77.17652600935386,7.7063952555470205,1,15.71492895438557,0.5909364285501575,0,1,0,0,0,0,1596.519068079384,0
122.70962818575902,141.1567175937222,0,22.91379561818575,1.4781144178740828,1,14.309400273513559,3.255123702212766,0,1,0,0,0,0,364.2606751964332,0
477.6840977700055,795.0670331929938,2,80.69130165896664,4.534413146050087,0,6.013733732562181,0.24554039534182015,0,1,0,0,0,0,1854.7644729120686,0
174.04162529127558,202.01052180202558,0,20.915782117452302,2.008485855324519,0,9.288072458264121,1.6459630846530902,0,1,0,0,0,0,515.6766714057242,1
373.84878314423395,612.8765014891723,0,41.785375583624614,3.407452476663957,0,3.5433560458870548,3.0618771468878645,0,1,0,0,0,0,1435.318875186008,0
163.48115892073227,180.47348756659625,0,26.946493427408235,2.0396199460601974,0,17.155625639870685,8.294132008266304,0,1,0,0,0,0,451.719978685887,1
233.0432119211098,334.6284479305752,1,59.919451037221336,0.38802622277834514,0,40.198997717871606,0.2394361976115608,0,1,0,0,0,0,811.3368145039753,0
173.76317790441374,173.04703662554027,1,13.806806087441954,9.680827989026298,1,31.95449288734592,2.7700340116339115,0,1,0,0,0,0,408.26765598615714,2
181.7714816662322,210.78150546359174,0,6.468007040509047,4.008577098835573,1,27.485281503017635,9.068723759925419,0,1,0,0,0,0,543.7579141540577,0
112.75297642572883,105.54885344696922,0,1.1528574707441326,1.737244664999646,2,2.4213614346192056,4.763104136133279,0,1,0,0,0,0,222.17367333383072,1
215.4170777058305,291.6756117429083,0,67.33309183764966,2.2787405159907856,0,39.66919531902566,4.350536640146063,0,1,0,0,0,0,719.6478087720457,0
122.9583770573839,120.68936297633752,1,17.934487740175012,1.6982873406612509,1,35.32657016573424,9.659651861679908,0,1,0,0,0,0,272.0394405863301,1
84.93798369811397,60.616280466289986,0,12.69535628081867,0.6477308104275614,1,45.97037570222308,4.621659831228681,0,1,0,0,0,0,160.17159700289776,1
94.16567675249263,92.68058526841163,1,18.254659436872878,3.4049674153560057,0,32.48262350788366,2.784178364119595,0,1,0,0,0,0,226.04784242490052,1
86.97567786809485,71.34119761469859,0,7.854533993789772,7.037579675727546,1,9.551578694593418,6.181127001709117,0,1,0,0,0,0,200.60017835426044,0
495.88762734930066,815.3862229353365,5,128.94815091435328,3.037888899861759,0,12.06767574683364,1.2789041720568521,0,1,0,0,0,0,1907.74116806707,0
130.69058682301238,181.93154052743415,0,7.266561356180095,3.5224861452578144,0,7.074962951201545,12.010705878842089,0,1,0,0,0,0,443.2191351080337,0
160.66193526051035,247.73039628438056,0,15.477512238468654,6.189375308513142,0,7.096435207850641,3.982492027612124,0,1,0,0,0,0,589.3464236332792,0
188.40056445016006,195.45531853124243,0,40.13109860828561,2.91178787910891,0,8.586440739462484,3.9295033268022586,0,1,0,0,0,0,495.4922208119576,1
20.9281363047999,17.81981561905005,0,5.150106586496809,0.34534964071060137,0,2.7409091724601495,9.139407535123546,0,1,0,0,0,0,10.51708282715198,0
123.60498763907748,114.93678537962103,0,32.91180929697722,3.420853050068052,1,11.59217294406076,7.3955546472333165,0,1,0,0,0,0,221.19897629470813,2
86.85064574478862,46.910849489109445,0,10.199960104978643,26.48898333393387,1,36.539552775324616,59.5702254316845,0,1,0,0,0,0,135.93318512325175,1
211.1738174433157,270.0262685085522,2,73.24826858875817,54.78368688223742,0,14.494024739431552,203.37325555833755,0,1,0,0,0,0,677.6294499793162,0
114.10979802579705,89.48717542438932,0,26.90934141863895,3.330137873678594,1,15.34122622232502,11.04866316236637,0,1,0,0,0,0,209.0193638154028,1
185.8089771243992,190.61024176327163,0,357.2486144765428,4.078387820075746,1,153.31972087303657,2.0995649158404874,0,1,0,0,0,0,502.45723519231217,1
4149.136103441684,6985.478874137544,0,3.432858686217175,124.76869672788945,0,48.81999392128626,7131.921864257741,0,1,0,0,0,0,58.31087576177454,2
175.34094845512493,213.50702121823252,2,16.456019356084386,1.4009719811564572,1,8.834796996718122,2.0822832989933535,0,1,0,0,0,0,530.6481780307912,1
66.09788270535606,56.217503284657305,0,9.94982831936638,1.637310472154548,1,26.11277772764813,1.2325292803274637,0,1,0,0,0,0,96.37429963943782,1
336.34401867952886,553.4114381455049,4,109.3062039134454,1.7034827961143135,1,7.439617736722614,5.923519911479038,0,1,0,0,0,0,1294.6227963905985,0
143.80706270929352,143.32389526941753,0,17.78749903117386,1.665890837075792,0,5.95600632307438,2.8964505389883497,0,1,0,0,0,0,380.82551620827064,1
239.32815000185025,360.0297382866859,0,20.18577256668403,2.4304486812169,0,5.342818764813197,1.686680552791481,0,1,0,0,0,0,862.514170699972,0
100.9107658248396,132.6037572399777,0,81.07853300866617,0.5161385196657753,0,10.382091357880414,6.912321440135924,0,1,0,0,0,0,329.1242360860946,0
3.7803841735328123,3.4759679895065885,0,8.926338891584933,0.22897465118658772,0,6.075712619112102,0.19004030407355182,0,1,0,0,0,0,0.6026114595801424,0
86.4853789845494,81.88370716842223,1,34.327610010387986,1.3207980663295023,0,20.665226990421665,3.0012230985065997,0,1,0,0,0,0,175.75378457770555,1
4726.350427799279,7904.257117105163,0,21.984252205883664,110.89616236259597,1,14.599108679866712,7358.280274922231,0,1,0,0,0,0,58.2022174731975,3
249.9459134431825,334.72140924796554,0,60.5685055877424,9.099489784266947,1,5.270274888647862,6.527304079568329,0,1,0,0,0,0,825.1081437641257,1
3677.860867533077,6014.697553148523,0,39.66378708064152,126.47413523398507,0,17.490318610297273,7327.353049694224,0,1,0,0,0,0,387.6133020604538,1
285.0350111615629,444.5987963754914,0,148.96255460853757,5.381754055014312,0,3.680179377762644,0.6057001879100412,0,1,0,0,0,0,1054.8257171660773,0
5608.884603158644,9359.062883003886,0,12.402153753540631,110.80704385288124,0,17.502956751015248,7460.943169147934,0,1,0,0,0,0,398.72636227110434,1
70.68514162768535,86.34990950164625,1,701.3436270546175,0.12372654853383895,0,139.99004159577498,0.15421084992693573,0,1,0,0,0,0,216.76888899026028,0
136.19632207464628,118.40034059264092,0,34.25368801567482,2.464904310165768,1,5.540989081638177,1.16993794491548,0,1,0,0,0,0,242.49602080562846,2
223.54319126007653,329.58068108894753,1,64.53870485015551,0.8357456278991113,0,7.787373144073606,2.752153119681476,0,1,0,0,0,0,792.6417689885776,0
151.80295966910202,153.4960902070628,0,34.18824782744842,1.42963502621887,0,12.640027154942091,10.785675204486168,0,1,0,0,0,0,412.86426291536986,0
294.45551886676515,456.65593335806534,2,168.99095626953795,5.035766956577016,0,7.56931140055078,1.3589700196484664,0,1,0,0,0,0,1084.759290676489,0
192.69519218987298,182.45713575106575,1,56.75454625840628,3.013521089961317,0,26.54098135008327,5.693536018103805,0,1,0,0,0,0,483.54586778819254,1
307.94740644130354,483.26987030848045,2,170.60141837594196,2.869547068199402,0,3.7592965561154443,0.35717950442881513,0,1,0,0,0,0,1144.0722066003455,0
153.5082100073896,143.11813511039585,0,32.108650351824636,0.7470307072224487,0,24.770109401048693,1.6179369695385413,0,1,0,0,0,0,367.8911177941159,1
299.9916054834464,484.22919199022215,3,161.16156300888622,1.5124235802690138,0,3.808397387271137,1.0788987228186162,0,1,0,0,0,0,1138.3997176570413,0
153.99536221229056,173.86839236556287,0,27.620678348747898,2.868173799661122,0,14.792110289049504,3.114679014642566,0,1,0,0,0,0,447.36436329463794,1
375.30061828683256,553.7759660560702,2,111.93072598504928,11.411816529768032,1,8.36996766723104,6.228711643011701,0,1,0,0,0,0,1329.4141860640655,1
132.42745095741435,164.09597682237649,0,22.30662414732374,1.9102228510877954,0,18.71657405854622,2.746203472533732,0,1,0,0,0,0,412.61987411968335,0
612.1190329647726,647.4686465680539,4,185.93829913977484,40.379266658884234,0,18.662373935561714,50.773160557908064,0,1,0,0,0,0,1553.6862554190798,7
99.7769356205835,105.07584704879417,0,38.396627774786204,3.571945883121172,0,18.832544700170637,4.160930976545852,0,1,0,0,0,0,274.856557746532,0
381.901001048022,606.4700641736456,3,193.65572699361965,8.129025035360828,1,24.842202683480956,1.7876044113220435,0,1,0,0,0,0,1431.8031005090515,0
114.81433993324333,143.47036111797487,0,32.20786475184412,0.919232359208056,0,4.127734207498885,4.515161838413968,0,1,0,0,0,0,359.2605311612921,0
184.32882618836777,309.3274234034374,2,125.76533252528235,0.4894697128294839,0,2.5477832954886743,0.3596635934378261,0,1,0,0,0,0,720.0775363763853,0
165.49176258535186,159.66943845484494,0,12.835852575548154,1.6158232889680124,0,6.233203361428084,0.9657114190496162,0,1,0,0,0,0,358.86493974658777,2
29.894493217038153,18.696156519874783,0,2.23661752728323,0.8899163545245979,0,25.26963917706773,0.6895641990476078,0,1,0,0,0,0,23.169002534880853,0
322.140218521872,432.805099023236,2,56.011498054488015,44.67675436390708,0,34.301775204522315,48.40093767175419,0,1,0,0,0,0,228.922211902759,9
113.71785083552632,108.47936641649154,0,13.779731173411449,1.2144010789893147,1,22.93361050822365,1.4537386965040024,0,1,0,0,0,0,153.08098385681757,2
528.1896998993234,498.2109478817317,0,131.34122228210774,38.381228699430174,0,2.879699129497735,58.834091573438656,0,1,0,0,0,0,1030.6200289537294,9
120.60125809816488,115.3501934611291,0,29.8866274224404,2.317748181025086,0,2.1903950875772624,7.8653304985366805,0,1,0,0,0,0,303.24387086306376,1
203.41444134699688,297.36522887156207,0,79.99646303093182,3.8338581032414876,0,9.150486109597933,0.6135977503436671,0,1,0,0,0,0,717.7880055036366,0
154.39283673705364,138.53966590108556,0,33.347145286923435,6.5345183728819585,0,9.957812671393393,2.042824726596704,0,1,0,0,0,0,306.4343345707167,2
27.480508926192627,22.323424645419994,0,8.009720126821774,0.49711761240977675,0,13.67987328801484,1.1385029802470932,0,1,0,0,0,0,25.462571599106248,0
413.5363295994078,448.9592989013728,0,88.43537259014916,42.05541483854995,1,18.273569548072732,80.83488176742772,0,1,0,0,0,0,465.7772249950664,9
99.37889520927658,113.41390843930104,0,28.605556582185308,0.8420873062875842,1,30.121052062761574,1.6481483501855863,0,1,0,0,0,0,284.6018868130789,0
238.19026785547814,326.0629609277193,0,235.9331052072385,5.124757599511371,0,10.360577920077327,2.5188847024403636,0,1,0,0,0,0,800.8874216052443,0
180.94022329268222,162.03333385686076,0,49.061630917880095,3.9909696891192983,1,9.51803200675971,3.368670036092865,0,1,0,0,0,0,300.49637660582744,3
20.076370757269654,7.900382816594584,0,2.7882267051662883,0.22561294791609066,0,14.852781054086545,1.4653215430044944,0,1,0,0,0,0,23.168571856858414,0
286.1140566327422,424.7114948807789,1,126.51854786899906,5.464523185578199,1,23.88845645135089,4.172639863726852,0,1,0,0,0,0,1020.9978333135718,0
106.75043010821736,108.3306070819281,0,11.127267839326432,2.173002690070089,0,32.5272346354441,6.887579696560291,0,1,0,0,0,0,283.6620893439532,0
287.1025236077748,440.34232270525945,2,145.08582187000277,3.127149052301907,1,33.87232215736313,0.6796938937966204,0,1,0,0,0,0,1048.915272874096,0
83.14986858004856,75.32570858417996,0,17.974279203430243,2.3775268085895234,1,42.59207291139633,2.203416424408635,0,1,0,0,0,0,205.96338326708366,0
391.1305016853893,497.9739131317734,4,598.8394549235542,14.466980412415671,1,161.08435962884892,8.833327809677984,0,1,0,0,0,0,1243.6525831369074,2
109.51975115697365,125.593912276629,0,32.41925337342875,2.5200721663260675,0,18.99455904889136,4.037436540709441,0,1,0,0,0,0,321.06622367964906,0
373.7938386222795,609.0448851027593,3,181.83460012381187,2.8767160752497403,0,8.670325765563039,0.2712124199522763,0,1,0,0,0,0,1428.0378298487979,0
105.00098909688069,102.35123615750025,0,10.271392532287928,1.5687707297208149,0,4.785164390094098,0.8763695167216344,0,1,0,0,0,0,208.88264271257952,1
40.61551953462874,37.9268715093347,0,8.426548560921546,0.8498725671485622,0,19.066636539941115,2.1745254362126984,0,1,0,0,0,0,32.690179651657445,0
295.8967701532002,404.8247029096156,8,136.6781024645251,2.61583864713897,4,67.80952380905521,7.982969872868877,0,1,0,0,0,0,994.4814879685572,0
81.71664200610513,68.07730553102597,0,18.087716493625862,2.258218711921036,1,27.68864817173563,3.3014596957582696,0,1,0,0,0,0,163.12330027421166,1
270.26058502767177,439.95622154482135,0,64.86212517434254,2.9086027742064173,0,11.541304551640762,1.1085334113616512,0,1,0,0,0,0,1032.2329620774035,0
119.57183884129132,139.09064596745588,0,32.95696672555884,2.2255309322764636,0,7.426000042661246,9.686119703778798,0,1,0,0,0,0,355.44571578999324,0
348.77593799268357,563.048014635775,3,312.89153944867115,1.5555704435652424,0,21.479641565317912,2.5819769895183278,0,1,0,0,0,0,1323.5399918412534,0
136.20643834080607,132.35042852460725,0,10.080928747295154,1.366846899160779,0,6.806794182252049,0.9822099802231242,0,1,0,0,0,0,280.11871845141275,2
36.95199873558998,38.44735573798636,0,6.051781533440698,0.2569398642953386,0,19.030457896617367,0.5333931530810986,0,1,0,0,0,0,24.115247295189796,0
145.08413788038285,148.7548615017489,5,79.01287331841593,1.744660128113329,0,62.369907157972236,3.3476229527819577,0,1,0,0,0,0,368.0756993102797,1
94.85508089779034,81.72336425486466,0,33.456841947423094,0.25377804606794396,1,31.860646831353293,2.5316762337042285,0,1,0,0,0,0,187.66280544861547,1
355.43688479209874,510.058302910312,7,152.2796581240883,1.9366686779053144,3,59.38896620523047,2.6001691444966366,0,1,0,0,0,0,1232.117586575587,1
69.55465858866548,59.87043131393012,0,8.635296262147625,0.3265748348573533,1,24.296692105136565,1.7363216191892863,0,1,0,0,0,0,164.33989879106375,0
399.730939537421,630.5758987052944,4,180.5384619049118,5.138272784463377,2,37.66524476675579,4.465791404499311,0,1,0,0,0,0,1490.9141299908285,0
63.90796074048367,61.64934579243458,0,22.834633764016765,0.5635373256210152,0,22.150859801790105,3.889151186384439,0,1,0,0,0,0,158.64718496125641,0
479.7634194698402,781.506303614257,5,196.78535086125703,0.6874100015850093,3,21.347752005748287,7.882546069514186,0,1,0,0,0,0,1833.3622258891946,0
141.94750943421624,168.5042819566773,0,40.674077105182334,0.9793032639619249,1,22.6361049915388,7.943537335034975,0,1,0,0,0,0,431.8807956050981,0
852.0787269779602,916.2702868145949,6,151.68176655851278,36.46079183702607,2,2.2998827987801,66.93348522001813,0,1,0,0,0,0,2234.489515947021,9
63.396676462526926,86.00900419164843,4,22.036871589226397,0.19138720793230674,1,42.60017080634832,0.3930065592898119,0,1,0,0,0,0,211.66543350379501,0
43.65457367693265,35.630038350893095,0,4.186908095177475,2.6863523719279208,0,1.9250900120613346,0.8852708091435331,0,1,0,0,0,0,74.2377216763609,0
23.58267867268978,19.92264909163174,0,6.070704473505462,1.0426478066874594,0,12.896801389030205,0.7773420336740744,0,1,0,0,0,0,33.26033709321072,0
649.2883640774307,916.1345937408564,9,153.29752703107772,3.951453520861377,9,13.848912949171925,13.993422047555983,0,1,0,0,0,1,2230.0098264587987,2
81.47641378198605,79.45715957379933,0,18.281622786051486,1.9769381077849926,0,1.7610282867902929,0.3490702215139993,0,1,0,0,0,0,123.3364905111514,1
58.31076321993139,59.114346544362625,0,10.612783115458043,0.4992647851391498,0,14.313291274191137,1.1355040660887044,0,1,0,0,0,0,74.1664766973707,1
423.4636738854359,714.1794913490241,6,180.08170472466242,2.277289421639329,2,30.47571376934718,1.2158913896816488,0,1,0,0,0,0,1660.4100448580857,0
88.83012940075554,90.11462016952817,0,13.186489274563417,2.2217716508682495,0,2.276153642074791,1.8972112436746003,0,1,0,0,0,0,218.36320204473049,1
26.85746500663645,23.701392129488834,0,19.532394788679625,0.5667490656159161,0,8.202171175568022,0.17931530334574336,0,1,0,0,0,0,26.1768401962928,0
38045.044347922136,65721.41374935918,0,255.19682457076533,26.54597784259654,0,17978.05750444172,1.1472963369139413,0,1,0,0,0,0,151877.8376100629,0
21870.98385602344,37700.3335486348,0,94.47106237261553,3.065914276924199,0,8723.902220716433,0.4826641848690794,0,1,0,0,0,0,87169.73607948201,0
18643.18518708334,31900.10303792672,0,66.65987674711447,12.15054147244545,0,8089.0820998133895,0.48574375195475117,0,1,0,0,0,0,73895.29939408919,0
31385.713622687515,54180.069021578114,0,280.3156776980355,11.45839942766746,0,14865.880198548097,1.7211767081253204,0,1,0,0,0,0,125228.2127918722,0
378.259229271851,368.7248397454137,0,246.7561123475449,9.112311829997108,0,20709.813169233945,0.6729430693621417,0,1,0,0,0,0,954.6827055595671,0
346.11196168848176,395.33052341285526,0,610.8990376353013,8.865777805852279,0,14800.864545257642,0.6549647934685909,0,1,0,0,0,0,1022.3336787692972,0
19539.037196055604,33711.94923772107,0,534.1051978625711,3.122238198987513,0,19148.726373434372,0.3049987365319355,0,1,0,0,0,0,77929.76545660528,0
18363.324277278163,31438.767089978435,0,99.26098184791714,8.692399420257498,0,8314.307479448751,5.3641431293211825,0,1,0,0,0,0,72816.48054543837,0
17240.839360298865,26849.0129786946,0,87.23023948552502,1.5001540693552504,0,8181.122639667451,71.32636121384722,0,1,0,0,0,0,63617.49287462004,0
743.2063860105177,568.5327566301132,0,648.846411362415,34.914695671968076,0,14639.153273695945,7110.490667701415,0,1,0,0,0,0,1630.121211899836,0
34976.62422372711,59773.745790952344,0,224.4223800604139,14.8707260356815,0,19269.41677307942,93.75253110456275,0,1,0,0,0,0,138507.48863311796,0
935.370512876278,1122.9780349516998,0,206.3719659595471,16.68706262655889,0,204.23195226370865,1.1269943122719983,0,1,0,0,0,0,2830.0547677019076,0
512.6583718853008,574.8609801508649,0,328.6613288048162,10.504597018438657,0,17245.21585397382,1.5061081290155625,0,1,0,0,0,0,1464.7763840366667,0
39466.742023644045,68129.06236747745,0,235.06707262045882,16.557909277046328,0,19350.824308633208,1.1695572471459519,0,1,0,0,0,0,157469.59833063337,0
28556.35194685342,49302.82641662834,0,163.73011068290964,5.340758377148891,0,15165.495559566662,1.4236498873329442,0,1,0,0,0,0,113951.30479778591,0
38198.66485043183,65796.71782795394,0,152.35091141913185,8.902911566714835,0,20796.17159603959,1.2304120206948554,0,1,0,0,0,0,152161.71107256314,0
35816.48649311184,61873.42401740308,0,227.74941114106605,27.049208132467157,0,18945.690797007883,2.944781116991705,0,1,0,0,0,0,142984.38837087227,0
16388.42215574423,28234.216714961785,0,98.85864680832215,10.254786588322258,0,8745.705782649286,0.47762194273341774,0,1,0,0,0,0,65291.376422005065,0
36123.68419403583,62435.088224064624,0,214.10623464809845,9.075851417887097,0,18463.093757748615,0.7180142631637829,0,1,0,0,0,0,144264.40409034624,0
17597.86104164498,30176.286834929007,0,77.55894763790332,5.75633031371216,0,8334.96232286771,2.496205203440388,0,1,0,0,0,0,69864.20584725327,0
38450.31829097801,66543.53103629439,0,242.76297704306188,0.8976610420613081,0,20071.883609274926,1.4517413352600963,0,1,0,0,0,0,153707.09110054636,0
30876.286689134013,53185.67443671824,0,221.97815765351427,15.742592250236646,0,14271.419614262486,2.508987046086311,0,1,0,0,0,0,122996.4786724113,0
36863.046196391275,63754.04120827631,0,241.65411055907896,2.39768769662702,0,18641.63180863771,1.420256492658066,0,1,0,0,0,0,147288.26784839848,0
242.1523703813221,201.8624651844723,0,0.4197987795854543,9.89201316477569,0,0.0077130393457809365,2.6475018246055213,0,1,0,0,0,0,561.2534249575609,0
39237.066306888344,67875.49162459403,0,230.80074595762895,4.2819230984766214,0,19814.607731228498,1.0855119227132446,0,1,0,0,0,0,156800.85839910558,0
17375.95662547838,29918.921884322146,0,100.6663616688059,1.7388742226971066,0,8544.555898130955,0.4785945134951289,0,1,0,0,0,0,69196.92947136365,0
38856.30985542584,67129.93073715437,0,180.53220716506752,25.707654582710006,0,20168.775781374556,0.2213889874015737,0,1,0,0,0,0,155128.6094186076,0
28731.911842262176,49606.57256662871,0,179.75198278422084,4.6345021556246255,0,14983.072655505155,0.7822322731405604,0,1,0,0,0,0,114652.85131842257,0
39642.3532183947,68441.30044429055,0,202.85478502721537,25.567921389038816,0,19071.393881608834,0.9039986902621322,0,1,0,0,0,0,158186.08457933203,0
29143.124340917224,50297.07057499255,0,179.94314155294066,4.460079730760393,0,14965.984228988647,3.9708894708551465,0,1,0,0,0,0,116260.15354387456,0
36874.57445379443,63166.388719243325,0,199.60608502537394,12.207018131212337,0,18778.926843811096,6350.275436572436,0,1,0,0,0,0,146281.62037298718,0
45594.404991563926,78803.9507855274,0,20.252321881096545,13.155317134263294,0,22.93384464655552,4.750014084907618,0,1,0,0,0,0,182086.83477723022,0
31806.85672680113,54835.16267612658,0,482.6094857541772,12.196766060339806,0,19331.017722341447,2.8131181595913057,0,1,0,0,0,0,126784.00633406779,0
1539.194978840457,2589.353605052187,0,466.2604342679867,1.5082030109691198,0,23517.372550273652,1.7437015320043794,0,1,0,0,0,0,6023.737727720565,0
35344.34990417007,60950.209470065594,0,226.7350900182245,13.165337837222664,0,18313.923038309516,9.864425533290724,0,1,0,0,0,0,140913.0784135685,0
20879.502742939672,36140.265462010044,0,112.48305619065792,5.51650450405709,0,26799.337493466614,2.3209762068572988,0,1,0,0,0,0,83476.27855344977,0
35973.08867335598,62094.31784527596,0,198.3701526067799,8.870134724417326,0,19960.623700433003,1.9896465278531248,0,1,0,0,0,0,143523.49409642245,0
42.24666808451764,42.58383831689666,0,0.00030062024626073753,7.75056384159337,0,0.0006464929981958823,1.5227387413232178,0,1,0,0,0,0,0.4793125265320299,0
110.0919980990575,98.63927275406769,0,0.0005672570859903954,21.05652931393215,0,0.0015410090479332185,8.769788294283956,0,1,0,0,0,0,1.0132143496142998,0
204.8119465362344,225.33891628229085,0,0.0006724638944196316,13.445001708268965,0,0.0011899429943505986,2.908160437527999,0,1,0,0,0,0,42.262546190428466,0
376.5169830394525,460.4202034613509,0,0.8669456317880758,8.67098748368521,0,0.019782348843142648,18.388107390576483,0,1,0,0,0,0,1169.8722333121937,0
742.328147689308,673.8359083970461,0,0.036818402335559657,20.812315554235468,0,0.015887388801361715,292.65431455615794,0,1,0,0,0,0,1876.434210992289,0
152.86543841512034,127.739102034007,0,0.0006232188514950958,11.604797149922415,0,0.0035616862356211594,11.173165856139034,0,1,0,0,0,0,21.18719346226868,0
61.757851797782536,48.85153301769201,0,0.0003982906674157297,3.7453803153506335,0,0.00022972795725844478,4.1618304835328335,0,1,0,0,0,0,0.06585553929386814,0
251.66459178722408,292.42711559479557,0,0.0007789654405234579,25.599088299236758,0,0.0003272963474940584,5.598591835173663,0,1,0,0,0,0,0.19357661348236366,0
96.32544094970174,76.30593258554929,0,0.0008976519700527247,19.371562432770503,0,0.001979609571178033,5.52163768504934,0,1,0,0,0,0,1.2283337935032947,0
16698.05672220101,28683.306158002328,0,94.45858973546173,11.153903124183332,0,8711.717550670675,9.610041430699523,0,1,0,0,0,0,66378.95957403592,0
192.566062450436,176.15249536292103,0,1.0722911939318761e-05,5.91800009806435,0,0.0010423618991138312,1.6643357092867834,0,1,0,0,0,0,0.7145586632390653,0
29602.783903976295,51085.54082475159,0,153.37464708239685,2.068921615504872,0,14931.289861747842,4.855770927526382,0,1,0,0,0,0,118085.4826243787,0
266.40851101875836,349.748537961524,0,0.001392234169178377,6.266245501989118,0,0.0002896336969977756,2.341856291940483,0,1,0,0,0,0,0.7392359428983742,0
29215.736766957525,50225.53689130267,0,163.05123656087005,5.953641641970516,0,15262.643817937012,1.2275410070830466,0,1,0,0,0,0,116208.36773595994,0
213.2507374195927,236.6937704574993,0,0.0008597741390652265,4.427229398209899,0,0.0005127890404265754,3.1550150686854965,0,1,0,0,0,0,4.60486946872344,0
28470.519047064314,49061.28702509986,0,176.7921109592972,15.363080888456286,0,15118.656752739782,0.9326791972491475,0,1,0,0,0,0,113446.9773804855,0
214.82946916795999,273.4494365254029,0,0.0008774322597848321,6.288312004555331,0,0.0002864376795590779,4.861312628947446,0,1,0,0,0,0,0.550443318877454,0
91.07140976327483,85.84864372953392,0,0.0009972321925093982,13.471378685245153,0,0.0024350041478931593,1.512129873999356,0,1,0,0,0,0,4.301122506142077,0
210.07669511408943,198.32043024091243,0,0.0016542772424622074,12.63874761239126,0,0.0009423040439402201,6.880266241361186,0,1,0,0,0,0,28.169611687461348,0
37285.67370894322,64262.841833820785,0,212.23485047640497,8.658892455391188,0,18636.734984683942,2.314571814368362,0,1,0,0,0,0,148592.05720310943,0
45.22333491760887,38.819511433727804,0,0.0007448541881494369,1.8031415316037254,0,0.0005151132204198993,5.652232429517495,0,1,0,0,0,0,0.6194675527158183,0
99.83681646189437,126.35194084177226,0,0.000372892697822234,10.130111765933549,0,0.00044738717176321876,2.5319234986101664,0,1,0,0,0,0,0.8896825279525264,0
48.68330040272865,69.58970654266588,0,0.0007430536598060247,7.420892300794263,0,0.0026674698553946726,43.219179137570315,0,1,0,0,0,0,0.9017763441365492,0
66.82370825869732,50.72655430346987,0,0.0005303866859199252,79.28842426483241,0,0.002368318614961635,34.25720291274032,0,1,0,0,0,0,3.5488218220927177,0
8.376501901931771,11.992364328176553,0,1.8745746553727465,1.635657420373846,0,2.273122192757724,2.3540950867633486,0,1,0,0,0,0,1.2066273318766987,0
0.6514626539741828,0.42343195751817536,0,0.0010452150514247873,0.08776674436516557,0,0.0018989535398380385,0.04749737705762451,0,1,0,0,0,0,0.5190287166362826,0
276.7782112412244,254.57976223622268,0,0.0005702799652462774,23.96563365206969,0,0.001040807394641198,2.5361525003546856,0,1,0,0,0,0,0.5166864623852223,0
4.547652945178617,5.116675778319594,0,0.0004974086343634035,1.6847201998222752,0,0.000913035074691527,2.6800444804892143,0,1,0,0,0,0,0.4050489589203904,0
0.5812124977007582,0.3358558832615013,0,0.0012165979869276135,0.0287560802950056,0,0.001273233054714902,0.06171733728595327,0,1,0,0,0,0,0.3588510322837283,0
40134.660805960586,69236.13310547454,0,241.66762405102136,24.61612519693358,0,20091.405989424864,5.851784448709262,0,1,0,0,0,0,160055.06290677734,0
123.53483836738832,120.27469402811488,0,0.0006961491698036368,10.092106130503897,0,0.0255663432780392,3.9593638611553814,0,1,0,0,0,0,15.413383208446962,0
176.68129496563108,133.2614634432074,0,0.057297583224946796,8.184400170230706,0,0.015532653768312851,1.932470010044578,0,1,0,0,0,0,257.0432193075711,0
85.45088866469158,73.25717216761133,0,0.0010115737963702822,18.319091462844035,0,0.018776699989975148,3.302151913660352,0,1,0,0,0,0,15.063423731615158,0
18224.95642624497,31041.333888200155,0,65.91295589091081,11.618583848137893,0,8175.780323404038,4.033898259158089,0,1,0,0,0,0,71988.49019854027,0
585.553010664334,635.5334177671045,0,2.7542574468741914,6.550430519690758,0,0.18675422611127182,9.199726870485957,0,1,0,0,0,0,1628.5785354182149,0
18872.11257704039,32148.3426359391,0,20.410783369962413,5.032855393296532,0,8126.766681774471,2.620788186277992,0,1,0,0,0,0,74553.60028443922,0
469.89539430185914,497.6823576838711,0,0.04704704887998165,8.046319140906771,0,0.036033492425795566,2.2401653448303627,0,1,0,0,0,0,1307.921650594974,0
256.47276367012387,145.57408189940693,0,0.32538270175772765,4.104383052251661,0,0.027424590527741245,2.5203291238774024,0,1,0,0,0,0,370.3032590396859,0
114.69377342849722,97.83769050416674,0,0.0005798653630647956,6.5210426801949515,0,0.02531653299661668,1.0303124257127114,0,1,0,0,0,0,21.53973378379539,0
146.78210770130192,187.29259299866416,0,0.0013469573605311754,13.090710362994002,0,0.006651742537212792,6.17310421636239,0,1,0,0,0,0,10.344200295709305,0
17776.19945066338,30529.21672143752,0,75.86100597271044,8.746415903820168,0,8406.849534462222,1.6456997984690085,0,1,0,0,0,0,70653.90880927324,0
20924.049183455267,35846.940540382326,0,0.2589688054245476,2.5262576954735763,0,7.796413401456911,0.9861111809273162,0,1,0,0,0,0,83011.82552405169,0
35704.73933123796,61622.75859162298,0,26.642337092778092,6.14940208104652,0,71.45830265237021,3.4618804180898284,0,1,0,0,0,0,142438.3677420729,0
281.553111398286,167.37381944143104,0,0.004221952967590933,5.122900399952464,0,0.030556363606025864,3.6455913720665265,0,1,0,0,0,0,322.0297032608674,0
225.65627308129208,218.97858984323238,0,0.0031117450498574155,3.715739079812914,0,0.027039412866003962,2.7992868834881106,0,1,0,0,0,0,17.74673192934628,0
242.20149593099214,188.9432694820037,0,0.4677810152015755,8.375093250780578,0,0.02757960991598762,1.147532293994653,0,1,0,0,0,0,500.7414964453455,0
118.0344193811444,112.11670895751544,0,0.0005204989003102607,3.6680917834147544,0,0.03148545038865108,1.4502666528905328,0,1,0,0,0,0,20.12732630419942,0
4201.964532815544,7036.743631743179,0,0.0012525528040970963,16.652089096676363,0,0.02913219386267183,6994.786956489417,0,1,0,0,0,0,17.75458018365362,0
180.1803482139086,166.6786019239705,0,0.18626884457414644,13.37532666730168,0,0.02525446017816336,2.0713356224406754,0,1,0,0,0,0,447.83470686536083,0
79.80764297804565,65.3214141544978,0,0.0006327354135880416,14.669833470562388,0,0.04748126759238856,4.414201723849343,0,1,0,0,0,0,23.826377808170946,0
164.91930889385864,170.74402577407412,0,0.0016560417898898697,3.838205834221566,0,0.025643718628305202,2.693706994361643,0,1,0,0,0,0,17.943634816939053,0
164.21851564175736,162.30953711268924,0,0.0010027358151555499,13.98893506808843,0,0.028766354232827307,4.346299222983765,0,1,0,0,0,0,18.477135907930368,0
291.0846943698376,259.7777426266477,0,0.0002539672803812903,2.363004554784016,0,0.04469697428491721,3.2043120364028503,0,1,0,0,0,0,46.797892441275266,0
137.1377332277109,148.54638653543984,0,0.0005247255375306391,6.486121343298176,0,0.049273726313429286,1.2381341881729082,0,1,0,0,0,0,20.97752503582253,0
82.37349897458397,71.87241006799155,0,0.00036390609468169813,8.888640459678609,0,0.039022429864185075,1.2346265472650548,0,1,0,0,0,0,30.941163218529944,0
17713.79660851571,30403.902558758902,0,31.277412651808607,24.24696267617731,0,8588.028187060903,3.8269952392099458,0,1,0,0,0,0,70374.65949447484,0
309.4479583873236,329.80175414065627,0,0.0009013084560851785,6.884224594545664,0,0.07146404972157692,2.0702837998096473,0,1,0,0,0,0,46.50106549356491,1
1572.2976823769625,2145.9866097337344,0,0.9524253488473102,4.601306186348472,0,0.6359171204861069,2.5154155548439547,0,1,0,0,0,0,5274.4733080649985,0
261.32349848641513,228.82645083578367,0,0.0010066299826686721,7.254161189862593,0,0.047100110525246694,3.6405500652453124,0,1,0,0,0,0,52.24962906727351,0
2585.054581643911,3827.7046594128947,0,1.9679360057452935,11.89880333195223,0,0.21419595710723066,4.578770999994822,0,1,0,0,0,0,9204.481504218169,0
231.7108162495909,222.99349527226596,0,0.00029388928746893015,2.797007567158004,0,0.07222345911590346,0.38363219706863577,0,1,0,0,0,0,36.81637080226523,0
4193.971329186186,6849.889933578957,0,0.1712415110007175,9.722663883437935,0,0.13090204171823036,0.8222522486212487,0,1,0,0,0,0,16056.009526593061,0
371.5564675031328,212.72238449242406,0,0.0010152531594417762,15.318173051465335,0,0.0614452768486905,3.7801540167407204,0,1,0,0,0,0,461.4201149634909,0
15608.639246536892,26799.142342196013,0,99.83405604079242,7.2685748429359585,0,8817.187886352947,2.751614308715826,0,1,0,0,0,0,62025.88196386083,0
28703.075640825842,43295.3650570373,0,176.09357259085849,16.056304045601575,0,14852.802043893578,81.58559322078102,0,1,0,0,0,0,103375.87991375294,0
617.8831488015561,513.6411256093709,0,0.04347356625854601,14.120791143508768,0,0.06863264531100599,7242.847017259483,0,1,0,0,0,0,1417.8222666245858,0
16081.816436137744,27696.22671444,0,88.78755703118671,9.55769459040765,0,8855.92072061706,5.8177888904443975,0,1,0,0,0,0,64052.905605385014,0
18415.74810685059,31128.2901605886,0,67.60157526498777,5.566793310183231,0,7916.173520729888,2.186190083974814,0,1,0,0,0,0,72329.50884732466,0
23207.81116602843,39863.44783566157,0,84.81729351016662,3.8683366482011317,0,8954.298969909552,1.8570002436810453,0,1,0,0,0,0,92252.80830988626,0
706.0002975610507,931.6021945234165,0,0.42777038617185925,7.670437933384748,0,0.0357943173941603,3.1145242895057494,0,1,0,0,0,0,2308.511369523833,0
19232.42328833573,32952.84409907064,0,88.95520541255621,4.226784044308255,0,8822.229863215123,1.3241895874398975,0,1,0,0,0,0,76308.00199500064,0
843.6945362996474,793.4200181830647,0,0.7040723860207364,8.884507938779496,0,0.305317566684125,0.9060407096495515,0,1,0,0,0,0,2145.1087145443776,0
29667.602323779876,50779.62802001839,0,106.85005366006254,5.15398943852295,0,17943.097582782655,1.396113712854127,0,1,0,0,0,0,117619.21980634873,0
1353.9497179971877,1901.3906855990886,0,0.36805603831768985,11.47673375413693,0,0.173318992251506,6.362119525360359,0,1,0,0,0,0,4637.0537644886135,0
25213.26307625209,42079.660455134224,0,172.75729019851784,4.787370358453689,0,15010.700723466553,2.3688405595848616,0,1,0,0,0,0,98079.75768854776,3
726.2429590180628,484.11052914281123,0,1.8950508004036097,10.264451950361195,0,0.1501863018179903,7390.3020951007165,0,1,0,0,0,0,1384.9317135047872,1
1100.2525716684117,646.0761405699348,0,0.11757680724863069,12.148745579228793,0,0.07415491999447214,5.508676721770346,0,1,0,0,0,0,1651.996056922922,2
737.8020159954231,494.85498194735953,0,0.06919338772924481,18.174798618354167,0,0.22790968809576487,75.03906250050419,0,1,0,0,0,0,1570.7380632599818,0
15762.733817327588,26464.2354018187,0,79.29577060351735,5.23348750016704,0,8859.149389445798,1.1683394337398203,0,1,0,0,0,0,61597.52585613153,0
27277.75082597296,46791.62708864562,0,141.28277886306506,7.456803848215124,0,15118.181834606097,2.3387081362613826,0,1,0,0,0,0,108322.5169317227,0
27806.907610337257,47334.37944767974,0,141.94898932530532,20.077353938861076,0,14764.873587494487,1.239110286851695,0,1,0,0,0,0,109789.19941419612,1
15387.952933725206,25958.05206904118,0,81.23117661108547,11.250703645898543,0,8986.51204008118,3.3144512797198944,0,1,0,0,0,0,60346.686982299165,0
15425.381167658925,26164.10001279629,0,95.07623667092523,1.8207152890277987,0,8768.61636888564,1.7087038212569732,0,1,0,0,0,0,60741.85165035407,0
32440.040834935662,55615.74102139279,0,218.52452283675035,5.768996700611385,0,18828.198194586417,2.659345479346307,0,1,0,0,0,0,128767.93420837214,1
378.99413541246435,280.6674153369,0,0.52097690396751,5.42032677763358,0,0.1407897068476432,42.62466042979881,0,1,0,0,0,0,865.0013435713931,0
31693.619367132585,54592.98903749806,0,197.76195860351342,10.837836312165717,0,18510.522387253863,2.626050456960048,0,1,0,0,0,0,126251.2186594776,0
30371.335233135716,52009.29015793393,0,166.03326212400947,9.96605446664346,0,9329.577766300246,3.1138754843930556,0,1,0,0,0,0,120453.37925497233,0
5818.189531071953,9736.020810985618,0,1.5126887160961076,4.228500235066844,0,1.5522803818857582,0.6694236556127131,0,1,0,0,0,0,22679.67839869735,0
22077.527325883704,37691.14322204706,0,160.47053563509826,7.829434679965173,0,14975.365033773134,1.507362292822575,0,1,0,0,0,0,87359.44923092227,0
617.994177784841,560.0817583876352,0,0.7640206257662517,1.3178709040709988,0,0.3824375031047045,1.019131564861035,0,1,0,0,0,0,1512.747942999133,0
12167.225127731943,20648.664201535066,0,73.79557467915413,10.23956754488936,0,9184.017372771814,0.782090881681029,0,1,0,0,0,0,47930.86305857972,0
14665.299648120734,24837.970723727427,9,0.1059815902514894,4.705658251541437,9,0.1790541036893999,2.565015725801432,0,1,0,0,0,9,410.35898558007807,0
14470.368876904946,24559.22564040529,0,79.06863073827799,4.5218860189882655,0,9154.282718405035,1.2754424079849835,0,1,0,0,0,0,57006.98010310053,0
167.38643697245467,130.32398326980214,0,0.05959104354278816,0.7826728632462732,0,0.13969730394803587,0.885755854576344,0,1,0,0,0,0,153.03477534942164,0
13802.19709331572,23464.144344047585,0,75.11518748273703,3.550584712878609,0,9263.80179469236,1.1949312863253654,0,1,0,0,0,0,54442.24167762477,0
283.0481830610322,267.69805737015184,0,0.1394122036254454,5.138059720224654,0,0.052069993947247116,1.1480812616827922,0,1,0,0,0,0,258.91875137025636,0
12580.22383183017,21597.155189553378,0,89.37622156232862,1.8632411083549532,0,8808.626914270737,1.5180172551243274,0,1,0,0,0,0,49987.37337201933,0
22710.171215486174,39205.51570771904,0,147.30792959257863,5.1060855388443755,0,15469.828992846287,1.1370726995681864,0,1,0,0,0,0,90616.07529840112,0
2037.9792342168791,3002.5076681421815,0,0.04359113519499397,7.646770111202807,0,0.08180224215421525,1.7418376199420083,0,1,0,0,0,0,128.47824585758656,9
2206.569317295886,3495.6653138836073,0,2.7065034348927046,8.062171402136084,0,1.0191689623439986,4.786225981941296,0,1,0,0,0,0,8258.341968071554,0
1117.7287051051983,1505.6858939685478,0,0.3273538248938983,0.8204538645974774,0,2.9141411318077592,0.6763841569438228,0,1,0,0,0,0,3700.636370186183,0
220.7367203901788,250.99500412989,0,0.29265970312553957,14.511228525290933,0,0.13283130144670008,2.4558352223364786,0,1,0,0,0,0,648.736045949155,0
26186.658452817603,45217.84394818674,0,189.7312885128251,13.030160920129616,0,19150.9982997745,1.326672898639945,0,1,0,0,0,0,104506.21306408485,0
13786.65657436845,23630.44031539903,0,135.4331090723401,11.09115656125186,0,8486.5323133069,0.7195755389864,0,1,0,0,0,0,54715.556207807815,0
500.34114992449344,473.6909901826159,0,0.3407883445755212,8.393696434380841,0,0.366800563125767,3.323812958140274,0,1,0,0,0,0,1279.2577944567067,0
417.7937695881272,239.71967574230035,0,0.14099265295801067,3.967866581208435,0,0.1546314481132816,2.355126761044267,0,1,0,0,0,0,594.5875012608615,0
105.01276268150144,63.10021193241581,0,0.20234923092425272,7.479605343757407,0,0.31420413636079225,2.8881137412592865,0,1,0,0,0,0,140.15798171582412,0
377.64893179081304,235.14014440057036,0,0.07709820014945477,3.7154019909874023,0,0.15046744899126002,0.6234663646866611,0,1,0,0,0,0,333.47090911375767,0
12545.71863835391,21546.46640471573,0,72.3456086881635,1.5486482744844254,0,8864.966851245681,1.0273953323159009,0,1,0,0,0,0,49865.14060717749,0
377.0495304464459,410.93312745750205,0,0.1930605360527633,6.853875120701279,0,0.43146666013322704,0.9765263713702237,0,1,0,0,0,0,1060.0890770516376,0
15201.74532385892,26088.020749154188,0,76.27175741027956,8.603843853276942,0,8394.872322714453,3.580187149132308,0,1,0,0,0,0,60387.351165903805,0
488.8315283333395,287.8049763795097,0,0.03821941060952014,5.025102228973027,0,0.3101800249901597,2.971942544508434,0,1,0,0,0,0,564.6677341763782,0
26446.020915520567,45396.12792785438,0,228.34769884855294,13.57969280198073,0,18766.14123493213,2.691179454341664,0,1,0,0,0,0,105074.09400468641,0
455.0762984215821,391.09785416233296,0,0.25972312229043254,8.429909093018516,0,2.296741766125204,7768.755573965965,0,1,0,0,0,0,1105.1502094535144,0
464.13004094357774,504.6403580847112,0,0.7557507158331129,13.299441904514001,0,0.4596705906621325,2.0042370797575453,0,1,0,0,0,0,1319.745842590059,0
750.7495800142597,1138.0291808301172,0,0.44966113232209237,6.2890786055720875,0,0.9610892969301779,0.9633227484707172,0,1,0,0,0,0,2717.8520450627093,0
268.8676499363202,107.86147132864815,0,0.08400354637818389,7.479829184141119,0,0.14233058306266413,6201.748664031401,0,1,0,0,0,0,401.08942613322756,0
1498.548712386878,2119.4405689464215,0,0.46214934212408115,13.594056246052023,0,2.152899719667647,3.2540897037441803,0,1,0,0,0,0,5159.19614475232,0
100.63915198018057,72.80588647978931,0,0.04994911399116074,18.31595890190425,0,0.08019319795511189,2.0418921082483332,0,1,0,0,0,0,208.95383848364216,0
432.66481433880267,259.71957431257425,0,0.05058960108440334,6.536057647437147,0,0.5532317027413317,0.6157043505574138,0,1,0,0,0,0,473.7799727685385,0
25027.94769285699,42870.33945131802,0,162.2665279640077,24.360466109594938,0,20255.40337141817,1.3232894104628223,0,1,0,0,0,0,99280.58081095619,0
3542.71227274087,4316.1102717876165,2,0.3077762981118286,4.935667735715464,0,1.7042749135740443,0.7643499698419807,0,1,0,0,0,1,3029.351218165908,0
13259.013685045038,22836.909826149484,0,108.23734335742893,8.093247341027189,0,8410.489929908603,0.2376969712066208,0,1,0,0,0,0,52813.63691968015,0
593.6646875134356,182.76984453240038,0,0.10538274933319385,6.135034349722665,0,0.7120013058580347,47.33072912191151,0,1,0,0,0,0,774.1317833358232,0
851.5419199844252,1326.770621866768,0,0.2772050133713378,1.655586736316137,0,1.3863845627450901,3.231633780960289,0,1,0,0,0,0,3147.3056274369546,0
11431.255345129439,19311.681510500297,0,65.79162636671224,16.626217358960535,0,8602.414617201805,4.085103564105662,0,1,0,0,0,0,44878.8029446046,0
1114.606760421171,1482.6839322310577,0,0.5766894671060034,13.431786400546367,0,2.598182314628656,1.6620594855923383,0,1,0,0,0,0,3668.1099210252014,0
739.4088963828972,739.286589497104,0,0.44717642208352965,4.933462031134834,0,1.7061537866821421,1.5377610718457178,0,1,0,0,0,0,1966.367642258907,0
841.7770352036094,1327.3084309007745,0,0.2899326145989035,10.063322856082383,0,2.4065308534131993,1.1879615748984849,0,1,0,0,0,0,3139.30718384778,0
510.15404637851293,646.4577525030278,0,0.16566430314775515,24.49037099266071,0,2.4976168118870765,1.6532238772951056,0,1,0,0,0,0,1615.4268731054187,0
756.9543794916905,1164.6224235659092,0,0.6542763944720471,2.894754932153724,0,2.47467174540496,1.0240810298879752,0,1,0,0,0,0,2772.293283094682,0
10203.699087680594,17409.43951804895,0,74.03150056793076,9.090220401958184,0,8719.449006626057,1.4193514429472853,0,1,0,0,0,0,40356.70784639361,0
657.4180058487893,816.4198819552134,0,0.42058294712905075,3.5147980983803975,0,1.4194428857784438,1.6291841606324473,0,1,0,0,0,0,2057.1215293932773,0
528.6977220090098,546.5772604245744,0,0.09389672561338247,22.167607650092116,0,0.8150585185635428,9007.497118197445,0,1,0,0,0,0,1455.0325997148643,0
358.834183602026,270.3067806570467,0,0.287925341801628,19.619058536132627,0,0.20228388146034376,0.38849345431000615,0,1,0,0,0,0,246.25945907987497,0
8883.335470623388,15069.733741348924,0,102.77619907230358,9.088947651742812,0,8707.346902952511,2.096043663635221,0,1,0,0,0,0,34983.72690406167,0
258.53771569477794,177.70119343313885,0,38.169912075211585,1.4505475603171605,0,9823.832866243867,17.62095974912785,0,1,0,0,0,0,93.89270473864453,0
469.90160234690507,600.1686322002154,0,218.92013656683773,3.5179719133648293,0,233.84225728063768,0.9539825493434754,0,1,0,0,0,0,1494.6116155057175,0
385.318076231456,304.5670686428325,0,108.13406589229568,5.528956821252947,0,9728.589238358429,0.8546941113370403,0,1,0,0,0,0,167.4507940672138,0
20811.381877711527,35788.11079818223,0,182.95299761235492,17.443365161499862,0,19638.12325555532,2.2538614379604196,0,1,0,0,0,0,82798.0219885977,0
1952.9075067700085,3260.8535053840433,0,0.1200684004080875,6.083242834998167,0,4.804662631824977,2.3821410908399665,0,1,0,0,0,0,7600.476029066795,0
818.0052062682953,893.2142149733436,0,0.7217846001276749,7.153484845334267,0,0.978241301723878,2.882277508603022,0,1,0,0,0,0,2334.8054031755346,0
1579.2535854268165,2370.3257826227677,0,0.5512844564525082,14.142510552461076,0,3.998414748810453,3.5900180244874527,0,1,0,0,0,0,5679.387297753179,0
1680.999899769073,2520.9236439545416,0,1.089592937288801,11.404413860231054,0,2.1270144901333943,7215.7048170004155,0,1,0,0,0,0,6038.576088618169,0
609.4787765502007,902.4915771557345,0,1.0245378227866557,13.894693540591508,0,1.9564953806718108,1.1893190756836944,0,1,0,0,0,0,2170.3838369636956,0
334.5901574473569,253.95759789538874,0,0.33519018135043666,12.48349631227159,0,1.4378293505961168,4.104703852689308,0,1,0,0,0,0,577.3303870712359,0
192.29149211027408,117.30955268889706,0,0.11764264018736516,7.573450148571758,0,0.7704648311484065,2.8510666518705263,0,1,0,0,0,0,319.24964901047866,0
1786.2263782518555,2696.205817829428,0,0.07132483038467359,1.07082741621462,0,1.525445834340055,4.081918672176323,0,1,0,0,0,0,6450.9416378153455,0
381.06918354192385,318.6672938547321,0,0.45082002660047665,4.230656394081754,0,1.476735452247825,5.93352626655253,0,1,0,0,0,0,838.3379302747782,0
1542.444590110204,2349.750008016046,0,0.8426675980622528,4.138055670544537,0,1.1021246495014732,4.222373012179542,0,1,0,0,0,0,5610.4652810487605,0
719.0230108228675,584.2079323248599,0,0.5716031772468289,3.790482641095914,0,0.6343754528947985,2.7408966302201647,0,1,0,0,0,0,1649.7888570684277,0
2041.4011309715906,3000.2215880570952,0,1.119189246687299,16.264696815036974,0,0.9717927506484649,55.983459577158264,0,1,0,0,0,0,7230.829601872213,0
2798.531402971749,4341.508362759199,0,0.33579391113216295,12.71488327755713,0,2.190295163775243,5.711471442542978,0,1,0,0,0,0,10313.294926573002,0
462.63196562698073,443.37510908761146,0,0.771696178707308,9.538080689452215,0,0.9776625150996847,1.9618702590666381,0,1,0,0,0,0,1192.6611798568697,0
1682.0398330588516,2525.4404727413585,0,0.8122500311597343,9.917594664331046,0,0.9428209157190108,6.893981158110561,0,1,0,0,0,0,6054.420307249995,0
485.1514180313286,305.22753503672834,0,0.12184527261563885,2.321604426151932,0,0.9056765221502336,2.111179833837616,0,1,0,0,0,0,875.2414756356874,0
1287.5651233722833,1730.753526628233,0,0.4408697017087355,20.971831817533594,0,2.431162579969903,8728.857588985557,0,1,0,0,0,0,4281.391783059949,0
481.78089669377977,321.19401705680167,0,0.10562911856647218,3.587334030688398,0,0.8859926921673914,3.278968459860029,0,1,0,0,0,0,369.3236966711491,1
10660.16361939716,18171.948627349575,0,23.831845976235392,13.728020825439835,0,9242.160503322282,4.052984309564237,0,1,0,0,0,0,42134.53695915161,0
759.1120157304931,763.2550081691077,0,0.3606651244289474,1.4749215155920277,0,0.6258544745371901,2.2194319107415303,0,1,0,0,0,0,2020.5650963872636,0
12021.621266710055,20669.75047606675,0,64.84055083657731,17.340414220515424,0,8383.647528842284,3.1655608547207654,0,1,0,0,0,0,47822.58111567,0
968.2667405066402,924.3142520166462,0,1.396087857283898,3.7331677296735135,0,0.8537224834484439,13186.890206223125,0,1,0,0,0,0,2567.3191174339277,0
7958.683763402914,13435.252971259999,0,5.819546162373936,1.153738682776416,0,11557.266293481045,4.770377444614493,0,1,0,0,0,0,31228.26053826872,0
518.5499135708984,343.9123002353251,0,0.10653581199138103,1.7115615551820045,0,1.5083207468871178,1.8142732983141578,0,1,0,0,0,0,852.494333711538,1
1983.4410833398517,3229.3244082559977,0,0.2758200598956795,13.99271506305176,0,3.211477163590744,2.5449102868299907,0,1,0,0,0,0,7575.259838577746,0
990.6753463520499,1433.8199001327607,0,1.4026586238663392,13.768178573912301,0,1.258436253613366,12341.32472696029,0,1,0,0,0,0,3473.4121877069792,0
741.5079841673871,585.6024387337815,0,0.13302697594540067,4.314514900202409,0,0.014548417972643012,9115.278527521627,0,1,0,0,0,0,1730.4004543607005,0
539.3526892741721,725.8075201929105,0,1.3373473770810513,23.34351355318784,0,2.0390787013478304,2.3601891789417806,0,1,0,0,0,0,1793.0017546498384,0
1920.875700561185,2670.5179685441894,0,0.02993322430644243,1.0166541879867679,0,1.7657147478001542,2.9889713415924426,0,1,0,0,0,0,6525.931036845647,1
8809.217379213427,15166.82666906338,0,28.755086854014454,9.596933877935594,0,10568.282677518459,1.7557294784539126,0,1,0,0,0,0,35078.89749409871,0
613.9830983259537,307.0150076090248,0,0.21922108865385687,3.089717996615514,0,0.33998316532040945,19143.85155297895,0,1,0,0,0,0,201.3381951157151,1
1338.8784265416575,2153.5767255747014,0,0.2214201178795245,12.4229847103176,0,2.815485560309228,3.394237182067603,0,1,0,0,0,0,5067.797629395859,0
551.7978655801844,281.7506947842007,0,0.03368262938520502,3.730603819775536,0,1.736590459750639,14399.5840191559,0,1,0,0,0,0,1024.0146625376701,0
13088.272513895703,22419.422584550804,0,131.31926544186342,10.397262996639306,0,21584.65410863595,2.735980117965007,0,1,0,0,0,0,51919.575811816314,0
926.8347625870737,1433.4570461517378,0,0.763622246068016,20.675037209402227,0,2.994146984618695,2.411877317300985,0,1,0,0,0,0,3407.8041039083046,0
1941.996344276278,3035.7314753118458,0,0.05927907404122322,17.369963790587626,0,1.058206198750507,1.7325167487720456,0,1,0,0,0,0,7195.362088452463,0
401.04009205936933,543.3756497240142,0,0.2691736032400951,16.910676685543983,0,1.669634964672647,4.18089321881138,0,1,0,0,0,0,1339.222853684515,0
2193.504161534467,3331.7672521157774,0,0.09344749184097371,6.972780749185144,0,0.6765419768765164,7890.047159681584,0,1,0,0,0,0,7958.601916052909,0
804.0751984018917,1122.7151863194242,0,0.40739941206174235,25.40596815276238,0,1.012396703643032,10.362540189590202,0,1,0,0,0,0,2742.6959010844444,0
2476.4469339314874,3790.7799060060543,0,0.18185732525092022,3.7821460472995483,0,0.89761516267334,1.6612101207786236,0,1,0,0,0,0,9034.59279218753,0
2110.379069991839,3546.827007212137,0,0.1519816125371132,6.04833376104458,0,2.883535605012119,1.5480768818703785,0,1,0,0,0,0,8253.155685300753,0
1878.8325500927858,2164.324925221911,0,0.15502838150398868,17.829309682523707,0,0.006096011993306224,17441.276816318856,0,1,0,0,0,0,5596.927689032914,0
455.22785448542766,571.7271137609354,0,0.5890602865747248,19.01901553705855,0,0.8375633620156004,0.23762156753679461,0,1,0,0,0,0,1436.7686889194397,0
2611.3396091112686,4123.736438138233,0,0.1572546707818228,17.377892067173143,0,1.8260505956010111,0.5205747499463025,0,1,0,0,0,0,9748.420903691358,0
805.3422477134338,1197.6871188430355,0,0.9586899635541387,22.951088010500815,0,2.087544852939734,1.0590587879152695,0,1,0,0,0,0,2876.174321900711,0
1087.7744432724794,1571.1404130556061,0,0.08225632207672681,3.6121346265772605,0,0.5145880760272034,1.083410587488014,0,1,0,0,0,0,3794.7620749271546,0
2044.170954656442,3025.052929771274,0,3.932650217519244,22.132134758833878,0,1.7165049698779522,8884.006545855278,0,1,0,0,0,0,7265.842319664908,0
197.58956880900723,197.042732314253,0,0.035307767264154466,3.575408113879589,0,0.004038523760717101,0.7744826173183693,0,1,0,0,0,0,8.38779242629214,0
1596.444441883438,2307.593101636346,0,0.4270828713123701,18.17335354121667,0,3.720591149257327,41.77941100793894,0,1,0,0,0,0,5592.4340887392445,0
500.18869069600953,182.9882350312481,0,0.08675495059461251,18.84718299112056,0,1.7221625988809637,13392.045466952855,0,1,0,0,0,0,804.6267377054927,0
7793.844818542866,12882.293133992061,0,206.44295088058138,48.15398305869351,0,8810.646552026185,14813.286515322052,0,1,0,0,0,0,30100.86106921354,0
2498.3388651341493,3666.671680381106,0,0.17150975164144422,27.276407636454305,0,3.950223977739425,55.37575797236012,0,1,0,0,0,0,8844.06079781246,0
924.691068673817,902.9015423245382,0,0.0565380499769212,11.534201605460447,0,0.2541464085354269,18014.187007439887,0,1,0,0,0,0,2469.271140374157,0
16091.450925857207,27702.14964240351,0,302.19825236913096,28.12542693363409,0,15193.85780330678,1.371609076089408,0,1,0,0,0,0,64072.910918984824,0
909.9451747329842,1234.5342104118017,0,0.11890773199847515,17.934472335427387,0,1.4116455406826094,7339.10337163796,0,1,0,0,0,0,3045.8665457518237,0
1552.6528567855792,1997.4973782319737,0,0.4844491021878271,27.67328962282621,0,4.012113664120228,13801.412440661123,0,1,0,0,0,0,5008.32033691855,0
1039.604742219158,1509.9993571044486,0,0.7831537631199986,19.032507630812173,0,3.073266461481203,2.953557104995605,0,1,0,0,0,0,3647.6766803988203,0
765.0694543088265,388.1991577726023,0,0.08568704595434462,11.12619323921442,0,1.5075452097642847,9409.386427364812,0,1,0,0,0,0,1382.3924412691852,0
784.9019963357738,1225.4882905867705,0,0.41858434488799434,14.72531802450765,0,5.754134524598425,0.39915419266693486,0,1,0,0,0,0,2906.341222240989,0
1713.2560451397749,2487.9613274536814,0,0.14997015379319237,26.56893289388631,0,2.2275260190148667,7442.439631012276,0,1,0,0,0,0,6020.139758719744,0
9956.266795417747,17014.137971280772,0,20.215055758927573,29.462926527913517,0,10395.49757649199,1.7491003278693178,0,1,0,0,0,0,39425.35837133094,0
8401.35852519654,14130.710504820103,0,111.59370020942629,29.733537263710886,0,8786.169191618223,1.8075044271172853,0,1,0,0,0,0,32875.64672695149,0
6475.031300446895,10927.94156296354,0,14.216361350294136,16.172252933237075,0,11128.99183832691,11886.649301790785,0,1,0,0,0,0,25402.231391299218,0
877.889197068659,1264.5267204106015,0,0.2344611530263778,21.78406840952163,0,2.4304829014749494,1.3858470332828432,0,1,0,0,0,0,3064.0448553555034,0
1259.8391097764932,1881.316299527697,0,0.4897025344546771,21.890793225394056,0,3.180374301120861,6.223145563655169,0,1,0,0,0,0,4515.433535044834,0
2359.462984726881,3388.389784161521,0,0.17121336010123242,9.517515662282733,0,2.6784903663327837,6.1750188502651255,0,1,0,0,0,0,8213.39483492824,0
1482.7149667036663,2333.851736564204,0,0.18253785584394105,17.05172427384897,0,5.100969221880613,7333.984063194596,0,1,0,0,0,0,5524.185861657902,0
1415.9669359081176,2074.605178954749,0,0.052714894065604916,7.9102164911875334,0,0.525819673124842,6.938881189435117,0,1,0,0,0,0,5003.77688722282,0
6239.661019798685,10099.144030691117,0,105.57943210524387,13.93393809291924,0,8806.21663687601,5.25858877671315,0,1,0,0,0,0,23724.557357947546,1
8172.332491486051,13798.085599874286,0,33.637998429081875,22.908753075688892,0,10043.427789880276,2.138187415400556,0,1,0,0,0,0,32070.4867096968,0
8239.62111930736,14062.19189540948,0,20.759820851428437,13.458652208971124,0,9948.512955579434,1.5984782635015573,0,1,0,0,0,0,32595.532927176086,0
428.6443164784898,296.422269439286,0,0.05362503827728966,10.02407636453467,0,1.3928008413025448,3.7640617783385126,0,1,0,0,0,0,843.0796443297936,0
1766.5819385508055,2940.776909577574,0,0.10681559295285684,3.3863876082598603,0,1.2574889436978172,1.9816753271839236,0,1,0,0,0,0,6859.64991010254,0
6313.615561802909,10326.802360008527,0,84.54538056046952,10.942813031810521,0,8668.30520483994,2.613474202534542,0,1,0,0,0,0,24196.907650195157,0
2810.6545362662764,4489.697763686933,0,0.5655305994331321,11.29555370850598,0,1.4473659095156195,5.453609835883927,0,1,0,0,0,0,10584.135737357175,0
2570.6301835210757,4129.16863327725,0,0.5439492456646802,6.717509476694602,0,0.9515109635874005,3.363538487116942,0,1,0,0,0,0,9719.979372421167,0
179.92015232049678,30.091018365376346,0,0.5308581053128018,17.42387011161391,0,0.018310470426238207,31.68507560343194,0,1,0,0,0,0,135.56362254956002,0
1110.610163583935,1658.268117739419,0,0.11372702643275151,18.32747486413811,0,0.2619657550467022,4.048633050322379,0,1,0,0,0,0,3977.714153681852,0
313.3493866562126,178.17102957737623,0,0.07739879304887796,20.349208285296346,0,0.30551619842462036,285.8794262677559,0,1,0,0,0,0,248.212036307345,0
2618.942467675108,4314.73286426908,0,0.1411748498292761,9.311741890259684,0,0.7625683748864718,3.87975943272953,0,1,0,0,0,0,10091.11583354262,0
1211.818307356456,1709.0254412353124,0,1.9327190607929792,16.767774737500552,0,0.3326399574890426,6993.357444214504,0,1,0,0,0,0,4164.285354551961,0
704.4287106214528,987.9547717820903,0,0.1395649576345893,13.877443207532094,0,0.9019209076551838,3.439361785622605,0,1,0,0,0,0,2409.6189624197223,0
2841.5925456680857,4770.218104579551,0,1.0442806412105419,16.41105991456196,0,12.588517942566172,2.656702988790026,0,1,0,0,0,0,11103.231284700798,0
1118.8754059515272,1712.348515507279,0,0.44012379494194476,5.796230696671394,0,0.5789392333268812,2.6080381743155816,0,1,0,0,0,0,4079.916815915502,0
241.55342275371578,160.58637965893504,0,0.7699383349832465,17.215493916627295,0,0.335346318070135,2.9787384596276465,0,1,0,0,0,0,429.69949400193974,0
301.27343670910085,348.7618327844704,0,1.1630503195313837,4.306379091362183,0,0.6804331967863639,2.920820430928439,0,1,0,0,0,0,893.2888660133465,0
259.3561960496491,227.88925714178495,0,1.0623897186515094,13.368637218362684,0,0.5224369496847922,1.7901138583394456,0,1,0,0,0,0,630.0660602990883,0
1352.4996530446906,2118.0388301214225,0,0.11771767400075941,8.32356859650427,0,0.22757360988791686,0.8017121552304749,0,1,0,0,0,0,5018.1989085095765,0
180.07423886516995,111.58315721261289,0,1.4030377061819013,6.801258291480959,0,0.1370540407258266,0.5313786566011749,0,1,0,0,0,0,303.0387558988932,0
212.18423147919444,149.80264804292267,0,0.31550171007915917,9.383679371204114,0,0.005075312318060318,1.0934371210787535,0,1,0,0,0,0,152.87524059766642,0
567.528350619951,716.6892544484119,0,1.0443007713997097,13.984722788408924,0,2.8172959842316114,0.9658705481161339,0,1,0,0,0,0,1799.1691744841628,0
1564.4713527978943,2415.4617026791043,0,0.402893895397734,8.940858854210948,0,0.21985212113094296,2.4835616303351644,0,1,0,0,0,0,5744.3823244796295,0
839.978252483034,1190.0207734519288,0,0.8750649342617853,25.011032775511783,0,0.5699941703621823,2.54122109810424,0,1,0,0,0,0,2892.3896949874315,0
593.5943932503773,606.4866172840026,0,0.4570813700101615,12.73817693105908,0,0.20904546679312064,4.8957620921777965,0,1,0,0,0,0,1611.1179687732074,0
599.2232452496535,127.28257156695769,0,0.036456471285709925,5.012321895556319,0,0.9061353445398581,14177.358955026606,0,1,0,0,0,0,800.1750752899711,0
1251.487702593441,1520.16073949871,0,0.33418066138324143,12.215148528051216,0,0.4648467925923123,121.40782627043642,0,1,0,0,0,0,3884.166971857285,0
843.2945451150601,1169.3462159365965,0,0.20241748798957793,13.20982261609974,0,0.48697412546395563,4.459157309966549,0,1,0,0,0,0,2862.8258094217754,0
8580.197147101817,14565.017629363652,0,88.85754511678239,14.73502797613209,0,8370.221763692083,4.259965702841707,0,1,0,0,0,0,33806.66490662585,0
1433.3969626474088,2085.1418235900883,0,0.3628691504292282,8.329342648241145,0,2.806105699052743,13.300853269420768,0,1,0,0,0,0,5038.909205550804,0
1091.310786196268,1296.7234531216843,0,0.040385083015428314,7.702528492081019,0,0.4370972390569509,5.548063419095043,0,1,0,0,0,0,3310.167876609268,0
1194.6092477758195,1258.817288408914,0,0.07813678129451382,8.965492222280215,0,0.2900824513241691,14640.078349136025,0,1,0,0,0,0,3363.320793420449,0
408.59847170105,404.4187201991836,0,0.013938620594420123,12.771957971640886,0,0.00631817632616772,4.150688512942334,0,1,0,0,0,0,10.141218770935382,1
1088.845359466816,1685.4074723265587,0,0.24154271532697447,22.640570779872228,0,0.1800622205383128,2.1675937981392166,0,1,0,0,0,0,4003.252994561473,0
860.5692296589357,1236.697917929835,0,0.215956671564694,6.650647506020542,0,0.16685988802841062,3.097333897656207,0,1,0,0,0,0,2997.939233669679,0
195.32123442885313,149.42900749575037,0,0.7725060793172387,11.765472914061188,0,0.26826291855707585,2.8643203539708777,0,1,0,0,0,0,379.0851329160253,0
1921.4135123527744,3087.4672673085092,0,0.9608281427785399,33.872847679866766,0,0.6290468656270076,8.085382177073074,0,1,0,0,0,0,7267.097122008785,0
1747.9604172879508,2613.752849745045,0,5.17600797343708,42.157575105943785,0,1.6231880669214651,296.7143208738841,0,1,0,0,0,0,6269.275609537288,0
499.05478248162035,649.4251536060843,0,0.2874410734400733,17.087057394390126,0,0.2871925910671066,2.3921439023214814,0,1,0,0,0,0,1618.9221136401666,0
357.4069582761068,237.84596806583662,0,0.18856178734966383,44.6865032098346,0,0.6763341117257464,591.7944811289238,0,1,0,0,0,0,106.89588336783909,0
2559.4230575515558,4236.417611107486,0,0.739239112029043,24.653855234530905,0,0.919923387612379,12.68582368808085,0,1,0,0,0,0,9896.226190447553,0
450.8436460635716,213.65378386407767,0,0.2766576365247642,23.518852430897947,0,0.049833580776397886,10303.74958695393,0,1,0,0,0,0,150.10579393795587,0
1057.101909034735,1138.7174374880537,0,0.6992882386760363,34.34722282949323,0,1.378038940737208,125.8726622520038,0,1,0,0,0,0,3013.922093428103,0
236.43648745273717,213.24531209006742,0,0.014966911969804859,2.942707004808947,0,0.03631227919317549,1.438915410845069,0,1,0,0,0,0,70.58322938881466,0
2008.5450508847068,2676.362515048594,0,1.477573361278567,44.44399576714776,0,0.5515533415860461,10149.826777565822,0,1,0,0,0,0,6629.920477784874,0
1832.4440833014594,2993.6499486011835,0,0.7060189988386981,18.396804556795693,0,0.7079920193946684,1.4911234077926716,0,1,0,0,0,0,7016.4921710339395,0
375.60415345867045,214.0114565931934,0,0.13901136828752933,30.29062246716118,0,0.04717135966072257,15411.58575354032,0,1,0,0,0,0,517.0991181889367,0
920.713106836573,817.8290287852022,0,0.12411284972354049,12.314812173086755,0,0.2082285734824563,16227.612008669104,0,1,0,0,0,0,2275.4607013533805,0
575.2751959854794,820.2675587966489,0,0.2151582465051568,14.265799117731705,0,0.25678520280992445,10.18032485624256,0,1,0,0,0,0,1993.2940060477079,0
1175.4901307132718,1168.3723267449927,0,0.07314497377625614,15.996541355572662,0,0.219099646265501,16329.763578989983,0,1,0,0,0,0,3194.3942575984793,0
38.525573853105875,17.020054030819885,0,0.07563757367388352,7.106196056477474,0,0.005551414100825949,4.519313989290625,0,1,0,0,0,0,36.962471061747834,0
496.8149041739334,282.5393316949273,0,0.01913646697942826,8.26259019537403,0,0.009162289195638731,21970.45138931025,0,1,0,0,0,0,39.57033418377799,0
2069.6987853939722,3371.8065811010265,0,0.33165830304637645,24.79996273447852,0,0.6686749436301431,22.969675995852086,0,1,0,0,0,0,7908.577290104731,0
530.3239413188614,349.1985001025908,0,0.009557360014985682,17.852896695927953,0,0.003629668037764983,18349.481620347888,0,1,0,0,0,0,40.969351478834426,0
504.6776060266002,720.2728741032973,0,0.44950104841893823,14.37347947244364,0,0.8188652171138028,13.907358149393616,0,1,0,0,0,0,1748.2838483056266,0
299.2687785447815,149.4567176472303,0,0.02716653484325414,25.575515411368162,0,0.0022836693672925604,9888.758421693095,0,1,0,0,0,0,102.06082535009699,0
1688.2948816965243,2777.769764056223,0,0.2102289545594014,19.40484388203742,0,0.6447713008612579,2.9782044545000996,0,1,0,0,0,0,6498.767624983381,0
89.68226535978727,82.09850557743707,0,0.010256880329037496,13.820832216903558,0,0.0038701074011213525,1.1157350294104744,0,1,0,0,0,0,11.807653852219698,0
1458.5165962451822,1450.1952344259996,0,0.1195969942067893,11.735428069652418,0,0.4140657203632485,17372.92305201557,0,1,0,0,0,0,3945.965190812515,0
204.58834364094113,131.7243626659453,0,0.016898282969225662,20.732210287352686,0,0.0023826714976657205,9210.692171474853,0,1,0,0,0,0,13.00649191934259,0
350.02977063413925,241.12470467035226,0,0.005311514280516492,2.546513347144361,0,0.002758893471418616,218.06921464742595,0,1,0,0,0,0,3.61942268102088,0
8299.537049497092,14053.87464602241,0,0.042015495700697694,19.98395560620937,0,9683.490855521004,16.09711122813337,0,1,0,0,0,0,32640.39849153245,0
17573.98024198969,29684.021627526192,0,13.614480141078714,2.6045062606110596,0,133.8502449773284,13.813318846365858,0,1,0,0,0,0,68986.76581422782,1
842.8459566447052,1031.8240393094413,0,0.9380773433788129,12.996168477639397,0,2.882799507010424,31.326188199890527,0,1,0,0,0,0,2619.2311206206277,0
281.4165509539582,309.2192163978118,0,1.5262939087616836,7.6358174259036,0,0.387492466945444,0.7518376540374773,0,1,0,0,0,0,772.7053919916706,0
33.14952346567447,19.25503813337195,0,0.13960060497569576,2.588664599605759,0,0.0030633573881167315,0.34557377541408807,0,1,0,0,0,0,60.78481394962674,0
551.1466898922044,227.26945187102697,0,0.0798486134184529,6.706777783162943,0,0.026190930864955164,10415.01886251631,0,1,0,0,0,0,169.29353472100652,0
1992.2031024025114,2628.5173640620183,0,0.20336460747617122,44.21293561291139,0,0.8623035964010684,290.3691846605245,0,1,0,0,0,0,6507.939012604922,0
696.0939392625813,782.4349750660766,0,3.396281201172604,2.9678528531080017,0,0.4995460490373167,2.331752059909647,0,1,0,0,0,0,2010.629843559608,0
1195.9797870540608,1276.4372215005576,0,2.3310191831832374,29.446242938496656,0,1.2584872632862987,17455.914689473168,0,1,0,0,0,0,3381.546271719662,0
1136.4478985817923,1745.8064300189533,0,2.611740382203691,12.573874837350111,0,0.5923172324100491,4.811025990516802,0,1,0,0,0,0,4157.3635727527635,0
931.6346071037481,1289.5830928896412,0,3.4795826698678662,10.414781920420468,0,0.9123491415759202,83.14560147208724,0,1,0,0,0,0,3162.1503380630593,0
299.04538431645847,395.65329388318895,0,4.04926189603333,6.746592646635547,0,0.9378272556237757,9.219362359134163,0,1,0,0,0,0,980.8417941013416,0
646.6533937700552,961.4402827531277,0,3.0452233266202384,7.825686162652237,0,67.43350250700243,2.6574697060812977,0,1,0,0,0,0,2309.847302462155,0
1247.996498132832,1972.5187217325877,0,0.15779272364147062,2.710006491515604,0,0.4576060852565432,14.632868128480997,0,1,0,0,0,0,4662.510239136332,0
115.069021793111,117.36055252524243,0,0.00983652192993419,18.189254393113977,0,0.018350719460685453,0.12834935602120862,0,1,0,0,0,0,34.87389873456321,0
829.2446736654371,986.8670818182434,0,0.048590000522033786,3.589570828927961,0,0.7900153965716306,1.8564128995141396,0,1,0,0,0,0,2505.234771224577,0
614.3153698881202,722.9068352233461,0,0.24157846618398549,21.00836015770429,0,3.145191277078467,9077.215637283181,0,1,0,0,0,0,1849.759219571131,0
478.80533009079863,161.7774834959192,0,1.0927229632411235,2.6782984944024673,0,1.5623227185486996,260.549311520102,0,1,0,0,0,0,347.0026869250123,1
395.8440705656067,502.1474198270095,0,0.5796972521507526,11.900407981589586,0,0.3267067983728634,24.53402952127968,0,1,0,0,0,0,1260.6525465673935,0
553.2531410103202,90.90079514386323,0,0.4893077663545171,10.207274815727416,0,0.5226615157956667,16109.11769833326,0,1,0,0,0,0,397.24379027768674,0
868.0931565066552,726.7707546242729,0,0.4018694176034066,31.580491530319065,0,0.3792904364956224,11126.937526671602,0,1,0,0,0,0,2101.145063675428,0
483.8463791620181,442.45450030943374,0,0.35914910547074447,33.53866233428253,0,1.2714416057285987,244.19748953731948,0,1,0,0,0,0,1246.1041276285723,0
403.43973120974226,279.44571655807687,0,0.5247787704372723,1.780148661631784,0,0.2959439312087263,4.148611921283497,0,1,0,0,0,0,737.6462816003807,0
877.5334084100646,862.1447220088044,0,0.1549759354862496,22.65948120480243,0,0.6545532950839724,9659.668781004524,0,1,0,0,0,0,2368.176450231496,0
1229.3871859439414,1943.3130582369288,0,0.2610913329133359,8.951805223367897,0,0.5163858385132709,1.7195103267927572,0,1,0,0,0,0,4592.766566183582,0
538.9428119244084,504.9558810836913,0,0.6369034482849036,34.49043315992573,0,0.14683956385663155,17758.591721656165,0,1,0,0,0,0,1402.9642858033367,0
462.94718048359255,524.3655638283208,0,0.35083146659916953,24.704693015604253,0,0.49386055697575626,8104.07696340901,0,1,0,0,0,0,1369.4563981976844,0
358.3823406970505,108.44550073205272,0,1.2110496933613089,7.953207438625983,0,0.48070177942884756,9442.585096516903,0,1,0,0,0,0,460.0550789750191,0
727.0514393175866,1095.7719582725686,0,0.8991461733409818,7.24729644500851,0,1.3200656773991082,4.387620854841903,0,1,0,0,0,0,2620.91316667268,0
643.0199406992206,485.6208704648248,0,0.4288520130925064,12.132366504584594,0,0.8708327882811995,15599.067087660245,0,1,0,0,0,0,334.76758945146184,2
1026.5409742664724,1215.039683646652,0,0.5983992646645278,20.190188847493268,0,1.2721175460906289,8542.90281376261,0,1,0,0,0,0,3129.0956071929004,0
559.4901122804899,138.2711803737454,0,0.4885474404486869,11.000439857101098,0,0.4003278111861862,21101.38581688248,0,1,0,0,0,0,755.7302248473795,0
681.9946184574912,820.4412781743458,0,0.43721183879655723,32.949385799093875,0,0.8514305654970942,8723.666470025422,0,1,0,0,0,0,2094.8505568093287,0
1256.4469337273813,1473.6249238467828,0,0.9345016133402725,24.819851330500796,0,0.7836160059092516,9804.06499586517,0,1,0,0,0,0,3807.0633566110064,0
396.636537496283,205.2551160815417,0,0.25164361335565344,40.83575985116807,0,1.1836057927119814,21127.465667539363,0,1,0,0,0,0,311.8829740847957,0
124.58682851803678,94.68304252674388,0,0.4741073572286115,18.369815438381494,0,0.12337701039259256,5.392665536120075,0,1,0,0,0,0,268.7108905605997,0
206.54849169854208,234.13615653767997,0,0.06954281462238515,15.135178549886305,0,0.2855867536747174,2.0931016375224307,0,1,0,0,0,0,604.813348565657,0
1582.1975935341802,2472.8026623870473,0,0.871943041424842,6.74592085919272,0,0.9848980296140948,12.12374339724747,0,1,0,0,0,0,5862.654302787503,0
601.61195925366,818.0815826875418,0,3.300856002032624,17.731575801315703,0,0.028012562510007916,4.90247221323498,0,1,0,0,0,0,2011.4162779029248,0
994.966315516192,1560.8914396707453,0,0.7234444066164711,3.4014368295164132,0,0.7321852072279021,1.3434332748056486,0,1,0,0,0,0,3696.752723301451,0
976.2231470474418,1059.5562264434825,0,2.2103414637889127,23.304415457638818,0,0.06992100651671923,18826.356752264925,0,1,0,0,0,0,2808.608224044214,0
588.9983746901239,865.8038986286501,0,0.4585408897366443,15.264382050368553,0,0.6350100632513815,6.9949836902819404,0,1,0,0,0,0,2085.5801218604806,0
436.81452019792766,253.9680960607769,0,0.006033929414707921,18.138426566922305,0,0.0011391559482275132,20370.014481763446,0,1,0,0,0,0,25.801718049836428,0
243.9072069772571,220.18209902346925,0,0.2667510358359474,17.70302584573901,0,0.022387301107731326,2.7853554384990495,0,1,0,0,0,0,113.01144284802908,0
297.0083199026536,180.48050590149398,0,0.18624101643971785,6.182361125154791,0,0.05086419089933782,2.8138434776533336,0,1,0,0,0,0,257.8484092141915,0
362.600033226173,217.03112959139736,0,0.13422208374513137,6.957333022438951,0,0.010866055152299648,168.1642452528866,0,1,0,0,0,0,182.69366918057509,0
1075.6264155447934,1505.4543990536038,0,1.0127497411341826,12.633527973084089,0,1.210161978285997,4.988253237658065,0,1,0,0,0,0,3674.915193207991,0
471.57005542100063,390.83681618178525,0,0.678884888148236,10.864206884684846,0,0.9715748136296984,328.63668599235126,0,1,0,0,0,0,1112.3544811870045,0
196.02727353473549,165.6331151174276,0,0.03389808884965949,17.201903777421947,0,0.004610767047537964,3.4749818139358295,0,1,0,0,0,0,65.82102351406316,0
604.1579475068484,416.6336641698489,0,0.5214582192059437,29.812697424361108,0,0.4594714161649506,19499.977495783467,0,1,0,0,0,0,1260.2181972432727,0
1037.021921767552,1165.4914485559118,0,2.557499164327623,24.448425925386633,0,0.009842124587537396,9211.844642591968,0,1,0,0,0,0,3042.140826239669,0
332.1690028736799,235.97952560273234,0,0.1398758664918601,24.563894760622922,0,0.00546644676745455,9029.309983915573,0,1,0,0,0,0,119.81103846551692,0
1741.3405491363278,2037.4637894047755,0,2.1638977136421294,36.634610875974516,0,2.0949219521786273,21705.709587442845,0,1,0,0,0,0,5212.398522841338,0
136.08384559973962,105.13805719518426,0,0.017347569766313534,20.311581732423946,0,0.00855847295165334,4.674084534486177,0,1,0,0,0,0,52.919692715215696,0
1423.111811755507,1735.9119694372816,0,0.4084748516911284,18.845349475968014,0,0.9241582751767834,16139.389071671736,0,1,0,0,0,0,4414.831643316438,0
1042.040767246021,1386.2448476106101,0,2.102266282028294,29.285276992494584,0,0.06226349258185955,9077.82047851415,0,1,0,0,0,0,3442.035411046134,0
1458.8828577381355,2131.5607020847992,0,0.8884295579175625,18.251023870232423,0,0.9418184482463863,3.9959738050845446,0,1,0,0,0,0,5142.589277634863,0
892.8144251401106,1242.0588100759028,0,0.6629267039530715,16.561448035468636,0,1.0752976367352551,1.892942773674719,0,1,0,0,0,0,3035.4930575484887,0
1903.580508307902,2534.2897431653823,0,0.8864959750806911,38.59575906208567,0,1.3255948598241694,10241.465359590991,0,1,0,0,0,0,6288.119481859756,0
327.4737977959345,160.80801928669936,0,0.061826052066272626,14.58696230553098,0,0.01684585436797576,9358.470072886643,0,1,0,0,0,0,95.03827003878567,0
9089.396272542877,15261.955040584653,0,95.55378409782777,19.419489320097394,0,17273.69816187256,4.59363968785444,0,1,0,0,0,0,35521.926182637835,0
10944.4052490303,18333.84835268485,0,36.47475170617254,44.526470433963354,0,109.01435970291857,30.622348159698486,0,1,0,0,0,0,42695.41434638524,0
12029.144457706407,20113.95867618963,0,2.3482658183026275,21.180866228633427,0,17908.560269199654,29.791233236533923,0,1,0,0,0,0,46865.20779545245,0
13646.32989107471,22962.631672235755,0,28.650439237303708,11.62960713924998,0,17.720791396664076,23.578209463741622,0,1,0,0,0,0,53415.91162042729,0
15546.053017534956,26322.138180656122,0,9.773140247204807,38.4575112453404,0,66.99669812138268,9.608999504700567,0,1,0,0,0,0,61135.67927324769,0
13135.055896897231,21698.695352982453,0,4.196968063963763,37.76740600202187,0,47.97915713260887,322.8292248556587,0,1,0,0,0,0,50716.6890289142,0
37.98726075065498,53.12429707891618,0,0.006101068792507156,2.74499996349632,0,0.0018756764119544555,1.5801801575415362,0,1,0,0,0,0,2.877153333147695,0
3.13379711627963,1.7007635526446103,0,0.009403025757650132,0.21194005493034637,0,0.004175318423366235,0.14745226428438835,0,1,0,0,0,0,4.0374726222364545,0
15.309368094644471,11.024901208661015,0,0.0069924906559799055,41.032913153128035,0,0.0030933867592179533,2.846020255470422,0,1,0,0,0,0,3.117736369857902,0
4983.158333382562,7853.772529780457,0,32.13245528286415,20.07113106923513,0,10477.060574424846,3.992897068479408,0,1,0,0,0,0,18576.145352272582,1
8105.826565498895,13383.805704650324,0,104.47802218910141,42.886160545082156,0,16717.698289421136,9359.834815164273,0,1,0,0,0,0,31287.222818768645,0
5964.375981043557,10183.620609672425,0,58.76698480921783,13.320140858294423,0,9107.719508488493,4.533625123686961,0,1,0,0,0,0,23602.713007209368,0
7892.038071608389,13467.790310675782,0,3.9433761760994117,2.0826152026606928,0,10487.181294800741,4.746130046166705,0,1,0,0,0,0,31218.55811631921,0
204.0139390379831,98.09614904794248,0,0.21552578907760517,33.67062617842457,0,0.02881947164669827,3.4037759586451024,0,1,0,0,0,0,210.72383225489494,0
480.007943227647,704.2323983979082,0,0.686702979634249,14.22778708509213,0,1.8042432082720516,3.882262059179525,0,1,0,0,0,0,1697.777216075465,0
362.1600337569534,235.2385527772297,0,0.03402296024894373,32.91943130768354,0,0.00708827210945251,236.9338535812231,0,1,0,0,0,0,60.11125824786343,0
144.39107174573343,109.34116791669437,0,0.08198664205581313,21.332254179942314,0,0.11104032878226831,2.9424511953132315,0,1,0,0,0,0,58.695886651754265,0
666.2673265296138,831.8642024138518,0,0.9373349811725283,2.454314209796597,0,1.6907022645556644,0.4079644322540804,0,1,0,0,0,0,2091.140523443331,0
963.9626838775375,1365.8057722788785,0,1.8094317870036047,29.99427550741457,0,1.6495549928182134,3.621662512312904,0,1,0,0,0,0,3321.8735252200754,0
862.1435906488828,1135.0104529923203,0,1.3729662330581567,29.40773377067604,0,1.7785672444354244,4.721216147260623,0,1,0,0,0,0,2818.523798526937,0
575.6229215810104,584.1413109540778,0,1.0517336384760299,3.7404407734495093,0,1.4626998003650094,1.29919861368547,0,1,0,0,0,0,1544.1290223176284,0
152.52415966938037,124.44360187314892,0,0.01829175783627109,21.080586701730958,0,0.0038473548507143634,5.1917081803014185,0,1,0,0,0,0,35.711311070943125,0
713.441449928466,853.2165134288421,0,1.8671862528084957,31.918578390899984,0,2.1085733475433135,4.030861557783929,0,1,0,0,0,0,2165.7436708062132,0
447.2768028110537,589.2780459195933,0,0.6603088230917624,19.092562119529187,0,1.0216375754434335,18.360256153139517,0,1,0,0,0,0,1464.0196946369101,0
599.6643709819288,839.2094894350657,0,0.45161001610599466,17.394871208233933,0,1.0934064872298062,6.0339647762384585,0,1,0,0,0,0,2048.318954698851,0
55.76073448560632,53.930930055689146,0,0.04754263149147123,9.041613896282916,0,0.006029148954689205,2.199470823599733,0,1,0,0,0,0,23.839792314606782,0
544.6359320102812,514.0857221767875,0,1.5813153405920004,4.745582627789583,0,1.9974964614006248,4.057258550748221,0,1,0,0,0,0,1396.5863404531906,0
63.07379212502971,52.843202404564764,0,0.008026991745489837,19.916305495574885,0,0.010873594593277545,8.056757463087607,0,1,0,0,0,0,5.565546723436546,0
625.972539724315,540.5448104369337,0,0.754792921708335,16.18328212269448,0,1.2735125079297074,96.78881803111716,0,1,0,0,0,0,1549.5456196236034,0
207.18427089178232,149.1291589774325,0,0.17568575291916672,22.789382636448245,0,0.008931591391861941,2.8959406303112827,0,1,0,0,0,0,107.64218639004261,0
628.6586706138776,738.6694274468862,0,1.4512012278918114,20.17649000409402,0,2.155582075130341,1.367154236924939,0,1,0,0,0,0,1889.140520992826,0
1857.7391579835084,2476.043812622136,0,0.7421191328079917,19.523522611797212,0,0.03918756099438655,9.867428485727897,0,1,0,0,0,0,6117.336175291859,1
213.48742805291155,180.8418334951434,0,0.2221681679839712,25.404212555778372,0,0.015391750437413834,4.645300593394386,0,1,0,0,0,0,148.58635518394132,0
1192.9204584340284,1836.210358566059,0,1.9044990828648296,16.36855447216343,0,1.4339118269107627,28.42256363866619,0,1,0,0,0,0,4370.287872848857,0
801.8756038927029,964.3959841208693,0,0.6565033614140494,12.893118415207809,0,1.5543284642975426,2.661634799085906,0,1,0,0,0,0,2451.435725634742,0
279.1243027360607,204.64675897185603,0,0.302134823292888,16.965340691216635,0,0.020215410438724546,4.257731986326092,0,1,0,0,0,0,152.3052922179781,0
611.5140574891992,722.4383840261781,0,0.6564362207381418,13.407341107945763,0,1.57506274353778,22.221788348317446,0,1,0,0,0,0,1833.9297848156586,0
384.0945782115061,338.12378255233483,0,1.4338965554778258,3.2022166457575496,0,1.0936605896508822,7.632409703430962,0,1,0,0,0,0,926.1704312844189,0
209.48678871430707,196.06086666858653,0,0.002615178676472028,3.9599429353780775,0,0.0047583777696300605,1.9287715029268488,0,1,0,0,0,0,21.226693797176793,0
1272.9494305624928,2001.7555395928273,0,1.352950727568022,30.095381803921686,0,1.6141231301912669,26.91967605496086,0,1,0,0,0,0,4738.612405005932,0
967.461783254868,1200.149336326706,0,0.449203627731622,7.985285486716737,0,0.9953738826126425,1.5657570833489067,0,1,0,0,0,0,3014.992867600937,0
145.1956870631651,108.54843355412139,0,0.042892103528423924,27.410448001985706,0,0.002610535495175096,9658.621071232563,0,1,0,0,0,0,39.96385426262489,0
1259.5769417132085,1536.8722058334945,0,1.1874762467869155,33.923602303471085,0,1.8851446477568614,10765.525623045176,0,1,0,0,0,0,3910.0139668404895,0
237.58826908804494,223.11210108023974,0,0.10004167596252404,43.24983666274994,0,0.01011836494877471,269.1365971698758,0,1,0,0,0,0,66.49731606200393,0
1120.2331284311365,1769.1026752919247,0,0.5995900179211445,19.13863374911096,0,1.3454200802686642,27.081677978187823,0,1,0,0,0,0,4180.7766723927025,0
269.4676371789538,252.69638396163774,0,0.024176843973576095,11.05819684168557,0,0.004096117279621392,8.99621590052471,0,1,0,0,0,0,60.46747743215408,0
626.1776636209889,925.4566772071511,0,0.9438134189568035,13.337843279348313,0,2.919273125907149,2.457674722935811,0,1,0,0,0,0,2222.7751750124826,0
665.8111653812363,653.3187156255358,0,0.4074408763329147,13.284880252114746,0,1.162234532394123,2.789655768642123,0,1,0,0,0,0,1732.576723219001,0
120.95860243551172,82.95367836005255,0,0.06110129283987855,27.93395564740531,0,0.009227011943844145,6.356278046829814,0,1,0,0,0,0,78.9574241883464,0
537.9725932039948,610.0529452632072,0,0.6756761627569183,13.53464396677425,0,1.1636721743813947,3.9427783855589373,0,1,0,0,0,0,1575.350403963278,0
814.8431428755592,1096.9287131198075,0,0.5824129599437788,10.960102269610584,0,1.3154663593092475,5.724004273536048,0,1,0,0,0,0,2704.681985713157,0
212.80192796769597,208.6855367430667,0,0.003663760961707964,4.701540138924517,0,0.0024495624997269622,0.8980898685218168,0,1,0,0,0,0,12.782501569242,0
477.795197149895,578.7240976978317,0,0.48572616815620806,19.64260959187483,0,1.106042818740324,3.737532056895328,0,1,0,0,0,0,1470.2993786274048,0
2356.6928181822927,3930.404174423787,0,3.2858603469780876,15.337372747263885,0,4.054795252169792,5.144714732235983,0,1,0,0,0,0,9163.678373160707,0
801.7953911539162,724.5541763622492,0,1.877295142394127,31.491835479951277,0,0.06582601327171253,247.4251188562837,0,1,0,0,0,0,2054.6871441654303,0
983.2239149112748,1511.2313280909436,0,0.7510409664364203,14.67133425746291,0,2.8942471453335434,3.2423610533698692,0,1,0,0,0,0,3599.0753366997315,0
148.8429013705865,113.67536296934405,0,0.007748050672149623,12.323748989019066,0,0.003845154551983102,2.7773147405623613,0,1,0,0,0,0,51.140255575678246,0
240.33060148665328,185.2984259004341,0,0.8872440376836738,11.321583949871936,0,0.7987957785787743,10.135336576272108,0,1,0,0,0,0,541.2327430808529,0
471.5038407184038,324.15746402872617,0,0.002185954639767308,11.03543177903758,0,0.015657621873057824,395.39499232854394,0,1,0,0,0,0,25.16527816340814,1
261.9487328362965,232.00003957639396,0,0.9165749053683324,11.203950940368307,0,0.7510698556173738,6.568334399177962,0,1,0,0,0,0,649.7111540008915,0
204.8930393902304,220.57925736579335,0,0.0050205510737936125,4.810072085572202,0,0.0036626400962206,3.010701417605681,0,1,0,0,0,0,28.52725826346555,0
342.8457134959215,401.89241257305264,0,0.8846341735237891,17.789695625568804,0,1.3947525519206847,2.511483366250601,0,1,0,0,0,0,1031.9956858607777,0
168.2905436539573,96.86366989366667,0,0.1857137223468076,13.565231703570669,0,0.019885195738606892,7.268872909009548,0,1,0,0,0,0,193.72992358283318,0
565.1084592824351,823.8560693288696,0,1.517979421460677,13.310348903495086,0,2.8347485143240445,4.815354846921029,0,1,0,0,0,0,1989.4984175036584,0
182.7878034619987,165.33611050022313,0,0.00528609515274805,1.758376075706233,0,0.0023507911137836796,3.4143989895509392,0,1,0,0,0,0,31.088727666043233,0
261.1489356775287,338.44853548594375,0,0.9103864839153727,5.454902869481568,0,1.2513001572848998,4.519513701767629,0,1,0,0,0,0,842.7467850983646,0
414.889333891366,193.34454118093797,0,0.130411316161961,7.28585165295854,0,0.08663604553820992,249.30740745720288,0,1,0,0,0,0,346.0310460151184,1
465.5211821490776,591.6180724367356,0,2.199941738969442,16.73130405363952,0,1.8733554297818793,6.4928111091072855,0,1,0,0,0,0,1481.2586377363348,0
4.262072430891707,2.660355671205935,1,0.3810225250626387,0.046053131665210786,1,0.1688753046467846,0.031250333254306824,0,1,0,0,0,0,4.477099784001092,0
303.4865445099151,396.3507799669011,1,139.22773251519965,29.440764809597987,0,10218.008846879802,0.8261216141515255,0,1,0,0,0,4,987.6993350852874,0
140.15092330452205,147.33212800703507,1,69.95739530111656,1.3837835534171794,2,99.51244093000389,0.5082154764738193,0,1,0,0,0,3,73.74672884330795,3
1.272305528371444,1.2754337511359664,0,0.07030866343164491,9.946298917301828,0,0.057191287810722816,0.03135172914630381,0,1,0,0,0,0,0.3843981840132883,0
481.63148021001234,489.53025284407414,0,192.03030754281357,23.842927614659672,0,339.62882797548605,3.47710595302269,0,1,0,0,0,3,1252.8951470065917,5
431.4267784417204,393.2330874684976,2,77.58316919362653,114.98051979742398,2,7896.3609286434075,52.05624054835531,0,1,0,0,0,3,1053.2897509083982,4
1.334494058599902,0.9519499286035821,0,0.15478099988434155,0.05157367160425551,0,0.5128750956707933,0.10274176698400844,0,1,0,0,0,0,2.175678802718398,0
200.9910142773516,223.80778370988037,0,36.211821794644266,17.482872519022884,2,5.011265941651311,0.8712480519658605,0,1,0,0,0,2,581.0161742379023,1
234.7908158655818,193.62553221008955,3,163.30134545379525,1.1383977336500686,9,19703.874220596746,0.5296032624126917,0,1,0,0,0,7,196.6335332112286,5
461.7027793061707,744.0511669989687,0,9.569023096224322,42.649992166378375,0,12752.196763429807,1.634602005072976,0,1,0,0,0,0,1750.1331630977843,0
86.48607069790859,110.05956618059348,0,2.1228521502540976,8.242198501884902,3,6.92502120880391,0.6357633403562777,0,1,0,0,0,1,275.84868341179566,0
98.07570320198978,91.55089626376339,1,133.66541246836107,0.6163851933513191,4,17830.833240745633,0.5886517480062833,0,1,0,0,0,3,247.23948554205572,0
256.97967366955896,417.22067475118183,1,7.882987594382336,19.033442216040015,0,7664.29038645694,0.27579272841831526,0,1,0,0,0,0,979.5260269132432,0
294.190110702207,360.6126534178476,0,55.057454672669365,27.15916959717682,2,6.366986646773327,3.952720509190105,0,1,0,0,0,3,915.2781445277808,1
94.2224690917556,66.79392765554836,1,148.7716746418422,1.327836828890062,2,15093.508749562025,2.100151162280989,0,1,0,0,0,4,59.504591596450155,1
410.0557548643683,492.8127283875148,0,11.699634355491792,17.969703776764575,3,6.564879758794514,0.7918816590604254,0,1,0,0,0,3,1245.4678835626373,2
574.9002894173472,909.2006663605018,0,16.306327451002293,38.68637672151504,1,16846.797738309797,1.8199238351498894,0,1,0,0,0,3,2148.8149793721404,0
0.9552896795713014,0.7926605655232711,0,0.6953264423622982,1.70382298238923e-05,0,0.6320977081043935,0.0058558126080389935,0,1,0,0,0,0,0.365464845118617,0
81.11358009646969,77.75730990374365,0,28.365349145524345,0.5215142473256342,3,6851.266205252609,0.016601979735388336,0,1,0,0,0,3,204.73959200250002,0
145.6590286366813,160.5562436924428,0,117.30747057448687,1.884824163641935,2,18818.38212254936,0.6631869750970987,0,1,0,0,0,1,413.4334479914327,1
483.3657257427593,573.45136980193,1,4.165675896557348,35.882395315506976,3,16251.456806859693,0.9790288675263987,0,1,0,0,0,3,1453.9001698967666,3
281.01503302301046,396.6233216043638,1,99.31465326704387,19.577491499931305,0,264.19513600174105,1.0085028182328677,0,1,0,0,0,1,966.3957562696717,0
291.2166687516233,261.764905455449,0,35.02686980294445,2.5071732182486524,5,15409.027096157313,0.2558792901242668,0,1,0,0,0,4,686.8708856138262,3
396.35489265070123,342.80529163982595,2,127.51911365014291,1.4357992288710615,5,17058.011467962406,0.6757718223434004,0,1,0,0,0,3,789.9034084025801,6
318.50685365364103,371.00886879306677,0,113.1171627870952,18.86997249572154,0,46.03005610270739,1.1112488141698305,0,1,0,0,0,1,942.4616513559951,2
157.7762135805738,152.03324332650814,1,184.19637853499154,0.7896930831687554,5,9740.026228393503,0.19265116352240513,0,1,0,0,0,5,67.46894902935088,4
330.10280529007724,259.86796801311834,1,62.734933354377105,17.244860163210564,5,6974.541785079741,0.39352999858692916,0,1,0,0,0,6,709.1195504839462,4
161.71789371256506,126.93647682167719,8,161.67903310587076,0.6606636674063162,5,15582.135925962091,0.2874149648938682,0,1,0,0,0,7,99.96312529085624,3
378.76385234792247,332.07096691542574,9,57.55036945910338,12.320426620528963,6,15069.380398059471,0.9783330021630262,0,1,0,0,0,6,892.2005334916998,4
112.0623401867928,78.97403810478946,2,182.47688462181853,1.8358038074277123,4,19050.070887810627,0.4947742892460576,0,1,0,0,0,5,75.26378744348987,2
426.40291101095016,678.3766889757599,4,19.61205108000439,14.877529697754014,1,15208.477034661511,0.5589144578694987,0,1,0,0,0,1,1600.9625513526148,0
56.77396604500234,56.507459849738154,0,35.8809358875006,2.563010877498605,1,6.069885156449065,1.639435602770479,0,1,0,0,0,0,149.80980501413057,0
163.68830972326296,211.61115227232347,0,74.16553959479737,4.078208647689774,0,16513.18291808985,2.8220799713132445,0,1,0,0,0,1,527.9697612296243,0
261.0658911613343,286.8183657809781,1,63.361287476329935,10.209734251103967,7,15465.996411429027,2.2907375043678466,0,1,0,0,0,4,751.0095247588961,1
77.33779286594913,56.34429310543976,1,105.33189224904937,0.8000367864874561,2,20171.973199707594,0.7774576264733712,0,1,0,0,0,2,160.58462975095557,0
25.770857977273725,34.22766284041138,3,10.963578091614348,0.6841231561394916,0,2.406459481435354,1.0173118234953529,0,1,0,0,0,0,2.473061385531463,0
259.8407358554927,356.4383998638018,1,68.82782238795531,2.3415588404087706,0,9247.05631071558,2.432291435564849,0,1,0,0,0,0,870.4426682643142,1
215.77414597678842,203.50047378185695,1,8.053175140880622,0.4031978210389875,2,7281.502956804023,0.09521334045892194,0,1,0,0,0,1,505.17515573034854,3
197.62217057170858,215.1965294137233,0,52.16087955252584,2.631341378168227,0,266.13033800848353,1.3169854653135191,0,1,0,0,0,1,549.2868938850529,1
336.3000078862394,237.89009747676468,1,69.76570828036847,1.671783831771558,5,12659.039656533256,0.8739469470118655,0,1,0,0,0,7,563.8498785816915,5
114.54176103092615,97.51708328803122,3,105.30960261950855,1.8880248796692891,3,19442.208637620366,6.140666899760872,0,1,0,0,0,2,270.21186275044727,1
307.76110244057156,439.2153665871232,0,9.387019029933047,7.55101015501744,3,12159.209590742887,0.4247118390368885,0,1,0,0,0,2,1066.8399962643546,0
305.5109587985089,430.6969963799588,1,73.70818096574294,15.620545513430384,0,16690.143749344516,0.878254478097807,0,1,0,0,0,1,1048.854865257764,1
217.82078286845635,153.75796470244987,2,73.46893427719,0.2762866210362883,3,15681.597549679716,0.5452477522214879,0,1,0,0,0,5,373.5077977073564,3
173.16088380312914,117.88395387456539,1,174.00890983291492,1.1668481573749796,4,20052.29728832464,1.0220438846082567,0,1,0,0,0,6,159.67525636170774,3
39.29578962282589,55.65589363985446,1,6.592204973364358,0.05831216993547595,1,2.646799579712135,0.18218603607442713,0,1,0,0,0,0,2.384232842060844,1
352.8689718269623,495.10653273309873,4,58.7218134651318,6.510359986041881,0,15637.612859390389,1.0544007629495264,0,1,0,0,0,3,1208.9933913483455,0
211.09215243260678,125.62398598479254,2,84.81648920568617,3.213766382697609,9,14867.767540111923,0.8615294070307054,0,1,0,0,0,7,352.66436048224074,2
174.03551770126714,169.03885718209264,0,129.52120932010334,0.8855732420395577,6,18828.820711049197,0.26073622252993867,0,1,0,0,0,5,84.8887757103262,4
260.7160814654976,201.17730881862823,2,64.6166734297841,10.457104054291397,3,7403.31407978195,1.3679312817632883,0,1,0,0,0,5,568.2302437862597,2
283.0894756076511,204.6404652679398,3,57.20293709171888,1.1292743034493342,4,7775.308977589618,0.18715376814049203,0,1,0,0,0,6,536.4534548211143,4
213.62726462757752,144.76191717009033,1,158.68105042280848,3.0585895322125722,5,18102.0754469946,5.296574385127297,0,1,0,0,0,5,326.56499631519,3
131.36461738118027,147.68138832237435,1,58.152234515509704,1.5123717708715374,0,15859.034408575979,1.3259334268470544,0,1,0,0,0,1,383.32221160706115,0
155.51921113093275,144.92492447643315,1,133.08747199203458,0.26520459787238276,6,13327.183282468113,0.21390681469332246,0,1,0,0,0,6,48.68992596050814,3
186.66665520565573,195.0921904055443,1,132.86123378283838,1.6260532519867463,5,9107.02006048704,0.29967141282563114,0,1,0,0,0,5,76.04190924654026,5
202.95807437587555,195.89880437198545,1,71.89387011132652,1.1175875732500777,7,15359.94606187887,1.86341850993973,0,1,0,0,0,6,527.7803166357359,1
93.9605240678832,83.1259967511375,1,48.7440713472447,0.6038884579623174,4,20140.112282275346,0.1405309163253412,0,1,0,0,0,3,45.98841913700687,2
248.12581827287474,175.66114138725644,1,101.529686004569,2.3955314359692688,6,14991.713168048234,1.2314539019788309,0,1,0,0,0,5,443.76907807936334,3
192.70028403470735,166.76227066585798,1,138.69758816713343,1.6108295037392917,5,19785.474596152824,0.2596598731192591,0,1,0,0,0,9,67.49930130606228,4
492.8307484744806,392.64030807100534,3,79.75182301792293,2.18084393761362,7,19534.160133733516,0.040373858008937905,0,1,0,0,0,8,988.0887890000956,7
253.38053700680007,188.05355307464217,0,40.53315168184072,1.5271908164364862,3,14900.01509440365,1.0594327482265937,0,1,0,0,0,4,401.08812676188273,4
191.04913735503703,199.51320839573586,1,62.163664524098316,1.8164704931025963,6,8251.451372679207,0.4008723919813545,0,1,0,0,0,5,68.64392112798521,5
290.2971875281893,245.4534418776613,1,59.90396720471767,26.574170862210792,5,15425.95206111823,4.892597357049816,0,1,0,0,0,5,688.960205577454,2
404.9890742862241,432.9922221127684,1,59.06567940884314,11.224008617795274,3,12654.382590905841,0.7135988331063353,0,1,0,0,0,1,1091.4476205063722,4
169.3818397851694,224.99656694786142,0,52.315441917156875,12.703600342515603,1,21024.95156903686,8.704402368403844,0,1,0,0,0,1,558.4931793024384,0
228.53727772447093,153.2587791368863,5,41.84912143179282,12.81686725897363,7,15424.398540370945,15.552539469771746,0,1,0,0,0,6,354.00684132551174,3
233.37773146699848,264.5174356002635,0,95.18190717295576,4.545054170179482,4,9943.001359624835,4.065016660215704,0,1,0,0,0,6,67.44027495495388,6
314.469599618755,271.3258264425567,1,74.0043621443738,20.876477512905815,7,7036.912165650843,0.39778224352140124,0,1,0,0,0,4,727.7701428550857,3
167.86992948693623,161.5621606284565,2,85.37415892788039,3.848407794083918,5,19108.947403412913,1.2467640814459306,0,1,0,0,0,5,78.35474165326818,4
322.97190413861904,242.63748169523316,2,30.77698418576324,8.856939512139917,4,7091.878500216669,3.598307375328533,0,1,0,0,0,5,601.0679063140756,5
383.1797735096793,317.69130583646165,0,73.5003471388623,2.964978603607089,5,15077.394458382118,1.847661135174068,0,1,0,0,0,4,622.2668289612932,7
237.42132013442622,327.34634561156855,2,32.5094873788723,8.621035056303619,0,15459.618089053001,2.7874181702214287,0,1,0,0,0,1,801.7434013748443,1
396.54006976481315,516.6848797077629,1,7.120185955177016,28.245567195366977,8,16153.26135675061,3.351221645664582,0,1,0,0,0,3,1288.7713574708637,1
158.80547025302786,206.51055600512754,1,32.64579086034422,4.566855100280768,1,16596.251176804006,1.1542645299114322,0,1,0,0,0,0,509.5094030587705,1
276.3004896036897,249.7212120767205,2,85.94431518410616,3.8004896807262987,3,14330.576522938605,1.7915732634355925,0,1,0,0,0,4,671.9505361969119,2
182.75843964261077,127.67539215017976,1,28.484816581842843,5.66444867966923,5,11980.607365321212,1.0581815466061837,0,1,0,0,0,4,302.57196681878094,3
107.89809521275757,75.1990817023945,0,83.51665737964456,4.766051651012147,3,20619.374202143015,11.9945103166113,0,1,0,0,0,2,142.10023606638862,2
241.36919916509564,162.14010657059583,1,37.92543886405279,4.353574036705131,7,14980.846632866846,0.4973618415456911,0,1,0,0,0,6,434.19896975883887,3
199.35423393770063,223.63914487084764,5,74.85249067146094,2.5057001669833094,2,10638.114399978067,0.26240229466785664,0,1,0,0,0,5,61.09434215193417,5
316.6678580269289,256.04480730696037,5,74.05154393832068,5.005760148108898,3,7973.786703065289,2.5224341342894805,0,1,0,0,0,4,625.7745322855184,5
224.13620516792975,157.91555807497463,3,66.67176954856626,1.7742961155545123,4,7397.426762143026,0.11720396301317143,0,1,0,0,0,5,384.3401573106304,3
138.0124468244286,128.0738354339965,0,68.12858988747081,2.7022386696607965,3,17078.391623453652,2.5412418987966436,0,1,0,0,0,3,353.2890032717101,0
473.2274621285769,400.25361927675704,4,8.217138115683031,13.052924152864108,3,18607.32825287812,8.026194381020938,0,1,0,0,0,5,996.5502083398367,7
340.5613343180813,399.88751107287874,1,27.077124680010403,1.4212460897306138,1,7517.359793830173,0.5845341119087006,0,1,0,0,0,1,1001.6957183023616,3
276.6162696798675,258.50442931288643,4,34.41872691274622,40.84552769294959,1,3.9941757582445083,47.60344355910998,0,1,0,0,0,4,721.6725119452037,1
189.88237710546483,185.7771475398587,1,192.19581838332456,8.405811952047978,8,18839.0096587419,19.480528256667448,0,1,0,0,0,7,61.438390613950446,4
269.79457358791905,210.9641851587743,0,81.07088791569035,2.6267581240670976,4,17126.493068739102,1.496344941465138,0,1,0,0,0,5,567.380758196955,3
366.10830726751726,283.2274731881939,1,97.49598624545453,21.035719109881924,3,7341.03989649251,0.7086239688498555,0,1,0,0,0,7,775.5173881846265,4
255.53536888656183,224.38081705233031,6,29.36245680694927,10.059791466593538,5,9688.851998713293,11.443908677470656,0,1,0,0,0,9,129.48405964454884,6
190.35915852466232,168.19944017739502,1,52.70336779371672,4.439777558376354,2,15817.208522828125,1.9498244412576151,0,1,0,0,0,1,427.2717847167672,2
191.58094464140646,183.32086093651017,1,113.860457150244,5.429505190603817,7,17922.18903190791,5.228546596175825,0,1,0,0,0,8,43.27080151372165,4
279.3248293095313,322.33812835410924,1,30.95121732888875,1.890603968058986,4,310.04099133252754,0.2610799591489318,0,1,0,0,0,5,121.55225903998269,8
370.2029074124844,386.65947764670386,2,56.60398741825186,1.9889177986797388,3,15736.861437095908,0.7643919107059421,0,1,0,0,0,6,1018.1529007606928,2
94.09305916787838,69.53971342749274,0,2.4790625871602003,2.770737862096161,2,2.356051319500608,0.015933294529751743,0,1,0,0,0,1,184.67756277580324,1
229.33412407779952,167.20144921760485,3,64.93959890528602,5.450880524586961,4,18968.580696797435,4.435671249451371,0,1,0,0,0,6,474.4499245676745,2
415.07272100469027,372.25291755065155,1,115.70870048642858,5.347879130268528,6,15786.445380564994,3.694477873553513,0,1,0,0,0,5,498.4620293699759,9
163.39668902400672,136.6030176817509,2,56.481975329383204,4.812933454812734,5,9036.028168994626,3.2984225714688917,0,1,0,0,0,5,102.31449386289239,3
1776.5727468859852,2148.7482461189497,0,414.454811732993,408.4557483867163,0,13943.804716150567,14.859410972458015,0,0,0,1,0,0,398.47482923745076,1
660.5214889859991,549.8947787817933,0,220.2353932484152,41.645382749795345,0,15725.324639420933,15.603406179330001,0,0,0,1,0,1,1482.4116157305486,0
402.1742205953123,245.09609775791836,0,606.3508006577811,5.913551374905752,0,17210.146978982804,6.725770398849904,0,0,0,1,0,0,734.6731542383723,0
761.029473790908,693.9949559133989,0,145.7583483383415,6.99341458980985,0,16303.95089293844,16.45734120965446,0,0,0,1,0,0,1931.88774555791,1
708.522717179832,711.1203871821987,0,576.0000641986434,19.8916254413465,0,10109.218978129102,17.08645241653084,0,0,0,1,0,0,1926.6003130760519,1
725.7164653273046,727.2473604616196,0,141.37142388753324,12.069200938473669,0,103.55516150624607,17.728141818865957,0,0,0,1,0,0,1968.0641176458812,1
664.8002680062434,422.2554335212893,0,1037.8517885048198,13.1981552123092,0,14369.452366710115,9.67128126609392,0,0,0,1,0,1,1191.103990415772,2
604.748431124352,429.0106937839328,0,763.9115389528522,5.002388967252635,0,19005.9163000254,6.755193591321835,0,0,0,1,0,1,1036.3837685711608,0
520.4450029113389,264.6076613884956,0,303.8423117964915,7.1123029269706635,0,18134.372557474686,7.149818109960483,0,0,0,1,0,1,677.9416525074281,1
785.9821788504402,760.5883063935685,0,100.42099212330352,13.240794937876938,0,15708.10913441408,28.170420024770163,0,0,0,1,0,0,2091.4380054586677,1
767.3581358562348,869.360658691259,0,722.4882494008921,25.76316729005764,0,13329.484868407117,24.904529028659674,0,0,0,1,0,0,2258.104400604302,1
596.5150335018102,568.672722795531,0,245.97399456554155,9.230331574321296,0,16672.564203241134,28.603840784561463,0,0,0,1,0,0,1567.4798230221793,0
669.5509714692517,654.786247312935,0,223.72434721898105,6.633620849639692,0,15725.480186564691,15.588825843853899,0,0,0,1,0,0,1768.7286165581477,1
478.56355256263356,331.46963731634816,0,1069.6790274008147,19.623283985043567,0,17306.480036046698,13.004007429977026,0,0,0,1,0,0,1011.6606886659009,0
441.2469971833581,302.2016111269358,0,29.852219798412435,7.648501460979615,0,14686.879837965007,8.333259904222407,0,0,0,1,0,0,893.3444784921659,1
572.1773221705511,538.7199574597413,0,53.32396203998482,23.72352362320241,0,15759.051250495222,17.636938212363745,0,0,0,1,0,0,1470.8781213375253,0
519.7196221427006,470.6661684467443,0,410.2185484522821,2.5806498302241474,0,7318.776616179299,8.30210918770459,0,0,0,1,0,0,1296.420949571894,1
586.0512585075819,716.0519910766042,0,53.56542202412697,10.063307883859263,0,14853.478299635422,21.8705398566701,0,0,0,1,0,0,1825.710712851793,0
35702.9572750021,61264.30239843972,0,70.23090798851082,10.417162845618277,0,8242.95331257396,29.30683821685757,0,0,0,1,0,0,141815.58497900277,0
18700.766776973003,31894.071239563844,0,148.8006117340704,11.323843355710906,0,8173.03048959327,17.739089590375748,0,0,0,1,0,0,73942.51768405503,0
33978.28456944873,58545.56257940964,0,207.7084831383611,5.3758538192824075,0,8441.240569657279,12.812417608193256,0,0,0,1,0,0,135381.97350051918,0
22831.923830524505,39138.15255520434,0,437.1319657190473,6.6553694345030685,0,85.82407301047465,16.573387007336493,0,0,0,1,0,0,90621.05269621336,0
612.3288534935296,505.5917978554098,0,267.5893863082115,31.797428446820334,0,10015.498935550373,52.82789980086238,0,0,0,1,0,0,1466.2924505141923,1
43995.200059885785,75813.90215070988,0,656.7387476291074,4.417034893808755,0,14856.266715384994,15.085598506305349,0,0,0,1,0,0,175308.65692715568,0
17391.41387855976,29582.519981611378,0,56.7900050665864,10.970436542289642,0,9670.197861038836,36.24939453136112,0,0,0,1,0,0,68629.7381896707,0
19030.592675643267,32522.466982846432,0,135.16438950229968,11.97196840764818,0,8142.617509218431,11.25357991858657,0,0,0,1,0,0,75360.7869622415,0
321.8563670735814,278.6848103647792,0,0.0039850674729984365,7.145577766056347,0,0.023016706293426132,28.015826055630107,0,0,0,1,0,0,5.192847947219186,1
411.1002019213021,343.772519638757,0,0.0006872487496414992,23.06540169973865,0,0.0003105086957519075,41.39241017112459,0,0,0,1,0,1,1.8006119066555617,2
275.4107435233173,190.25812251401754,0,0.0003741604449015845,21.1003329403677,0,0.0004887204242060107,29.79080413419516,0,0,0,1,0,0,0.3810826073497507,0
325.6949515429648,219.63117113507715,0,0.0012965476882977232,6.5370922693128275,0,0.002310835817950186,76.63227748616077,0,0,0,1,0,1,0.9166358885227326,1
98.06210697071072,95.16875002844202,0,0.00029703686057309757,1.7067927528884643,0,0.0005196491177714613,6.532673208409699,0,0,0,1,0,0,2.255515784681105,0
21288.97697669051,36477.21650016275,0,121.81914207320621,5.329392067467463,0,7545.344018615177,13.507327727261593,0,0,0,1,0,0,84469.133638308,0
204.81014941459892,153.7079557307987,0,0.0011394083117353586,9.897061124291291,0,0.0012549867487318873,15.670717098758134,0,0,0,1,0,0,13.62372345146862,0
50066.6038219924,86151.02953284622,0,168.63080053667116,11.608372147288495,0,10630.758384593448,20.332399192226745,0,0,0,1,0,0,199284.42030658742,1
197.97850544539745,100.77597390934265,0,0.02884118314090999,20.97233320537897,0,0.1442387644446339,20.78625161141337,0,0,0,1,0,0,58.8834512690969,0
175.41600161889733,147.60120719595207,0,0.021259633675695784,3.6783350827396744,0,0.13104161522681274,10.478770135383986,0,0,0,1,0,0,23.443095238996033,0
251.79443080623082,160.17175202942906,0,0.0006685807190921624,23.976760159123675,0,0.0007683240258195282,48.751037928463994,0,0,0,1,0,0,0.574920857810997,1
240.68744581970765,187.12152822604332,0,0.0033130031842325287,4.6965230305404315,0,0.003763605232463862,41.974251991224165,0,0,0,1,0,0,0.6030161859497527,0
203.5072671731115,186.14129668949823,0,0.0026940462580928976,7.37474712109284,0,0.017527078130001615,18.79007190362707,0,0,0,1,0,0,5.086647282710611,1
176.94288402964594,172.14981383722125,0,0.0020145703079685697,4.093966700155037,0,0.009118663564859608,7.4336416567353885,0,0,0,1,0,0,3.5391691562191565,1
75.67361491774129,39.26504948721707,0,0.0048999055291282295,13.087383164512504,0,0.04934273298342343,10.282486863082127,0,0,0,1,0,0,9.527093072980577,0
288.6910708401406,309.2466700028515,0,0.011912308356221268,14.47148678467748,0,0.14724797557475489,12.212439387081302,0,0,0,1,0,1,24.667791078879883,0
48926.34391163469,84248.39514624872,0,178.69147763520078,8.309707682965747,0,14058.300532546797,20.336671943098864,0,0,0,1,0,0,194848.7304786647,0
23078.920501421846,39306.7775131721,0,0.7892768485359355,13.463301811481895,0,19.128529663321878,17.124610212225946,0,0,0,1,0,0,91159.58253916209,1
23718.269998127882,40189.45526117054,0,73.03548861390374,15.06837134516415,0,3.178250880617084,32.41510639583861,0,0,0,1,0,0,93326.73368399928,2
324.4160029910108,220.32537394885594,0,0.0042943769130245005,22.789110058636894,0,0.03809048016287641,41.33934961396244,0,0,0,1,0,1,13.323959160508208,1
43842.027034901075,75318.26338672506,0,275.60150964662773,20.817802595715392,0,17450.24823578722,38.70894491309707,0,0,0,1,0,0,174297.06501127064,0
21035.130664188906,35999.508036370506,0,185.15643775613205,16.94701249995489,0,7203.994532858637,45.2934046286492,0,0,0,1,0,0,83387.74173634282,1
364.5276047485772,338.11523438188624,0,0.0015089678569956207,25.434988672286007,0,0.0010401214027017213,30.0353177291743,0,0,0,1,0,1,1.4992354849635738,0
20957.432588167067,35695.69123720805,0,178.47964006376793,22.202565634474958,0,6923.8572391726,43.87807738760176,0,0,0,1,0,0,82784.13455352242,0
21683.784926803357,36999.35011165399,0,93.60088181342394,19.474965781993845,0,7146.498168089939,61.59129229796879,0,0,0,1,0,0,85768.1522771146,0
289.62090014136265,227.12990980294944,0,0.000879577504458336,16.899592716427268,1,0.004029299438506231,12.69303412900135,0,0,0,1,0,0,29.527159559521138,1
49549.09165940656,85110.2541260975,0,528.1656081676136,15.664335505147548,1,337.38637423326986,15.90438028889811,0,0,0,1,0,0,196963.71272544257,1
38538.87952599145,66170.66368715043,0,119.98266649957615,52.12165740617276,0,7399.206531195744,26.994632241888034,0,0,0,1,0,1,153149.44803966317,0
36113.97110087741,61831.16104655226,0,217.9543283683517,23.209292268387898,0,12718.87479088284,56.74972596329047,0,0,0,1,0,0,143208.2287836299,1
606.4165261269292,714.1827368768618,0,0.002487564003518318,18.153616470602845,0,0.004155435020305569,22.152831051532615,0,0,0,1,0,0,0.7965468429932495,4
34191.64189443613,58520.54750426312,0,215.17090605803025,14.422570048060951,0,17984.74272177833,23.068716247459463,0,0,0,1,0,0,135551.75922499638,1
27957.427825517847,47845.50364109228,0,283.29841883153523,7.853968535744028,0,16590.551422264587,12.85904971911929,0,0,0,1,0,1,110827.62436388302,0
45321.670726516524,77855.91631556606,0,374.7680214245708,24.047006185268806,0,15418.656024429834,49.60662948883347,0,0,0,1,0,1,180171.7118498822,0
20100.359652607378,34082.608278065265,0,120.31842123344573,17.74141175150208,0,7655.0264426252925,24.64883526799089,0,0,0,1,0,1,79132.60498600847,1
1058.4813273861675,1556.037358819647,0,0.22489519763291735,3.103992551737424,0,0.2145872413585086,23.50486355194408,0,0,0,1,0,0,3750.1027230173736,0
46704.78620885306,80642.1473788352,0,277.0421595692543,13.118393504938876,0,12467.107983000727,20.27026562313392,0,0,0,1,0,0,186381.00810950313,0
180.89112072712993,113.38153655360642,0,0.0037837347548463117,5.855768313484697,0,0.010407768247818925,31.465161648100292,0,0,0,1,0,0,5.738921116727475,0
36850.0486536101,63420.71766133599,0,155.26432754342662,8.851332994115097,0,7451.260004446952,17.07060139588256,0,0,0,1,0,0,146697.87180543557,0
37876.07263536659,64953.68462891896,0,64.30549701059753,17.126398171842755,0,7714.735678151051,36.20165442235592,0,0,0,1,0,0,150379.06128515117,1
26848.41919250939,45889.08721175548,0,155.15779696278702,36.557891466910334,0,7628.973394715323,43.183863935556914,0,0,0,1,0,0,106330.50994938504,1
31692.881484590158,54231.30719911124,0,138.2805011637697,16.38778836427682,0,7223.5096469290875,13.072991581424157,0,0,0,1,0,0,125623.60412105496,1
421.6523737610288,157.01062729120866,0,0.024584724026368472,15.235935991532152,0,0.09406996632328649,24.01264480703135,0,0,0,1,0,0,422.42610060482696,1
49595.842020584874,85372.53342771615,0,299.3086434269886,1.5298134146853732,0,11936.783124396617,9.857526339453884,0,0,0,1,0,0,197465.06657613564,1
300.04941054746735,199.32407348340232,0,0.017936680743633426,6.195253875323729,0,0.07231409683285799,14.834773685603324,0,0,0,1,0,1,131.36355810798784,0
38229.091702339654,65708.2883137774,0,422.5091557302417,10.32232072218687,0,13890.560942439879,11.753667640467699,0,0,0,1,0,0,152038.9618007665,1
19564.721975201755,33297.62800027365,0,135.0422241630743,15.124445700975832,0,6732.63952274535,13.470453021782665,0,0,0,1,0,0,77237.41680498196,0
49632.17222180137,85375.50804136114,0,28.27007841687538,16.290985347991448,0,58.70569308448003,10.957487091758544,0,0,0,1,0,0,197506.34034221945,1
640.7016449992113,352.6652661322206,0,0.7587027545959022,5.782407609390247,0,0.1253168506208157,14.368677094780006,0,0,0,1,0,1,785.305007371787,2
304.8662517158665,205.46673046074042,0,0.0005732522440754912,20.9558983442626,0,0.002827046594751654,22.250625249478794,0,0,0,1,0,0,1.0712398693171892,1
215.65607150806332,153.65245490177384,0,0.0013337915902614855,11.446889230932115,0,0.01082260657346877,26.744643090675105,0,0,0,1,0,0,4.855875601020992,0
29037.25165408432,49866.433474786376,0,233.60998430468527,9.197950161104806,0,15963.796942276802,18.813640401356025,0,0,0,1,0,0,115408.03659794395,1
298.9285080352864,241.39696573765602,0,0.0014423082688739216,8.510541122196376,0,0.0017667571191167708,21.97733626613293,0,0,0,1,0,1,1.3118924336793862,1
6651.0518602469365,10824.075794155613,0,0.000682959620489941,215.5159733766592,0,0.00331541510345746,66.23626734787669,0,0,0,1,0,0,2.9022720515925893,1
246.54226755703894,213.35334639694594,0,0.0016844984512459774,13.199053557231831,0,0.00482357312741322,13.125742367250586,0,0,0,1,0,0,3.009260957086942,1
1922.5788616279888,2769.0924965129266,0,0.0018410952356796813,477.0963105839058,0,0.015317057118905048,26.414270625355066,0,0,0,1,0,1,9.858674062830918,0
199.48237969052428,173.69484903109597,0,0.0010502507519873092,9.28728222683266,0,0.0010978844760134495,15.469267198295334,0,0,0,1,0,0,0.7984149806149057,0
307.1478992091163,237.7015786505212,0,0.0005280504746887667,12.869888645063075,0,0.0068926684651090305,52.2054584441835,0,0,0,1,0,0,6.138618032599714,1
87.7650789182386,96.11396086952143,0,0.0010697064575777519,6.566540863080354,0,0.001412002993451413,13.89385095093823,0,0,0,1,0,0,1.543265337561683,0
472.2513560778823,449.2566275540008,0,0.00282622013782976,6.348454119076491,0,0.024300719315828202,7.932547976640327,0,0,0,1,0,1,13.505154756871375,2
566.1664899748391,452.06650279606043,0,0.006268107425404515,7.343616163770449,0,0.04974893805711414,41.57238319122851,0,0,0,1,0,1,18.95119192855433,2
210.14126512493314,178.4382455927315,0,0.0004169657449800919,7.9428921621691515,0,0.0057734253373990865,21.43088063780109,0,0,0,1,0,0,2.22790231968754,1
322.50793572216924,288.9032826205038,0,0.015461680754623815,8.313808446052203,0,0.1176042711622912,18.991155106964964,0,0,0,1,0,1,22.302761271286357,1
274.9671207454793,205.48250884503528,0,0.06865050775601914,5.282582275628575,0,0.013746732104812915,10.65991499920484,0,0,0,1,0,1,375.3486142670117,0
52865.708049283734,91123.35875041835,0,194.10718254288008,20.188113861020632,0,178.08623684302418,6.45034968063796,0,0,0,1,0,0,210695.49687662596,1
46307.19123004055,79747.04457201977,0,224.65386634551362,16.198128347859416,0,14164.763430811545,19.000923334279566,0,0,0,1,0,0,184433.05727746314,0
23705.67643932387,40341.112067536764,0,1027.819341861025,23.547534947982477,0,7897.60987306514,27.263745475478967,0,0,0,1,0,0,93578.01067384356,1
358.6957930779705,241.48427071394931,0,0.00048415993340243386,10.16118116736341,0,0.001743471128109765,33.93680838402791,0,0,0,1,0,1,20.82944045145353,1
661.292689366815,463.12555717612275,0,0.005267841437111678,5.381640451074535,0,0.06166453756896673,42.013050145627375,0,0,0,1,0,0,1445.869433839201,1
30622.11719352675,52556.7925676673,0,53.5194170847792,3.9088305260704805,0,8259.333877443227,21.61220947606241,0,0,0,1,0,0,121652.91770548333,0
19956.39251944665,33880.27925901241,0,56.32674788460446,15.802310883546392,0,9885.917872039096,34.57248508052538,0,0,0,1,0,0,78638.44585774638,1
23779.045467667424,40782.326910136064,0,148.7920354292786,12.462155673600613,0,8049.1394446760505,21.001043725910968,0,0,0,1,0,0,94415.88708294508,0
39094.77430607677,67006.9073988926,0,264.74645733170496,15.305997314384935,0,16561.142992225556,29.056645074201217,0,0,0,1,0,0,155153.9326289108,1
22687.56903385738,38469.66183138481,0,933.2606808598031,18.64886513960732,0,2.910299340415079,18.076041216690633,0,0,0,1,0,0,89317.41906885694,2
333.90667192272554,191.47138058992056,0,0.008570168678764156,9.117315772499202,0,0.04560029313406387,29.82743055033405,0,0,0,1,0,0,125.7061468533945,1
219.00826737396835,212.08625442916778,0,0.0009151724806760253,1.5827568238047773,0,0.0003582152960290103,10.726903388343029,0,0,0,1,0,0,11.636580642178078,1
204.3941183976929,115.34079916153499,0,0.001121175594699616,6.7649499461813605,0,0.003198138402043145,32.267222201406575,0,0,0,1,0,0,105.81377540603098,0
289.0353935988771,105.01322910106552,0,0.002170756835898501,14.404750363261059,0,0.008968848628364234,42.90096918578695,0,0,0,1,0,0,222.09472211420405,0
32125.413308527524,55220.862816434186,0,211.66229175851183,5.0721422292887715,0,14289.33306512279,23.693041669127453,0,0,0,1,0,0,127770.71107944558,0
732.4309189028462,501.9504582459623,0,663.16144421282,13.846260248836874,0,14096.749545575658,22.35530232139112,0,0,0,1,0,0,763.3168505147573,3
754.5592860316084,745.4815599795775,0,74.49325841988829,12.523114949534683,0,12746.37135745197,25.911277038828885,0,0,0,1,0,0,2036.7597089018352,0
43214.74714815785,74277.7225883834,0,793.850348781926,19.619389937252926,0,18748.05320653358,26.2895159869014,0,0,0,1,0,0,171867.4632624702,0
31559.776955155277,54028.23752800649,0,205.9481395900679,16.811851632370647,0,14552.182115653892,72.74321040601644,0,0,0,1,0,0,125139.27869744494,1
18952.475135387813,32263.27659951911,0,126.69152353785019,14.596631526052665,0,8296.751546221727,28.22116471515575,0,0,0,1,0,0,74833.94333842621,1
17165.13304421643,28983.5991513566,0,118.88447315153059,86.9865065866452,0,9003.06046788129,35.17446340875683,0,0,0,1,0,0,67366.02517846774,1
551.6564715316076,499.8824618930916,0,1.6323957491213241,20.464358950623186,0,0.037945546539644194,37.447705925879035,0,0,0,1,0,0,1405.1381833024484,0
22245.363803593835,37928.50730034538,0,0.9428036658981175,8.933309487837244,0,39.91960825933616,12.957036520346827,0,0,0,1,0,0,87938.79933462458,1
39466.58356632832,67675.086966225,0,355.0914341981727,16.084236533950417,0,419.45327480148205,34.542842592332995,0,0,0,1,0,0,156683.2314955843,0
38930.27088981826,67300.68084762302,0,330.4904520889316,11.014174135980443,0,20508.927875832844,5.986204100844195,0,0,0,1,0,0,155498.43658660713,0
39072.255426742624,66997.72173126186,0,253.4126234925544,31.695054974854674,0,18067.48604620322,39.031134025963446,0,0,0,1,0,0,155115.65608110593,0
166.73357580810156,231.3187079922087,0,0.00127797283778805,7.4151178109421405,0,0.000999553649394453,5.139611222600421,0,0,0,1,0,1,3.6960418397762584,0
11296.69104188797,19018.197575069895,0,7.670630558367072,106.50175677409409,0,1.9331440654151943,162.49608265913503,0,0,0,1,0,0,44236.734433036676,0
34479.088037976486,59075.30296060967,0,307.8981388765701,8.545127568727851,1,13320.888127461409,26.64929644402185,0,0,0,1,0,0,136800.11270824875,1
20026.362407590244,33993.816188496356,0,95.92033605280557,29.804283831607997,0,7427.463999032683,85.25276511300537,0,0,0,1,0,0,78905.2748907271,1
15750.12031883158,26592.256577654003,0,3.3203982024344123,23.304392583957895,0,47.49625076751504,40.6391936015347,0,0,0,1,0,0,61808.87596146761,1
29492.21215681147,49962.879826311175,0,144.5208011852497,30.00768909208445,0,6633.772267997269,13.397347978756049,0,0,0,1,0,1,116028.6066176001,2
31657.134311588812,54053.93713083875,0,103.29418705252768,33.71023821768081,0,11577.491374358257,62.91846534369328,0,0,0,1,0,1,125281.16535972842,0
269.4165248815276,230.32738554213287,0,0.0008803274612186593,19.978781344363,0,0.0008504114581722683,57.94092345373494,0,0,0,1,0,1,1.7521829314470196,0
20424.969955798522,34991.435670069455,0,103.47967392831075,25.360829504296934,0,7166.256906652251,29.784427871647885,0,0,0,1,0,0,81031.86648852487,0
48882.17657364168,83839.96896150747,0,115.56951882504839,17.133989184442207,0,13638.005403297364,41.49392107824093,0,0,0,1,0,1,194097.10051289212,1
398.8644046266565,276.6839759893659,0,0.00014513047530545582,7.037748495358973,0,0.0005359637315162243,31.336108006123187,0,0,0,1,0,1,1.152605536061661,1
31495.70432253508,53836.94315836617,0,410.1652256406528,9.456442075745096,0,40.50248292695539,19.749919769828537,0,0,0,1,0,1,124743.50065797608,1
40622.111440752735,69842.91489282447,0,929.3646664383027,1.256620986865254,0,49.50786336004151,9.730834115229424,0,0,0,1,0,0,161593.2188160735,0
17716.958273526907,29972.31052562736,0,1.6616980783284678,12.366490886510881,0,1.7946860953922377,10.531753797650671,0,0,0,1,0,0,69629.41923235104,1
341.85211687061485,284.2848567748456,0,0.0004413483479189174,17.26474480162079,1,0.0020394002148174752,28.526906435886477,0,0,0,1,0,0,1.419510976766629,1
19018.308925436257,32290.571935133943,0,95.05557535368061,9.400081679007561,0,8428.804031159445,11.18442207487468,0,0,0,1,0,1,74946.05878621104,1
361.6752625941198,315.9014620973647,0,0.0010502284410224192,10.622192488836951,1,0.0006928029814920551,17.997153636696417,0,0,0,1,0,1,1.1745317405439515,1
381.9137390813268,380.77670879370856,0,0.0011336138967611414,7.833624336422873,0,0.00046712881687537586,14.131468219297048,0,0,0,1,0,1,1.0555634551208857,2
263.99456528046744,190.25306681191196,0,0.0016539073356515123,10.870145213681635,0,0.0014314623786031524,32.40048649130738,0,0,0,1,0,0,1.8202167191335081,0
331.5781458182738,225.17224177477314,0,0.002592957056577116,31.494849370122047,0,0.027888361090154593,32.72158772391379,0,0,0,1,0,1,7.367226357657367,1
336.81061019007024,261.710024441439,0,0.001679764540855501,4.433333686230262,0,0.005050333587973826,23.287651322512804,0,0,0,1,0,1,13.988715219070189,1
315.25646015210395,226.0941207780852,0,0.0007406792882081643,13.054964149395287,0,0.0025787903127481,29.908657680734823,0,0,0,1,0,0,4.702553337380847,1
21457.688045742085,36348.207119686405,0,208.42399531171603,5.444803479987822,0,7322.231700179094,7.061579116763426,0,0,0,1,0,0,84412.43329036699,2
41033.20658540619,70276.70584558914,0,694.772063349329,28.10680658053195,1,74.48851619963072,33.016847011277314,0,0,0,1,0,1,162755.61532986508,1
21186.257991633054,35988.72945459178,0,173.26629272951737,2.9093394810894484,0,7113.129118612109,10.855077070861082,0,0,0,1,0,1,83519.08552614208,1
457.7254964772491,263.5367608018939,0,0.009821310317852999,7.135352295993373,1,0.007756024754674216,18.195914644477398,0,0,0,1,0,1,309.1277599391324,1
317.4249168455225,225.78240138210458,0,0.0008390961141203238,26.666797763360858,0,0.0014739330850834737,20.203246110014344,0,0,0,1,0,0,0.9077640069273214,1
21817.722190275235,37347.618712952295,0,148.5147555496844,13.138747375710718,0,85.9131698097103,23.2406737081009,0,0,0,1,0,0,86505.5798938708,0
365.0523111390705,273.29887672930244,0,0.0017818162027036127,17.947702048137316,0,0.00045161814639242773,58.7674020731999,0,0,0,1,0,1,4.0249733395008125,0
23764.44326746103,40738.99434626246,0,108.43426420268696,5.425673449168544,0,40.92826699817539,17.243734356683674,0,0,0,1,0,0,94326.26837546844,0
50752.4360633041,87253.07988943117,0,154.900519094764,92.03933710187262,0,10206.821974926555,22.774848666912277,0,0,0,1,0,0,201879.05192890228,1
40805.780944198654,69635.61039000843,0,354.0556883246425,7.689698295506542,0,11507.508043661914,49.645858021062764,0,0,0,1,0,0,161417.7008725048,0
214.79938363027756,156.1200008529473,0,0.0014236973460712414,67.14145319736286,0,0.0016137170311800926,51.79099528635907,0,0,0,1,0,0,0.42500593758889305,0
348.6424299147222,229.99702141824577,0,0.0016718805369030127,21.96051653341656,0,0.0007652833410948651,73.9270554257767,0,0,0,1,0,1,2.118868626203581,1
305.5997965558554,196.35514046039626,0,0.0007808089888132778,20.106166425449118,0,0.00016876288872834966,28.372507769548843,0,0,0,1,0,0,0.6152884396999745,1
283.876625310983,217.42843594073935,0,0.0007881520012745896,14.298864388429227,0,0.0003203047708045486,41.80348687572395,0,0,0,1,0,1,1.646348650316034,0
247.20090759275138,255.03860531318503,0,0.00209329513627775,16.92086324152411,0,0.0005362992710215209,40.6628095010229,0,0,0,1,0,1,1.6119362332098692,0
192.15582382360134,155.30513745155906,0,0.0004812526461843563,6.011616632501655,0,0.0005633854654083283,28.420856157298786,0,0,0,1,0,0,0.7282343678984597,0
247.00493236018877,144.33038820244542,0,0.0012892704773740217,13.39014437700344,0,0.0006464929981958823,26.654608160352453,0,0,0,1,0,0,0.46223056147384267,0
375.37975398334294,158.6266100378031,0,0.0011555556978733194,43.0985627808944,0,0.0047056022746903205,66.6276907334632,0,0,0,1,0,1,131.45594243943566,0
328.83546893980616,230.14452671794487,0,0.001445846651378323,29.284565548425615,0,0.0008590951500535239,58.58703739884968,0,0,0,1,0,1,23.556082761975773,0
325.8569294813372,256.34496339944246,0,0.0007943796380998629,30.468724350441608,0,0.0007910078922518896,9.224295732759998,0,0,0,1,0,1,2.0992938962759364,1
380.771692071284,360.0233442973678,0,0.0012262358985325001,23.403762071875796,1,0.0013720647144503653,122.6732347273995,0,0,0,1,0,1,32.265380745651136,0
368.7965501117708,363.7721373497547,0,0.0011127300852690905,7.58745373957986,0,0.002400453601023639,6.399627293846111,0,0,0,1,0,1,1.2760891314157603,1
48345.30680376308,83375.90245250812,0,304.8085601759386,9.464237147193826,0,6346.174252518618,14.43909130188658,0,0,0,1,0,0,192756.2906868401,0
20260.61136063037,34454.84106255832,0,150.80296368846783,33.365071144115355,0,7655.120346395039,30.5904189941649,0,0,0,1,0,1,79937.69951819758,0
49141.09520602111,84548.34382559902,0,229.89574194313272,4.600800238548489,0,13259.083559677103,5.219479765175665,0,0,0,1,0,1,195582.82512709475,0
37938.34835649006,64935.95754213082,0,236.06448241708836,11.990836913014945,0,15779.940308516874,48.498697670133424,0,0,0,1,0,1,150410.1621297949,0
6128.964093920177,10005.445962314487,0,10.101805259023903,25.612432766894333,0,5.107292186888031,8.84922679616066,0,0,0,1,0,0,23457.430960187583,0
451.78577048982316,455.3816179868767,0,0.0014727693443750709,4.56143310091034,1,0.00187445972664393,41.99785516268623,0,0,0,1,0,2,2.658382329100374,1
282.29529875085336,281.7361237017509,0,0.0010293081364328395,9.15873330386197,0,0.00040918171892216767,38.893397881616465,0,0,0,1,0,1,0.8761235160187988,1
471.1488810833735,362.1050927033326,0,0.0013976615295687494,11.895699249367109,0,0.0015371236834139954,23.7573778931592,0,0,0,1,0,1,1.1352744392403236,1
361.31562402310584,348.50065965425927,0,0.016860345108989115,17.85909970918294,0,0.25965164342457725,31.457687024559423,0,0,0,1,0,1,60.02911414635332,0
144.45775047264274,96.82071792021318,0,0.0016104605521302957,35.763923571716546,1,0.008340755215165488,12.813536600727918,0,0,0,1,0,0,2.3128937773498057,0
224.85744489191268,194.08397026422847,0,0.00493874906882285,5.1067675411633155,0,0.059005999027035946,10.91838496095772,0,0,0,1,0,0,16.847251942861092,1
203.10711518050823,168.4159420212951,0,0.01821247286462869,6.841289935509496,0,0.14315694084563862,10.959959400841866,0,0,0,1,0,0,28.524692691486315,0
47044.82892031718,81032.65540256002,0,188.90728536699214,4.270277383297731,0,8354.35897465022,5.954600919989991,0,0,0,1,0,0,187397.25370616716,0
21579.84102860371,36645.30916011326,0,936.7832480303199,8.604885720833227,0,14593.622617935622,22.78069078615772,0,0,0,1,0,1,85049.72786646917,0
101.50776950866192,89.95811005599153,0,0.004208107110341009,11.554414248726719,0,0.06204745404115866,48.83218791637019,0,0,0,1,0,0,14.659953557267734,0
2545.4914011786345,2516.2680512388556,0,0.375559622318314,62.263523935402084,0,0.2702694953427496,37.118176540029125,0,0,0,1,0,2,6791.3489838879605,0
294.8039660373304,238.39094022680004,0,0.0009416905581529926,19.384965077408772,0,0.001885870921149025,35.39346389750231,0,0,0,1,0,0,2.8768442001662904,1
31131.84420450621,53042.37321138228,0,252.05884366681119,11.942908017198912,0,9672.873807413253,42.59308295753502,0,0,0,1,0,2,123001.49620202457,0
11098.259585377997,18608.67131427175,0,10.008212447900375,15.904598904034165,0,6.510264067622757,47.432339540235475,0,0,0,1,0,0,43327.93826293869,1
23725.56239330497,40399.038790339095,0,762.465538455181,24.191763941061453,0,7716.2906384610005,38.69778015114966,0,0,0,1,0,0,93698.65181090705,0
582.5297267726227,359.34699041138543,0,0.000740821286119601,14.826721186071042,0,0.002281742440771967,128.58498502741702,0,0,0,1,0,1,18.463375503480528,1
40595.83481156122,69478.87509903045,0,9.33779533048888,11.920716033766109,0,79.1356198508804,34.85738328793457,0,0,0,1,0,1,160936.5164815863,1
300.59838194371287,228.95765626742798,0,0.001366018915253823,26.65662927334045,1,0.00020890369056237077,45.640394066598915,0,0,0,1,0,0,1.4504855816190259,1
361.5891165453038,282.6760972679242,0,0.0007573548337072549,19.378584510369116,0,0.0007254146434834875,24.359271791720886,0,0,0,1,0,1,2.388148185843393,1
545.4907708014573,202.82405344633014,0,0.35641137255795613,11.678695284695978,0,0.02283033845544408,38.41514615527102,0,0,0,1,0,1,681.1600898707824,1
20728.61199121631,34893.80283321067,0,209.0422845266928,6.212149116768538,0,10483.876004395448,23.92961802958213,0,0,0,1,0,1,81164.22308951283,1
283.9308908494487,107.2721419630186,0,0.005345498493913328,6.862546213072175,0,0.011122599048686241,36.483352453745596,0,0,0,1,0,0,215.51087842305583,0
335.4256476070883,277.90117700990055,0,0.0014158559874350727,13.09379101270499,0,0.0003871109801021299,25.978590172509232,0,0,0,1,0,1,1.760838529477806,1
139.30122300745825,99.25787175404467,0,0.000907573933740176,5.664800250656161,0,0.0019384303344909327,29.162250841919995,0,0,0,1,0,0,1.1094682798162838,0
21032.64970024187,36068.44715906812,0,127.7785584748259,5.003963114396719,0,7721.192755302568,11.694133895757409,0,0,0,1,0,0,83504.85317563606,0
492.3498572260641,447.439664563496,0,0.0009971179485329786,20.03005521389924,0,0.0005512815993963234,37.95412670041968,0,0,0,1,0,1,4.592695833066873,2
260.8988061297031,154.61130708735857,0,0.00023857606025870588,27.80616244497167,0,0.000643834937881136,60.39750227287162,0,0,0,1,0,0,8.918891381134603,0
20127.22805670358,34105.7709759492,0,91.67778480179122,14.23989979546613,0,7711.147296161925,44.072325030154076,0,0,0,1,0,1,79199.34113033774,1
364.26856803447544,235.0175886942934,0,0.000196969172907186,17.319776411606835,0,0.001038721401005318,44.04272141656857,0,0,0,1,0,1,2.4619096875147504,1
29448.879409259633,50151.28709386559,0,236.32684516443902,11.082225816313594,0,15443.538301624018,57.628750957953784,0,0,0,1,0,1,116313.34565691225,1
17919.8395798011,30295.741222199063,0,355.5407968959929,13.044677114300729,0,10017.93223632185,22.40017649401957,0,0,0,1,0,1,70392.05064187494,0
45909.26839081788,78885.95149138173,0,17.307098815894655,3.405511030365192,0,5.145291602715,9.934292984257727,0,0,0,1,0,1,182543.34795525504,1
343.6035928279722,294.69432351781376,0,0.0008263638294253296,10.761864233148225,0,0.0015627037793497249,9.564886497558177,0,0,0,1,0,1,1.9556214667944747,1
55899.57832753382,78522.6646951332,0,223.85571011917986,6.086620826676744,0,6628.858445586982,101.9598386803267,0,0,0,1,0,0,189931.32618790856,0
38718.195148630395,66153.90183575609,0,184.40269976793277,56.607990784123245,0,15394.553825846699,34.44770187709004,0,0,0,1,0,1,153300.0832311703,1
20472.36466952696,34793.5612675673,0,135.9431310127923,29.6480899094747,0,7053.486039617261,55.487066499615494,0,0,0,1,0,1,80735.97982838305,0
36300.261227143725,62226.31490220511,0,114.44501280733431,34.12903577733505,0,8079.500974905224,218.13198388124766,0,0,0,1,0,0,144079.22685156832,0
39129.549289175164,67170.15596888278,0,131.22819811476245,10.78823010029754,0,42.21682607557721,30.55878028610944,0,0,0,1,0,1,155471.44751672543,0
44118.83387987985,65168.03675332907,0,252.05518988886172,98.52064479963971,0,22390.99048465988,7183.8834228477945,0,0,0,1,0,0,156215.05300961234,1
23340.192297015637,39838.65475542143,0,19.878761175712924,68.1218106832795,0,9.766274309005595,51.40996267223724,0,0,0,1,0,0,92342.22287076723,0
1460.5507147655676,1691.47793834697,0,3.501987801994227,32.08317371618508,0,0.10117853234972488,37.40410355591796,0,0,0,1,0,1,4366.270859641396,1
40122.91312553407,68654.64346150638,0,256.4323378525096,31.56131874002606,0,52.58251199903828,56.575028013047806,0,0,0,1,0,1,159036.02307321317,1
23696.27439137407,40298.21748603319,0,3.13849138610238,24.97163444438477,0,2.6687353133505667,20.789720787131614,0,0,0,1,0,0,93493.19655706447,2
49531.48973894366,85029.94731577288,0,411.9025163900556,5.573116922928024,0,63.26836882549735,21.328204809782708,0,0,0,1,0,1,196807.29752229148,1
50524.549745323086,86510.45519365878,0,148.0296839602368,14.580059841043473,0,128.76788619885457,22.00086794022898,0,0,0,1,0,1,200364.6310415952,1
40368.32512085965,69220.08607388336,0,106.45104447256195,2.9956861433560613,0,11538.901866301652,17.202122554349735,0,0,0,1,0,1,160260.528260038,1
49872.74808672553,85464.81568540649,0,140.36210459959008,2.6047782147136322,0,77.06819720055688,27.917864897797124,0,0,0,1,0,0,197901.19904565573,2
45724.001818043274,78323.34935278876,0,173.2416734485083,21.508328877111882,0,63.52234199118008,78.22937228039316,0,0,0,1,0,0,181383.66715239498,1
233.4356024685286,160.3470549688905,0,0.0006715751301887476,4.073881297534102,0,0.0031710976831195474,57.519446350110066,0,0,0,1,0,0,2.7310010760762777,1
340.2339231844752,287.7401085864958,0,0.0004808971477090351,8.32649262640544,0,0.0010606801024654316,12.430779853341825,0,0,0,1,0,1,2.0221873796537864,1
641.2058656102911,615.4584701245498,0,0.004563038356887865,13.016636786594825,0,0.01974870527154963,8.928510167615979,0,0,0,1,0,2,5.21616306116946,3
37447.263569594266,63910.51248386795,0,43.15408459691066,5.809066462337235,0,57.853703881319205,67.1761009030102,0,0,0,1,0,1,148142.03720138618,1
677.8146104406595,787.9878970590792,0,0.00018790675948027324,13.616457306759122,0,0.0022533444860060245,25.45806406167621,0,0,0,1,0,1,2.415249167056313,4
42861.74802316736,73486.13347106434,0,311.81171426590805,24.84451189318559,0,8707.616530658843,11.66882849694303,0,0,0,1,0,0,170143.0032102942,1
35299.61974097715,59862.549916771815,0,1478.192272878192,5.904188748134029,0,14717.63734055858,10.670723153770982,0,0,0,1,0,2,138981.51863691618,1
21442.024847779863,36402.43622156524,0,146.5034814944291,62.41921843248531,0,16256.143386645472,80.76042167700646,0,0,0,1,0,1,84492.07386655056,1
36085.947837369895,61881.768080451715,0,1250.3073769589485,8.751544350159055,0,17502.35055313746,41.9908091977596,0,0,0,1,0,1,143267.8147542765,0
30417.048888820045,51834.57651819755,0,436.4691921549243,7.428517336311231,1,19861.388578448576,22.15637466186365,0,0,0,1,0,1,120195.87584668258,0
39193.31600490734,67505.0479379852,0,1205.8570974969157,6.036372503590754,0,72.4903028699397,13.792981786880805,0,0,0,1,0,0,156115.2999350501,0
20839.63935429235,35310.02608726058,0,1771.9608390383623,16.939754645832608,0,20459.487488454484,118.78798032727923,0,0,0,1,0,1,81997.63472883587,1
6334.54766721292,10228.745687698804,0,1048.432478738734,3.181391641092905,0,18276.097274697633,76.17689711720429,0,0,0,1,0,1,24050.706444274136,0
11263.180261326917,18957.085176314355,0,1652.1960861303883,6.326249175753958,0,13760.074571600358,11.438322730124934,0,0,0,1,0,0,44097.296169622496,1
35046.24282436938,59858.26757575852,0,579.9661198131882,8.188102715279568,0,7885.483221952462,11.938273874379544,0,0,0,1,0,1,138722.99181682963,1
38373.83013651914,65760.71649808378,0,1004.2141194407945,12.971705261704603,1,18068.956368321953,20.340636073237622,0,0,0,1,0,0,152274.72658851463,1
573.7118245962406,326.8174475168591,0,861.9672699425167,0.6685943503407552,1,13330.484979628505,9.17256577904364,0,0,0,1,0,0,855.7089179340632,2
947.2542925847655,551.8144285488349,0,641.1499297866801,4.866022273057629,1,16669.204706727236,25.359381241003476,0,0,0,1,0,2,1312.9711758318822,2
934.0292674251117,474.50110004768834,0,268.51407659895267,8.466629385701458,3,15268.848929568401,17.031317443056288,0,0,0,1,0,2,1088.9647551132878,3
10737.294215645685,14816.016896280214,0,233.95561468469606,175.07478038877002,5,16910.771383172705,7740.08199026939,0,0,0,1,0,3,2636.784622238237,5
15352.230241789737,25007.250973502178,0,956.7832938432321,6.064512403292355,2,14769.742860676437,6.27168802620661,0,0,0,1,0,2,58655.35444157756,3
739.2387834142404,455.0018248600817,0,567.4788804037287,18.92113850371465,3,14882.005017107193,2.605715085508904,0,0,0,1,0,2,680.2312286644067,2
718.8648942679165,136.95177723339265,0,711.503388999977,41.130880848407585,0,13280.860373213607,56.79846802419565,0,0,0,1,0,1,843.8686932268876,1
1410.0514612562379,806.6829145048979,0,929.6800849127045,32.80462135643105,1,15227.762440673829,117.67424339275557,0,0,0,1,0,4,1809.2898687304164,3
1964.2818235389,2012.517826355759,9,110.28681033649636,5.479685377394145,9,12106.686549219281,11.931173410520636,0,0,0,1,0,9,1479.4583557006526,2
34577.61441928144,55137.635195330426,2,230.38873062381265,38.10856203444538,5,158.08438062803447,29.802366825502375,0,0,0,1,0,9,130030.83409355863,7
1327.7686838885759,1024.0521770599332,0,358.46895364622594,16.937966528804704,3,14932.271772015163,11.271874254807276,0,0,0,1,0,3,2790.169541520025,1
18849.683159323733,31556.235306154824,0,186.55862710280294,7.13863523571805,1,8236.221420439972,84.4035279836528,0,0,0,1,0,1,73505.70005064098,2
47613.38271999063,80646.98999793036,0,182.85716435729097,7.4846974842952,3,287.6961200782616,14.968592472682854,0,0,0,1,0,2,187294.10177851617,3
1049.1441009876512,705.5045861977655,0,612.505526146364,91.55484512514458,2,12198.373962087828,8.408132750707923,0,0,0,1,0,3,745.8892847527127,3
36182.60105713761,61436.2986153528,0,172.66231261147743,17.56475145986098,0,15853.204931609409,18.027638117233984,0,0,0,1,0,1,142592.9705707549,1
32192.474575519365,54806.44211166439,0,235.4229266769,2.756012958882991,0,17387.37110760241,9.77030998800177,0,0,0,1,0,2,127116.70313667093,0
41917.85958470859,71136.5290497238,0,212.12086173927125,10.033131336198032,1,19449.86063924386,15.962914508471265,0,0,0,1,0,2,165127.45143892145,3
26057.799602076582,42927.26629788615,0,592.5293066731855,36.575652474424004,2,7341.823047423128,82.80811515496713,0,0,0,1,0,3,100403.18896993429,4
22704.21877191098,37169.88393222184,0,33.03796911604231,13.1390759800544,2,61.25675615353097,45.803274975783694,0,0,0,1,0,4,87074.0606990679,3
20235.164719261593,33283.431839749515,0,17.132430489112792,1.7803648106820171,1,343.5093634127727,7.5470881760916795,0,0,0,1,0,1,77871.06016672001,5
46166.123534302256,76334.90841086353,0,977.962100070723,9.895545361273113,4,7382.220377966406,9.311400552153536,0,0,0,1,0,4,178359.99938431082,9
7972.830801447571,11834.706836540761,0,1700.3969504341385,15.484156365721589,3,12215.850135360746,8.75527836379986,0,0,0,1,0,4,28432.916528322912,2
43611.991694196375,73654.48894457221,0,142.03811734686855,13.383067224317026,1,5195.151202054586,22.862266757864173,0,0,0,1,0,3,171180.7123998636,3
33729.172092402405,57300.161651020666,0,342.16714947178775,8.476416302205331,1,8651.539958278874,9.892713638273984,0,0,0,1,0,2,132973.17672229337,1
32574.27906229375,55788.71946716883,0,285.2195318314333,0.3181134381105401,3,18510.705772607296,1.4489447869742669,0,0,0,1,0,1,129202.03980493758,0
29091.644770766026,50220.95942843641,0,240.38289988124487,2.2296146445736316,0,14697.717494142242,1.318182303799461,0,0,0,1,0,0,116076.8007081734,0
48096.338725092806,82994.97978017246,0,98.46733623156291,0.5250312343509969,0,198.00025777922923,0.3779224645940489,0,0,0,1,0,0,191847.48833479485,0
22258.404895033585,37005.20032772569,0,1.4799125972710023,7.688864383686108,0,49.51448111021069,16.08732686419736,0,0,0,1,0,1,86345.20550505252,4
1196.6910709937329,823.8900112278595,0,593.0977643845083,9.11079731906057,1,16023.426807656357,33.30347266276884,0,0,0,1,0,2,667.1747697445377,6
564.1832792724863,325.86881073034266,0,390.02697622200077,42.84948224339557,0,14639.340390131716,40.032726204381405,0,0,0,1,0,1,526.7023146685573,1
663.6743356199788,391.7358037881769,1,826.5972557726218,30.862205762980718,1,16623.650353370835,26.743417989665243,0,0,0,1,0,2,808.4944938401778,1
34937.091268800155,58876.98996371217,0,717.8333796404037,23.09994850503039,3,8292.106607170861,23.016347440493014,0,0,0,1,0,3,136908.7728533817,2
61362.52986918896,67436.17282314677,0,292.55368776925684,265.5696890275812,1,17254.022559602832,13688.040148778742,0,0,0,1,0,1,164313.37460911513,2
41475.97576153589,70535.71495828005,0,204.81605936493403,27.01578874637374,0,17358.18843931449,12.525375867828604,0,0,0,1,0,1,163645.0387391802,3
33090.93091465395,56251.9930103342,0,401.2229783907579,32.90612250368039,1,13861.643422301979,44.638413198081935,0,0,0,1,0,1,130520.53367324799,1
7848.78109747724,11888.962546506777,0,0.053393036729407005,238.60154974993645,1,0.38188481472857594,8805.155742718072,0,0,0,1,0,2,184.4732992828276,3
6719.596550239583,9682.134464664416,0,0.03749802725505474,173.14872658787988,1,0.23381367049357069,8127.616489339642,0,0,0,1,0,3,102.66220641291967,3
576.0519440682185,531.7671777955288,0,0.046627686817501277,14.082245339582606,2,0.13957434052332177,8.74205862353445,0,0,0,1,0,2,53.977331338101465,2
22103.544088069266,34838.50514426482,0,139.2373461755053,9.820296739136248,1,6700.177582325775,24.445534823181735,0,0,0,1,0,5,82410.54649173208,7
22813.533384030747,38014.205782177436,0,89.61299691246714,14.39849976563162,2,8880.679951153375,14.93488460827747,0,0,0,1,0,2,88649.73602820373,2
34305.433834830896,57879.788308009185,0,251.5602392377839,0.7981529767020848,3,16393.807347178663,6.983296015000899,0,0,0,1,0,2,134551.5546732844,2
31792.54068367928,53156.42161555986,0,790.6334270461481,22.511888350753495,1,17480.82841923517,6.074816456404285,0,0,0,1,0,2,123854.68155857189,4
35813.48691647167,59646.078769054766,0,241.25718094457187,2.2211320259788314,4,6359.70823568074,5.680237795539915,0,0,0,1,0,5,139109.4777036007,3
1383.792023627949,826.879548454625,0,64.68247662078346,37.499877474109326,5,15326.12796432864,45.11251159388143,0,0,0,1,0,3,2294.800180194027,3
1440.681423471267,812.9389801924603,0,966.5343358819505,6.6014462374993315,2,17067.297176903914,20.375127011248924,0,0,0,1,0,3,2201.448855988602,4
40385.60753769576,68111.07748897761,0,788.6325952965229,5.871063066085437,2,19040.57409538645,8.614505328677877,0,0,0,1,0,2,158352.33440841176,4
555.5075831628324,290.8719217822687,0,0.07652230361829612,89.2687487206306,0,0.6748651881452026,9734.97684922299,0,0,0,1,0,0,683.1337964828987,1
71656.07756016684,71103.52501646156,0,882.9028117730743,192.18916990569676,1,17949.126027962284,17995.093620865533,0,0,0,1,0,1,153802.99377374625,2
27856.535233085924,31813.14400642042,0,151.4075690713065,193.81068882336774,1,199.39248540376872,15726.049633787276,0,0,0,1,0,2,78463.75166484837,0
1152.7293063924049,899.1374220207946,0,210.41694858957365,87.53307194788864,1,236.5631992365662,285.94330717886646,0,0,0,1,0,1,2617.7618965216616,2
1568.5864785929932,772.2430695435828,1,140.68096734746538,151.06793000884753,2,7383.00841525128,9649.280321514814,0,0,0,1,0,4,2221.0419670259985,0
22274.20146993601,33514.25622970144,0,967.8090415086392,145.63385346831177,1,16420.044411985826,9075.3088511694,0,0,0,1,0,1,80149.20680056661,2
27699.396241868395,34457.99834622222,0,170.69497307326347,202.50801742343035,0,122.89031948837288,8726.706853532989,0,0,0,1,0,0,84574.04847477678,0
7657.335574919208,11119.79282330159,0,133.32737034297867,118.0400175040511,1,11276.337042233687,8095.8855191747425,0,0,0,1,0,1,2272.2910279201046,1
48978.76138702549,47131.952422285016,0,429.4980165081476,297.18462334096097,3,275.61959597384356,17076.687854686803,0,0,0,1,0,4,85367.70550828417,6
57567.351439152735,60769.86397679226,0,237.2196829625061,153.12088039946573,2,17162.475431936167,15490.102115750935,0,0,0,1,0,2,145653.6758644555,2
60394.18797276398,64930.58895783219,0,474.34526652637385,288.5807294384117,3,13445.218467118413,13955.977167240042,0,0,0,1,0,3,160571.5629332136,9
62202.202478135594,65175.074492229,0,213.54490929021762,543.8977904582694,1,7932.769124489334,17362.729478238718,0,0,0,1,0,0,153900.99443863553,2
26125.893171462405,42331.43107716884,0,358.16924991237073,280.36547203916655,3,14198.842801792105,18833.068240136803,0,0,0,1,0,4,1665.74474776654,3
47430.0310141483,49742.87172504207,0,410.7368032093101,239.03596227016578,1,13248.427261830424,13892.063982526353,0,0,0,1,0,2,120066.5732225419,3
66111.62450919821,72317.7864548332,0,190.07465018026494,250.47584833391443,1,17066.521187114828,14225.139103587075,0,0,0,1,0,2,175751.44998243614,1
27881.42687344644,28406.1464233894,0,365.39138567650696,173.02045448824305,1,12711.411970912664,15883.711589616858,0,0,0,1,0,1,43194.322752340995,2
30759.76544852347,52393.06571843106,0,232.13246721300726,12.15917930589232,2,8885.253718010445,29.940143469986186,0,0,0,1,0,0,121505.37330398137,2
59609.62300386066,62878.43715200031,0,366.67362366324284,280.3544602140097,1,13648.059370777744,17599.414894946818,0,0,0,1,0,2,150350.7293362656,1
32277.909300833096,31091.01973417957,0,180.06715511937225,318.19170318557167,3,10777.811641468092,19553.57460471493,0,0,0,1,0,3,72974.24639103668,5
63089.56360937132,68729.79585204116,0,641.876674389472,139.0692539213501,1,16413.93763326091,20566.449460092146,0,0,0,1,0,1,166430.38751664438,1
49213.65171593403,53262.03240683559,0,109.33067212744757,148.9010675112547,1,8239.165628475053,20303.625779162976,0,0,0,1,0,0,67471.93295165565,1
56604.079349265325,70166.69364351411,0,1183.5439165000955,46.192286258855226,0,13887.851777076889,9376.905661291925,0,0,0,1,0,0,172266.50255559222,1
46972.86204456007,46873.35612954592,0,101.78443243924681,187.1069951338244,0,6232.565405274495,14982.925561120617,0,0,0,1,0,0,98092.15366929056,0
46806.774900587334,50141.06829513659,0,238.83602106248458,9.40188609915742,1,13074.993201855288,18333.893977623295,0,0,0,1,0,0,120425.27073519227,1
58278.24315293768,68996.51127302113,0,219.0114513816966,27.873658334571545,0,12443.732417010004,10925.961711450058,0,0,0,1,0,0,169499.38327500987,2
44108.57935803067,44534.05495225403,0,340.3487543051831,98.85598967781621,1,13615.529022858882,20331.740811916177,0,0,0,1,0,2,71540.54976806148,1
74776.65926567427,74836.40535265967,0,245.4276880093388,454.4613046212727,1,453.2205638567509,20284.2890951144,0,0,0,1,0,2,164358.62704141063,1
32613.857104523635,53871.254933818665,0,214.65504402436258,0.7216083386321829,2,17250.91670780964,0.18178136162785136,0,0,0,1,0,2,125910.7810397174,1
30204.46934839074,50266.867623471306,0,680.6922495270582,467.63507056266855,1,15725.983764458026,19231.646254856765,0,0,0,1,0,3,472.69051236283156,3
56261.66546286951,57041.64858649093,0,259.486070070373,501.24402785245627,2,18476.24893891909,16851.285894350738,0,0,0,1,0,1,130620.22819605387,2
19242.147822456573,28001.57294296904,0,243.79648962799325,8.275519643339313,1,15635.552244945016,2.8408160521410446,0,0,0,1,0,0,67474.0333456723,2
1653.915188699451,1677.0183921503337,0,132.1773689462809,160.99538427418443,2,17456.973225768612,394.99012919593423,0,0,0,1,0,1,4497.930184586912,2
64746.58640820051,67578.1152002089,0,914.9331090460587,270.08404630195923,1,11277.507883671475,13722.762692366265,0,0,0,1,0,1,159711.40906452428,2
29396.347989301685,50752.47848544091,0,283.7899437916849,16.203612037648096,0,19173.285079741137,1.6382489231573674,0,0,0,1,0,0,117302.18769392188,0
39223.00912940164,42190.47576468893,0,339.8688772739972,258.99382999013756,1,17545.279121188396,15129.925207350158,0,0,0,1,0,0,101999.79161441291,2
70772.93738548188,71384.6104484603,0,306.1802223321833,258.4479636426831,0,20361.356339552804,19673.109346302503,0,0,0,1,0,0,126493.52792074828,0
40252.12170143817,65778.37024990136,0,481.0972300170886,1.602619299711777,0,14638.769505713992,0.10698317374642949,0,0,0,1,0,1,154147.3023331543,2
21586.59206067824,36183.26210247216,0,140.20831251561023,210.28734692368778,1,7731.916511786957,18103.881833886466,0,0,0,1,0,0,1552.3027960101397,0
53583.61577433411,58425.74670688063,0,608.2606375338609,229.7645330155582,1,20231.55402448853,21298.382253928175,0,0,0,1,0,1,141822.1514497763,2
1238.5836741745877,778.4575813982459,0,181.5511937964055,171.952646103554,1,14381.717993799157,22931.415246728204,0,0,0,1,0,1,1949.440658075587,0
38585.817525736216,39762.00104743839,3,282.72419730941056,362.16824480502964,4,17058.68293031049,20998.379175114333,0,0,0,1,0,6,53110.367169192774,1
11770.525251794104,17256.81755197821,1,1092.6067387781097,218.80086056654847,4,11968.429360902466,8189.720047296703,0,0,0,1,0,8,334.0259020027443,2
17338.187350071257,28140.867904617666,0,113.26720314736741,199.45332183942168,1,14295.630921794054,16230.733986445024,0,0,0,1,0,0,1453.5884461013397,3
8266.236015921388,13223.568051729297,0,787.0897010334442,181.0147968042876,0,13094.42482441371,21864.295448506535,0,0,0,1,0,0,572.8448807810695,2
22380.806448684547,37201.597247373,0,361.3154853496852,32.03627246458733,1,16403.370086960495,24884.63513839609,0,0,0,1,0,0,1065.8559273945582,2
20275.177412005603,33096.604231873345,0,94.67997087497244,252.6048764991421,2,15303.958791721749,20181.54995730549,0,0,0,1,0,1,2004.6141114164159,2
27130.62284006917,44968.20217004438,0,788.4307591373428,260.5615161873118,1,13010.117634329272,20198.4219924484,0,0,0,1,0,1,851.2505302272714,3
1064.645886611168,1430.9267558534898,0,110.9049919389401,86.68011033460675,1,15667.845832206373,197.3254361492863,0,0,0,1,0,0,3532.1829380010395,1
19795.685084204626,32283.648432094138,0,87.61830024225905,228.3899110371334,1,14155.99143117921,13446.454845402457,0,0,0,1,0,1,1492.907469820188,3
10492.47516046335,15742.692021245197,0,170.866994117317,155.22045953802692,1,13250.1004768733,17056.705508671017,0,0,0,1,0,2,2783.6700446937443,0
26728.78846554759,44709.46867863948,0,223.16102138617032,282.49001837408747,1,11975.346932930273,13495.361402124492,0,0,0,1,0,0,1478.654320893356,1
48304.69479111574,47609.500350638446,0,709.4952086855252,233.59450658710406,0,17538.737660018876,21639.269038261846,0,0,0,1,0,1,103411.7574810652,2
27905.366642052428,47175.00197120977,0,49.84505720459279,451.83991865294865,0,7867.684232091753,15745.435861930378,0,0,0,1,0,0,1771.776622381602,0
47482.91602275274,54050.3624750251,0,457.5785470343235,17.334303910096565,0,9481.319865601827,10172.010689363,0,0,0,1,0,1,132320.61534083306,1
15274.154733601841,24358.546863404834,0,26.240179626010494,159.87485293323633,0,16324.583051739464,8230.842311110386,0,0,0,1,0,0,3499.103266120105,0
8859.275784280662,14815.856336131834,0,115.77043766842459,0.0015404367025213081,0,9398.959113870522,0.0035944484768023464,0,0,0,1,0,0,34520.51536743609,0
28681.872283588593,47187.90665952269,0,506.2122011101034,306.0616309812036,1,16466.40510026655,17178.528913798888,0,0,0,1,0,0,3125.438081294779,1
47284.744337301905,49949.30783444822,0,140.67879566824672,53.475478159773765,1,18093.41532924048,9033.913793894271,0,0,0,1,0,1,119336.49295085348,1
33063.43330113174,49616.12818823716,0,836.860107290363,159.73228691674808,0,13539.979973546682,22782.55823912014,0,0,0,1,0,1,118703.1688567207,3
49279.67149603452,52510.717266224776,0,423.79583242578065,207.3229623751895,0,12350.342510959546,21287.58936682631,0,0,0,1,0,0,125525.61764026975,1
39690.40266045162,39340.23178540876,0,236.49819338944377,245.35250506541146,0,16974.79677430635,15236.342359112605,0,0,0,1,0,0,78168.42429445905,1
47420.51636613295,50567.19171992811,0,439.89411469278673,141.33825946306064,1,20556.3074283085,8053.14448448231,0,0,0,1,0,1,121614.73596228598,1
56135.22904017147,54300.92081256531,0,270.3109065331221,350.91690270919776,4,186.1493281574655,13935.427116105873,0,0,0,1,0,4,115901.36224126139,4
32417.372610997165,54788.21048396801,0,8.595260914995864,85.85539154045337,1,86.42458423928133,22555.397814278895,0,0,0,1,0,0,1339.922806012507,1
32759.7636499826,37822.82297882888,0,150.4040681471111,232.55674658870367,0,18457.405235772436,20541.981265573653,0,0,0,1,0,0,38551.767220070215,0
30536.698257275206,52172.902250285275,0,758.6940611978213,272.53429468703456,0,7482.21803418895,13513.31483540191,0,0,0,1,0,0,459.85564322365167,1
38648.233167746126,42951.779914166764,0,135.760056679983,264.5559807511563,0,17280.515169145525,19593.76259030815,0,0,0,1,0,0,49678.2666555054,0
54229.72564283545,53624.59645826659,0,292.72796541478084,322.3074034795612,1,18840.49879654166,13628.132216298302,0,0,0,1,0,1,101946.77259996238,2
45396.70456190346,54484.12847531333,0,210.3469407105354,339.4389853618419,0,13686.245319902859,18226.12361449508,0,0,0,1,0,0,47631.11938147838,0
13135.457895369851,20871.448788393318,0,303.87674924050816,200.57186131315092,1,14159.122364395738,8075.471037320351,0,0,0,1,0,0,541.4390416796423,6
30131.021222585838,30086.608623872256,0,225.18680409707193,6.324071018737987,0,15443.992824037588,87.13430282643458,0,0,0,1,0,0,64988.72026165406,0
31798.247857955455,35888.31597270289,0,13.14644500074342,177.53562961927622,1,155.66351426773332,13553.613147229466,0,0,0,1,0,1,37940.82777635079,0
34991.543668812345,35492.777442251674,0,147.23884494033962,1.5335706672400085,0,10849.150476567305,116.42810771488689,0,0,0,1,0,0,81003.52123806316,0
33563.240814379744,42902.81345485465,0,142.83913768382888,154.6688152466717,0,9681.546289555537,8406.40583987513,0,0,0,1,0,0,29164.7315840407,0
28545.322290663622,28625.626570254877,0,206.48882995299076,106.88117908643547,0,14553.566030413946,7894.843780563753,0,0,0,1,0,0,45952.48374540036,3
55038.23627262756,55033.01539321366,0,238.57993008918112,350.16263896330076,1,8685.274243445478,18294.797442684878,0,0,0,1,0,0,102047.57781920515,0
16098.221702663901,20583.659429976575,0,296.55096991534504,143.51317244755413,1,22114.26405654194,8555.307417916734,0,0,0,1,0,0,50656.75719213071,1
26323.929365915345,44572.340830589725,0,245.72605275992635,428.4617470109582,0,20721.781454381315,20094.132144315292,0,0,0,1,0,0,103522.56671416794,0
4545.398640443684,6631.557920551484,0,0.5250621495360348,55.968321041554056,0,0.42690743620208477,17353.944487391767,0,0,0,1,0,0,2159.11489067862,0
42246.985596015926,43262.01222696856,0,547.650920333119,39.923921204939745,0,15565.779525126,16522.77553425178,0,0,0,1,0,0,68676.20140025571,0
37715.70586424181,37650.557144092745,0,222.6279400470272,232.47840495788253,1,20111.685154491985,14196.869492750542,0,0,0,1,0,0,82360.31631290211,1
26275.823826179636,26535.316114231457,0,161.23914830827115,146.56535462817146,0,16350.249841898387,21066.2920224073,0,0,0,1,0,0,43895.18431836242,1
43546.457041568465,49298.75655799721,0,148.09747463301977,211.4309506125128,1,13832.937072533658,14882.279094475429,0,0,0,1,0,1,50719.0033879298,3
59914.09156941466,59845.81401431802,0,287.56460742613854,360.2244597536333,0,106.1448962597114,13604.506097170717,0,0,0,1,0,0,121265.6190431882,0
41562.49584495375,41911.154325896416,0,238.2536344040326,273.22043922572345,0,19622.900475904815,7791.7892035106615,0,0,0,1,0,1,96512.31380998489,2
36783.46826945089,59636.64442363205,0,0.5046101490264802,282.83309474214,2,11.162241739812847,17051.034459036608,0,0,0,1,0,2,4205.851970204419,3
41277.997706910806,46312.88949810827,0,80.27425516837,178.46776222889451,0,8397.50458126709,15241.829647583985,0,0,0,1,0,1,50233.510745608815,2
8222.404285289314,11701.77713272552,0,0.17061116833886275,129.00803064620982,1,5.665747520741718,8038.3837270875065,0,0,0,1,0,2,3322.6216679683275,0
27835.64619653565,46804.06285126545,0,157.45976422659987,99.55851100392167,0,200.3449965001319,16426.73310094918,0,0,0,1,0,0,1066.1498232065983,2
30484.852307645033,51161.85388305062,0,121.0111159776211,281.88100149594226,0,8688.000521389236,13891.253207065485,0,0,0,1,0,0,2500.1742215605655,0
29468.761267700957,50033.26356010285,0,582.069499475327,244.11330110446875,0,16694.65033025204,13385.850533376335,0,0,0,1,0,0,786.3826665721551,1
13075.917869088604,22572.00080941544,0,115.43640680017376,46.95018561152556,0,8501.547234011092,107.40282246024512,0,0,0,1,0,0,52171.7552889842,0
46967.85613556043,46885.89729484117,0,224.9881579886998,264.0207000296458,0,21671.384257531914,13730.124116726853,0,0,0,1,0,1,83447.97758143119,0
18938.167166973428,31862.62975457949,0,185.662175627231,230.74288155952988,0,15319.209470564056,16648.142165470927,0,0,0,1,0,0,74120.29346544057,0
31869.836760691538,31139.282796488016,0,511.7923373226756,53.78805569176839,0,21325.308198202052,10102.562414994001,0,0,0,1,0,1,64125.83128824792,2
27187.100304930562,44481.616801542295,0,482.13435229753816,370.2702728084304,3,19293.40152057063,18486.11564834503,0,0,0,1,0,2,1522.950725311251,3
35872.31026211086,60141.908605072254,0,82.68901316729878,284.8465284152281,1,14610.442398926825,17903.676267110644,0,0,0,1,0,1,1880.4242485973723,2
30887.50254741324,52372.54706311454,0,616.4654141120345,90.08135939510268,0,11533.677397477182,17536.62421996319,0,0,0,1,0,0,409.249102147366,2
23953.426792651295,38700.89495105467,0,489.7470231001558,244.47303946515137,1,18457.481909680893,18071.139973152003,0,0,0,1,0,2,2071.2834372365924,3
20039.009580480593,23303.2281329462,0,139.78411392963014,91.60125440500809,0,20762.124821807334,17097.46696112512,0,0,0,1,0,1,20260.26792213348,2
25654.618373147932,42782.987850826794,0,77.03699464279319,162.31073644139815,2,8631.1410505021,19218.06120884318,0,0,0,1,0,0,1543.613386722951,2
27295.877909075723,26237.797535954323,0,690.274036435856,105.36965587973229,2,17056.238616689487,9845.443780222202,0,0,0,1,0,2,42088.68076316368,6
33244.41692846979,33950.949654275464,0,284.5005939349706,377.31459529378026,0,19980.323826658598,17656.75816853394,0,0,0,1,0,0,53710.94328677692,1
34688.86267962358,35182.20917087784,0,452.7657183705349,221.04977981627457,1,17587.922950403135,19416.97558306802,0,0,0,1,0,2,48482.13917441406,7
50140.43526791411,52192.13485201145,0,283.61771750387607,182.404538794495,1,20545.402705269975,20181.543285209642,0,0,0,1,0,1,76051.39889494551,1
53151.71344217991,61904.06643664029,0,245.23264521097667,284.7375897936173,3,20136.692540498712,21020.793520093554,0,0,0,1,0,3,54477.300048835845,6
24716.21655975997,41680.11089516103,0,123.81991685404371,280.26394024805955,1,8158.171072901364,19739.83650881364,0,0,0,1,0,0,937.6221050160141,1
43001.46255385485,44559.60427403923,0,417.5984426658103,254.87061387917987,3,49.54575738016646,15053.22127934344,0,0,0,1,0,2,63051.57468381899,2
46505.01861679212,45708.533338568035,0,51.041728715303435,199.01081041476968,1,10203.078906241608,14725.331642815034,0,0,0,1,0,1,89272.46199798668,2
39488.6899291195,52594.615802910215,0,190.82382958248172,367.08856311408954,3,10206.709051528665,18560.33796708309,0,0,0,1,0,2,25857.132172435213,4
21472.398487932693,27909.781917039738,0,89.59268773477297,492.3277773358238,0,8891.776907521262,8407.704450810541,0,0,0,1,0,0,16775.920776709885,1
4664.209238159538,6913.790017041247,0,174.58696983132114,278.5185593375245,0,8639.257679198483,14888.660049414195,0,0,0,1,0,0,1324.7631110877817,1
20794.795998770398,20372.4027630646,0,320.24207701107275,4.620360473025626,1,16679.44651560659,8.772673787159142,0,0,0,1,0,0,48085.93182150473,4
26538.632250176368,29044.588206596945,0,258.7328397166846,187.3477287636039,0,15885.85110352901,8563.876692189344,0,0,0,1,0,0,35892.96978145554,0
33483.414888225416,32790.80714986126,0,218.42379678530676,178.1083974234408,1,20967.928549801123,7578.193914606908,0,0,0,1,0,1,69241.2928035518,1
11218.63839732469,18841.662483566462,0,190.01307926763832,0.0010272083389903147,1,9461.573228619633,0.0019053825389338673,0,0,0,1,0,1,43851.006834037944,0
46662.65694416619,55773.839660064965,0,244.71853255591049,167.23404688450563,0,19687.912515635082,20015.02052680289,0,0,0,1,0,0,48774.77283757666,1
13215.14910655322,21507.396149363434,0,3.2678619037771077,112.46987498436857,0,1.598832933432321,16121.607739758281,0,0,0,1,0,0,1216.064035735812,1
49215.81271134997,61381.56116405279,0,208.9978933729477,308.599722483993,0,15320.837587476915,18222.520812647264,0,0,0,1,0,0,46265.9059769187,0
37828.13955256726,48258.00549078629,0,221.84150774076696,314.8395509837573,0,15478.686480017917,18245.952972480874,0,0,0,1,0,0,31983.13482385713,1
25093.168555056203,40296.04050417321,0,0.6369196252140199,267.1058783028765,0,2.6004890167870403,18908.1610018158,0,0,0,1,0,1,4133.168794648926,1
42769.25539497973,44976.26556485807,0,273.1757652069234,337.39542584190735,0,20586.463661287788,18682.35532316538,0,0,0,1,0,0,62674.52412685795,2
52955.89076277298,57746.34003171278,0,167.19604158114026,287.93156290499235,1,19396.65174826119,18029.766354894302,0,0,0,1,0,1,68875.01802064184,3
30394.067917560493,31706.822958570716,0,239.41607511606918,149.12163202177362,0,14785.187174353989,9176.492324493744,0,0,0,1,0,0,75161.35866167642,1
53772.43393030137,57037.187773003316,0,577.3248721914247,247.90012940198636,0,20452.981431699485,20308.33028944989,0,0,0,1,0,0,77384.40237748556,2
43232.44771022812,52418.80407593169,0,429.30484928032683,306.0813736797826,2,20682.24235401292,18001.943925310316,0,0,0,1,0,1,40791.053379795296,4
40824.70756414548,52587.257792621254,0,239.93684303770266,257.4374925412256,1,16069.068690792594,18161.10815533973,0,0,0,1,0,0,33627.08082599722,1
42929.924897602876,47463.45336831264,0,387.6074014823065,242.61478700880633,0,16906.341641770912,18066.38691746595,0,0,0,1,0,0,55387.24458826379,1
46353.288525019154,65670.1335456786,1,124.7888624360124,451.90878756499274,0,9736.380335487223,18159.436868680095,0,0,0,1,0,0,25709.053896533173,1
30088.590536853764,43089.07518845835,0,149.99554126479185,145.96689314599342,0,20701.495342402082,15661.432413849114,0,0,0,1,0,0,14760.039240887274,2
46039.17382885795,56216.10188389497,2,251.66468130165896,251.03730685701615,0,19747.539444256832,19744.320783844676,0,0,0,1,0,0,45144.31850317053,1
12582.975604504305,18368.960700292206,0,5.373531232769324,158.6939740740915,1,13.624105906082628,8270.419349155602,0,0,0,1,0,1,1939.335473446102,7
26008.043891154055,28225.809486622107,1,258.1194877330429,82.0699127198898,0,21611.581615534004,9138.86070393613,0,0,0,1,0,0,33653.555595092264,2
48317.6748196456,58581.925260839045,0,302.15516900106417,276.74478372487533,1,16663.37918261468,20002.349719928905,0,0,0,1,0,1,45309.69496198911,5
42228.710026284374,53378.04699925195,0,355.69478470262436,250.4952686133463,1,19690.462765435354,19803.334345517564,0,0,0,1,0,1,35818.792827415586,2
41944.37239233971,57212.80283042649,0,220.0751910746166,283.3191232464538,0,15965.092496923224,14456.681813144247,0,0,0,1,0,1,26650.575445259958,2
51371.562172149104,58452.67300661845,0,261.7109135868718,349.9006923633224,0,20354.678456158174,19163.016565592538,0,0,0,1,0,0,62859.887551669264,0
33553.23670023072,56270.38098307685,0,823.0163249274591,335.89221219409103,2,9619.509604199418,17553.20347270108,0,0,0,1,0,2,141.5586526607643,4
31653.33012110482,34723.01626869884,0,193.11152616580495,130.65126438213773,1,15663.885604747826,8121.817730246818,0,0,0,1,0,0,41793.69350547175,0
39667.46056523648,56451.67823247531,0,596.2714569566623,228.437587232724,2,20618.17551386699,18773.535562105186,0,0,0,1,0,2,19261.77623136347,3
46764.13263857209,55941.49839763562,0,258.2754257036315,208.7423404108731,2,20203.724950918342,19035.8817319722,0,0,0,1,0,0,48885.373791483245,1
36619.85013630345,61268.976624158255,0,61.81923584896167,318.3908912852024,2,19165.06847116382,16882.263588489885,0,0,0,1,0,1,292.0909562545953,6
35084.264967738025,58627.50157999494,0,12.835295027481944,334.4268601289299,1,18305.352531653334,17577.59340219765,0,0,0,1,0,0,2482.9380567339886,2
24760.045826998175,26196.67811612149,0,232.81278301273812,170.8295082991292,1,8962.335932408634,8311.175349158792,0,0,0,1,0,1,31664.339956221527,4
35975.30813309827,60692.06134587778,0,113.61159624818826,208.30878191015216,0,20298.411536305677,19819.992154965643,0,0,0,1,0,0,2783.9324668004992,0
47096.71392804722,48686.56134331642,0,508.4214825689729,261.80640398408667,0,19116.365635414324,13781.52731314598,0,0,0,1,0,0,72451.95779864893,2
44214.80697206646,48453.80042921295,0,665.7255659514584,146.37450466755735,1,10093.39175769809,21410.5678647178,0,0,0,1,0,2,55647.08872566776,3
24942.468874543963,27126.42033281995,0,209.90396478997408,155.75463240629287,1,16113.626321310787,7915.442697576156,0,0,0,1,0,0,32903.189824298315,1
34660.69002771375,39184.62974844501,0,231.07894512542873,261.76005193106323,0,10201.280814874313,13769.61365707088,0,0,0,1,0,1,39643.969911843335,3
32693.40037069976,42816.021527133744,0,227.45726659762678,259.1311742016161,1,19848.061161158894,13647.751674041823,0,0,0,1,0,0,23824.979559060324,3
41247.420900485384,45484.33225537277,0,544.8908596869449,268.2828184837562,1,15715.206994327731,18174.517175651166,0,0,0,1,0,1,50955.835643541766,3
17748.22214449781,24442.638049088204,0,209.5888998445502,5.042993384674963,0,41.1091609142799,1.6122726086348644,0,0,0,1,0,0,59398.64955151595,1
42533.80202945778,47426.85261913001,0,486.95729776771844,232.12258469081206,0,19129.700055551188,17854.08458916362,0,0,0,1,0,0,53577.31021840535,1
37509.274143465984,54504.57882613295,0,124.42308874810936,279.6134672700723,0,9429.012485100951,18880.871906261986,0,0,0,1,0,0,18520.45430510824,0
35631.715070191356,35211.711465092674,0,327.55419724892465,495.1070369890994,1,21670.030103281857,8370.796725967191,0,0,0,1,0,0,54786.46064001442,8
46840.02684769161,64141.04162105411,0,211.5167177785287,390.7618806622107,0,20782.758991045943,18564.987860227127,0,0,0,1,0,0,30823.155474880172,0
41203.08803946843,47856.18712854912,0,315.73296165920397,307.8571924851014,1,8902.114720780619,17673.007624043516,0,0,0,1,0,1,44627.04272303014,3
11735.372423891566,19847.7082299162,0,278.91152783600614,109.84331021446273,0,19855.48060914142,19780.061043779202,0,0,0,1,0,0,46110.522644927354,0
33566.60913525653,47995.91070246248,0,212.89521584527478,147.01764843692126,0,22905.556263850445,19173.773760921067,0,0,0,1,0,0,17142.071652966064,2
46908.282674121925,58657.47258017078,0,161.48383058383433,74.74509496292322,0,8497.427019412282,21336.73262405979,0,0,0,1,0,0,43243.229629919486,0
12902.259394718854,17887.1119385637,0,218.30876181782355,1.6983019506737171,1,15792.854950508201,0.2580456261095696,0,0,0,1,0,0,43483.32844575461,1
37755.47583519251,46085.16663522407,0,150.09915234956122,326.5044666208603,0,173.6694800846133,17033.674727592206,0,0,0,1,0,0,36626.7603414279,1
28190.52833859376,31063.488620378434,0,277.39263393641636,135.88392110660052,1,21334.00013131941,7936.687695330156,0,0,0,1,0,0,36483.06023898996,1
37643.277782298195,48121.2539412643,0,145.82394265388552,241.95082417423149,0,9295.338430180114,15328.85414906212,0,0,0,1,0,0,32331.00295498736,0
42453.4072256465,46973.23624947582,0,262.8977152144901,84.15057066128685,0,17618.501054393993,16816.94739967001,0,0,0,1,0,1,53692.42140418361,1
40476.80208335269,42364.84719986764,0,437.2294094083452,150.46175115565896,1,8462.848529447712,15636.064735163598,0,0,0,1,0,1,57332.3693780913,4
39780.5935170226,57265.56556212945,1,139.7661181937932,392.6678622298764,1,8970.367820901178,16902.89802129278,0,0,0,1,0,0,20042.021701767175,1
34982.96343220657,45061.01604867308,0,290.02515971106516,318.3733368402618,0,16004.281142344109,13714.081804772337,0,0,0,1,0,1,26966.59661086128,3
42405.05836893922,54940.453647056835,0,257.3461621783638,325.41882955055814,0,19502.304362098315,18421.832362870147,0,0,0,1,0,0,34342.60014009181,1
37165.62097430254,49001.63852690519,0,345.52435354005866,419.8403299748297,0,21587.94265356986,16788.031598443013,0,0,0,1,0,0,26484.720297187207,4
39882.81168223337,55092.781128339026,0,347.1281450512196,292.7622332983094,0,20526.626920027385,18390.04436617188,0,0,0,1,0,0,24976.663643328528,1
43688.689089655796,57386.094039904696,0,229.10858849833596,341.91078053964844,1,22288.1145654922,16835.615817178274,0,0,0,1,0,0,32189.424191802405,3
24697.727623911374,26554.386663377023,0,212.78916672671056,21.331820364025468,1,15330.207649879412,10496.564248384087,0,0,0,1,0,0,33865.129385095344,1
8751.793651100079,8373.220975231297,0,89.57061731303048,109.17124538910264,1,0.29690726947123647,8253.465740898922,0,0,0,1,0,1,15281.45434071094,0
25859.057090045688,26365.20109789833,0,188.2543967934524,153.61080945256754,0,16747.302919772083,7966.2609332078955,0,0,0,1,0,0,41471.893059058886,1
35449.56158203204,43926.94806001839,0,215.85493416100942,289.658800329712,1,17163.32540449375,17112.99975763754,0,0,0,1,0,1,30844.19651842652,4
26486.512415561272,27462.0823164471,0,254.7811523378108,159.987942165286,2,20061.49480963348,8129.931700341753,0,0,0,1,0,0,38113.81286628297,3
30626.166392310595,31414.276388473536,0,451.5973586486979,291.59981231262174,4,58.4929556554786,20375.806988333898,0,0,0,1,0,3,38792.76358380796,8
11306.04214907565,18494.440602629355,0,339.7874230557188,0.004099634655046206,1,20216.16283756978,0.012224427235590654,0,0,0,1,0,0,43334.293990532344,2
9769.593093383557,11725.606544905999,0,375.0373049386012,506.3197642182933,1,17379.151062994217,19938.21140409028,0,0,0,1,0,1,29471.93970573845,2
21367.48903145575,23367.82066367559,0,261.5825951451328,3.3433070803315204,1,15746.083315223827,97.11169860611103,0,0,0,1,0,1,26072.473964306515,2
38675.76743462306,44756.13391265582,0,518.7912156445041,310.02178330826547,1,72.6400267671263,17228.151459588116,0,0,0,1,0,1,41881.159496433305,3
33485.81165240419,44352.68509010919,0,317.24867859942486,222.11892170545022,0,14924.217529538826,14211.700437885836,0,0,0,1,0,0,24605.39456219512,1
6435.211560224914,9455.509928327889,0,167.79178168358922,129.7211342712579,1,20982.72152216286,365.2965360369333,0,0,0,1,0,1,22785.24043058604,4
34782.74667430657,44562.394680835714,0,364.82855336557475,232.87964207303662,1,19744.739599997654,13834.38793122079,0,0,0,1,0,0,29629.38766037594,0
29460.495723904303,49379.53505752982,0,232.81531011440336,181.23517615343758,1,8229.114759637148,16184.741919136359,0,0,0,1,0,0,1644.678514196227,2
30463.090725146,40606.565615953055,0,433.8291360208665,150.43268613700852,1,17343.716467544506,16009.637415055911,0,0,0,1,0,1,22058.589749818166,0
34045.12774164177,46938.38314913012,0,298.64211096813153,207.17576459416597,1,16216.376447450955,13176.418467729149,0,0,0,1,0,0,21629.682112654817,0
34552.24381343875,51249.33575942711,0,702.2400828996234,292.01235186711943,1,18184.15549291936,17218.743145989363,0,0,0,1,0,0,13799.21570692565,2
538.557834676586,309.7463056867943,0,326.66377194735884,5.369535718805661,1,218.83633331478583,2.5319915429738464,0,0,0,1,0,0,783.5830867494315,9
957.435553040975,1258.3951990348667,0,58.64786659985796,12.473849224358862,1,72.10021185965412,4.447187844796515,0,0,0,1,0,0,3121.9267023105585,5
795.0766019600226,649.5711731100712,0,159.20500350230725,11.238250827666713,0,159.08647522003054,4.348842900318486,0,0,0,1,0,0,1803.9787599851054,6
797.9006997420418,780.7001870240914,0,83.6543669504415,2.8394817629630844,0,198.23310914743385,6.79095271211485,0,0,0,1,0,0,1847.2813757386266,0
808.3933939549845,825.9526989014073,0,25.283900552414835,7.6420827155866915,1,84.01161733933012,3.545731419612875,0,0,0,1,0,0,2192.5515922222485,6
642.3650194036375,519.2422282030285,0,185.62880687563705,7.75349107431844,0,166.4907868014363,2.092032182085204,0,0,0,1,0,0,1450.7467752521611,6
1061.938500452653,1716.2148710276379,0,46.175072562224976,32.42912779843731,0,45.57519833337494,5.511853650603091,0,0,0,1,0,0,4034.2907226521465,0
705.246116189404,677.8504405311751,0,96.57302918261163,11.721612457611675,0,100.93167348484293,4.919744098405395,0,0,0,1,0,0,1825.406403860948,5
460.9882939191477,748.8922877893734,0,68.94666197299155,5.974287935666392,0,72.31838820825571,5.784416458695372,0,0,0,1,0,0,1757.94461633953,0
183.19569475233965,104.09987561330784,0,44.07030155065662,5.467256378890077,0,95.12608756142889,1.3081719066382096,0,0,0,1,0,0,263.6946585003813,3
189.12566479906883,161.4326787248054,0,3.016297826009345,12.541830714439072,0,30.082062639601965,1.9583118045408767,0,0,0,1,0,0,449.8584487261539,1
808.5620199620566,1295.7691591496007,0,94.32172335416763,11.911193724431541,0,43.46029696337727,2.8533801080312857,0,0,0,1,0,0,3051.0147377974704,0
319.35057995902554,296.03672411518437,0,59.92036919333761,4.777786878959863,0,24.046711170598332,2.4603784186807847,0,0,0,1,0,0,778.8870867460759,1
838.4217110298504,1391.0302879999415,0,125.91428854825654,9.253845470038954,0,59.818730900472566,6.80152000630305,0,0,0,1,0,0,3247.723927510458,0
414.3716299907885,471.1866592553929,0,145.3772539601068,4.721876875238372,0,77.16467913715871,2.046665801537145,0,0,0,1,0,0,1219.1545071546957,2
997.9960433241436,1514.6462273737486,0,411.16745927233956,4.897886806866101,0,162.34675498129297,5.337215572862986,0,0,0,1,0,0,3615.6006163086677,0
553.8227135762938,483.8541889621959,0,82.09190724063262,9.321588031682593,0,56.05976164693867,3.301062754751382,0,0,0,1,0,0,1328.6377672216897,4
1049.9011851447644,1082.9927506859815,0,49.58665465918132,31.760638950176002,0,135.98559016071957,2.733148129525903,0,0,0,1,0,0,2854.1675483380877,5
266.5114225224392,251.22718864530165,0,9.90673097155984,18.251746080078906,0,44.090837863116754,1.6959463983928695,0,0,0,1,0,0,681.4377568593761,2
409.0995560738762,310.57146893328144,0,67.9335799967952,5.819853388305541,1,183.67457022802486,4.092746008339155,0,0,0,1,0,0,271.2702849810277,6
583.0796088681604,655.9275906060421,0,1.3305258265323137,22.89311967929529,0,56.72886215465003,1.1830431789886886,0,0,0,1,0,0,1697.6993372537818,4
369.6391777904632,320.77416435943536,0,151.60151776634854,19.700841440156996,1,194.2930729085201,0.9428119093358003,0,0,0,1,0,0,264.8675557736958,4
325.23247430315166,237.24706761921533,0,1.8301650762117074,16.94073123980457,0,40.023198386899075,0.9001430023987336,0,0,0,1,0,0,673.4406402540155,4
755.3200405794825,768.6771609550527,0,224.297284719027,19.27355169151339,0,164.23235893027197,7.47723769229834,0,0,0,1,0,0,2044.1282086403266,7
1027.2647406334793,1713.5282886753203,0,62.125455977353184,12.535131384138353,0,33.22474253574281,3.391104237501531,0,0,0,1,0,0,3994.795339357387,1
606.2598697722964,640.2989927269017,0,132.4588261897419,6.328483544196446,0,63.205545360613925,1.4373959549353668,0,0,0,1,0,0,1686.2633699620842,4
1041.9574530149719,1772.4830012308332,0,102.73214360509448,14.013045058944464,0,52.1320839358683,3.9476988928344934,0,0,0,1,0,0,4111.985561999407,0
206.30340014768484,191.75060228997418,0,109.47534950170663,2.6664754438222107,0,66.32372892601491,2.546675647204781,0,0,0,1,0,0,517.4415765959106,2
637.4805048413783,1012.561683636519,0,72.1838357535159,19.25830339664649,0,78.27163120996914,1.87619388363402,0,0,0,1,0,0,2390.675393592819,0
279.0203848810347,296.51767826416597,0,207.8822835822698,1.6867924249490915,0,84.56829122771478,5.375173416974764,0,0,0,1,0,0,778.1327711728803,1
822.9395739532806,1291.0582778862151,0,218.45732782495995,16.19249019072913,0,55.60607069216996,5.161440829270626,0,0,0,1,0,0,3058.0996617511496,1
333.41938151670746,375.82572810663936,0,133.91095881476872,2.7886879888191074,0,80.73034358062344,4.227035296883749,0,0,0,1,0,0,973.4590834092592,2
862.1251423409569,1458.675192969187,0,156.73847101241986,20.77063673039674,0,40.085712122372584,2.9443783769743757,0,0,0,1,0,0,3388.5978554434837,0
507.1847416391978,469.0244467414723,0,148.76646655504575,6.341327886916333,0,136.04518866561472,3.4260937786336587,0,0,0,1,0,0,1284.3444273586547,4
850.2314497606395,1416.0075777665552,0,218.2999303853245,31.836641908719635,0,61.99267777746368,4.31405474081291,0,0,0,1,0,0,3302.7181370568687,0
464.99052374000496,516.5521734832935,0,205.97513356415584,4.7902570709951435,0,203.3866312233685,4.9787604988633545,0,0,0,1,0,0,1341.72797875172,3
1059.1031075417573,1366.1678180685371,0,176.0001232364568,12.550643280520756,0,138.8045516727126,6.422894779233902,0,0,0,1,0,0,3393.172055027493,2
413.0391931679613,305.8503055998827,0,8.012957841787308,18.854295095025662,1,53.591009962696944,1.9170843056097118,0,0,0,1,0,0,865.9753302048148,5
718.7149964580319,578.9142296197094,0,123.17039419341509,13.458116810185988,1,229.66561529465767,4.687348038891503,0,0,0,1,0,0,1622.5527875192379,6
278.9722616456778,228.50446778048754,0,7.0828864800698526,30.467814951145105,0,38.35969749641854,2.030413463285156,0,0,0,1,0,0,643.2995443397537,3
640.5783613313837,754.3176767606957,0,110.31831833000484,19.8564587962819,0,292.03443701261585,3.2807249506582092,0,0,0,1,0,0,1925.960131610519,2
441.05283081329014,693.040721234744,0,84.12141085607698,20.958581632415466,0,27.797209883602086,2.467329052082605,0,0,0,1,0,0,1640.9298611696015,0
226.84609271955935,171.0602728112454,0,54.976375970417976,2.91745155474068,0,261.7158312883287,2.063516313487381,0,0,0,1,0,0,165.1665066436449,3
211.3704263942252,212.01098167848698,0,36.528188519419906,8.310552078666738,0,30.665422836327295,3.573836994682007,0,0,0,1,0,0,561.4609339824106,1
804.4021920464996,1356.436169061429,0,204.1348219580217,37.008758686163176,0,17.17980328328673,16.601613018631916,0,0,0,1,0,0,3153.5826706597913,0
347.55288224738797,407.78696471516605,0,211.21467598541057,2.719077062444766,0,249.45549720190354,3.0026245231450552,0,0,0,1,0,0,1045.5143962777292,2
883.2121347983608,1461.49176643822,0,387.1903441008873,10.907973755773575,0,10773.453855672227,7.4134693633737285,0,0,0,1,0,0,3414.561796965202,0
380.6118196022143,479.461048145524,0,129.25830837283448,9.986954887496262,0,23.07877219120533,6.302023061556778,0,0,0,1,0,0,1197.0140133764523,0
1063.1066185820468,1582.3613425481294,0,294.81362349755864,23.03359465347763,0,226.05290293327533,7.1605958755405,0,0,0,1,0,0,3793.3022932296853,0
344.350662296766,377.23106809718166,0,41.76076999372951,25.323099481636916,0,40.46184899659822,0.9597103027945206,0,0,0,1,0,0,983.7999668241064,2
588.6762523000385,660.5030192634626,0,92.17816552975438,39.413842059781985,0,126.37699970590663,7.035651046050089,0,0,0,1,0,0,1699.7725646042609,2
491.9822966202901,693.5790513343455,0,14.7566735835949,41.97008366615593,0,27.847031718989157,1.7407760338641913,0,0,0,1,0,0,1688.666008142137,2
326.7227532963974,214.78357523117117,0,87.03098501463647,1.8142231080690698,0,186.05756368157648,4.380672905658098,0,0,0,1,0,0,549.2880463090703,3
143.3578893118484,107.53268572163205,0,2.097425237119331,36.768592933769085,0,26.278826949989355,1.2437701114889113,0,0,0,1,0,0,303.1156602405521,2
205.6847613912494,170.38310957714612,0,79.40202448975373,18.38502635170692,0,141.3025185884203,3.1678766572704258,0,0,0,1,0,0,223.29327777154538,1
320.3646924352189,325.9954256791027,0,1.6333782647079067,25.755300491030766,0,54.79818184358355,0.7147629264401338,0,0,0,1,0,0,866.12433851528,2
668.982062004104,720.9665570013901,0,168.64428053383398,21.279913536340914,0,146.1921663775268,5.134435113317288,0,0,0,1,0,0,1884.6495304176983,4
489.0400694273824,705.267066712328,0,17.14090155371961,22.334956047020803,0,30.918958105816035,3.758724803312513,0,0,0,1,0,0,1707.3496904265676,2
449.7648413151407,566.7018663487322,0,52.509737614371986,4.131577446426757,0,87.18018031871229,3.0512785316760143,0,0,0,1,0,0,1418.5384466462128,1
1021.304678882555,1744.863403302319,0,8.367825455819293,12.655536534266645,0,23.750630891481887,4.236788702341089,0,0,0,1,0,0,4043.495203476399,0
465.71120031146233,530.3670436108807,0,36.542196044245884,4.989839769156538,0,90.46426547121416,4.130694785427695,0,0,0,1,0,0,1367.958077028316,2
958.3340088137408,1589.4132726116359,0,56.66087331533078,16.283533420054006,0,32.80451405610263,6.3534039607462685,0,0,0,1,0,0,3711.160124517349,0
647.5317287753048,663.0651576174585,0,38.05352564696132,14.164226902566487,0,80.14507834727682,4.2032716467690365,0,0,0,1,0,0,1761.492340275662,6
129.55011313278527,90.66548909977121,0,14.39724792216894,5.071498556643997,0,22.549913925873838,1.8509580310154827,0,0,0,1,0,0,255.06847467277066,2
333.62825634134924,247.08162500651977,0,68.12323793056495,2.4854057534349563,0,81.22652841342264,0.9982155811352246,0,0,0,1,0,0,552.8239103768485,2
195.3010065736765,203.4658434459111,0,29.847605153468475,0.6820047865234173,0,213.1479308130683,1.0044740497738864,0,0,0,1,0,0,230.25021350207305,0
352.7389236411595,337.18199148285146,0,3.4629611301510477,23.137828361428856,0,47.66014505755895,2.579764852294442,0,0,0,1,0,0,910.9537243852224,3
434.7354427590231,268.1338999693875,0,72.99380008627267,7.259216428765431,0,191.47974558472185,1.7220699473126744,0,0,0,1,0,0,506.444923190806,6
850.9553258810661,1340.6811721197182,0,14.6423840652086,13.408096766762194,0,26.65668787324868,5.637779374342459,0,0,0,1,0,0,3172.0462948148424,1
482.52505423082937,392.74708296339503,0,67.64657378515011,4.332199471768177,0,199.2407920167222,0.8230478711836835,0,0,0,1,0,0,1098.5565940986705,5
885.3068374013077,1435.119262854809,0,63.71360687331415,11.043148579886056,0,65.17714766029403,4.619116883883691,0,0,0,1,0,0,3370.374733067285,1
506.2941793684856,534.2125995441181,0,21.63515093159571,7.1684490847793585,0,47.579604367408194,5.104076853827468,0,0,0,1,0,0,1370.462787230711,1
1111.862709942014,1822.874151785757,0,206.1098922471736,23.164003652348242,0,41.07236097389437,5.896210247650129,0,0,0,1,0,0,4267.841485976487,0
469.01209600357873,484.22901380187443,0,44.97445855168088,12.117398649918234,0,37.803192101280416,1.7136419405279695,0,0,0,1,0,0,1271.1044890232797,2
733.9985021200197,832.3491308961906,0,131.92064566317524,9.098480205663598,0,247.51207099528943,4.985453481957678,0,0,0,1,0,0,2149.977807595676,4
870.0524340108461,1423.4583833840516,0,11.638916103593793,17.356307652132195,0,63.11571308403724,7.005003184615054,0,0,0,1,0,0,3335.1423540481073,1
485.244331807961,594.8543397316126,0,77.52473238366612,4.68625226082204,0,92.71946549519946,2.575648462966546,0,0,0,1,0,0,1505.3739546321124,2
953.5267089878679,1627.7599079674749,0,46.92434177809716,11.269864175765173,0,22.977755062192998,6.364376609655316,0,0,0,1,0,0,3772.885310019288,0
510.7043516348342,552.3918489798451,0,86.87060830343432,4.276590744837497,0,285.8381326939017,2.321651411771836,0,0,0,1,0,0,1445.9568417364667,3
1037.2575140851577,1738.0717356264072,0,31.362781720569092,11.353295881620994,0,11047.993110194298,5.519268720253477,0,0,0,1,0,0,4047.363021788519,0
374.69658726661453,429.3808446027886,0,5.167052659791736,5.606024092029727,0,49.01307789669862,1.4530751295008575,0,0,0,1,0,0,1109.2408906702601,2
966.6773149741513,1639.0753164330936,0,32.845610626860996,26.255343029028648,0,22.445171754999528,3.284506127589909,0,0,0,1,0,0,3805.583728416198,0
400.0010671250991,295.67350278591255,0,59.678222673569124,8.868335484237939,0,160.1996125257795,1.983962372349896,0,0,0,1,0,0,839.3512620086562,4
641.7861243567675,1035.1435033857338,0,22.217514132082083,15.266448064152048,0,74.32158870275097,5.1070835846896765,0,0,0,1,0,0,2434.2931153264267,0
431.6765539449532,402.36653812065396,0,132.24165312630169,3.9256464841921677,0,276.4358166800258,2.2747178153576018,0,0,0,1,0,0,1096.3214677066994,3
832.9738262120198,1386.7002003262662,0,44.7890781181279,11.630583618179969,0,115.44488691567469,5.825164532005113,0,0,0,1,0,0,3234.700587258789,0
432.70556423765476,510.01317329160196,0,103.60668796911439,6.136709587917398,0,38.48027827818312,5.4078784180736665,0,0,0,1,0,0,1302.3988390928612,1
981.4370434165978,1361.937088916423,0,24.67528292868105,17.050964773957645,0,164.22898668375277,4.781678323626481,0,0,0,1,0,0,3332.5428248688986,3
282.98174154573786,302.8417115420447,0,2.790728835379187,17.00380107810306,0,31.999953798601815,0.7765300807883113,0,0,0,1,0,0,793.6750134253615,1
391.87468733117,242.84583464852562,0,142.64897565538925,5.73412869456102,0,180.38648322283058,2.4360588714106757,0,0,0,1,0,0,536.1115909617371,5
119.50994136863625,109.46424076253803,0,0.8587977743875514,13.60099562380587,0,30.92427404001542,1.1199122604793095,0,0,0,1,0,0,298.15030295474617,1
374.6859206027022,326.27079089563716,0,159.11076344125763,7.918927966923317,0,155.73660228012164,6.352157124725586,0,0,0,1,0,0,147.23988398774932,6
210.02820361730218,200.2693044174397,0,1.1832085117004,18.702180095478692,0,43.715165868261536,1.7304004963868778,0,0,0,1,0,0,540.4897895135553,1
389.59676458472455,235.62383100376178,0,73.83013878895086,16.65194103944374,0,284.87256806533026,3.535857122070042,0,0,0,1,0,0,456.40731988618984,5
722.0631512854418,995.1767628259928,0,26.041385351962433,25.37737630548923,0,71.72532466284162,5.9651436316919435,0,0,0,1,0,0,2437.7328258084062,3
373.7962927907384,372.06662777382115,0,61.41678297807102,3.244656206251607,0,188.07129188600385,5.4290520397731985,0,0,0,1,0,0,990.2780931822501,2
647.6621584729969,1053.0024654669862,0,37.61917832036183,29.334163168181473,0,111.5354771409589,4.124051338606139,0,0,0,1,0,0,2470.7759442343304,1
409.13072792311755,284.63251558390584,0,70.05858704010474,2.636931939935611,0,300.04623892084066,1.8030800703379066,0,0,0,1,0,0,809.4156782605819,5
432.5090857546744,636.5807062938974,0,15.648126617095802,19.487564017233417,0,26.47676526539955,0.806009660380048,0,0,0,1,0,0,1533.2809077359352,1
358.0894664086156,276.19800934475137,0,131.90555783821907,0.6796489510587524,0,317.89402768258105,5.88827927108675,0,0,0,1,0,0,550.4933106047654,2
140.8339402148003,91.71613707627608,0,1.8004465938446308,22.780664610489303,0,23.34800878058415,1.241993202557562,0,0,0,1,0,0,265.84175601221176,2
307.2124808500055,217.78349164587453,0,57.516664404647635,5.610659741684026,0,205.02553468166408,1.1621952486726785,0,0,0,1,0,0,336.12921400766675,3
167.0332817383505,165.00727556867452,0,2.329532792523547,21.77508625579471,0,31.465541890116086,2.310888304880408,0,0,0,1,0,0,441.40543124165646,1
259.42875638478944,197.66116801571806,0,85.82915478228195,13.369823449260391,0,225.7186983339232,4.9176233433563565,0,0,0,1,0,0,328.11546120206503,2
244.27919638952977,249.43043458453252,0,3.3947480310326528,23.461780520731082,0,29.057182705415848,1.5748224256354661,0,0,0,1,0,0,659.0596225086116,2
581.8021775156176,657.4071581405675,0,27.67682896950887,12.531521869728177,0,247.3463432322738,2.7907646850480665,0,0,0,1,0,0,1700.231521467585,4
455.11546760296693,609.5976964357869,0,14.203293203230372,29.570032962829586,0,144.5264965044844,1.9445783989519045,0,0,0,1,0,0,1506.0882550085246,2
330.891841488371,226.68934567750043,0,112.02134938475116,5.337476822794537,0,325.9358285410718,4.577990067919318,0,0,0,1,0,0,533.3377811990724,3
82.03276959469858,90.60441742967619,0,1.377684871498935,15.18714867575391,0,23.260316991869672,16.857345377910057,0,0,0,1,0,0,233.26276272226215,0
306.1229441466277,240.0559818097687,0,164.1723760372967,9.963359255856318,0,251.7779093222905,4.622105272219311,0,0,0,1,0,0,264.5355917369583,3
217.55602423133283,213.3449760635712,0,1.1169574027961318,15.248399933201938,0,40.65902124394597,5.875819105548091,0,0,0,1,0,0,571.573537275054,2
793.27137836039,1278.1271903771433,0,43.292913950564916,6.549150928018835,0,108.60746276218433,3.585713094701063,0,0,0,1,0,0,3005.1708772087945,0
492.825951397119,552.4480243976709,0,8.605262942277555,15.530054677258095,0,70.1344147485409,5.442982314471948,0,0,0,1,0,0,1430.6796975098391,2
989.067371572621,1637.168545326816,0,103.31333443509239,11.081334504253626,0,68.71121507253679,9.705479599702468,0,0,0,1,0,0,3824.475759341196,0
426.27377036671936,439.53638190405974,0,21.13171216411137,5.504134316365798,0,46.853452010406315,2.3218444201378743,0,0,0,1,0,0,1163.3890484741873,3
965.0585904701717,1612.6812460008434,0,46.35893217036991,10.298568180185868,0,31.25806635785573,4.9734280737355645,0,0,0,1,0,0,3758.144922673516,0
562.9022599365849,634.7436315720533,0,26.902796194380798,7.443576964726505,0,171.3457924598116,6.261229372700298,0,0,0,1,0,0,1642.0464540796888,3
815.0124765322422,1285.2535302726617,0,58.028605411293555,15.521010964550545,0,17.98988273818538,3.492026622573893,0,0,0,1,0,0,3038.113361654636,0
441.57901395344004,438.6759791602211,0,34.96007918137438,21.984387097249964,0,55.68609246172794,4.130545041460257,0,0,0,1,0,0,1174.1943094219027,4
657.5080029487513,641.0569785333352,0,68.69261717877521,6.7079093015493845,0,93.80565990840208,4.938453851426604,0,0,0,1,0,0,1720.9754106468586,5
369.29155448095446,309.6149510845445,0,15.655809478990612,16.76299700878657,0,52.30323245047353,2.4502587487813132,0,0,0,1,0,0,852.4619158435614,3
492.34658167749313,726.8113700276089,0,79.55901314072183,7.263515607815951,0,55.563179081344224,6.54011472396393,0,0,0,1,0,0,1747.4571277492932,0
483.72054196058366,553.6652529533155,0,6.019393775465417,8.171364074868311,0,36.371531025375944,17.996918056602578,0,0,0,1,0,0,1424.467041361646,2
607.242839394572,654.4231762528327,0,100.04129956835152,7.709858920017719,0,114.57826104789663,5.418848289142055,0,0,0,1,0,0,1711.7733764842687,3
310.84547966458524,308.765061821,0,11.772994487368585,16.584299248382543,0,30.78680254687323,3.7584553197931427,0,0,0,1,0,0,823.2861846361423,2
848.5288905423047,1220.1721749564995,0,56.176211794620656,7.013513966359053,0,69.06605275355898,10.484931933134579,0,0,0,1,0,0,2946.2777699832604,0
348.19925741472696,349.8511130427296,0,31.58363966458532,9.869912399615796,0,46.57641542860488,2.009970846911295,0,0,0,1,0,0,933.575217395356,2
976.0271501895464,1580.557744705257,0,49.35073345122596,4.25856029188725,0,39.914410888700935,10.723485514954277,0,0,0,1,0,0,3713.0801637163513,0
453.4869587882717,532.4774882183463,0,25.658169738857804,8.960175976630325,0,40.87531526508725,2.3044946502220114,0,0,0,1,0,0,1360.4839325191529,2
938.5269516376185,1547.4709503033587,0,61.73924676882157,4.2963953469463965,0,76.72789276121983,8.791504460699715,0,0,0,1,0,0,3618.3623982530794,0
542.0168888023945,612.0649018852231,0,43.29403083686111,12.172979065621838,0,112.80078607363886,3.1382120017021258,0,0,0,1,0,0,1582.9195337998576,3
765.4727945097811,1261.1884086212685,0,38.37729417127111,2.1317585696165637,0,27.762034830429833,9.41842040975771,0,0,0,1,0,0,2949.54874577739,0
373.61756220214835,437.4040877937545,0,14.949231220566135,10.784112399975715,0,54.613359543625485,5.607063038538586,0,0,0,1,0,0,1120.2130219800874,2
926.8388313559533,1576.25615146557,0,46.584995820728516,7.2402470410059445,0,39.77851056019031,17.727066447742736,0,0,0,1,0,0,3656.9712360158337,0
380.0792600991233,372.23532593618745,0,63.790495558155,3.931330888375532,0,117.1459006253335,3.811229196464068,0,0,0,1,0,0,998.1366696161513,3
748.4709566759823,1146.5909117348965,0,52.37961069200229,3.669357614725504,0,166.99234858903108,4.419369141332817,0,0,0,1,0,0,2732.5624381099055,1
314.1177428545693,234.1421994588871,0,114.38853452717096,4.7494255782426595,0,10988.472125168078,10.81987028558029,0,0,0,1,0,0,634.5559829230942,2
392.11628848554074,600.3833592759282,0,0.6348010224041154,9.563526604649157,0,8.691025563675158,6.337996065692403,0,0,0,1,0,0,1431.608701615057,0
472.1835822259902,566.7774095825474,0,13.210879902042326,9.09208208662228,0,149.6406876329804,6.983868913101428,0,0,0,1,0,0,1442.1628448778883,2
820.4320225998803,1361.7560424525188,0,116.61578301191187,39.54078489966397,0,103.27583591332606,23.034453126702267,0,0,0,1,0,0,3178.8245848695597,0
343.15947340857196,422.65707615164513,0,92.7345184270622,8.467120414103682,0,20.016036995086367,10.476888953993603,0,0,0,1,0,0,1068.1113662482276,2
811.6929280019096,1362.8677780769992,0,14.864668654708996,25.242235105832457,0,29.45028292541993,17.492440367366616,0,0,0,1,0,0,3172.020950528953,0
464.76381962215646,550.9718924242798,0,22.909357988153836,9.277565674832188,0,78.04089971769986,5.122891959272435,0,0,0,1,0,0,1406.0992364701965,2
14143.528407483846,22920.603415457448,0,73.38824373346742,28.538461648613524,9,164.95171481027745,21.495014630683855,0,0,0,1,0,9,2740.854794602813,0
598.7262196023333,826.1655238225093,0,24.82246740826133,6.391314824589002,0,225.15228324486606,6.5564931257210795,0,0,0,1,0,0,2024.2251626218836,2
869.7115446819781,1420.8927815522934,0,77.0471684343915,21.448730624179074,0,26.655902482893065,13.502438447150391,0,0,0,1,0,0,3329.837810278129,0
337.249005750415,345.93521685931455,0,8.258405226193545,25.020807134372255,0,76.07089038271911,5.953261253713297,0,0,0,1,0,0,919.4968963189992,2
559.0266051450299,681.3154469423034,0,16.795549359539812,18.908461929884332,0,154.10993519585372,10.956404915773987,0,0,0,1,0,0,1721.6708351504938,2
821.4138058415209,1344.653504559692,0,10.948423215837181,30.679420989377203,0,54.515350175960556,11.282627053853085,0,0,0,1,0,0,3150.045602768761,0
342.32724380399515,293.6309252761477,0,28.323636600608886,6.176541756808454,0,130.26713405564013,4.399851080105426,0,0,0,1,0,0,812.0935026128617,4
670.7654713697375,1075.2083135658681,0,13.490390730381387,13.339526576071684,0,25.09902394798347,6.66034180203188,0,0,0,1,0,0,2532.276379874965,0
625.8009884313856,780.3039083570067,0,33.214813714390985,7.548842017475204,0,121.88380206643234,1.765074424027122,0,0,0,1,0,0,1962.9531057692984,4
785.2518373010305,1012.4966900133084,0,13.393179726811159,13.993312459780785,0,124.65674556222149,12.844440716833997,0,0,0,1,0,0,2517.01269915427,2
474.6458255943686,626.9185274520288,0,32.66207986455404,21.824484977924207,0,86.08243603644962,0.938943942333209,0,0,0,1,0,0,1553.6571847043283,2
296.7777067917667,202.97959385178282,0,67.56928527468415,3.0085220464763784,0,198.38974889242064,3.1617543273253563,0,0,0,1,0,0,418.5117304234269,3
170.38767941836232,124.5061469605737,0,8.067114682255626,19.557867010607954,0,18.226060919776117,4.462328679603164,0,0,0,1,0,0,302.9995990598711,3
337.12951650865836,314.99300031191814,0,74.0349245487752,5.412502986069012,0,318.4255910558319,2.691244883893803,0,0,0,1,0,0,852.3899661415123,2
815.8377754368623,1322.601754348854,0,47.18476045656641,22.831844192625965,0,86.95757229849383,11.283583886618864,0,0,0,1,0,0,3106.0209687958013,1
551.9808590032587,592.4227364859546,0,29.22460590532138,4.641371484591936,0,126.16963196878461,4.431626452661584,0,0,0,1,0,0,1551.4376501392742,3
822.687111582195,1378.6801680966253,0,36.17169482032014,33.98532212270045,0,108.291168910284,13.267242645440808,0,0,0,1,0,0,3210.4187648905377,0
277.3296598899787,232.49213561456762,0,28.470046073474485,9.848231704505809,0,254.23183669832622,7.540434814321052,0,0,0,1,0,0,644.135031075093,2
131.76367013712854,109.43762259591784,0,2.6733346893157846,18.50489573253225,0,13.853514882903426,7.1834424483826345,0,0,0,1,0,0,196.8636517739058,3
430.8075777144778,434.8748168790153,0,54.89977448326005,10.329705348460582,0,269.30795979145444,5.126863774018519,0,0,0,1,0,0,1156.956715680409,3
757.5635975389617,1297.6808255077813,0,16.76858330381495,26.189004291398415,0,145.57630611607345,6.717676195795437,0,0,0,1,0,0,3005.1900841931806,0
529.2381762516114,682.7317865624912,0,14.341405831929677,14.208206969207577,0,104.63512073315859,6.469320398708009,0,0,0,1,0,0,1702.3645297191576,2
844.2954605691064,1379.9992249933605,0,50.94653335659768,7.158848385389327,0,67.61028280171215,4.8186569511824215,0,0,0,1,0,0,3233.1078658745755,0
504.0246047951582,556.3011050381325,0,150.87717576087272,10.875671855490038,0,92.09140282865616,8.767988556970527,0,0,0,1,0,0,1449.2518138130517,3
333.19800836076485,226.4480826608588,0,90.16887412068695,12.765344543266025,0,365.7545545222205,4.630595340422084,0,0,0,1,0,0,638.6375327039997,4
187.75944846709598,159.42063748288587,0,0.9474105470095093,11.794104206639766,0,19.075668287500275,9.691897889027532,0,0,0,1,0,0,429.229262780749,3
238.22094852114157,177.28628835248097,0,146.17885024329297,0.995578963363527,0,137.5257721966886,2.3212255386120164,0,0,0,1,0,0,387.0012853236532,1
577.7519071798176,751.9016327944707,0,18.882155685132048,6.226763574718141,0,351.06119747888016,4.692203073459551,0,0,0,1,0,0,1869.0268167611734,2
774.0505492251659,800.5728102492016,0,110.53590585414437,7.343856734771849,1,156.4706530795939,6.1285982508415495,0,0,0,1,0,0,2117.0881092444656,6
393.2557375432238,409.86025145687023,0,15.332027710688232,14.618030253788769,0,40.9276160702139,29.417428048562847,0,0,0,1,0,0,1082.5375401819274,3
325.3665821313791,276.8668459164071,0,15.786642778172766,2.599920814448397,0,261.0723917719463,4.187889061328798,0,0,0,1,0,0,764.3431383899392,4
60.39676837314324,33.06449793378037,0,0.42189516178762254,1.2226383371376295,0,12.899864133168563,9.635837088967747,0,0,0,1,0,0,91.18866628101215,1
375.0653577323279,219.82382793149017,0,12.065359565132013,4.086426314745074,0,154.4762491094712,14.196626939784453,0,0,0,1,0,0,451.32660857758515,6
156.60863646169082,107.37767259067866,0,1.2658330222963265,11.229716171774818,0,18.705751980498967,2.4026509768434257,0,0,0,1,0,0,280.86174255911857,3
559.0284055555394,591.5060475031,0,62.0563136594128,4.743942262089143,0,133.6803280715008,3.99203693546934,0,0,0,1,0,0,1546.0032286951089,3
262.57657656540783,228.98516779143094,0,2.359083011797077,12.388542668981238,0,26.874868401750973,12.942686034594315,0,0,0,1,0,0,581.983876052871,5
343.4570717346375,470.094140894599,0,22.569254509624074,1.2186926738911237,0,144.04091656622575,8.711033146733758,0,0,0,1,0,0,1150.3635605707786,0
305.5573466243027,241.01004993104237,0,11.50364194414156,7.066484897876897,0,59.04068707489534,1.1095364499948857,0,0,0,1,0,0,677.089206726269,3
654.2426756835985,1095.0998371755213,0,74.23308467998746,12.391211505754365,0,139.17566132586066,13.365786598599831,0,0,0,1,0,0,2550.9184998120018,0
373.42382890650964,414.586704626195,0,21.541565446352337,2.431644900126311,0,21.668293542969558,5.310116052964439,0,0,0,1,0,0,1076.9771521935008,2
841.9414514063502,1381.5084304287166,0,124.08927954270976,5.2562377859377225,0,98.26400662301361,9.13089628594463,0,0,0,1,0,0,3233.831713603926,0
419.83494267837307,473.84999060370194,0,17.433466326544497,6.320150339220374,0,17.798692008131873,4.771902059048433,0,0,0,1,0,0,1226.7937077306597,2
993.8790869462879,1682.653639231522,0,65.78759493888289,18.23579127375597,0,87.41271643843302,18.79268448644668,0,0,0,1,0,0,3908.226607512392,0
512.2509159126668,627.2028637533613,0,22.938527839136515,16.24675482104822,0,85.90997058236972,4.49890135643018,0,0,0,1,0,0,1586.0474973304372,3
917.1514280329098,1540.9167336203568,0,54.93464806733301,23.32839840979297,0,7.591597243807119,6.480857976282158,0,0,0,1,0,0,3586.055074260797,0
609.9129888035754,656.0499755895407,0,29.437493418511515,6.311159415789538,0,173.6600062360729,6.312228455131113,0,0,0,1,0,0,1717.8396352942464,5
557.8482041930802,506.0994658272547,0,57.03935032602235,10.305539387063284,0,238.5281788817657,19.90912315496917,0,0,0,1,0,0,1380.4287537141518,4
397.44136035036854,573.8335974187863,0,72.72770843254266,9.082571798593937,0,65.93443838166561,19.368229050130726,0,0,0,1,0,0,1385.5493215262527,2
585.2829401544913,669.2119119525513,0,95.38084779274365,7.649168371874037,0,133.68603412748607,13.333985782065792,0,0,0,1,0,0,1723.3947592577063,3
501.5684562286719,536.0149100489086,0,15.086852130149786,5.125527531138122,0,149.2416443949612,8.631123778699173,0,0,0,1,0,0,1372.9295433061716,1
355.02226178985075,316.119451056235,0,5.432652731422232,18.50540730488509,0,41.88467400199755,6.1468132001055,0,0,0,1,0,0,868.5283158364641,3
389.37428326043454,460.66574877603017,0,24.971730654844684,4.003702174331094,0,132.412184160701,20.164385153141172,0,0,0,1,0,0,1154.8624798610554,0
396.3922380518084,421.1366150074559,0,46.58905504862726,9.514971385561283,0,34.80564084575485,4.416204783229609,0,0,0,1,0,0,1107.9631758054377,3
159.34426692764904,183.8674548504456,0,71.5759880131436,0.8753988034877422,0,131.20539372084784,7.376851977585845,0,0,0,1,0,0,28.267527170583847,1
262.1923961926765,197.0116129194981,0,10.441189704374738,20.539901196550012,0,28.469059817438435,4.808768107382821,0,0,0,1,0,0,550.545270952334,2
246.30604627618635,146.35025356407266,0,85.86403676758184,14.018793962351982,1,332.12715838510746,9.90191952031699,0,0,0,1,0,0,266.8296180019793,4
624.9288638010253,940.1376308031993,0,42.23075150234333,9.59612365062161,0,175.5042031489154,36.574097333494514,0,0,0,1,0,0,2252.583886977346,1
525.3278975430186,649.573411897514,0,88.65278430334575,13.631634809427503,0,99.64163464511537,15.75256143749234,0,0,0,1,0,0,1640.108062670606,3
408.36760236971054,318.90293685525546,0,16.73459648998928,3.969440589350966,0,209.28038886687835,12.413712046545106,0,0,0,1,0,0,903.6391501126039,4
312.505747808038,242.35098270821334,0,54.1899434402297,22.3551030640698,0,284.6931302800324,13.172434275095416,0,0,0,1,0,0,694.5398935516868,3
248.15601006548178,179.46107271361282,0,19.424405039437172,7.497360907776086,1,268.9862773792398,4.14380959059504,0,0,0,1,0,0,153.00158444239085,6
189.38815534819196,218.17549835253982,0,23.638991852071904,10.110183520997433,0,119.11931143539708,5.927831350155413,0,0,0,1,0,0,553.5898854961148,2
233.90646916842343,167.5832576450355,0,10.643292498406277,8.705836211728137,1,278.93378882171595,5.751813469592264,0,0,0,1,0,0,164.6756069004669,4
192.71418413183056,231.72689470376773,0,32.85850741451009,10.979522908822497,0,118.37156560130585,3.1952024551292233,0,0,0,1,0,0,585.1797094136009,1
184.76710032863915,148.18555638857978,0,58.64337972077372,6.742634799634702,0,335.3992589576559,6.944102857313608,0,0,0,1,0,0,82.6002684786582,3
280.88985055032015,353.93856523113226,0,52.875907555684144,7.2761889583146,0,172.45075687118637,8.15157649991134,0,0,0,1,0,0,890.1850493961815,1
272.919791326374,237.20439919500353,0,7.001693688841501,13.889274761637951,0,335.821590844992,1.107176119058023,0,0,0,1,0,0,655.3826249951877,2
360.24628807089414,580.3301254999113,0,85.07462043866313,2.890611876338008,0,217.35251588760428,4.4962023167727,0,0,0,1,0,0,1365.0990311376372,0
327.5006580694919,368.2753381146576,0,3.5949223102467966,8.368843472470104,0,170.2336278746286,3.8378482913502383,0,0,0,1,0,0,954.2314712886848,2
299.05841497018906,211.06523417889736,0,78.08349869958258,3.116498804722183,0,86.28269645425047,4.763146914990715,0,0,0,1,0,0,581.9138591491892,2
268.20765932800043,201.17397885322734,0,13.492442434894754,22.05729077570998,0,27.13303038144349,6.822014156695866,0,0,0,1,0,0,568.0838296851045,3
368.4429712825347,399.65745924769595,0,91.96030751334357,4.7360018142307645,0,153.22319276017018,1.9549844631966173,0,0,0,1,0,0,1043.7915258278047,3
328.0446428582292,269.43685388737526,0,10.666362133086015,22.00337346600285,0,30.307874367400657,8.919621899554231,0,0,0,1,0,0,743.3639515072801,4
310.8762634828901,246.34902811211637,0,51.71855167372442,5.491906802566234,0,117.23688256989634,3.542019336291826,0,0,0,1,0,0,682.5029968374238,2
216.55508299680568,179.0840281441551,0,4.914128497132194,11.94193525822972,0,16.557288948351506,7.734422681629402,0,0,0,1,0,0,502.6432006248056,2
570.0232992730947,932.235286084466,0,178.0639420917689,15.670112400428081,0,87.83519773083219,16.258229116323676,0,0,0,1,0,0,2184.182567399931,0
159.87130548327855,179.5731375727974,0,51.3766694815795,14.053614371962388,0,79.51035896389844,2.483893507225659,0,0,0,1,0,0,462.2518072715879,1
367.9788256076344,556.3405750357086,0,101.47184869461408,6.975328987901559,0,214.65315275552942,10.65476412069735,0,0,0,1,0,0,1329.7507417477807,0
183.92256441927645,163.8275007431375,0,11.509288620861117,20.40431076997027,0,309.8892899652137,15.58776550899713,0,0,0,1,0,0,31.661022745036316,4
277.0470450580337,240.14908660185557,0,58.72811346637753,27.129574291593446,0,246.76218580123742,27.76726301431173,0,0,0,1,0,0,647.0287482937607,1
215.09959507472757,122.83275069478766,0,16.52461872913321,1.78252819400391,0,246.37239581977218,1.737148390476815,0,0,0,1,0,0,225.39559573858205,4
489.8882254765529,756.7076210065758,0,70.85407587049225,10.065034791220965,0,152.64835854759286,20.750876286565013,0,0,0,1,0,0,1800.0968835864114,0
454.183175499158,458.18427441987274,0,7.591319570784065,9.944563858849348,0,97.08240134063794,5.100076058708373,0,0,0,1,0,0,1223.6611041110596,4
650.5489509009353,1025.7209171209363,0,75.90916368475641,15.522819772347429,0,59.476514401625366,30.25304758812092,0,0,0,1,0,0,2427.0633270012277,0
380.0190105983853,412.5669571094591,0,7.473552788728284,4.001476228499751,0,216.73445325676423,8.211452450715282,0,0,0,1,0,0,1082.439034815564,2
329.43935193897744,515.6848795802583,0,6.444378528657999,14.059159107524767,0,124.6591726773377,10.872637605776012,0,0,0,1,0,0,1222.3999823950198,0
346.1394534504143,374.72232925831554,0,5.587032360321535,6.182462803262537,0,127.64748112720832,6.859308346827094,0,0,0,1,0,0,982.1999477607503,3
265.09092319341823,201.40342582469816,0,59.235139239072765,2.5727812676278887,0,103.9554576817714,9.293683075183685,0,0,0,1,0,0,580.4865395269225,3
304.13371857152623,267.0437090564102,0,36.09798678088744,12.904533528600151,0,195.12429452321504,10.194383675677901,0,0,0,1,0,0,740.969544506,3
183.6633898635443,158.8040492254417,0,6.244231574277454,2.4895216551595913,0,196.7278271534753,1.6986149422250012,0,0,0,1,0,0,55.61712677618594,5
463.3624980975843,619.9257822709155,0,3.211877556234888,3.1887565604533474,0,111.06571969520765,8.983022126957843,0,0,0,1,0,0,1535.0102849741234,1
255.43342123683982,189.70911577596053,0,6.167615670515909,2.318514158615838,0,199.4752329222767,1.9643251960928687,0,0,0,1,0,0,556.0077463108412,3
367.24422837550105,555.5274163519539,0,56.58126725491626,2.561746300020336,0,160.70949834053067,5.549689650870846,0,0,0,1,0,0,1328.5185439709696,0
213.27471562219324,164.25852969253077,0,9.558219319928407,2.149593508754206,0,152.89130242341017,1.041975986578227,0,0,0,1,0,0,464.24101755253145,3
523.2856446368743,848.6837868316094,0,130.6899391414457,5.681042189177967,0,103.99753850254662,16.551379836698548,0,0,0,1,0,0,1993.1618763644071,0
336.36063858596606,365.8198391894765,0,2.0613790790348214,8.805171370304802,0,130.34178592897842,1.9675009910018664,0,0,0,1,0,0,960.910854206702,2
412.31497958340316,628.2693113763654,0,83.90344486687474,2.3677989245668227,0,124.7562394092855,7.81188966348512,0,0,0,1,0,0,1499.4239414513272,0
278.8837664071132,247.15847769662517,0,3.7024425094053974,9.233715685357883,0,30.73379747497966,5.009909592014212,0,0,0,1,0,0,682.1454876112409,3
168.87341740217175,153.79853430724322,0,181.1767088887922,4.098331469184983,0,170.02088784976357,21.111887318814492,0,0,0,1,0,0,33.1490050051119,3
402.7323109760471,408.7438561995241,0,75.30150578062299,28.486543990258326,0,203.98969163268276,8.398997738376718,0,0,0,1,0,0,1092.8366198132794,3
282.6890821302527,154.7000751650961,0,12.104011376112132,6.312202326697445,1,213.97877400245548,2.311716359062184,0,0,0,1,0,0,428.7177014161844,4
580.7396191197828,829.9061084301442,0,78.96915045980698,12.302988796225417,0,137.6523931298563,12.946521579610582,0,0,0,1,0,0,2016.2217178007681,1
222.58398638704708,126.80513580346881,0,14.692872620984648,6.274582175909123,0,256.6260565683068,3.614667985815382,0,0,0,1,0,0,340.4176208584886,4
279.3434738490309,408.49518750118744,0,126.44905392282362,5.55083665680879,0,200.44174623359976,22.28882291293224,0,0,0,1,0,0,986.424650982038,0
283.59197370604466,194.07098956273546,0,11.949104544449545,13.106185893768366,0,218.67181405825926,3.783617250006374,0,0,0,1,0,0,587.949856317073,3
489.9997909189234,753.74069705391,0,1.5530153210755684,2.6878583216769982,0,142.81218983287118,11.028617071628856,0,0,0,1,0,0,1795.4128127807026,0
359.0323435650298,293.3199207741303,0,9.53167922001169,11.533132463021971,0,128.37593305714213,37.549332727410665,0,0,0,1,0,0,831.2093230490547,4
430.70701573589423,640.8434137022462,0,185.55553769518878,30.306335079802064,0,192.01984682133195,31.541768711479673,0,0,0,1,0,0,1540.6274045337339,0
385.50103883805923,360.95508168773773,0,9.788322533843838,14.486955310852508,0,120.06060894835757,2.611375034804185,0,0,0,1,0,0,981.2247409206179,4
317.3801055433911,231.49880870606145,0,72.31387349472166,14.458884518534873,0,172.2274725948895,14.332333476123882,0,0,0,1,0,0,684.81772720056,3
364.11177576165704,384.8612823309663,0,2.6354345956548455,10.395969403448888,0,128.54889493676757,42.95634569644581,0,0,0,1,0,0,1017.5139122408225,2
221.46301985753342,115.29835401258991,0,13.969930591115679,14.04985402320679,0,246.82579345568752,5.65792791620126,0,0,0,1,0,0,277.52713585035707,3
273.3833707606883,308.99921897497256,0,63.77853860590704,11.926272437672559,0,267.7696434155948,4.866731644979922,0,0,0,1,0,0,803.6628748059729,1
131.63157964981582,59.89150865634757,0,8.984722200377517,17.660747403584637,0,321.5273081438696,4.458891328541197,0,0,0,1,0,0,112.5849576721787,2
208.9320450767519,235.26967505388512,0,102.37871461802345,15.213195849382263,0,11532.923601578104,77.79141926089089,0,0,0,1,0,0,606.6371512790096,0
258.72891394028585,148.93780391896289,0,21.26817137521983,11.955702467756883,1,360.1184888192628,5.021272601496404,0,0,0,1,0,0,338.3437243983067,5
295.624938492108,422.66205949711406,0,59.87478387791004,7.429539720789706,0,173.52072983163816,18.405427475917705,0,0,0,1,0,0,1025.5502593503488,0
227.77465493888346,114.19405971627381,0,6.085669100124171,6.3182836367155835,0,300.7264720181633,1.8895509761538696,0,0,0,1,0,0,343.86003167808474,3
351.04142878932373,496.5043228910918,0,85.4197983133368,8.700211707218847,0,209.06068181769564,22.833641548391185,0,0,0,1,0,0,1209.5135375252908,1
220.98870242238928,181.02855404265068,0,9.676495740940767,6.013376197468297,0,344.6085318924793,15.359816489429281,0,0,0,1,0,0,513.7159490300803,2
488.5252656805276,785.3700496642799,0,108.91898863613639,3.6829683868971625,0,11920.492706641577,38.70624971175329,0,0,0,1,0,0,1848.6499732064635,0
328.2763647720731,325.67181044529997,0,32.47502457903129,6.960508932671393,0,143.43811204195063,3.4050639382704713,0,0,0,1,0,0,874.7163009847417,3
305.0326232176703,257.7927274607896,0,105.30023159691987,3.478357979606739,0,131.19460606383785,21.561859314208206,0,0,0,1,0,0,720.1616217352317,2
354.09072627262935,262.9936886322588,0,5.524651559143028,10.844819648719035,0,39.18912910082221,5.349632461743191,0,0,0,1,0,0,746.9395343443684,4
165.81676847034788,115.74682526890423,0,86.99952399641592,1.3076387505424512,0,65.4899312106413,7.191197014654855,0,0,0,1,0,0,98.21269701161955,3
240.7126175716147,198.71176780694137,0,48.552489663306794,3.128820817066869,0,162.38050298914524,7.216247492776954,0,0,0,1,0,0,558.230661464718,2
219.38608753488714,114.53820519247662,0,14.05121899351801,7.911894137641026,1,314.02937541450984,11.178698813267763,0,0,0,1,0,0,251.73724577385696,4
305.5664664509208,382.9251476114227,0,86.2717520495285,6.584754898891183,0,231.17353920540756,20.496395435875325,0,0,0,1,0,0,965.811968573232,1
191.20566758204296,117.95423686361026,0,14.531950431727358,17.320178058602675,0,265.53767402636566,4.4535462332555875,0,0,0,1,0,0,357.7684939043286,2
540.9818399083017,842.7495326326913,0,139.2329417982972,5.176375555359767,0,12211.429619004808,21.527291489123918,0,0,0,1,0,0,1999.7188437474015,0
244.59735804719375,158.96479349578576,0,16.97250426411906,4.587294648384077,0,12056.885426730309,14.108877596620303,0,0,0,1,0,0,460.05807350832197,3
242.09405515612792,316.20703813542576,0,67.2995085172787,3.5355462978593684,0,257.50337681779575,36.564207030422615,0,0,0,1,0,0,787.8879776675756,1
195.68230816437892,191.3996771767462,0,3.9259231283784164,6.2946124530934355,0,243.0096363381956,7.289226251228691,0,0,0,1,0,0,517.02491878193,1
283.9352516438246,384.4637156418547,1,139.0124910353398,12.95523742987324,0,21528.72067862262,36.42458526841995,0,0,0,1,0,0,949.8089555092042,0
345.78937059657403,354.6247461836255,0,10.921306182261333,8.627074766942382,0,92.08645719737403,8.664263276104816,0,0,0,1,0,0,940.0665130277372,2
368.92429820620094,575.4819112830775,0,83.1709978857106,3.6664035943094646,0,214.25349669835393,24.219848498748483,0,0,0,1,0,0,1365.402871030789,0
326.30354298224023,331.39761360098873,0,7.099015402839775,13.698855694994139,0,171.09722795070522,6.980761413162711,0,0,0,1,0,0,885.737704448994,3
405.4016286053072,522.5042996373879,0,107.35034940947575,2.679479853114873,0,12143.301668613869,25.490602302164007,0,0,0,1,0,0,1306.0368522117572,1
323.2055060227369,306.61988049403607,0,21.811839943704488,19.70907235338757,0,41.2264794011448,8.224286058113845,0,0,0,1,0,0,837.2987860301189,3
390.64064827129647,388.0451273876141,0,133.12664339215635,9.776010706379875,0,12478.550384114365,20.842131899581794,0,0,0,1,0,0,1045.557637515153,2
246.81865112255312,187.71748571783726,0,3.9410283035224465,13.717028683508987,0,32.09051302085394,40.19166412377244,0,0,0,1,0,0,520.2063154726263,4
362.3083719122078,282.42221493082866,0,100.99668275538342,7.494463916652769,0,21128.158344090316,5.989522775737704,0,0,0,1,0,0,801.9921244973809,3
77.39129093646643,59.90049080897974,0,66.70021713805266,8.333293818385453,0,11159.067168419613,3.849361105447974,0,0,0,1,0,0,168.37355016473936,0
212.05750223116587,113.49590806994829,0,12.592798077083144,7.600141031062743,0,304.53645862425253,10.01463646050002,0,0,0,1,0,0,228.31289407613818,3
12.505964835776076,8.323808439916123,0,1.9743798041653395,3.1308410228737396,0,4.117480931435939,6.51453773139594,0,0,0,1,0,0,15.63539319795482,0
277.2860306125284,184.23714844854976,0,117.9134407651928,13.409741993127941,0,11941.876325528787,40.4852864024896,0,0,0,1,0,0,510.5828488244082,2
233.15401013083192,300.0051634630387,0,100.32153293929126,37.475197322934164,0,11023.120946042667,47.693052972103125,0,0,0,1,0,0,746.8723606007369,0
331.82289188433765,334.27849831675513,0,11.120580860115366,5.950420605567146,0,257.7596208987028,3.325445209034502,0,0,0,1,0,0,895.9071875477966,3
288.0196236776166,384.8351393239087,0,89.71930875351963,6.480862987886738,0,12555.65614438704,20.53881641795207,0,0,0,1,0,0,948.1723800082971,0
310.9676056938204,270.48117370324064,0,76.24686942673478,15.096771572382458,0,11053.133125995102,2.526732054155846,0,0,0,1,0,0,748.8218113947041,2
149.93785875508888,104.93467438305802,0,5.839870059710661,3.396160189268459,0,12429.826760767748,4.466918276721028,0,0,0,1,0,0,284.07733919063685,1
333.27391912447763,408.99451609814304,0,132.80007054987718,9.134329536426286,0,20959.603209253695,14.973413813396217,0,0,0,1,0,0,1035.0728670495555,1
244.09267072292445,250.6194610140659,0,126.63688655087171,15.796107459703876,0,10424.898465750717,31.511423269694777,0,0,0,1,0,0,673.6436099483315,1
226.3826758240138,125.73773888437675,0,173.04810803219712,18.259710016872813,0,11705.674694262738,28.852319712952216,0,0,0,1,0,0,274.7874259064566,3
258.98895855829176,346.18998087067274,0,209.63922919379226,31.206929845121532,0,23736.17459259944,42.51480401332695,0,0,0,1,0,0,856.2244669939727,1
343.8344320182809,341.9399396208035,0,212.9958012180179,8.523965157506522,0,10431.175554867314,4.009777943663155,0,0,0,1,0,0,916.3615342768344,2
352.6641974369113,208.78713893512932,0,21.252575709725786,11.206218993882981,0,20723.409119954875,3.7233086075351354,0,0,0,1,0,0,558.4737343038444,4
370.34073322828476,491.8913071756681,0,166.91507434149528,7.319841393895789,0,20627.70466534938,2.9624417620925665,0,0,0,1,0,0,1214.6275767470554,0
345.69098994765386,351.2223754335343,0,22.06952280172962,17.061093269105648,0,41.70320365385468,21.46447963629181,0,0,0,1,0,0,935.7226544732558,2
268.1026014935159,180.07292844676667,0,118.95134722855084,12.092378850589633,0,23492.601309758888,39.6375024387586,0,0,0,1,0,0,528.8989155255883,2
410.76749598282305,541.5857364029712,0,79.79432552373676,3.2408061113742908,0,26092.12254333264,11.99964056212085,0,0,0,1,0,0,1337.2199314926277,0
230.8400946926069,214.31788362517202,0,2.477322238525267,31.338010680901878,0,30.532476055766175,6.75056489358899,0,0,0,1,0,0,586.4564766484773,2
289.9485898606549,216.689633578098,1,303.03657616339433,8.942632451295243,0,28617.766348403697,48.09367758491686,0,0,0,1,0,0,574.4265337323579,1
177.79450976144076,114.13855632537957,1,143.9229283437134,7.419923747784088,0,19054.32952173763,20.280073269288568,0,0,0,1,0,0,296.4370144355096,1
313.1491698647839,180.3672663557459,0,15.978467348148476,6.732132121122739,1,338.5960870598658,43.60825506047021,0,0,0,1,0,0,434.1688152427388,4
202.96797077769597,263.4755582871194,1,144.68472704542535,19.117912346695928,1,24527.52736457846,44.608190469398465,0,0,0,1,0,0,656.2787862355217,1
326.80677311556383,354.4450810966566,0,120.7190529095976,21.626360979800914,0,10408.14841324643,30.737938441813302,0,0,0,1,0,0,928.5850712264782,2
238.03691481227054,151.75197157572248,0,102.38191378662671,6.4050350566777805,1,25696.72466965147,20.02281494238304,0,0,0,1,0,0,285.30332595657717,3
192.00317949310516,213.7629918986877,0,66.55467839775552,6.211632158383615,0,19343.97840595634,17.8402897102617,0,0,0,1,0,0,556.3870451906284,1
193.99739508830467,171.8604256891549,0,12.612838719506206,5.3719232273714965,0,11832.526634253138,5.976702483454673,0,0,0,1,0,0,470.6318146428683,1
253.66039866760343,239.27802930209168,0,61.28410920314872,2.397374220236582,0,27087.446674490886,14.645403404500831,0,0,0,1,0,0,648.5868065914801,1
280.0357328321689,261.6502290426614,0,126.93622951598002,7.336616027996776,0,10087.250037054171,22.573906020199587,0,0,0,1,0,0,715.6424389458889,2
290.0139481566532,186.38648878281808,1,143.78512955682544,5.094793439607391,1,28003.744321382073,23.988629307163897,0,0,0,1,0,0,459.98820535936534,6
284.7210233604168,189.56158431291175,0,83.5347003778296,4.878286857994467,1,23338.582346596857,29.5859490000272,0,0,0,1,0,0,540.8108961175006,4
286.4019874668727,347.88465207965004,0,5.73332581645998,2.314824366186567,0,11123.886794230566,8.060555245090217,0,0,0,1,0,0,883.3620725085956,2
242.8027991230519,159.80091926364318,1,117.41059225718962,11.347158272108093,0,24071.18200182625,43.61894522192125,0,0,0,1,0,0,455.1822260069927,2
285.75847568048533,308.47344158207596,2,203.91580816301808,9.096175166110875,0,22930.69349878292,62.20609300044999,0,0,0,1,0,0,807.6577559683221,1
423.4501387369971,386.71228237660847,0,13.534012733205236,9.157464102071097,1,217.20972558172087,36.24274108760948,0,0,0,1,0,0,1061.058976605355,3
250.94353218563424,163.5791883942184,0,22.395518832913652,8.878082286890102,1,19547.283297150974,6.416414764689682,0,0,0,1,0,0,475.50620459931304,3
304.99853370955617,303.14811448628495,0,138.90612841523495,29.6566683061545,0,22745.86725295209,68.06654804359424,0,0,0,1,0,0,817.5752597359728,2
316.04372716674976,359.9037972210912,0,8.083879361937848,7.371706527251403,0,97.4142984638497,3.36821254308767,0,0,0,1,0,0,925.9506779143092,3
292.3726044582893,166.30953950824076,0,84.85225999775537,7.833561745826952,1,24987.36055962074,16.181343665378638,0,0,0,1,0,0,367.4263006364804,4
322.2732354242663,345.91337521153764,0,111.6742216754605,9.950922038266183,0,23257.475393370318,23.453608823380435,0,0,0,1,0,0,906.317105267925,1
329.5938097473265,307.3876979173736,0,90.02354780916957,4.894313137166984,0,10536.783451178473,2.94365128137982,0,0,0,1,0,0,843.0209347227933,2
300.05453428634127,231.41993970346473,0,88.68011714741682,8.93303012987463,0,22200.02428001169,17.70752895672723,0,0,0,1,0,0,617.5111929508276,1
351.9504032345132,446.1032280471038,0,177.015938744837,5.428506678706608,0,24021.386621698533,31.986496034638346,0,0,0,1,0,0,1119.2267646773275,1
265.6040280096363,343.8424455447805,0,33.74535326878528,8.047730056581639,0,85.35040363909152,7.2462399944639815,0,0,0,1,0,0,860.5843419147316,0
387.3936023525487,446.3342334727591,0,32.98184425526617,11.33012081372299,0,26894.01580341783,48.2339595695238,0,0,0,1,0,0,1155.1649854813231,2
356.7808903778081,378.8078916000398,1,174.26323880280782,6.285647768117755,0,17838.142540652487,17.89854924545019,0,0,0,1,0,0,998.3605620977979,1
218.79396358159664,112.69763690919126,0,35.177557988916064,14.134423503820411,0,25355.87000449889,1.9153220429214675,0,0,0,1,0,0,310.77172912321345,2
154.18180559985237,166.84788188922715,0,75.07049756717004,8.371209487404487,0,18060.430186476868,27.560389205919513,0,0,0,1,0,0,436.90070239638675,0
179.6302288337455,129.06694902245235,0,13.780685899142062,13.055892130135572,0,26840.38864078248,2.8911154877635847,0,0,0,1,0,0,112.45382508917831,2
128.61365810111676,94.59262027327878,0,103.0074774979933,12.550250868803964,0,9577.15494266621,40.464693216248676,0,0,0,1,0,0,272.9749745550142,0
228.62816245582604,139.2159388020716,0,20.88851820462469,15.860108478886112,1,19817.701233902226,40.546876471275354,0,0,0,1,0,0,414.522216176216,2
332.30340598480973,503.2696822332869,0,166.44590607810434,5.721650493687499,0,21809.188012990355,29.251249361581483,0,0,0,1,0,0,1203.8524809255302,0
343.92804833838557,393.47731850013326,0,43.7037116851381,9.992490788656847,0,10913.860305038717,8.302712581794774,0,0,0,1,0,0,1014.5698033943588,2
328.54514576006693,329.54233703199753,0,7.048449828483587,3.9299844729282256,0,24893.252875309663,15.014280255477006,0,0,0,1,0,0,867.6440302957786,1
343.42408563799717,456.2423144759636,0,82.87370070896439,8.039224285101744,0,21540.70836106804,28.320023911678152,0,0,0,1,0,0,1129.1437327699907,1
188.03322059817668,141.16781320314942,0,26.06944530740358,23.005718993371953,0,24291.806346511676,3.6623482231912456,0,0,0,1,0,0,387.1078617322619,1
311.9027626515992,447.58395366799294,0,60.634143935408694,7.994681876021426,0,24161.03283758868,19.033450101179493,0,0,0,1,0,0,1084.5885218903875,0
300.1054556623224,273.57380878930934,0,4.498745079724323,14.335815548192539,0,23702.005070247826,28.614559785900692,0,0,0,1,0,0,753.3755607192239,3
337.4295977703431,272.08033677919576,0,29.667799113800946,9.099488265396973,0,27367.18596202381,15.846001325665274,0,0,0,1,0,0,767.0026855621599,3
71.58214352792214,69.40832458767368,0,1.2272271841254998,6.774104032207179,0,2.722379666737732,8.757993406861846,0,0,0,1,0,0,184.415857189914,0
157.50941772111253,98.56890642065636,0,87.02032393475247,7.543196761640897,0,19487.11155131981,15.813452160346694,0,0,0,1,0,0,198.27031322729061,1
239.58354284276516,267.83451963089817,0,47.80369411715134,24.14005552319702,0,24198.40933362934,95.08543771115967,0,0,0,1,0,0,695.7505904084279,2
311.25517117725735,282.75280759156874,0,9.152074254633094,3.8701077619447526,0,11232.980519529076,98.11734479051955,0,0,0,1,0,0,776.0471649172466,2
367.69291328928665,346.8554692781857,1,63.39775930328196,25.264353662239518,1,26792.93501789162,96.54025806411535,0,0,0,1,0,0,944.2372992968312,3
228.26758440974322,229.24832025910501,0,68.67337597564128,18.073119608656157,0,22968.774840054386,55.895180196991056,0,0,0,1,0,0,614.0220475254353,2
124.09157647430456,65.6731414414498,0,17.018759588314428,3.789236684023952,0,26244.365921783006,7.0211654596171655,0,0,0,1,0,0,133.28039294825632,2
277.00811110769195,263.850644668377,0,34.015403793157816,16.99839051611906,0,23580.65035826312,45.771582465750484,0,0,0,1,0,0,720.7792850316132,1
251.25316893967127,307.835354380051,0,10.576704513436814,12.03783260417314,0,141.1013089968928,35.17254444983825,0,0,0,1,0,0,780.0774913368659,1
310.24219918612266,187.68665772969823,0,8.10491040402524,18.19966515948567,0,19048.53085543005,11.737083531821048,0,0,0,1,0,0,517.3725262102366,5
266.78353132604747,369.88920284984,0,101.23397555713208,8.397957532233853,0,27251.750335845907,40.2091980738081,0,0,0,1,0,0,903.1673497096266,0
247.9746459489525,263.6021972406476,0,14.41234174714538,20.297451483427515,0,24.599505905226607,10.27922320830804,0,0,0,1,0,0,678.3515593803988,3
198.40174671679245,149.52644246209994,0,11.348143262554368,11.368579504733317,0,22915.32097997346,36.603269716966516,0,0,0,1,0,0,140.5365374207478,3
101.82682479846846,121.3316910705538,0,55.99020795341641,7.508022988857379,0,18604.887550999876,8.56668568372582,0,0,0,1,0,0,309.3145958980941,0
215.6181908241344,150.9150235398954,0,15.537807562867137,3.3698174461206696,0,19602.60498380526,8.570976730566635,0,0,0,1,0,0,437.2528049253832,2
230.04967350030503,283.3028703405037,0,8.562869721436144,14.64898891488426,0,24429.63268849248,29.23686355652051,0,0,0,1,0,0,716.2642318812987,1
292.2746477461464,272.6933559790225,1,108.62505160271967,25.30474194386519,1,10523.730989340658,36.261430032835506,0,0,0,1,0,0,737.1971947126848,3
149.68661047785648,85.24466434215836,0,13.827756897663868,22.039658275651078,0,19386.542593614133,89.27697175320478,0,0,0,1,0,0,246.29081530250136,2
161.54829397350915,155.53808166401768,1,41.80020042767414,23.609360109122218,0,18621.149685898417,51.22121417047673,0,0,0,1,0,0,420.87537447428974,1
282.0164738894133,164.3395958879794,0,16.96938595104784,22.340437228256206,0,22773.753941165603,89.56810394787794,0,0,0,1,0,0,445.5108873405793,4
358.45708075147337,265.0945913510101,1,136.22022234412293,17.648160578307426,0,17789.33607723597,70.73750941430039,0,0,0,1,0,0,732.5612745704902,3
318.6334370460938,273.4527620800952,0,104.06679161317888,35.216916477206425,0,16741.84851408522,51.32649600154223,0,0,0,1,0,0,766.7651080007138,3
269.5023376112364,156.55434364364177,0,18.00441180609964,5.243294921346341,1,26196.723725682365,21.272814132791776,0,0,0,1,0,0,370.71004692490993,5
238.91499571778317,349.71264462590136,2,126.0701641520867,21.187645380329343,1,24861.70872178871,93.60514699970292,0,0,0,1,0,0,842.5011949511719,1
223.48245541119147,244.57096679028578,0,8.587836860426723,1.179173803448279,0,168.15900925546987,3.5672426968021433,0,0,0,1,0,0,637.8146590818162,1
281.2819370479258,432.49546711031195,0,1.3740109070101472,17.348023637663395,0,24915.1019453635,51.2688299761994,0,0,0,1,0,0,1029.725207633443,0
332.6742321709735,333.7105995477106,0,20.318088781550756,16.89637398392864,0,119.84445267984809,27.109552904498358,0,0,0,1,0,0,887.8133489516956,3
251.81989423866975,379.85040850359053,0,81.80573879262151,8.495222780635999,0,22732.755649970604,39.48182920238232,0,0,0,1,0,0,908.9367350096566,0
226.63408247589012,229.03555740355847,0,3.903219918149299,7.771443840094463,0,19605.248146628724,10.937151908318373,0,0,0,1,0,0,605.5721371743596,2
216.6333374602388,112.90338131409268,0,151.25979470990575,98.58864061460082,2,27416.13102965045,77.38052617775818,0,0,0,1,0,0,234.84729656890306,4
140.18018312814374,137.29607848464977,0,132.25718744603296,66.00222492106566,0,16501.165297184045,31.68914344748128,0,0,0,1,0,0,372.7436498361112,1
197.81215656247116,131.73787093358666,0,4.147437324888804,5.517240697599366,0,26101.692338374207,32.78941257028657,0,0,0,1,0,0,329.5781463423028,1
305.4544732812158,349.59939117742465,1,116.29458652188117,13.820961798734306,0,24393.60717329348,33.034613589182015,0,0,0,1,0,0,893.5447605688869,3
250.89335461784978,262.72142051545916,0,1.0641290574237368,72.43959494788686,0,54.83307921419207,23.43652155764294,0,0,0,1,0,0,697.8633466488031,2
384.5332848158365,368.35610887701813,3,161.43893432748513,61.284034057344314,1,25913.278946100414,104.73720944933399,0,0,0,1,0,0,996.6911027422734,4
222.76393167285593,209.2879659186062,0,4.779075974511838,16.841686874596093,0,27.831669957475047,114.46788397347142,0,0,0,1,0,0,567.4341724481156,2
394.2976451441207,321.64175144863407,2,110.87274823020505,24.69712129350998,1,25024.951543879666,54.86394167489111,0,0,0,1,0,0,896.1408093746772,3
257.4087475769651,249.48348197583167,0,2.1433053870598746,16.598490071754746,0,10.699307666835402,11.212756534524154,0,0,0,1,0,0,671.6528411169154,2
278.1112247407409,303.3822772178332,0,93.03086188724555,80.28396281639954,0,24315.328715640975,31.360627821734905,0,0,0,1,0,0,794.1756514684746,1
182.22903549493518,198.52156735958246,1,107.17172009894824,4.068836402401251,0,9530.248145008041,17.713621247640617,0,0,0,1,0,0,521.9596348908908,1
147.68664265814607,95.7492242572938,0,29.045503324090145,16.865190243701754,0,24116.718801301562,72.90949378856952,0,0,0,1,0,0,277.36712792904956,1
222.32065766252614,245.38139524614488,5,86.01477037447665,55.49135219946378,1,21257.393716904942,162.05239245059764,0,0,0,1,0,0,639.2531023713308,1
157.1524473306829,106.9649481789059,0,14.7042273597048,88.87961820565043,0,24230.304091690334,2.651596206150227,0,0,0,1,0,0,317.78138292349144,1
188.08586239360534,177.6298732080651,2,74.12884989773345,23.231807365736685,0,26252.46729632289,51.913370019450674,0,0,0,1,0,0,478.8943755035611,1
360.33298598776753,295.5632621744076,0,21.07108219064144,24.115374425628673,1,9.712015069389313,28.99840079679892,0,0,0,1,0,0,767.7089696431068,6
411.8256715994945,404.9137193659457,5,61.50950273403277,29.687218545232174,1,23824.51871990847,56.86104530118406,0,0,0,1,0,0,1088.731927146458,3
357.5024996209931,459.78916820538564,0,118.94675225378832,20.178244434372676,0,25897.865916631847,27.221293566727155,0,0,0,1,0,0,1149.5418175506088,1
276.89430990356016,389.7832303021907,1,116.45930581427838,26.16275123288178,0,22509.372213929168,37.88772709967242,0,0,0,1,0,0,950.3613905639751,1
228.33096015508931,267.6544023136958,0,11.530451830400548,12.865767994958535,0,20802.245766166172,12.802713594981174,0,0,0,1,0,0,684.9370700236875,1
345.9328895926898,490.5555128102311,2,198.8060734681921,58.22367647424948,1,23800.138090001474,67.77649880991342,0,0,0,1,0,0,1187.9449087110768,2
348.26748860780265,427.8280152437686,0,4.807322750645931,38.25857035016068,0,120.4983755644682,56.78044454713712,0,0,0,1,0,0,1081.4462987911406,2
570.9382406948155,782.4649751281777,2,176.05664316449784,27.49450903181653,1,10950.262058631066,42.44662208183076,0,0,0,1,0,0,1921.7218275590312,1
121.42738030616951,90.22503936489989,0,3.690449105130555,35.55930763227187,0,23.957837250552167,13.861249325341127,0,0,0,1,0,0,226.28343067181981,2
473.1258733619346,618.1072127579492,1,112.84627403873989,39.404182669934684,1,27565.265701088138,52.170357535007724,0,0,0,1,0,0,1537.4987039557195,2
228.96527068897254,233.76635716137048,0,120.34657194173174,21.951175124107063,0,22283.262045477684,15.570645852406223,0,0,0,1,0,0,613.4992024908348,2
187.8870784422754,200.66509847086985,0,11.729178236343543,6.0936590791110605,0,19639.644020892974,6.380200487383727,0,0,0,1,0,0,526.3733164396521,1
238.40836302932206,349.3299812718887,1,218.16414499911585,29.599673404954327,0,23033.61714620494,24.52860117308247,0,0,0,1,0,0,842.080173560797,0
254.05977979174713,329.0275134537907,0,10.211645733678507,47.45346443696876,0,10841.833067847121,16.506299063933117,0,0,0,1,0,0,821.1834524947691,1
396.5063314397673,383.05804595834354,1,232.9503105657849,84.0266581132801,0,18883.126491267227,96.61007350317155,0,0,0,1,0,0,1047.6447888164994,4
111.92260800336184,117.9772334351275,0,2.7804454490515873,63.57781206191578,0,11.915743643464173,8.496032369324073,0,0,0,1,0,0,313.69424526148896,0
270.31337045357725,191.59326397716515,2,81.5946359284419,28.272111007066954,0,25440.246843170615,17.959686857371818,0,0,0,1,0,0,552.5929136869574,2
223.10942821351324,264.3041623248693,0,12.715354394721075,60.21046025184464,0,84.49276984474884,42.31312872158168,0,0,0,1,0,0,675.5153743090518,1
180.2251790344729,110.29510979850448,0,17.120433436879114,27.210271770191262,0,216.21263595284628,15.639613333759335,0,0,0,1,0,0,296.1196502572121,3
112.21600441622309,165.48345238957594,2,132.93396382370668,111.92698035367245,1,18778.799524982183,136.62905686794016,0,0,0,1,0,0,27.841897748279962,5
243.07522654922363,227.74987509695362,0,2.184804463058407,11.701006736266013,0,20711.534882611737,17.178134074382953,0,0,0,1,0,0,620.8944440766925,2
371.8315504960548,518.6699762607354,1,175.81479354273245,37.493623663987194,0,23793.653611538197,41.70407293927373,0,0,0,1,0,0,1268.640030356932,1
344.6044285670853,491.17154234290143,0,3.797778226003045,17.665368071655365,0,19499.039005328035,51.78026536135172,0,0,0,1,0,0,1192.0955978274333,0
129.13273292620414,118.07571420722917,0,6.810637095248552,11.28707770833797,0,6.860041374502371,3.7024226638070212,0,0,0,1,0,0,290.47776732367544,2
330.4034099764297,437.37023481873905,2,127.91627725891773,62.05195370239524,0,24020.47450495527,122.505347921792,0,0,0,1,0,0,1082.58386399027,2
371.06140521636,450.0746066499619,0,4.065942317580435,94.71468323082772,0,24807.81397431279,86.2766453826637,0,0,0,1,0,0,1139.003092927196,3
258.77970891636863,224.19992367433076,1,121.40251677121292,71.48645836076363,0,9567.815207106718,90.2138997650361,0,0,0,1,0,0,621.1905695570326,3
80.9663280340863,45.27928945560995,0,7.544581114409305,10.458463497111712,0,26253.23955041549,35.44872484906613,0,0,0,1,0,0,97.37351417870065,1
252.4953954337779,355.3368089796596,3,208.12394343975433,70.2077123899152,1,16103.82179101247,64.97042705466576,0,0,0,1,0,0,864.5934180434535,1
467.1064918512639,644.6062163233513,3,166.62758129876292,41.33433971990867,2,24286.51405229544,89.30656486279575,0,0,0,1,0,0,1578.3852102953617,2
201.42162708611102,151.32687651454273,0,142.21682452642426,77.97659055029939,0,27760.111287252497,99.59487519479755,0,0,0,1,0,0,391.87247433001886,4
129.44832406193285,111.87277992026475,0,4.075843293767994,15.40075676901303,0,5.165136307867509,6.860462770643125,0,0,0,1,0,0,313.28186848038695,1
303.6537968442062,374.6658744260869,1,181.7949861357956,69.96234700130687,0,25190.388105382768,36.1487789319992,0,0,0,1,0,0,949.2246635162593,1
175.87846274783715,194.99636572174023,0,92.83895045764893,10.507112681493926,0,10186.589391966132,3.3029666781355407,0,0,0,1,0,0,507.9988177821008,1
102.0241958801509,73.77812242608462,0,20.52103910551534,41.73762558861475,0,24977.657584786866,8.223108699548924,0,0,0,1,0,0,212.39463985234121,1
290.07131691323696,404.60444979615534,1,136.3416685482046,74.03878140238803,0,11532.12199099861,49.71096052274296,0,0,0,1,0,0,986.1719297362962,1
212.23346492691647,322.1655004618466,0,37.06759822623227,2.475685820652847,0,81.39343900691743,8.321236498052702,0,0,0,1,0,0,770.0788583801498,0
270.57196275666234,355.21277230281135,0,4.760362207446932,24.328994328905555,0,26699.536575844366,66.68611053402145,0,0,0,1,0,0,879.7019005517609,1
469.5775455485209,658.0436195775432,3,121.03237860581939,46.560323176087614,1,22012.861124889307,111.25339940623464,0,0,0,1,0,0,1597.594516244276,3
129.11632875616314,150.8319937391277,0,7.9015893566028135,5.835926365238532,0,23928.21617176273,5.126499070827393,0,0,0,1,0,0,387.52489227049267,0
358.15561272540475,344.68737862087204,1,196.09411094517753,156.74470001332807,0,23965.20794243875,175.53150220965836,0,0,0,1,0,0,899.6566786538223,5
133.65659679217595,157.9772115077738,0,0.8494609272115368,8.852847600726882,0,91.40089040001705,2.718108365657265,0,0,0,1,0,0,403.525763763289,1
124.10564911952545,76.0415674676979,0,2.5522637294827635,1.4280009813559096,0,24848.400852227816,10.805992321652965,0,0,0,1,0,0,215.31619989146665,1
299.6298724607339,314.9826462261151,1,93.47726360604983,52.756857184817086,0,23443.818756601882,130.35383361082557,0,0,0,1,0,0,822.2384194638588,3
191.40655932734515,197.98086891416997,0,0.9828523095472925,8.71428292365935,0,10802.627361752524,46.85053471965962,0,0,0,1,0,0,526.8000796030021,1
79.70062504204407,59.38969302844378,0,14.337697801285259,3.962367933353081,0,22317.73365477231,2.5612995850977596,0,0,0,1,0,0,86.283196646356,2
765.9622187045668,1048.2626107585381,9,289.5109266365385,139.3804465988817,3,17335.656123895427,231.50373055700973,0,0,0,1,0,0,2559.8208616312586,5
222.742100646202,155.46786889074417,0,14.473483780227689,99.0058419760952,0,26130.7302489291,111.9612685010815,0,0,0,1,0,0,159.49101933328333,6
373.5702440259097,526.7384570896393,2,135.38894637918895,39.86434226692843,1,24855.188805175967,109.98933972903798,0,0,0,1,0,0,1278.8849542925318,2
215.83934640941294,233.78611933002597,0,3.0891085673794754,8.902200659343135,0,19197.566081563073,5.190178656322028,0,0,0,1,0,0,611.7064542785524,1
146.4874723897803,102.16679592822513,0,6.479651259913981,40.2816296034358,0,24285.100950325763,94.53404884854348,0,0,0,1,0,0,78.96122889135073,3
90.88248849882052,75.21137278684738,1,114.02066407742636,23.769262322879193,0,9685.253297101803,58.48561438397571,0,0,0,1,0,0,209.94350342343284,1
99.59893324961723,62.03885186558805,0,18.66801163385017,16.33082660161767,0,24798.263976243044,57.774298413035694,0,0,0,1,0,0,183.27131694448326,1
517.553746099918,648.8807972470545,3,129.16539553590792,53.259070273740726,1,23491.636852343512,119.40205744665202,0,0,0,1,0,0,1619.5752786603543,4
162.56389284224298,141.68669202635985,0,118.23833737750996,73.9127249492113,0,18709.66419154765,45.07055644776452,0,0,0,1,0,0,398.54644925276824,1
185.04137604188386,110.38394044713603,0,5.833613762391954,8.018688738490184,0,20232.623753581876,47.33892610144695,0,0,0,1,0,0,303.97300085803613,3
519.3576755018423,731.0222067890235,3,165.91345965757583,41.15033239073434,1,23944.226123888962,96.99377265443826,0,0,0,1,0,0,1781.0753112851178,2
462.63871594464644,664.2653970217868,2,145.7992127506659,32.266410663229784,1,19374.197345179324,105.05572059675677,0,0,0,1,0,0,1608.515974453348,2
136.58312585430065,104.20130772344667,0,8.563585511774274,7.589510441947459,0,20058.92792270408,9.042421261871244,0,0,0,1,0,0,296.93918243444057,1
232.15815514651996,202.0756605035701,1,140.5177905168191,22.629572310917357,0,28130.413048000697,53.44107089236557,0,0,0,1,0,0,556.4683429492964,2
117.12673084372241,103.30610775882906,0,112.04746167653809,16.159719810558407,0,11511.676604524073,38.06981117599535,0,0,0,1,0,0,280.26999450636254,1
121.88763473883425,58.96303138621877,0,13.128050500459713,90.0511426475255,0,21745.84834132443,6.318198822871968,0,0,0,1,0,0,157.87479533758716,2
268.07122203869403,271.72294827608266,1,125.99982005956149,216.5089702747245,0,23171.00725806274,11476.41241747246,0,0,0,1,0,0,710.7785227278878,3
157.84915584453893,166.12286606389557,0,22.625269155218664,111.32367046975875,0,12103.133511802329,16.85827388701472,0,0,0,1,0,0,443.3124494546662,0
170.78777291330118,137.5874192919206,0,3.195551696837769,17.534529694584425,0,25506.243013366457,35.20856659882976,0,0,0,1,0,0,388.17264855904017,2
354.43109147672214,504.9067982198999,2,123.96283884211402,43.60809141954173,1,25088.321641059174,111.30364866420248,0,0,0,1,0,0,1225.0276420132882,1
163.78934672565754,172.58870786466153,0,2.8970342151390565,27.157756501625215,0,11619.095637186232,49.022496153463216,0,0,0,1,0,0,455.2646654377198,1
186.96549997045827,235.9001570036906,1,106.46239426315248,9.794628994481746,0,26417.133474298196,17.855924587870504,0,0,0,1,0,0,591.7937691294114,1
1193.423887589099,1690.103345684553,7,250.94848484340534,88.25622702505716,5,22318.859607037786,168.76072142114708,0,0,0,1,0,0,4110.923700785261,5
233.11749453228055,255.60101458548584,0,4.831597086907941,11.208231158480807,0,11403.037315422584,31.773549835154583,0,0,0,1,0,0,661.9348595252353,2
132.75734067856675,87.82590198768484,0,6.856207357664544,19.405659308719095,0,25488.81602285946,82.08396388514059,0,0,0,1,0,0,250.9671002491646,1
512.3595647251178,689.6065478423078,5,266.6256349476538,42.68919860362435,5,24173.63009821045,86.8112626127525,0,0,0,1,0,0,1699.7940979714747,3
200.85568966292598,162.6052878065845,0,1.4982793112505994,7.109835774054884,1,58.37067267763929,26.491731784156713,0,0,0,1,0,0,454.22264497194067,2
698.3190393928747,889.6915599722606,5,176.47540219190117,131.305684201418,2,28521.152251901374,138.79029670397045,0,0,0,1,0,0,2230.8888792665452,4
620.6461709271739,769.8647439245684,4,170.288519460582,66.1729540154244,2,19554.96244241602,144.91556590802756,0,0,0,1,0,0,1937.3479859917616,4
179.02666327687925,141.88408872229897,0,11.993256849126578,17.85297554321646,0,19438.117718727022,20.419403214925538,0,0,0,1,0,0,405.2683053053745,2
219.40518090301578,190.01555905830364,0,18.076746866454755,108.48414460711396,0,20401.8526810393,186.8326983315248,0,0,0,1,0,0,305.47004020265774,6
521.0314823525279,654.0727157141456,4,171.24213743422874,88.2354488097523,2,22822.304729056144,190.23973149356505,0,0,0,1,0,0,1633.6769103886804,4
240.78503806172364,168.83731646061608,1,32.39222112891302,130.14151388719117,1,72.95382493802387,6.977917339143987,0,0,0,1,0,0,499.1712823944461,2
1184.7220874427921,1481.077186697932,8,279.4654343565118,221.48157977288656,3,23871.26967409664,340.00119394102467,0,0,0,1,0,0,3714.9831154883373,9
661.37540172125,889.2766808122553,5,180.85272521128692,74.78271061572761,2,23679.362304990846,175.37081104102802,0,0,0,1,0,0,2187.876989115956,4
333.01603220325416,377.9758408692772,1,134.17502119876613,56.651252947819366,1,10448.828312378355,95.23476085017252,0,0,0,1,0,0,973.4756982119624,3
162.46769737534152,164.70986975108568,1,19.21487252692288,2.4566324719908925,0,12172.467682083497,3.8810825532301205,0,0,0,1,0,0,434.3093342220935,1
379.4926530927223,484.7357277592277,3,136.12962902060974,4.834135172905235,1,26587.78873967634,17.15337577017402,0,0,0,1,0,0,1213.811484202674,2
293.7605338920559,321.13574034627516,1,106.42381102124142,25.50003898136265,0,19502.01071831947,74.40180463627168,0,0,0,1,0,0,837.4290217336746,1
979.9671760309257,1318.928971544797,8,254.24530119045872,143.0505263783229,4,18475.296975134905,330.0440222717995,0,0,0,1,0,0,3250.4468127621194,5
165.4730289881782,97.54695946103365,0,29.396491847856456,147.00888213591548,0,12684.745105432681,139.9592789643569,0,0,0,1,0,0,164.94089027743559,4
215.3960981210787,250.49044973584893,0,1.956838862368008,33.27511255434023,0,207.84967266801596,79.32479622777365,0,0,0,1,0,0,640.8941427013567,2
320.59217343419135,356.46007808525536,3,162.96287001631657,80.61682985285573,0,28327.227134598903,42.05877926916798,0,0,0,1,0,0,927.4226400232074,1
178.4751094948689,157.97354557823041,0,4.427075364939762,54.59955959219107,0,11967.010308825122,129.00736018426022,0,0,0,1,0,0,434.2588206768928,2
170.6699868853727,203.88156713476644,0,3.3341312037793784,16.043395265079255,0,12047.558835324307,14.597746902406977,0,0,0,1,0,0,521.0431035589174,0
945.5583636911822,1350.6569059354158,9,312.3202971201404,87.65542296840627,4,26893.163943830303,227.54168845095916,0,0,0,1,0,0,3274.9443345374852,4
421.47026561365533,304.0011790566359,2,688.2821157299458,18.69867608911259,6,19190.97658297894,1.3585161451641328,0,0,0,1,0,4,774.8446510171116,0
12565.940146277851,21477.301006432368,3,72.1108304237643,9.022209891739863,1,14019.06670720375,11.545143485499647,0,0,0,1,0,3,49764.60885534504,0
14182.39130280168,24117.914384264648,7,47.225665926284385,27.84594479881599,5,16784.364468819207,26.931091015295777,0,0,0,1,0,3,55954.944581191536,0
104.42206272909145,52.026938028322135,0,0.11642408275361493,2.5335207781472464,0,0.003232453633473228,16.353195647341636,0,0,0,1,0,1,75.81978051405748,0
8753.405173043417,14745.40605363673,2,26.99555035713658,27.396302227580414,1,8271.748734721605,23.470358090910544,0,0,0,1,0,3,34292.256415763324,0
11224.358861523939,19126.53793455015,1,85.1539633510916,8.960361907857633,1,14865.275664438996,25.980770898407158,0,0,0,1,0,1,44352.14865016193,0
5649.817270127454,9452.932322385905,2,122.65549562326612,30.114827135995398,1,8940.231959190956,20.671159243689615,0,0,0,1,0,2,22021.802337709112,0
16106.07168707846,27558.430192446434,2,73.19064015515674,23.23664716416532,0,15781.667306501018,7.624121638317987,0,0,0,1,0,3,63837.762555269335,0
683.0676535983192,834.0712507885167,1,0.8351416703924797,41.85603863645474,0,3.9623883348541873,18.451046095974924,0,0,0,1,0,2,2117.0135587315885,0
7093.743033837148,12058.304924792097,2,72.25277432993434,11.310788796265003,1,8956.345281035066,34.64127482710988,0,0,0,1,0,1,27978.907997752653,0
15226.48584205996,26105.822296658283,4,3.046919552064865,3.239545563461134,0,17178.24280956697,29.31230647313802,0,0,0,1,0,2,60442.8345292098,0
860.4850499537317,1190.6360486558458,2,3.3837121244832065,5.373869323708091,1,0.8795133378801664,45.97611763544565,0,0,0,1,0,2,2918.3898433562517,0
382.45810155218135,312.4806437111778,2,0.8329764008240528,2.191788256485464,1,1.3729264894103683,16.446105726825348,0,0,0,1,0,2,886.9129228876866,0
543.3259158844348,538.1612202843044,1,1.1805940652161064,2.357650255193364,1,0.9419135836115894,11.16277118148005,0,0,0,1,0,3,1440.2207344533513,0
324.11405185324645,214.55828020125946,0,0.7245980417958974,4.666232123950972,1,0.974368383270071,23.314650101870416,0,0,0,1,0,2,632.3993638514011,0
9704.021512636626,15791.671845208964,1,0.91553527368718,81.62373162869378,2,1.5317052029603972,8226.728967515592,0,0,0,1,0,2,838.1165732239848,0
260.37787357548683,149.25301792982322,0,1.518356549708626,32.471672430752506,1,0.01111724506193361,8.101230874335448,0,0,0,1,0,2,316.66296083988954,0
282.23126418948453,335.1435870788915,0,0.7483887954510836,27.556576277656177,1,1.7014104425126515,27.196858298427845,0,0,0,1,0,1,851.0687601009412,0
12385.110563993092,20965.720432024813,2,25.35975853365255,59.18768611564637,1,12236.79097419309,17.0965896714051,0,0,0,1,0,1,48698.73377452382,0
1248.9205718217231,1719.3378588859186,0,4.2381461164039145,23.490903956482505,1,0.35979846663413884,8.198733809798178,0,0,0,1,0,2,4213.976049722923,0
285.70508723198145,262.6429089152099,1,0.9634206063334487,30.46026569110348,1,1.7380355020913103,45.31952380351723,0,0,0,1,0,1,730.4345818629978,0
2008.495917753742,3180.825276300048,2,4.457663588051913,12.422833961204756,1,1.2936062837462972,42.98830320623744,0,0,0,1,0,2,7515.271696341372,0
912.1433918245754,1199.4544661688421,1,3.953869225958091,27.46992327900634,1,1.1698784949258911,28.869550874323107,0,0,0,1,0,2,2975.8208664634913,0
485.83175735125707,610.7856173495934,0,2.781505123956727,4.629146802397322,0,0.01670934569976764,8.046114225451074,0,0,0,1,0,1,1534.6020188434193,0
6.689441886388652,5.611665205048822,0,0.006211201584840423,0.1480117971776823,0,0.015293433758754481,0.14270569967987828,0,0,0,1,0,0,9.425011885468617,0
347.6805620000133,448.5698462172139,1,0.8748092108910344,18.998053155273332,1,2.1841667124658004,24.989468175634585,0,0,0,1,0,1,1120.2238453628142,0
375.7358207928721,466.16957330833804,2,1.4504282752781223,4.654394735193447,0,2.532368383848761,24.884776453049582,0,0,0,1,0,1,1174.9601168935842,0
226.9174142166725,134.05568571891712,0,1.8590396286077835,22.294205551002932,1,0.0842481193963581,13.123224708071016,0,0,0,1,0,2,395.49583521821614,0
545.7578231075839,663.1921692052699,2,1.6122961416601918,9.415060227596044,1,2.7093623929705033,26.860838465139874,0,0,0,1,0,2,1683.249880124553,0
223.7370512226494,226.57125496958753,1,0.623540000991774,7.350295045298433,0,1.4755331435234076,12.717147808330257,0,0,0,1,0,1,603.8372407968135,0
168.947914661661,113.18932723056254,0,0.11043428048047316,2.2813253068894475,0,0.06077750052155364,6.526902864898588,0,0,0,1,0,2,122.7383247487455,0
352.3420788622448,361.2924841865296,1,1.2765832168145195,9.510402327133292,0,1.6259291175822996,27.633541191992308,0,0,0,1,0,1,964.091746852052,0
340.4985741602601,261.03524805870245,2,0.9084049984288978,40.72362909141887,2,1.6936748101093544,8.119737453658,0,0,0,1,0,1,738.5235218997573,0
170.59460890787489,156.9940677096274,0,0.007695542543040473,8.785013174641191,0,0.0075859404331442126,19.941747119642717,0,0,0,1,0,2,12.032419777755756,0
405.53998989951333,253.5589190876643,2,0.9153170570364679,8.891188324144064,1,1.3093763463054282,23.60176464252651,0,0,0,1,0,2,739.2647758201903,0
162.08636573184504,101.9196479414776,0,0.6531830788838624,14.939223139242365,1,0.01878977333702702,6.0145306684426725,0,0,0,1,0,0,207.19643129595588,0
338.85609148365745,513.6290261839174,2,5.095227670600208,21.361675965437556,1,0.9701070257634637,35.260162076045034,0,0,0,1,0,0,1227.6382602535925,0
390.34062199778856,269.25463348115085,3,1.1000128788608639,9.933209136667843,2,1.380783767772525,18.561073729065896,0,0,0,1,0,3,794.3494361469936,0
688.1581312517148,955.2836846295095,1,2.0840490872406696,3.8926008093623503,0,0.24821164919031552,15.053485188042295,0,0,0,1,0,1,2336.603944264263,0
384.44306956679833,550.6973911473965,1,3.2867890352670113,8.372802618508421,1,0.8151012766553928,33.336881180993,0,0,0,1,0,0,1337.2383873274612,0
330.94462769961854,220.45391650536408,0,1.335891899068249,1.90649312024467,1,0.029815275383174633,10.889952983184642,0,0,0,1,0,4,486.2493403998759,0
4300.561414978207,7207.725128253957,1,6.132387884657735,30.171027303090472,1,3.455337200195495,37.40091094715654,0,0,0,1,0,1,16783.897973572864,0
5429.037971754198,8632.951748318099,2,4.79794900462146,60.613657761679,1,4.0347597706597975,36.80114403577616,0,0,0,1,0,5,20377.59190514109,0
4995.259956589571,8154.781342309749,0,1.5499030778836047,20.20686448701576,1,3.324660079636578,15.122928050393405,0,0,0,1,0,4,19114.165411075875,0
1976.7063668460255,1780.5676842574856,4,1.8248286638989009,35.30722153065813,1,7.163541536044212,26.1611245168527,0,0,0,1,0,2,4103.045478037762,0
3216.9900047402825,5160.299658180589,1,2.1037602944715594,45.91218957616634,3,10.08928328873627,5.638201360407001,0,0,0,1,0,2,12152.87864067229,0
2215.2186115600684,3351.0375825094793,1,0.7748090753970684,16.791354502191517,4,2.0889256187500944,12.823377823373788,0,0,0,1,0,3,8012.552251041961,0
5481.669765591272,9438.53677327435,0,1.3737853713973407,27.237792173001203,0,8.949549920276556,21.25416143497166,0,0,0,1,0,0,21829.694915018084,0
5287.797411179386,8807.650604319786,0,0.7198395182872672,9.899454421184455,1,0.042500267207371364,12.84326611445974,0,0,0,1,0,2,282.13457832177585,3
530.1517614549332,856.8590328921696,0,2.7809568447452078,12.825424588427904,0,0.44806604458205684,7.287076316443759,0,0,0,1,0,0,2013.5652137512152,0
3697.51638480755,6073.092840776823,0,1.5731483465380594,39.12511871334282,2,2.869167845231263,7.527229233212532,0,0,0,1,0,2,14215.332817377763,0
1570.5692322828363,2565.265894287832,3,1.7673424828842168,48.722052609131225,2,3.5604634891194245,64.7349223393523,0,0,0,1,0,0,6011.944629349661,0
951.0899898621536,1423.406412767527,0,6.454399181376732,35.510293980344656,1,0.36334001165549107,5.314501561052434,0,0,0,1,0,1,3414.7302168609713,0
368.18217322521855,550.70118264382,2,17.157494463392403,29.48122757770993,2,0.8511424129242485,55.12082807879013,0,0,0,1,0,0,1319.81961889852,0
918.1987225979722,1445.027310314045,0,3.762460408296138,24.271525806676348,1,5.836905988925413,4.4581766903843185,0,0,0,1,0,1,3419.458758733499,0
56.466819709268165,80.30581644031174,0,0.06506474266112866,0.24197163752851464,0,0.27119867775062556,1.709641192716127,0,0,0,1,0,0,194.8697884119787,0
271.55640529482815,295.70830268863745,2,0.954093140410081,13.229582183654086,1,1.4693766193839364,31.943391732303457,0,0,0,1,0,1,771.8570285371014,0
3627.880962149804,6034.443510950986,0,3.8216344011265972,52.3931355617799,1,3.118337625226618,2.138130421003061,0,0,0,1,0,0,14079.427629822228,0
4322.802317727592,7273.073552282218,3,4.517109088375969,18.048969893301788,2,1.8088491097216952,16.406843012667558,0,0,0,1,0,2,16918.68627694692,0
294.1867657212953,416.1018228941543,0,3.961810378313381,21.559621320487313,1,0.5580858727686167,6.817896996710909,0,0,0,1,0,0,1009.9916747737493,0
817.0700073085472,1298.3807450440545,2,4.964083463260639,31.88708666633315,2,10.01490709267973,51.37491441315787,0,0,0,1,0,0,3065.0531838070356,0
6142.300128024001,10292.3496747801,0,0.061691331552682784,5.944780175444019,0,0.028692958125961354,11.564259573841221,0,0,0,1,0,3,81.37855692922123,4
2990.3073717689167,5014.853338871524,2,0.8302760944005045,11.389592154577581,4,3.3599462497057795,1.5847781363319156,0,0,0,1,0,0,11675.600845830899,0
1055.9556011862992,1434.0342698233376,1,2.3069161831148137,5.76832499628499,0,1.8651447331856286,23.480922096172268,0,0,0,1,0,3,3528.8718054305373,0
1246.541502033755,1682.1604123901593,0,2.7688247443334046,15.395132004679862,3,16.33945234314416,0.5680816564474603,0,0,0,1,0,2,4145.8715899320105,0
1613.4948744202995,2487.569175300165,2,4.8704913874249325,32.14511275222153,1,8.166603491999892,37.62390367816156,0,0,0,1,0,2,5918.362409621809,0
1614.0000237396055,2387.4160971307865,0,2.711167766867969,47.08420285852226,2,17.945939039196077,4.9940937384424124,0,0,0,1,0,2,5743.376210499429,0
1179.2131308107955,1772.874046270189,2,2.927618286834424,16.048691229416857,1,9.327247264713835,40.4191372778381,0,0,0,1,0,2,4243.474194757446,0
2303.3100613357533,3714.5935189864404,0,3.2961821969843355,30.224754953657538,3,14.828757907750838,1.342336624630038,0,0,0,1,0,1,8736.320838714595,0
2283.2776370040174,3843.908856889455,2,6.384856618571091,26.060350715040165,1,6.183196729747769,35.01745852252233,0,0,0,1,0,0,8940.899432695503,0
205.89072252609452,110.63457673416978,0,0.7610531648254037,2.80309898427409,0,0.031669788592948896,11.266492309161475,0,0,0,1,0,1,279.9101191910081,0
4341.659955347861,7268.0009828999655,0,0.5492238217982691,11.592351233619482,1,4.210040978547252,0.976388815123515,0,0,0,1,0,0,16928.178943110634,0
1019.9673208914196,1432.0856718922796,3,5.339865963696763,70.11416716284285,1,2.0483147403260404,98.84703439356136,0,0,0,1,0,1,3496.5710363699727,0
3946.673323523669,6658.4408093394795,0,1.7106735147477896,29.02028544570092,2,1.1393666028838496,8.95015480706182,0,0,0,1,0,0,15479.11393199016,0
2766.952013797237,4783.151999457305,0,0.886942212398212,0.1932880200037877,0,6.980102037993644,0.3276110664780057,0,0,0,1,0,0,11051.613023632322,0
654.0358296511787,832.675053921335,2,0.7905476735098611,14.738151296948155,0,6.094238955449944,10.725092011363637,0,0,0,1,0,3,2072.7672029241016,0
5167.334791331919,5925.032764863422,0,3.606632936031367,26.020219030713033,2,16.10232703504564,2.5720556719340077,0,0,0,1,0,1,5866.120254898849,2
1158.579457681435,1807.8401048355188,2,3.2876195096869028,14.190248420296482,1,8.842090381845129,20.10994412106403,0,0,0,1,0,2,4284.285078711786,0
3387.4402952602236,5613.948823611575,0,1.285156283335583,26.748394499048082,2,3.4412391467541257,3.0384481074056278,0,0,0,1,0,1,13110.105561050535,0
1975.4001262356983,3371.3103575931436,1,4.420383628585151,14.238549027085671,1,18.581683875030336,6.974406495524322,0,0,0,1,0,0,7814.59052846263,0
1470.1232946312416,2162.675726313057,0,2.6468923960342807,22.31362790592418,1,14.590263273120073,4.946533852163161,0,0,0,1,0,1,5208.384019864592,0
1083.8975584189425,1779.0672834583352,1,11.222963638944062,33.22229333765817,1,11.350329429720137,43.55402760062593,0,0,0,1,0,0,4164.371361302285,0
199.29947911289358,111.72243707253506,0,0.5998385074823778,4.8111737414471945,1,0.13279969247984535,13.127964356942691,0,0,0,1,0,1,307.55401622677743,0
1448.2874149472098,2452.0371968581017,0,1.9238889457254484,5.000172664871727,0,7.758737230929816,1.4780074330712762,0,0,0,1,0,0,5695.181269135743,0
1317.6601095032397,2167.9651410078245,4,3.067654905455672,23.102178598354037,1,6.084851636360876,29.710609754665025,0,0,0,1,0,0,5072.2735828222385,0
207.98008253851984,211.04185277115468,0,0.9333916675259653,6.894477122129501,0,0.12290924098491861,4.803566209379274,0,0,0,1,0,0,567.70325801056,0
350.41624854500776,505.7239901775855,0,4.6525023442883136,0.9518438638337654,0,2.956315026145089,0.5657487681497774,0,0,0,1,0,0,1221.8812192402854,0
1622.2414036524665,1146.0019731191644,3,1.6705503545242615,21.258600812940394,1,1.6494386703971373,35.98903281446617,0,0,0,1,0,5,2543.3189692215847,0
2722.7157969715317,4408.161039925566,0,2.218354424660644,18.421748121856655,4,23.061618522862194,2.030325935453999,0,0,0,1,0,0,10353.391362858016,0
1028.7478326566427,1669.452885030028,2,1.4279527853287732,37.54469507394744,2,9.432299962886946,42.965040387316954,0,0,0,1,0,0,3919.3988023289075,0
427.4532456698955,354.74291396134686,0,5.275653069066154,2.66053795889351,1,0.1376570913207839,17.33718025133073,0,0,0,1,0,1,987.1738874321961,0
358.8852645855847,612.9329703806204,1,1.139662107947927,0.46259747837556064,2,1.238851559348988,0.8449910407439547,0,0,0,1,0,0,1420.5101469928306,0
6261.154280724806,9889.000103175676,2,4.919172183094642,7.974692112583209,1,5.619486181275462,39.345779511167095,0,0,0,1,0,2,1272.3821531933818,3
1769.283628898462,2910.98980739581,0,1.2376197108492386,13.783964860344302,2,14.891129366472747,0.8406404168605215,0,0,0,1,0,0,6809.5809926272195,0
729.9700244643153,898.9912961671197,2,4.351979190860149,40.54813488875105,2,4.582221361234637,38.88479638430108,0,0,0,1,0,1,2272.609226913737,0
347.99321474329946,251.0050794934697,0,0.8360757701205241,32.995420553485374,2,0.03356285909074646,9.143435868582102,0,0,0,1,0,2,182.4031009741808,0
160.54124572209167,199.6292421779721,1,3.0496642432134764,39.568027336076135,1,0.40466746916299645,45.715592724947314,0,0,0,1,0,0,500.8866972916529,0
248.06591023821528,238.37869050426616,0,0.0012119086790044896,4.34475439359152,1,0.002493246444348148,2.1295814636158807,0,0,0,1,0,3,7.9358817939668835,0
1702.548233780465,2662.1873083968017,0,3.5970388690834216,14.839031284735434,2,1.9403503937397286,0.37835131017819545,0,0,0,1,0,0,6304.018983890794,0
722.0322779152262,905.0372117969416,0,7.913293007060994,37.7880658456523,0,1.2691711273258042,29.552891120081714,0,0,0,1,0,2,2279.468372789903,0
417.3412375126604,292.49333693465854,0,4.839730787694537,37.91708579654637,1,0.6925197051862784,2.0296897224100503,0,0,0,1,0,1,846.5351259430493,0
294.6254850630163,323.8501637532098,2,3.152719486232637,26.25174455036128,1,0.7874969119390618,14.319165884237249,0,0,0,1,0,0,846.5906502035987,0
577.1895478688923,599.1096508561932,0,2.909745690878881,22.567212735110203,0,2.9074691662899306,4.779018437192343,0,0,0,1,0,0,1554.3969199637413,0
128.5939344028124,194.49416014203445,2,1.4058418882696202,0.21594479640409672,2,0.7116030474884958,0.5800839139675545,0,0,0,1,0,0,464.99324082170233,0
283.0328320995241,285.0431569213001,0,0.005427738907222436,19.688680535328324,0,0.012432124995868243,9.805764269709362,0,0,0,1,0,2,34.59143803736575,0
170.28815518781053,145.2672949352276,0,0.7465572805930347,5.505311223380204,0,0.004601981274270134,0.5768134123272761,0,0,0,1,0,1,86.43668885552157,0
1407.1845136669804,2111.1102672097695,4,1.1609998208321275,25.246160409923885,3,3.6689461043698017,82.23931167123908,0,0,0,1,0,1,5057.74829197336,0
1486.4970109014248,1936.8863723393529,0,2.333585754772402,19.562704101118143,1,16.806134174005017,5.766122012936693,0,0,0,1,0,2,4816.751553057288,0
1032.7554946892012,1639.0002730471417,1,8.272997121235534,28.307682826823427,2,9.455488129234983,47.81583081331721,0,0,0,1,0,0,3869.0361948116233,0
357.35628912582126,213.99225822671647,0,2.4240254803052537,2.0687985044820643,0,0.061627931402921485,19.600416235308728,0,0,0,1,0,2,487.78292479593875,0
29.06046946991424,25.931320109091104,0,0.17073570636075552,0.15988946892013967,0,0.003397083744407353,0.15303931793387987,0,0,0,1,0,0,30.165948987601233,0
1084.0135913897905,1227.9085175756525,3,1.0900529214098083,6.544774203096775,1,4.839124821941191,28.753797432140576,0,0,0,1,0,1,3138.8478848822197,0
1100.1769870288604,1211.8512124191273,0,0.4568120948178979,22.875916376591025,2,16.31665939044913,0.4423279922817065,0,0,0,1,0,3,3151.0395382136267,0
12177.02143615656,20789.387491801066,9,69.47387363625724,14.221808343315043,1,16039.595897221066,81.9725833338586,0,0,0,1,0,1,48184.992427933365,0
11088.165045718039,19103.701940371353,2,48.41172275945381,3.4838521749324203,0,8435.860759357052,2.593028875003831,0,0,0,1,0,1,44176.61307456638,0
411.93648240865406,325.8162292236716,4,1.5654938622274306,14.531246046110663,1,2.4117069433314997,53.65023374693448,0,0,0,1,0,2,933.1390712720527,0
8799.171921861174,15110.139046338687,0,0.9159703707469504,13.298276355890074,1,22.45784360102464,0.8549841572863142,0,0,0,1,0,0,34970.49170718906,0
10485.489619283204,17364.20423351669,2,10.2548053061928,33.61065448307214,1,10189.425106292108,42.78936023830376,0,0,0,1,0,1,40553.09674315681,0
11509.608496445262,19592.11361911509,2,28.32803348727641,9.152939543969651,3,9235.599187785705,2.1807107341415453,0,0,0,1,0,1,45443.47842687779,0
14059.925050845588,23582.576922191318,6,5.396522837644499,66.8870454606617,4,11016.14353591693,49.832217352849185,0,0,0,1,0,0,54898.322660668535,0
15714.22105866124,26850.439510632354,2,12.41852764578146,21.504775904574352,2,9072.371810702065,5.935859112346155,0,0,0,1,0,1,62220.14683896485,0
1304.1822297485996,2172.608683947847,1,3.7548957034189794,9.493780946841474,1,12.008726474371166,9.665088353751521,0,0,0,1,0,0,5067.06476170448,0
3708.5759589522518,5992.656925010964,1,2.960836002955493,9.099184867744135,0,58.12650265530417,27.355461210652805,0,0,0,1,0,1,14082.148673831472,0
941.5412694280076,1607.6210755465397,0,1.5382825678379612,0.8260772702709913,0,1.781879061111247,1.088697045603961,0,0,0,1,0,0,3725.887048349506,0
573.8491322181535,677.5958843257496,3,3.9534651518023325,18.44235529686245,1,2.424783294668151,38.823431881989244,0,0,0,1,0,1,1738.4818321112025,0
3949.8614753170373,6447.018569631601,1,0.6088056877799002,16.244299633184,3,1.356038185621636,1.500990247484804,0,0,0,1,0,0,15111.904324897467,0
854.0505086810699,1322.2782617796083,2,9.393355339351304,16.78553717859105,2,0.7376563875052591,36.45249583136797,0,0,0,1,0,0,3141.4144976479297,0
456.89627734442513,385.2290281585393,1,2.6645202302994053,6.300834615542693,0,0.018968838036927192,24.106622085823886,0,0,0,1,0,1,492.331252880757,0
755.2744642938939,1112.5836401008082,4,2.416193526412795,12.283376635039865,2,2.930117488727488,20.88860640005935,0,0,0,1,0,0,2677.5066192540103,0
209.56810611657252,143.43089928584953,4,0.820296781003609,8.941964226122536,0,0.7637855584869595,17.19697460194393,0,0,0,1,0,0,409.3952549731287,0
442.04821865898276,325.611621212776,1,0.753343033423733,11.330648795427534,1,0.6370901922118629,30.3127506938623,0,0,0,1,0,2,399.3378837133357,0
7361.23740897305,11586.86935386992,0,1.5628238411522068,39.261435832323265,4,2.4489706695322946,20.587568586324483,0,0,0,1,0,2,27400.880227856156,0
4812.752325655432,7764.120025460531,2,2.840860375167122,47.69607471166174,2,9.219446349195055,107.56784030894806,0,0,0,1,0,1,18256.68429930863,0
751.601682782851,345.7669615716947,3,1.8856366498899675,28.35276298853556,6,1.5673926359336179,53.18348114107065,0,0,0,1,0,5,1012.7072440981731,0
269.7249150492313,163.11357419888347,0,0.7940957222281217,16.34048661839332,1,0.011809274489334214,43.455611851832586,0,0,0,1,0,2,176.33343243795898,0
945.1589338649629,1433.3689806236855,5,2.2606558972089594,50.67071189300221,1,17.290809180888708,97.0841710278421,0,0,0,1,0,1,3426.571922506019,0
458.9404541864826,480.87058024855213,0,0.5635229635436597,9.377809841989098,1,0.011896312993730685,20.962240938304404,0,0,0,1,0,2,195.5038415088924,0
1651.163688677603,2644.0701257171854,1,0.15191223345444566,18.4549283786597,2,14.9623980488098,50.90875654588512,0,0,0,1,0,1,6229.6110914902165,0
1749.8458463149834,2814.9780229220123,0,1.79995851841365,11.653306079908006,0,17.77110252250289,27.627695815355146,0,0,0,1,0,0,6624.1478251925855,0
12294.455209533213,20283.98541121334,3,207.04828541795828,64.12919622336136,3,19085.373928860383,130.35698779544492,0,0,0,1,0,9,47417.774837300356,0
767.1273054140865,950.5991481113407,0,854.5632655216792,276.9234804886945,1,20977.449235978114,136.8151948428487,0,0,0,1,0,0,2382.9066450811997,0
1039.8763910729897,809.4856999638981,2,436.15557875127604,287.26393742095377,2,18632.50266079325,84.84257657549794,0,0,0,1,0,3,888.3988140989534,0
545.1331862435474,711.8002733174546,1,696.7006159654604,84.10893501166686,0,16785.27839462092,59.94455908407671,0,0,0,1,0,0,1776.469744619883,0
502.62693349781557,239.5547121768659,0,339.44321966428095,231.18688803592792,1,20693.61265360365,248.71007260695825,0,0,0,1,0,6,392.4848809393328,0
257.20912065227367,249.53076292548752,2,27.716755338818423,6.978228331101516,1,104.02216112076037,1.838807619389756,0,0,0,1,0,0,672.0051478588575,0
529.1717349849462,250.1759263832384,0,421.4020150106006,111.8226742592597,4,18228.21918291482,78.67806963631472,0,0,0,1,0,3,944.5854340921461,0
670.0245085326532,788.1942038255661,0,647.6016966178463,67.71474614710965,2,17274.145832201662,82.77670622710652,0,0,0,1,0,0,2026.5566732381253,0
344.9515513390299,232.75980704004817,0,446.67546034046916,139.0974884989685,2,20437.769989677872,102.35088339717518,0,0,0,1,0,2,733.9119339331514,0
518.3473783080034,212.43031706421078,0,423.517668556716,298.46611812941524,2,18792.275582839917,184.59001467494073,0,0,0,1,0,2,880.0184740334886,0
674.1459299910586,743.413070386456,0,770.2132521121832,227.06489480754544,3,20477.143864987796,180.69820247739906,0,0,0,1,0,2,1942.780562639661,0
733.100011529944,546.3123410381759,0,628.1399633060876,227.52882787672434,1,10100.371366397718,180.42548433020968,0,0,0,1,0,2,1617.3583703492418,0
250.39400412315527,178.11280794406306,1,114.79854876164616,4.662825067788339,1,18290.131620008076,11.186059676514777,0,0,0,1,0,4,130.0572650697699,0
671.8501490900579,484.0940455728622,1,629.5607886085701,237.97664028943504,2,16082.38084064118,196.95086220880128,0,0,0,1,0,2,1499.7871209132236,0
398.6315364951029,197.52052202411627,0,106.03795484653494,200.41207983669275,0,47.189791094461725,117.20879466546151,0,0,0,1,0,1,621.422828461387,0
787.3054151184923,818.765783892462,1,655.5814440418628,166.3869546076352,0,16437.374651575235,154.08771976242724,0,0,0,1,0,3,2166.998589335194,0
641.141144590068,439.8394596807832,1,161.06814078745347,217.13659168287495,2,39.87356512014148,178.07156335973892,0,0,0,1,0,1,1290.0855898288678,0
614.1515685083453,443.48077130931307,0,561.204473670238,136.78020030676348,1,20806.57189332587,118.50726998304717,0,0,0,1,0,3,1328.3131120266387,0
559.6158052390729,312.16335432261076,1,588.2050615158885,208.06300572559564,2,18258.6005429526,135.65224218086456,0,0,0,1,0,4,1053.780024175308,0
314.481262670704,141.36592799887163,0,57.65932513627881,105.53990560033846,5,22.591324776353467,52.24729585852737,0,0,0,1,0,0,483.0175554460175,0
742.5821947914445,746.0730977128982,0,626.1959663471753,229.50170464268382,1,19310.253645584722,159.6298844935219,0,0,0,1,0,2,2003.7712572785745,0
745.264391398307,656.276655097299,0,505.3017083558717,224.71139439925673,2,21558.58790243341,150.087913908342,0,0,0,1,0,2,1843.0253450560704,0
603.4081949240153,402.5611434607284,0,356.69978206570687,237.6083132234492,2,8712.477650349674,121.77923446756466,0,0,0,1,0,1,1210.7891003304583,0
497.87755252661606,200.9061744326938,0,245.7014852062028,167.91714989835123,2,17400.74312147328,98.79881272198544,0,0,0,1,0,4,721.3968104872602,0
797.9392688330709,786.9712458099079,0,693.8716269717881,255.48192015890623,4,19334.134753483348,163.18247500923934,0,0,0,1,0,0,2098.8429824739087,0
619.3484146988446,262.74880579120406,0,545.2113778825624,322.98912036980227,2,19630.337922690793,159.1732063208156,0,0,0,1,0,4,1028.313579566011,0
368.54733244763196,206.95557096006635,0,396.00265206165966,219.7810216981947,1,19834.552665066672,73.84818611437295,0,0,0,1,0,4,592.6516835585813,0
716.4188366447913,501.7308498247226,0,596.469497710394,244.92968026560834,2,23622.266431717486,155.98448392350568,0,0,0,1,0,4,1564.1302728342257,0
782.4937732505656,570.1408471793276,0,511.3787249362443,237.853639201917,6,17199.80333302117,144.1960899676542,0,0,0,1,0,3,1762.0695498423447,0
6863.885804291256,10430.51951550113,0,570.858320838604,242.46494596399714,9,20189.588729478994,173.1387426820681,0,0,0,1,0,4,1319.6992616238979,4
1041.2432135029776,1131.8702640476959,1,1003.7415505572151,123.99820948102902,0,22000.610402568956,180.3498829835432,0,0,0,1,0,4,2981.311479872688,0
980.5877542772816,513.6383639849232,0,240.8932499240429,250.03564173139165,9,8789.941912481077,96.97159027616034,0,0,0,1,0,8,1720.7478626070583,0
655.427272236593,894.3695743411821,0,504.28412157820264,78.69769398312492,7,16829.59279712066,122.39308097428898,0,0,0,1,0,0,2203.0409302225858,0
638.5915836062344,380.96789348554927,1,746.0677951322928,237.25955300041497,2,13152.58762295566,172.64604727797257,0,0,0,1,0,3,1274.8781280210374,0
582.4603989826153,877.7985423101785,0,692.760707141286,68.91862832041744,0,17395.033980995726,109.56116398542267,0,0,0,1,0,0,2101.0979553653974,0
911.4253701150141,630.5176139625019,0,396.4865116570166,238.95402529163437,6,14916.223553118914,165.73899336189055,0,0,0,1,0,3,2001.62526481152,0
714.1164043528611,500.88447587057647,0,528.0256034799701,232.83205235316132,2,7858.122044103374,182.4896923179038,0,0,0,1,0,2,1566.7210614182527,0
815.2948654743117,1084.7296976406437,0,794.996438343079,145.6453076243357,0,21220.587182452582,153.11396469735752,0,0,0,1,0,1,2675.9858122357373,0
601.2855197063029,316.579701632556,0,577.3025451717557,143.37542165119075,0,9589.72376716398,136.99042402607168,0,0,0,1,0,1,1113.754758488993,0
5925.038122694263,8936.919801185913,1,824.7687512509043,78.42618474925206,0,9677.63166247052,73.36305665593001,0,0,0,1,0,1,1773.114102871129,3
638.0519035452921,499.2790267249534,1,305.5743552240954,220.2206991164751,0,36.31239216336873,173.26129092320045,0,0,0,1,0,1,1454.6723453088737,0
793.7580319545352,1191.1936002779178,1,773.9420317247584,163.13399846761374,0,21289.398264750063,122.97120267827776,0,0,0,1,0,0,2853.5294360033045,0
526.9346259753373,188.39765179070238,0,446.94439160521756,202.81952077827697,1,13356.23181480703,119.15120004923281,0,0,0,1,0,2,846.8594124293259,0
655.0949651477221,967.1123275953099,0,752.8392140760835,77.48419228851962,0,17587.186973256637,59.9221340929137,0,0,0,1,0,0,2328.1554974627975,0
642.1137048044727,362.2739242019578,2,543.0816107129142,196.00486764300757,1,9224.200799566896,204.71181546964723,0,0,0,1,0,3,1235.5839688510296,0
617.9417267896516,503.47352641275506,2,461.17885448746216,154.8753350027009,1,8033.533889208864,146.37707285382882,0,0,0,1,0,2,1391.805932625171,0
58.495181976625055,53.50446786192022,0,5.9741318819149924,8.862996392735763,1,9.761932151301552,0.18820090317104132,0,0,0,1,0,0,83.3655774243426,0
622.5683034645176,753.7499465002303,1,661.8682672606857,170.35470617436306,0,16642.03733992307,163.36825289103928,0,0,0,1,0,1,1913.4746858546796,0
829.363211792255,508.4053540397871,1,457.97478173344746,202.41961780971963,1,38.7916672505557,179.65677778613593,0,0,0,1,0,2,1697.4985028178044,0
383.3900848476314,284.2388463510553,1,163.84551637323023,83.32981619843562,2,16035.268279001919,76.74381787884842,0,0,0,1,0,6,167.799463404761,0
222.78355387492786,157.05540141375945,0,43.810237715557726,95.54590232090963,1,20.120745590315753,99.5669829349421,0,0,0,1,0,0,423.6689129123996,0
6798.575954727808,10024.586384792723,1,734.078103488633,175.11796905184386,1,24566.1195315042,174.52556808716483,0,0,0,1,0,4,2052.404670242409,4
546.8885774857366,570.4263864161849,1,367.14091729114,165.38286684440052,2,10101.25108704872,127.74565776598976,0,0,0,1,0,1,1493.9887337670655,0
253.19336216993293,198.5099345550659,0,143.25944497956377,10.594547445806722,1,20583.58476133155,43.0955906879484,0,0,0,1,0,4,83.74484958748866,0
186.25203575873982,148.15453105702912,0,35.87516486985938,101.9744323730434,0,10.515272913634346,77.23171305399117,0,0,0,1,0,0,385.64804332940713,0
644.0524833177157,894.9119382306443,1,560.533512295537,213.58761751454733,0,16563.90289909601,143.38968979468882,0,0,0,1,0,0,2184.6398344034205,0
587.1940151964852,235.50799375861982,0,718.7218718717347,302.18183041536446,3,19199.50426896743,257.7916806150398,0,0,0,1,0,4,973.3077240687004,0
432.6350444827094,143.4347716437188,0,510.10728376490454,150.84895537875295,2,20117.712306785877,89.91454122047878,0,0,0,1,0,4,575.9845639353612,0
667.206579929976,500.67782753817295,0,504.2633671516374,261.75341057128725,2,15574.134726778491,183.66787302298508,0,0,0,1,0,4,1512.8425657513437,0
851.0170639207491,1013.933877109369,0,868.2078507521858,182.86438286685967,2,23423.86272491318,135.4704419422622,0,0,0,1,0,1,2580.267437009156,0
593.4656417191678,354.9575607552457,1,469.7860486138411,281.17994923652265,1,118.41920467202266,171.80435704307368,0,0,0,1,0,1,1169.9714289514138,0
579.0856850809892,376.73177422989545,0,395.29866723325705,172.67147746644943,0,16297.2813443171,148.03145541103578,0,0,0,1,0,4,1184.8475036360119,0
526.1646843112215,323.6894234243553,1,576.6586313874897,351.3781532221604,4,17792.16043826598,171.20075368013852,0,0,0,1,0,2,1073.195213183495,0
421.00289400035155,151.24418754722717,0,438.56220085088853,224.04883164488058,3,18936.443511261565,144.33190171557874,0,0,0,1,0,3,650.527432674082,0
508.3118979247288,419.0468831799633,0,340.9167382527932,256.8208832712245,2,17565.029945054328,120.21378193877592,0,0,0,1,0,3,1184.5689394758865,0
387.5772141646142,264.43039912282563,0,74.26187863796176,191.47493467632268,2,47.611772525460424,127.07361419976456,0,0,0,1,0,1,765.535329364054,0
792.1092648134443,1132.6948168148695,0,838.9190403015268,219.00364491125129,0,21934.954939240226,129.86737122795157,0,0,0,1,0,0,2744.7820079681906,0
576.1202011708623,329.151925013753,1,659.1999851425367,256.5989057918648,1,16087.918382374932,114.1715147429849,0,0,0,1,0,1,1118.9496275209276,0
385.21428378844377,188.74603340572884,0,413.3425088527389,142.9252539627768,2,20109.473304700114,75.63978122401588,0,0,0,1,0,4,562.9917762634575,0
672.3575573762561,944.3482123287381,0,822.1925477234529,170.59500601100106,3,21307.378525800563,105.43026238740242,0,0,0,1,0,0,2303.7316809367876,0
489.36036685341224,363.0560713841488,1,526.6934284130538,219.8203807030307,1,15870.531438028798,135.59184284183647,0,0,0,1,0,2,1098.079951186297,0
785.7716679101713,632.3527932171231,1,670.2008787425495,161.83255322231463,1,22654.139820006865,129.74070401099888,0,0,0,1,0,3,1879.1272245612668,0
418.87792711889574,337.0083769809095,1,92.94278588693007,202.79682040244472,0,35.0349412593648,102.5014661714614,0,0,0,1,0,0,901.8326335827171,0
11618.002664036467,19647.820902725136,0,84.89138510764795,4.278441663974708,1,15121.122600097025,11.511790239834164,0,0,0,1,0,4,213.83902620976102,7
395.27549259223736,304.3340379890852,3,31.0552651730475,139.06299409078053,2,26.166278380567874,119.89558164992808,0,0,0,1,0,0,510.27957643731236,0
656.9270800684861,591.8299504276755,0,811.778867869589,223.19191523455316,4,8564.612692643663,124.36721019022801,0,0,0,1,0,1,1673.6209378227181,0
16.231677989229077,7.660073386920504,0,3.5067778311915436,2.174739568147623,0,25.63650594272383,6.338755165512478,0,0,0,1,0,0,15.902559006275252,0
19.746107875349814,12.74315005978844,0,6.0169608624215645,0.14022097993550625,0,21.433976047738682,0.4696098325532819,0,0,0,1,0,0,5.397521774995441,0
763.28369845235,572.3654048491984,1,682.574690954011,216.57598155668057,4,12807.735352715266,109.56982750970377,0,0,0,1,0,0,1682.8627860110419,0
656.3624434029929,1046.0981107258042,0,703.6603255328272,81.96394354702487,0,18391.09938301299,34.68612493805129,0,0,0,1,0,0,2467.3854324122267,0
11503.705779782396,19231.904368497617,0,296.61601932300846,3.5651224705145723,1,19349.73512589861,8.367681593091186,0,0,0,1,0,4,244.24335805018575,7
240.3408571579537,217.80691274760323,1,31.470919120490546,98.26812889899476,1,39.46150168696215,60.31780687688979,0,0,0,1,0,0,582.6368344569449,0
621.4863758631443,492.791941926084,0,387.3627445480353,148.63250029532645,1,19446.99864473503,94.37328741406546,0,0,0,1,0,4,1435.0401290020711,0
336.9059158873232,213.3224067687431,1,74.39594915967471,178.71759982775697,1,45.18628355679118,102.56870304199512,0,0,0,1,0,1,406.7916658054195,0
208.14642553874512,228.60431806169953,0,53.27143625260828,1.4349550875430548,0,16980.713881502816,3.7263549655227823,0,0,0,1,0,4,45.491473730832354,0
495.08699989870956,363.28656900267606,2,83.67693927131904,210.2904307914048,3,30.972908585301543,103.3652664971101,0,0,0,1,0,1,951.3141655343685,0
313.2789693112144,184.07169369407794,0,101.11771389828284,69.60299105926624,1,15792.401248349544,47.40647976722611,0,0,0,1,0,4,112.24187401334477,0
650.2402239237053,771.9001589643568,0,698.3107422468448,297.56313275345013,2,20239.240357002644,168.29383484417883,0,0,0,1,0,2,1976.2729574178957,0
402.03518596709733,173.43279448512348,2,281.4816398281454,142.21119495014455,3,18392.01756603505,82.61167024870508,0,0,0,1,0,3,662.9236638591342,0
742.0214195083889,1022.2658161532579,0,719.6360335478655,167.11885094394307,2,24625.288248885383,133.7945772060207,0,0,0,1,0,1,2512.1544454041587,0
474.8956631057697,175.97990354450067,1,589.0605320845606,197.91061085730212,0,16628.970601411376,101.84659368536643,0,0,0,1,0,2,763.2655004768985,0
832.6309141300097,1144.9792128182446,1,722.5456022663848,160.11191965828272,1,21420.90077878855,92.36134195288294,0,0,0,1,0,1,2814.223358052695,0
451.4323993505371,259.7958670941626,1,531.8215756123814,393.8697554570637,1,17870.937026609143,129.2373170286612,0,0,0,1,0,1,891.6763946740662,0
726.6504179454234,1014.9302345280663,1,824.0498699735878,166.4938793873075,0,21697.652793230747,102.9785300793212,0,0,0,1,0,1,2482.462607421745,0
634.1097985748612,437.2234360091923,1,404.8977228415246,244.28876013715396,1,14419.73383689711,151.89918612812588,0,0,0,1,0,1,1374.4358858536864,0
484.6633693252633,399.7382911584345,0,442.28562623312075,177.54785959139576,1,16448.983201377356,80.9026642772168,0,0,0,1,0,3,1143.239846924932,0
416.52339963876386,299.90151300361276,1,131.2645178238576,228.2696611871184,1,43.2017662595798,125.44555751041935,0,0,0,1,0,1,815.2090891064556,0
566.4293043236648,446.29649924575534,0,457.0657384942014,192.88513564763463,1,21421.984012673092,59.02099385105789,0,0,0,1,0,3,1297.916432907319,0
118.33344860804071,119.66745713409715,0,20.367083889390774,10.630470820526103,2,25.954015045552218,0.7491426652018296,0,0,0,1,0,0,321.2252907349412,0
6942.831985753542,11437.052841037184,0,211.24617843998527,3.4592201512453125,1,20270.3532927827,8.709650623331573,0,0,0,1,0,5,234.2772813007499,4
173.8286568079177,134.00090534443325,0,30.492465777899444,89.31104456052428,0,23.031352050634112,58.52220291529201,0,0,0,1,0,0,329.41352605735113,0
6579.15248900657,10672.639779280129,0,394.67366031949723,100.43331410877721,1,22775.113370439183,42.718794213955455,0,0,0,1,0,4,419.32135069458707,4
55.17375938290638,38.15358924555136,0,55.219287129977594,7.111149957918559,1,14.377594206530183,0.5213755597695532,0,0,0,1,0,0,97.58805911876381,0
467.9075043031236,243.16074899358074,0,201.73578148292398,103.90604725531693,1,22151.208833125762,36.67751118047425,0,0,0,1,0,6,220.20004563152247,0
658.836327615747,811.236708338959,0,803.2727234682894,209.1277297014417,4,21968.796536103502,55.23870529893453,0,0,0,1,0,1,2062.259879028908,0
1383.761538566199,1369.7725105998368,2,570.0679642558628,296.8974320804693,1,99.88547764962622,77.6226055324438,0,0,0,1,0,1,1336.2692940124546,0
11333.645020307016,18289.072348244066,1,687.7463354896803,261.04115963434236,1,24112.07763931508,85.03678183311095,0,0,0,1,0,1,1865.244879410272,7
435.1196324536284,417.6945003261185,1,141.4899295298895,200.84713724246828,1,29.016493169626788,78.21434598781967,0,0,0,1,0,1,1131.0006033059697,0
809.2704974292836,927.3681603695273,0,810.0811632152709,213.05049080848207,1,21533.334313078798,90.59369922448009,0,0,0,1,0,4,2386.6157265137194,0
152.90237902429556,205.48682579449297,0,24.724055030410618,99.74546194468901,1,17.90878279767666,37.02141503950707,0,0,0,1,0,0,506.8508807865666,0
689.4992803691619,640.9931186347311,1,772.2444898825554,219.43936400286665,1,22166.478541285018,69.86458788790995,0,0,0,1,0,3,1781.9902424131278,0
334.04431604681884,448.19677130672113,0,343.81166619858675,105.84854879908198,1,9829.35433325746,35.9685305294025,0,0,0,1,0,0,1110.2203662319819,0
12735.464744934234,21389.67329880914,1,484.8275868501223,1.916320478963805,1,20980.08051349845,7.076589909283813,0,0,0,1,0,3,484.01831211392846,8
337.3193855616999,453.3257253072609,0,362.3148805215191,2.3653090162879833,0,10561.421187474793,1.6358374292703453,0,0,0,1,0,0,1118.5335782281118,0
472.01202378813184,312.26122990994656,0,399.9570483092242,240.11448944768608,3,22097.1906325599,69.34776851984448,0,0,0,1,0,5,835.8348961196378,0
620.1224083483962,891.9404056192518,1,813.2708453046432,178.26322349493682,3,23023.2521289482,87.16125357446566,0,0,0,1,0,0,2163.8959342002395,0
624.0659252194541,500.4548434981697,0,724.8232651674668,242.24191387390914,3,15601.904628340613,67.46713679816055,0,0,0,1,0,2,1463.7132431688726,0
731.5841329496825,788.4598509292168,1,659.1901601899928,284.4400466545568,1,21052.83429658281,63.467208097497746,0,0,0,1,0,2,2089.7082023271796,0
459.10070928811643,486.0750705224408,1,681.6612030116589,322.6462257895509,4,21756.033736414574,80.1905935279404,0,0,0,1,0,1,1300.0159629069624,0
576.1201796462499,306.2643440658942,0,516.1169072719854,210.90079869400125,2,17202.581728770416,58.909704810679514,0,0,0,1,0,2,1061.6355583939694,0
636.9164427054163,978.5902946511796,0,941.971808675916,241.29061383394878,1,18676.78032029792,24.486475718158474,0,0,0,1,0,0,2331.8785061806975,0
3827.2991521048853,5647.141755481249,1,557.8625250280293,256.8084493407571,1,16459.999963869468,73.286484626354,0,0,0,1,0,2,1194.5409299706137,2
293.22924159763295,218.92046156097354,0,466.0382172460594,1.0547786246328479,3,22140.154338841807,3.9420247935049213,0,0,0,1,0,2,626.1948755455071,0
295.02312753569635,339.8966354527584,0,394.66244387523756,113.58446433027612,1,11239.388480511709,47.71334852032924,0,0,0,1,0,0,879.01710175399,0
11507.865144860947,19248.07279322676,0,536.2053760410816,103.64742779313205,2,18376.819295577912,45.04843939538935,0,0,0,1,0,3,562.6964878702895,7
10347.495987931165,16548.147590942306,0,977.763359875364,308.2205067898017,3,19995.53315015338,66.04318662540551,0,0,0,1,0,1,2006.6495734442733,6
6597.940942355446,10245.484205989376,0,475.5136634952755,364.23154928288545,2,10841.23079537509,47.533853435274494,0,0,0,1,0,3,1132.7728538772242,4
5591.475228487029,9126.448184055973,0,382.85833168547015,4.440694128982809,1,24979.609350167273,22.95975801438246,0,0,0,1,0,3,486.15542809835534,3
349.12817374934815,437.5311458071585,0,385.01840166527546,122.1473499491187,2,10868.597828699867,44.38618390161852,0,0,0,1,0,0,1106.4439966791183,0
417.11671089253343,222.40702293406392,0,550.7665660688674,290.6803315151981,1,17652.243558385933,49.775054718294435,0,0,0,1,0,2,776.6150503796435,0
584.7938341527347,630.3663790005082,0,705.0443644560625,293.11933115997016,0,25352.4793778128,34.8407636224646,0,0,0,1,0,2,1673.5173331538272,0
497.3578948080113,418.13826114429065,1,591.7059752167363,368.09136614027636,3,10984.949305621833,63.828479973783445,0,0,0,1,0,1,1218.811279159784,0
444.5935347543834,244.8672501768462,0,665.4088429271685,167.3359077188733,2,17734.864218225805,52.15878198822442,0,0,0,1,0,3,799.4718032652697,0
6803.955232875034,10848.999652772532,1,424.2364377968688,200.7681404475225,3,19869.57486596831,61.37614139729606,0,0,0,1,0,5,750.6214578759719,4
420.5900157698522,265.3062623626841,0,517.8859644731939,245.4692849206449,3,22372.705592393915,81.01723710430285,0,0,0,1,0,2,858.5698684637877,0
411.89697346700484,231.94310566924412,0,594.1984921982939,229.51845997239292,2,18541.316865663903,44.39309859877473,0,0,0,1,0,3,743.6213599472579,0
372.8355752934649,257.4253128879802,0,452.2940021388696,259.1949615207003,2,12702.60726457737,44.76121179323048,0,0,0,1,0,3,731.2169182826822,0
432.36089923303666,190.26023495558042,1,143.40732481438343,316.07398397760136,0,37.023277431755744,62.27708511521,0,0,0,1,0,1,709.8202045214605,0
2397.6489940329748,3385.716518515947,0,177.0885304957398,157.32047512071296,3,19592.86225558538,30.313706922399536,0,0,0,1,0,6,282.2179129233628,1
200.96766071962924,63.14162514303468,0,51.91845754347301,146.3762059259642,2,20.823253529373883,25.063785001637445,0,0,0,1,0,0,280.91162258105606,0
659.1816200741117,834.518015489184,1,950.7183192540988,305.04317717203446,0,21182.918351637843,51.07557253032249,0,0,0,1,0,1,2101.671549570602,0
603.7148706940059,354.92043128400553,0,525.1807075652014,398.64501740383366,3,10947.498743717784,45.30108155748839,0,0,0,1,0,3,1164.5396340859506,0
595.2154621908584,326.86667964966324,0,467.1331177109296,96.62030227104476,1,11122.917912846087,38.2033955649492,0,0,0,1,0,1,659.638840197764,0
587.0682672996058,525.3601387714152,1,399.7510384284353,151.72504291117508,1,19947.766620237617,13.429825904397136,0,0,0,1,0,4,1404.340892989167,0
420.86638906582994,226.94538632265173,0,451.44539824032347,206.4847577617537,3,11565.534067786377,30.38730043689819,0,0,0,1,0,4,717.2016043929334,0
366.18770412426716,180.92267876038642,0,705.217831352003,257.3978204797026,1,513.4017411924459,47.12808759191411,0,0,0,1,0,1,595.4681786854339,0
590.3477802518173,778.5826856076291,0,964.3026639156274,357.41382379613606,3,216.4478792477829,18.295783264181562,0,0,0,1,0,0,1929.9206374161115,0
439.3336346462211,310.0334277712341,3,525.1519773190502,380.76443554117145,0,281.8793009418008,26.398225717051396,0,0,0,1,0,1,901.3649865421228,0
313.88159851889446,124.73814276712434,0,257.8776732837632,138.01446855564728,3,18095.498209425816,21.987432033925238,0,0,0,1,0,3,407.89783919616576,0
713.8577684380404,941.86894834386,0,620.0979489493039,238.8502933093787,6,373.6969176000708,48.595302969657,0,0,0,1,0,1,2344.425858330278,0
7167.030924904455,11567.717458241556,0,592.9869121141242,76.87354112851398,2,475.9660869683815,34.5812672388456,0,0,0,1,0,4,712.685086815964,4
34.30257300364831,33.19050151248013,0,6.9953116400632025,1.8144632023413383,1,8.788965973959753,1.0915477580789286,0,0,0,1,0,0,47.33591305377133,0
514.1372897331356,404.46073779141807,0,425.84194985935665,256.7881636460668,2,20928.639207576874,20.992599593745407,0,0,0,1,0,3,1167.059583915448,0
249.4540581397621,182.2107255953994,0,96.35913184205572,155.44009469842,1,23.214817985842153,11.828261912668395,0,0,0,1,0,0,498.4769112525129,0
712.8729111314408,481.6023714195801,0,484.08308237134804,246.08810218389698,2,155.90570467676088,25.12395924105913,0,0,0,1,0,2,1300.5443482700975,0
347.4743550220619,228.46544281912216,1,120.62471015958633,275.11087802995416,2,41.13085571365786,19.20580451792644,0,0,0,1,0,0,695.7167374522405,0
707.4652271459325,753.4227341986096,0,642.2409360374813,362.32796119761645,1,11861.518826249188,6.728946563937168,0,0,0,1,0,2,1995.2101354802567,0
197.99386745850052,148.56474700951236,0,56.42953690060773,273.94745083213746,3,20.294539299705285,8.942243763356295,0,0,0,1,0,0,445.7195506833724,0
386.68612718039276,437.3399675356003,0,190.71820499539103,168.98345872385198,5,11127.357839725715,15.166311191825844,0,0,0,1,0,1,74.10859849298339,0
337.14272310002565,308.16359072328504,1,45.80789130372217,326.20535149192244,2,84.47576943579492,33.47263443744006,0,0,0,1,0,1,870.4787926409545,0
654.9673456926713,1034.9916500020038,0,861.2320002544776,255.41437665214397,0,20442.72980320744,78.73446495803944,0,0,0,1,0,0,2446.7385613248985,0
639.0051126887427,298.16193158189253,1,510.562560654712,236.40437617740233,3,310.4406847168744,30.6271925012251,0,0,0,1,0,2,1059.704438690348,0
764.376028699335,1051.459960819918,0,807.5892378509939,216.15050580865147,0,24262.499805925094,55.16391882929716,0,0,0,1,0,0,2584.363976354266,0
531.0732416748205,259.7174917289196,0,621.3015070715013,313.70430946073105,2,10172.539903599976,34.93728228269384,0,0,0,1,0,1,875.839441561751,0
774.0820324185073,693.8666181760726,0,934.0709649404776,333.9443355899176,0,23827.805361131977,36.47719993087156,0,0,0,1,0,3,1940.7826821656877,0
543.1879208963254,339.76640691783,0,724.336171135081,379.13868559753485,2,10271.61440164698,59.73260507474244,0,0,0,1,0,0,982.5975592395482,0
604.2814447739311,483.22228643790476,1,474.4153492401489,339.4398297374795,2,222.9999278118603,12.418182132991246,0,0,0,1,0,1,1370.0338598064745,0
457.8400932447706,277.6943931890673,1,704.9538518928132,360.7703493001434,5,11935.667777398561,22.439027805435835,0,0,0,1,0,2,872.4345299331869,0
488.8289636641233,303.7535049990083,0,723.2633192066834,277.4943852417572,1,166.84975144049415,12.427840307137128,0,0,0,1,0,1,725.3853906476436,0
571.2733109751149,420.51141217648143,1,754.1380843331069,361.37392163462044,4,21054.103366568466,11.902619368767784,0,0,0,1,0,2,1204.660704991596,0
654.3454695845652,625.4488981149237,4,849.4030796997927,335.82136253969156,5,11808.449380685119,15.71694719759953,0,0,0,1,0,1,1704.5811033662617,0
438.348658853488,289.45723535691116,1,549.6000000037619,277.97579828455764,1,73.96358900702057,10.87622178966104,0,0,0,1,0,0,799.1494525472707,0
679.0864924023219,802.534891829915,0,950.2806119349146,348.8764390263889,1,11741.088310289773,15.609420356559689,0,0,0,1,0,1,2055.2276847043963,0
294.6534896358545,192.43798832002366,1,345.82505066842884,333.7573814224111,0,16.99152355479393,12.990378458682452,0,0,0,1,0,0,606.8457841617895,0
11074.669095364736,18531.785868687573,0,503.1015338001859,163.72252648538202,0,10780.702962096488,14.184611146469173,0,0,0,1,0,1,736.5153821289325,7
244.94991557683684,266.4225982938537,1,370.71578135374136,155.48699545223343,2,10228.318946218471,15.420007477178764,0,0,0,1,0,0,706.1289513547845,0
14939.54165104134,25544.0439228107,0,435.71816595283184,2.0066754618755964,1,18782.116337477964,13.531248174802094,0,0,0,1,0,2,240.50363370965366,9
215.58673250562492,301.11579170333647,1,366.3765442269501,2.8912598314810802,2,152.4940313543232,1.1408480323409307,0,0,0,1,0,0,735.5899967219783,0
15158.835249884136,25625.21156101252,0,322.18688389805953,17.421428278781068,2,17559.515607903697,46.65991600865638,0,0,0,1,0,2,293.8561716995514,9
579.7010555388132,566.6742569098443,1,938.0950755002632,352.90605888248183,6,348.11650289438967,11.09684825373596,0,0,0,1,0,0,1539.0406861999845,0
440.6977397207217,269.16116076143857,1,738.6437114376979,305.12037941280676,2,10241.515589834937,12.96503261084788,0,0,0,1,0,1,764.5791350787599,0
646.014778544174,656.6934525614753,1,959.6588649673654,348.7091407300254,1,11092.253447110666,3.9476202052071154,0,0,0,1,0,1,1774.7836672988828,0
338.0241979374295,166.54765328526096,1,148.88906005770258,332.6020521714461,1,51.42525237409302,13.071786118100412,0,0,0,1,0,0,526.7852641695056,0
13523.389524793964,22371.136118154056,0,721.9945414837775,211.78481837335272,0,10041.040460944998,35.35621997899055,0,0,0,1,0,1,1363.8662561409324,8
522.3684119618304,539.7821986148111,1,630.0152448472573,209.85722230754595,3,271.7505818902712,23.064999941672422,0,0,0,1,0,1,1453.1439685074322,0
250.5484484146345,136.47845616532604,1,714.7773445227695,95.76157340019711,6,9961.375295502517,15.891554872175465,0,0,0,1,0,1,464.8710791746047,0
258.0971638940594,335.30014462561905,0,302.2001135040966,2.9619573610031757,2,9844.844174105612,0.34336311041180834,0,0,0,1,0,1,830.633908798622,0
14680.674597371948,24678.641472814696,0,517.1195877735677,82.37432958919554,3,11604.644929021328,26.052748346824217,0,0,0,1,0,3,687.6296171385476,9
550.1731565326934,346.16934507308025,0,675.7709072275147,321.6705864132132,2,20066.13483915258,23.252503512349392,0,0,0,1,0,1,1074.0645660519137,0
516.663998382192,272.2614692226165,2,472.67580542861685,359.4286784892738,3,10754.867077114579,21.706990627357918,0,0,0,1,0,2,914.1564370874801,0
448.90751433904967,303.3530341453767,1,696.1099598361793,260.958631205893,2,379.2460518086604,15.732606343727669,0,0,0,1,0,1,920.3076179467652,0
7297.344564243981,11169.401921813813,2,865.3806669716259,385.162984184709,1,11227.852951803141,14.083090477143259,0,0,0,1,0,1,2191.5176589032035,4
6798.310905518327,11072.176982651463,1,302.9685593224169,349.1499270678818,0,24.836681401462954,10.433574490710667,0,0,0,1,0,0,782.2012411622356,4
7096.225359300195,11011.464580832097,2,754.9110877392543,341.62068819110107,1,11688.645337596548,26.096619167902006,0,0,0,1,0,1,1825.9890186586695,4
257.7456922490388,119.45696685267164,1,69.34103516151777,249.91007128135936,1,58.75476276402178,13.878562196681653,0,0,0,1,0,0,270.5333131711119,0
3974.966214942585,5932.188275038809,1,671.6151686060373,278.3349751296349,0,19252.89338585503,30.650818950248585,0,0,0,1,0,1,1369.3981974726678,2
6715.508376307015,11045.221067395125,1,317.5535601208844,285.7455256095141,1,53.83372703801243,24.118664627737402,0,0,0,1,0,1,642.0889479608504,4
6289.022660911935,9953.29122829501,0,572.7087199937446,314.47840824424463,1,10874.808332040784,16.567776102248644,0,0,0,1,0,1,1315.3781463506077,3
212.7992643482223,120.00283614444642,0,40.0744180204928,233.22930826697967,0,62.88573583133318,7.3555077612389,0,0,0,1,0,0,378.52117833350724,0
526.685912029017,514.1182647720728,1,702.6897869106383,302.07165231570525,0,10958.638268745386,15.270357300301367,0,0,0,1,0,1,1411.5767681084226,0
311.15265106354104,259.6841253267788,1,142.3547645006574,267.1061617310868,1,41.11129616721807,14.69020018052347,0,0,0,1,0,0,733.9177153030078,0
6971.391019650104,11749.060914861242,0,148.4529954493038,150.41019899135304,1,361.5370445381569,14.539731975604399,0,0,0,1,0,2,75.397914124233,4
196.93316802521971,200.0118953605011,1,21.00707908957743,161.26248246868968,1,19.21334015847579,51.99016398722707,0,0,0,1,0,0,117.08652877910677,0
7195.517214599945,11593.776225749918,0,473.8189445945253,206.16820853211647,1,24397.3684454092,13.164575923760427,0,0,0,1,0,2,981.2351869258761,4
6704.5572876032675,10717.974659723837,1,490.8759618882264,183.4665390978558,0,16955.815624717517,33.35835084951232,0,0,0,1,0,0,1172.1483631863925,4
14964.484250198508,24981.601928167547,0,651.9400484327725,195.5795447677961,2,19223.16518256633,43.9315374717207,0,0,0,1,0,1,1229.1296230561534,9
728.999204403971,970.4721081794493,2,858.0957392505693,246.30206449907047,0,11801.622989399264,14.03604160850521,0,0,0,1,0,0,2404.3737916042,0
472.38461905356684,358.675398566124,1,532.5459913473119,246.32196870285017,1,8707.256531519062,18.99441048727455,0,0,0,1,0,0,949.4230682675768,0
713.0179590480752,1047.0352155985177,1,894.7003770903168,223.26198727663768,1,11689.461231902167,17.48118617547862,0,0,0,1,0,0,2524.2957965404203,0
3048.727329770227,4455.258135605539,1,639.772629268442,246.66974144500116,4,8684.053772944157,15.217226664583809,0,0,0,1,0,0,1100.7978038232177,1
1212.6206362033313,1068.8844740167133,3,780.0426236960031,158.59534808841423,1,11324.340183240145,18.380415971252543,0,0,0,1,0,1,2547.4087112459465,0
285.408325608402,200.53629442429315,0,619.7752122973309,89.26913188814595,1,9225.682221677002,24.002816274688968,0,0,0,1,0,1,624.9151800330177,0
598.826153603992,752.1237619633195,1,1098.8322697473295,266.1456298394878,2,11302.208828078017,21.055402212778077,0,0,0,1,0,0,1896.1617081031577,0
822.990318487934,790.6061672089797,6,729.654674271685,289.7561447647738,5,10646.67514485784,27.649372988662797,0,0,0,1,0,2,2148.5297330916983,0
12351.437042215679,19941.842191367028,4,781.3934090974258,210.28250501991306,0,12250.116950440675,44.53600323429748,0,0,0,1,0,0,2320.9495456082213,7
11021.898145863237,18486.325837671215,1,353.58929678922925,271.1957981403344,0,56.61877957383338,29.442312001814496,0,0,0,1,0,0,802.4401173198655,7
563.0855087376233,743.4775625074141,1,759.1336065818205,299.7993733751408,0,19866.00235688451,37.70598774861096,0,0,0,1,0,0,1847.8396271180968,0
6902.83871619028,11132.876897662789,0,557.2509214798577,250.41893751169727,1,17075.019945470132,22.30626113661543,0,0,0,1,0,0,1092.5193533088545,4
382.95929425076855,573.3342753693461,0,823.6388068299475,8.973953042867283,0,18508.673227099818,2.548001716603945,0,0,0,1,0,0,1374.4298799020319,0
320.2344561800759,154.67262495865813,3,311.1969618729279,24.43444327136121,4,245.39109854853814,22.409324091079416,0,0,0,1,0,3,497.09768517066027,0
69.12768558585205,52.158249911733,0,35.51311769950293,1.3802222645784763,1,3.278963591629606,1.7464439989272893,0,0,0,1,0,0,45.19416861124398,0
332.4522515933626,271.36943829869386,2,336.30831521640897,10.454475826094772,0,20354.07621977383,11.297253555394136,0,0,0,1,0,1,748.9227557826713,0
122.72709596694085,66.85173610026774,1,27.92057689089274,10.38245468951099,4,20.420723255604052,5.1676894070128805,0,0,0,1,0,0,149.43274128394015,0
181.65798364053927,85.01686357308682,1,174.9903388802444,18.854729235525383,1,21035.25242458656,6.71367940960681,0,0,0,1,0,1,201.44739655527144,0
134.1893941630273,114.52831380254071,0,41.61771192080654,8.730314012956132,0,36.77514452643343,8.40335561927515,0,0,0,1,0,0,313.0085334276698,0
198.98796571508694,32.15419593197899,2,169.47317752815616,153.64792919891704,1,19696.68853028652,37.9166764975783,0,0,0,1,0,1,237.1515632300115,0
115.48651696967805,55.43460074019894,0,20.04916767494649,133.69929909870376,0,17.657323395685143,13.580058532889435,0,0,0,1,0,0,177.4590939783695,0
376.86149096830115,395.0106134163719,3,414.1573596150605,184.1964569680442,3,11021.808634789744,22.96567777155324,0,0,0,1,0,1,1058.8541015065732,0
46.35227352602317,37.77731429086778,0,8.676541151276847,0.701920309978882,3,2.6244875211510523,0.24476255590103496,0,0,0,1,0,0,82.63091825739396,0
207.34337137068943,130.49749127111394,0,216.37747604990417,15.426183822778658,1,11009.446518931187,12.386891912944415,0,0,0,1,0,2,218.4199621948036,0
49.510806809460206,43.56218889767206,0,46.74093677715977,3.285885043369711,1,14.347265618629594,4.685345233864757,0,0,0,1,0,0,59.48955423125339,0
154.46355000289202,50.280065583514116,1,124.89702441593698,174.18309050363646,0,19373.39506251653,17.10125113398188,0,0,0,1,0,1,125.80403244278827,0
177.09683378750302,135.33271504169755,0,27.33113901337674,186.15743314721576,0,27.658815538153306,19.973410195001023,0,0,0,1,0,0,341.103227380008,0
563.8032093670989,669.1461521273905,3,527.8614621606229,228.61439635168665,0,11555.915434962055,40.888383967839665,0,0,0,1,0,1,1721.5332809655185,0
468.41331020230075,427.9814740146154,1,288.6492607232365,228.4815466210909,1,58.90733879301826,8.592469666407942,0,0,0,1,0,0,1183.8410702730403,0
712.1549511930905,952.654188330614,4,582.6836498771634,224.55887869150166,1,10913.873936446977,22.778786017955305,0,0,0,1,0,0,2361.553230174577,0
288.03907028938795,213.52659217386858,0,97.53098608717463,234.72822283644152,1,30.536941228306308,8.281810463954685,0,0,0,1,0,0,627.6599647518667,0
576.4078093896894,838.2618844121575,4,643.0674977085749,231.22714340005138,1,11164.263760140211,50.391135358776154,0,0,0,1,0,0,2027.6040818594781,0
374.6351644155171,303.87279804927493,1,491.8332307432177,89.66690575780542,1,11197.223640684573,17.369061240949627,0,0,0,1,0,1,889.3690289982649,0
34.47442706237183,31.094139902912058,0,11.824825256406625,1.0524747901057485,0,4.12203140533455,0.4631386449504082,0,0,0,1,0,0,48.58155409190063,0
425.0720683373843,389.60461408305844,3,337.00755523237245,209.92453125477203,1,272.32686901635674,26.09830582079115,0,0,0,1,0,2,1091.2905676606629,0
64.55126548290374,75.94981102623737,0,1.0163262406852254,2.8294500297955154,0,5.230706314695924,1.7190536659216706,0,0,0,1,0,0,54.85007558941801,0
393.3336868485493,328.56765643869323,2,331.55266224965897,105.7242454997789,2,11398.973661367121,41.781888392129865,0,0,0,1,0,1,942.8480289537883,0
331.41824844672334,211.11865203680742,0,104.90077807321863,187.6670281839062,0,40.199298173067206,13.72142486396145,0,0,0,1,0,0,675.1107603690227,0
533.9713058609738,747.7131122306864,4,670.8628707807416,136.39159042382812,0,17823.058614830836,56.86476733175591,0,0,0,1,0,0,1825.613382818905,0
288.8378223069312,280.99453936948714,2,338.84992544741095,2.3167229948298917,1,11286.520311735365,19.781669059182818,0,0,0,1,0,1,764.1961349633625,0
350.43193584126124,393.0158466188708,0,559.9766752944618,70.581000450673,0,17922.079770451383,43.56864376363138,0,0,0,1,0,0,1029.0970686336777,0
274.9014263461453,209.28406500671795,1,343.9598378306582,6.274406741936078,3,11279.400753548365,38.55426760085562,0,0,0,1,0,2,605.7838452110245,0
222.27256840775433,279.3763029047307,0,302.8254951794034,1.849316831950133,1,10558.459022583873,1.2765782182271286,0,0,0,1,0,0,700.6153950091309,0
228.6573814393684,186.40627677134515,2,359.4968055063397,0.9899770889922943,2,11585.773993110735,5.162400133189227,0,0,0,1,0,2,486.6608049565848,0
207.38294214223924,279.10675901933377,1,313.5321824102301,0.8453877075919872,1,10114.306901306636,1.7969185495317883,0,0,0,1,0,0,688.8977646243056,0
155.45593025422534,114.82283624107133,0,24.919128746077686,6.957194355802953,0,20906.65351831451,32.859140289593824,0,0,0,1,0,1,74.38770900335135,0
303.5561608318154,260.8178192114749,0,65.09119350894392,151.76328063202436,0,36.288312307194616,9.216571193907521,0,0,0,1,0,0,742.52580293285,0
372.4144066862765,167.09965996050562,2,314.7520993379478,111.57247312276398,3,19249.457966432063,31.964289568827034,0,0,0,1,0,3,457.14387443008553,0
40.438139919417814,27.29713520650834,0,7.926939017100169,1.275022546114145,1,1.5354631354280732,5.977479003033688,0,0,0,1,0,0,73.19922850372407,0
336.63833594620206,106.84874640313292,2,220.1217613904695,106.17475928967565,1,10282.340505223956,34.28240428408766,0,0,0,1,0,1,483.8141924721384,0
104.46156814293943,39.43078182979921,0,5.607630743732163,10.991387087983874,2,18.59127806221837,17.153524980588294,0,0,0,1,0,0,139.14680999859976,0
544.679483720421,576.3103807934623,2,533.7755251650844,16.69516243063496,0,25646.167098352387,14.748127664799892,0,0,0,1,0,1,1517.0906898843657,0
280.0974173208154,289.2440887784769,0,108.36424157911412,6.189492045224941,0,45.95516640748375,25.05742553434385,0,0,0,1,0,0,764.6171534450459,0
697.7222846138453,957.3654876482422,4,550.8313806724623,190.74471050101445,1,10804.675287253162,41.350297639614574,0,0,0,1,0,0,2355.4264612479715,0
379.5049039828018,342.6057025726281,1,377.8158185477413,56.71895811696188,2,11428.017517332797,16.2446043757504,0,0,0,1,0,1,953.1060595590579,0
656.8938493150289,859.0537580554437,4,543.772585388175,120.95957024300826,1,10615.877356276917,78.23343674338074,0,0,0,1,0,0,2143.030471402861,0
210.5941661293047,92.58104267060384,0,283.36273329680955,1.951305185379853,1,11837.453043311441,11.014090440689952,0,0,0,1,0,1,303.80739732988695,0
387.6832188564284,501.98108605427313,1,420.57711508469475,52.10920624441528,2,9840.504197325736,47.558598949270106,0,0,0,1,0,0,1256.1845391861552,0
120.11137919624062,72.06508983784316,1,193.18235447794288,2.1623113923787756,3,11751.420810911937,11.20867103856439,0,0,0,1,0,1,66.634467548926,0
233.77969079555422,167.39033752252033,0,24.003323658740904,135.05833356162634,0,47.65147361881128,12.565927917840199,0,0,0,1,0,0,492.5914336322781,0
336.50804223685714,226.39837518326348,2,324.2155511948172,125.39785028022919,3,18690.33792238922,51.97259457038773,0,0,0,1,0,1,717.3857349491176,0
558.0858283871479,736.0556176304408,3,554.9483331022623,92.82988235951765,1,10411.501111202295,63.79242243334354,0,0,0,1,0,0,1831.4404951474694,0
219.5181234006294,204.3032229473772,1,398.46127066535297,84.55499020394664,0,10806.513799772916,17.742560053331736,0,0,0,1,0,0,555.772873136709,0
387.2610030769257,231.2740601088208,2,208.52250062425713,167.66005812252996,2,19057.537739911742,40.402520133862666,0,0,0,1,0,2,720.6162274620077,0
198.02896327300576,199.28988302764472,0,22.584770186345253,129.15878288877732,1,30.959890499644104,16.57873827189682,0,0,0,1,0,0,533.0007140413536,0
521.0358983425148,678.4158179192418,3,511.8448718013811,111.88659374919142,0,17441.405232271205,41.65659288209576,0,0,0,1,0,0,1693.7049113838032,0
448.9845444465258,293.3897672254162,2,577.6609754739281,154.23216374122552,1,99.80087346670763,25.834559276486033,0,0,0,1,0,0,817.1026662586821,0
345.79621951109186,450.6750913903382,2,462.0249008134746,92.44789715217821,0,10101.374403872116,80.22220488405519,0,0,0,1,0,0,1120.1550129471257,0
527.3749585576302,406.96554057337664,1,352.1293529006169,188.53031297047406,1,11102.68605723469,9.037571215065046,0,0,0,1,0,1,1166.7913798280042,0
549.1474754590204,720.3417403213296,3,498.57098815293523,114.62725896446608,0,10547.719043147517,62.164707432558785,0,0,0,1,0,0,1792.7519584443835,0
468.0153837780439,385.9945370749318,2,428.7651890572005,147.840279235552,1,11359.423974555333,17.20362921949645,0,0,0,1,0,0,1089.2163308544912,0
359.79920453448585,483.795704352482,2,461.5385487070704,77.17553537148176,1,10471.790002412694,88.64735788780166,0,0,0,1,0,0,1190.1655615595473,0
178.64098644660197,72.53286763106814,1,183.63214101852068,126.00176180716166,1,12122.020062705918,3.5227647843555947,0,0,0,1,0,2,183.8970758646272,0
129.6889644773537,110.86485315637768,0,1.5220362661963605,67.61580767215465,1,9.923574303547994,8.172467059874808,0,0,0,1,0,0,120.86212795920375,0
99.93406478354908,126.63145017000329,0,257.01413890113065,2.3677495001227964,0,10414.48651832875,1.063430328822849,0,0,0,1,0,0,317.08314563775093,0
336.96626507460235,188.42814305464054,1,218.87935374484482,5.153499700078736,4,233.5616021868017,18.063218849101077,0,0,0,1,0,2,180.37758316739686,0
315.71005559957683,384.22622314992424,2,183.3263398747537,73.50661406653887,1,79.49460877661573,59.58923858306239,0,0,0,1,0,0,971.5630135230192,0
240.62896833866114,203.7563523012404,2,401.1307557447586,3.174374212770867,2,11527.213998901181,11.79854232777543,0,0,0,1,0,1,565.5298402050686,0
275.78386409533795,319.4701183774321,1,255.6029517289266,30.02910025559806,2,92.12562753431745,67.13399916298972,0,0,0,1,0,0,826.0755834498141,0
175.73208871287696,152.91877110468894,3,8.856239610915559,13.493050804216466,2,24585.317491297108,49.19670560391069,0,0,0,1,0,0,340.58208790019717,0
296.0101302059264,148.75302868253246,2,193.73961840574216,25.714308536671304,1,18826.902328508786,85.06414654835463,0,0,0,1,0,2,319.1330275331669,0
626.7007824353099,468.03650003391476,5,489.2145834974706,203.23049645083856,3,10314.382131659693,67.98359244412573,0,0,0,1,0,1,1408.5502363091766,0
261.3110677640034,228.8952500661665,0,68.6625685582271,114.10165973500233,1,19.13802432671246,14.826213802004732,0,0,0,1,0,0,631.9570377916984,0
231.5600354417457,110.7575959511734,2,168.28723157237212,6.59295382876088,1,25853.954064574733,24.064953435105906,0,0,0,1,0,2,282.66180582778037,0
125.26663446317384,90.28603642834268,0,13.305256638773876,110.53149920292219,0,33.85188657939879,10.691372905366332,0,0,0,1,0,0,275.7602348891438,0
361.67160978831515,324.9662320748162,2,210.94262404551992,74.5826790881047,1,12594.815478546821,42.27093898902942,0,0,0,1,0,0,896.0833613086082,0
370.01776205862484,328.4010882145464,1,192.4518014856221,152.38772649491276,0,32.98041328689791,7.972536623813677,0,0,0,1,0,0,895.435046738824,0
294.478425715346,99.3226446440707,2,148.31237538378468,48.72991256255449,1,24438.351622750943,80.15767022139167,0,0,0,1,0,3,307.1939732502948,0
552.2021608823677,438.82785010097814,3,397.5698032840305,187.595998155317,2,25422.379494369154,73.3740911946048,0,0,0,1,0,1,1170.5802535219523,0
352.5385987561074,153.3894264660772,2,347.489662048585,135.9118039215442,2,10043.82009050277,49.70676188651312,0,0,0,1,0,1,529.8942444231288,0
309.45444048730036,271.20721381369424,2,319.4352760648806,74.99026747150778,1,19693.004525536213,26.557685277666845,0,0,0,1,0,1,775.7033089414649,0
436.44086515797176,555.1552493126553,4,465.9741514798958,118.48897225795054,1,19952.79200603905,73.58884970395351,0,0,0,1,0,0,1390.8934198903187,0
461.55524130743896,341.72789674746605,2,562.0748047702682,147.54082689608663,1,184.86429719261915,19.67522148814687,0,0,0,1,0,0,944.1893010946303,0
443.01972883907143,571.0808619144855,3,302.5069427916658,80.18369036011424,0,148.89088800055242,73.59496158177132,0,0,0,1,0,0,1425.3150175499088,0
190.12831509419715,77.52307667435868,1,107.26996224806696,164.7039652372949,1,21247.654154097683,7.187990037335123,0,0,0,1,0,1,164.1543306334379,0
53.48135887347132,29.46822814696716,0,19.298060558561556,5.892909068237278,2,4.706108028091877,1.6479064938981918,0,0,0,1,0,0,87.5511900366939,0
240.83712648074803,71.29533900493922,1,133.54112053818056,63.878716021963385,2,23560.788912059154,51.32666680637532,0,0,0,1,0,1,258.2524539364803,0
304.0004691731596,299.6281824130186,2,1172.2452378409412,194.3558127389256,2,21386.753950530714,25.160592464711414,0,0,0,1,0,0,822.4731929410657,0
438.52016513234616,442.37829322639357,3,302.63128279254227,10.011955377298438,1,8789.27752050443,8.155768485384847,0,0,0,1,0,0,1193.9454595722054,0
542.609785713063,788.7673917228692,1,775.1964423088909,6.733563709190266,0,12047.47980644549,3.16449166261273,0,0,0,1,0,1,1906.863155754596,0
388.12831774416094,264.28761755273814,2,226.58683689475765,10.75378127966401,2,22.243674441845087,8.763816887325053,0,0,0,1,0,1,807.6936131092498,0
17531.74870108262,28850.302664640785,2,656.529707905634,141.88180390147053,0,22012.943149536844,7685.043947701592,0,0,0,1,0,2,1929.077414688876,0
110.72958447104162,69.722891229803,0,33.150463053880195,9.709083051018505,3,17.625552448627573,2.071218109852494,0,0,0,1,0,0,220.1955170300988,0
489.2786725641236,454.2121220121067,1,429.75125377919517,13.295394705863274,0,24296.132961007777,3.629265180658831,0,0,0,1,0,4,1201.477081938164,0
83.67617356383315,73.6681296978973,1,24.86298138829602,2.3917309617153926,1,6.059550626141881,0.272826977554015,0,0,0,1,0,0,140.08812149809694,0
221.55530373975296,207.0708869484095,1,82.92532065896523,6.2171471019770514,0,24681.519543011374,1.9291652886284,0,0,0,1,0,4,181.30977536478244,0
205.5158994778515,222.9350023109816,1,26.649290271805135,8.855680151626474,0,28.830511958687644,2.5524210211478087,0,0,0,1,0,0,590.5505020129604,0
490.34471776692396,592.0675711628649,2,639.9759158680969,15.86546689451503,0,25426.867826763377,2.2064209053220973,0,0,0,1,0,1,1509.6148991814125,0
259.3671035725037,179.3312488523585,2,99.37556534395685,12.365911333700716,1,21.536715941061708,4.687183443757733,0,0,0,1,0,1,558.1432403714173,0
740.6494340558393,1068.6553614625673,1,787.6565971623284,3.1071550311741705,0,19214.130434768333,2.869388354652237,0,0,0,1,0,1,2587.052814365764,0
435.42947475519844,446.7544656612098,1,419.5062998510086,24.23388083619362,1,92.9142675403433,23.03695958638218,0,0,0,1,0,1,1199.8109572609594,0
748.5946416175855,437.22342386407274,0,307.3587587059593,551.6173077367471,0,21425.957043747214,4.347934274012125,0,0,0,1,0,3,1099.752611930793,0
201.31905727573184,128.33865394412277,3,52.7943608071001,12.594678559089006,2,13.999149944049574,1.633324724020408,0,0,0,1,0,0,401.9816287013852,0
11457.572550706023,18458.468512668816,1,455.559421502952,304.7279592625944,0,17652.139433228003,7781.3181191725,0,0,0,1,0,1,2215.4180636870637,0
439.7995929340325,396.27980733745096,0,330.3559916533519,3.066126365895931,1,22235.911308673196,4.58310121991499,0,0,0,1,0,3,1073.8423215680355,0
671.6240952768496,957.0465064312828,0,535.4562882097872,40.45507357465718,0,17198.190294450364,2.556592871162687,0,0,0,1,0,1,2328.555139819859,0
442.05516783335486,396.43749593783474,1,396.70257200129026,12.91957358727666,2,9774.757456615247,14.316695837523776,0,0,0,1,0,2,1105.662883692552,0
846.1120773612322,1279.392271063386,0,698.332946323404,28.972777607024916,1,23035.418239850373,2.2975823536768027,0,0,0,1,0,1,3060.3868556140287,0
491.8668125168617,483.8769127849502,1,300.6789226557214,33.25028028411045,0,47.43620733984814,12.712506209535444,0,0,0,1,0,0,1313.1454048067844,0
756.0328156876756,1071.3004906598724,1,486.619137009329,24.523061074941488,0,22440.343587788164,0.43998661276407824,0,0,0,1,0,2,2600.9999000191333,0
542.2446608867692,579.1595184552435,1,277.82691941187863,44.348246239884304,0,31.228355516323244,6.558911869643429,0,0,0,1,0,1,1542.3834441308984,0
717.0601812384333,1010.2765377795937,1,541.0198995883507,32.39933554625742,0,17201.84167386916,2.1143596156159146,0,0,0,1,0,1,2461.357596478637,0
393.8080396734351,443.05281616545506,0,171.8482420264035,46.43174842352689,0,26.952727788131163,4.497011161167154,0,0,0,1,0,0,1158.5360236245474,0
861.4968989795063,1278.012624717967,0,666.0808798079881,30.458340808137493,0,22537.05709720226,3.518569406212772,0,0,0,1,0,1,3072.037825244197,0
458.88511284600844,386.15018744956905,0,96.02777746220468,50.38779212251611,0,23.21348969828222,8.108539548939106,0,0,0,1,0,1,1126.0620759204676,0
847.6786531207727,1348.6974277891263,0,545.6440605447128,32.755017317317474,0,22348.599393978693,4.301679616182917,0,0,0,1,0,0,3182.984677011699,0
402.9141808104762,257.5902301937746,0,391.21257910513623,8.05468537159522,2,19979.04836676151,2.4956938656159804,0,0,0,1,0,3,733.6642316979953,0
55.21407888159776,36.04299767806521,0,1.9409098188246243,3.440627840013367,0,6.006312495021826,2.4015694578733204,0,0,0,1,0,0,53.18815266215092,0
324.4975599170212,281.5160523463615,0,233.74452858055398,14.204061148615,1,16487.712981346216,3.7845185367970964,0,0,0,1,0,5,483.6070955269089,0
180.62226610206324,155.71189760613092,0,22.08772751268476,20.848820277790274,1,20.504993699410242,2.8995420539997863,0,0,0,1,0,0,450.2292559274275,0
252.20948275488604,184.48277676109524,0,221.79037465215185,1.243320240881637,0,20125.17575533896,5.241922297203892,0,0,0,1,0,3,418.7024068651581,0
108.75515080696643,80.82693399774064,0,5.156589526199255,20.605015548856965,1,16.381661792750986,2.666196927248511,0,0,0,1,0,0,235.22898482617873,0
519.2841099438767,392.3403691147352,0,221.1100423738489,2.6926759903050836,2,21537.901801529166,4.211072186603078,0,0,0,1,0,5,1013.4496654467151,0
653.6479761916268,983.2506150113448,0,433.5470373788321,20.91535708880688,2,17329.588495504107,0.22116178872628475,0,0,0,1,0,0,2355.627498569696,0
453.54967845590716,396.78896416471554,0,386.0769137075553,4.996407708119664,1,16501.542105280987,2.098593374326093,0,0,0,1,0,3,1087.041746590813,0
683.2210476704929,1062.0797080096302,0,499.1329785263715,14.315549233102209,0,17431.050682316494,0.2217087929191626,0,0,0,1,0,1,2521.2021044359176,0
592.6067413742763,558.7882118696716,0,402.47206510344944,3.0096408914358586,2,17022.5174244293,2.7311790380952434,0,0,0,1,0,3,1516.2049764342876,0
893.2841624912717,1375.4653060849562,0,674.2547654354547,26.912628591515677,0,22581.886222012807,1.1219280268427876,0,0,0,1,0,1,3273.8656289981154,0
501.184930029795,507.10229315225047,0,491.59106816766064,18.215930338676234,1,224.1866724956094,3.309104110660288,0,0,0,1,0,2,1363.7462300061493,0
1020.07737168491,1309.692856002164,0,638.9128765476544,32.71369451150194,0,22015.782392944173,2.0832269017111305,0,0,0,1,0,5,3244.446802246919,0
349.4754939915948,346.1219547011823,0,44.73141465046392,33.85539466029654,2,18.52139713979129,3.7348050401575135,0,0,0,1,0,0,937.2943610545286,0
852.7536710371078,936.0406208043005,1,431.8531815194534,30.935984384304312,0,20076.76676833187,3.38438328901549,0,0,0,1,0,5,2414.2606036289535,0
270.0101691480992,246.32471416153138,0,10.920700845145449,58.6610090160564,0,38.99078654017786,5.987706639116931,0,0,0,1,0,0,688.6110970778639,0
557.4214224537299,524.1449809752836,0,371.35951371019723,33.85080174516834,1,20817.890341215316,3.9093949242256487,0,0,0,1,0,4,1389.620574839564,0
430.4543074483749,560.1034385540088,0,213.26746694687796,11.853049075323106,3,9357.38806235777,0.5467919899730359,0,0,0,1,0,0,1393.002722910157,0
367.99382947485424,307.2769825781034,0,409.71584682609426,17.96676672558505,2,20230.770911006624,12.805373503661654,0,0,0,1,0,1,893.2907312527537,0
348.6513095490029,520.6641121188242,0,271.30824255232136,30.14311999833923,0,10089.175765119528,0.5788496393583095,0,0,0,1,0,0,1249.0739715169866,0
338.6050389422626,248.97555676478072,0,310.91337399350846,13.856174620557875,1,21828.46758640682,1.9619644955346538,0,0,0,1,0,4,610.4745192743845,0
655.5545557461851,995.723645313836,0,402.24775957259084,34.669611713437355,2,17032.03560718376,2.621201992287632,0,0,0,1,0,0,2379.572630466429,0
571.2131694976885,460.3773802510678,0,305.71568021373673,5.260888762991877,1,16024.601035045216,2.4734952535420422,0,0,0,1,0,4,1286.2958170343102,0
45.01046392294327,43.127732073339956,0,2.8979958646321737,0.9759392231521263,1,6.62672241289877,0.28899151073496576,0,0,0,1,0,0,116.26381018240993,0
487.37199595744096,387.02791266715093,0,362.35747053266846,10.83952387975314,2,21376.92566499714,2.2823086850227696,0,0,0,1,0,4,1024.9799129010737,0
406.17749944567174,338.1530269124986,0,271.62516577236886,1.391846698237281,1,23443.479363225248,3.6138181945306322,0,0,0,1,0,6,488.1688458194598,0
368.5144264973914,501.6908784373134,0,253.60310589503692,6.843886223273165,1,10164.427749650069,1.5259353236009692,0,0,0,1,0,0,1235.8632253158112,0
434.37319024485123,286.7466621003135,0,280.1609534044975,6.044352760299037,3,19694.57818724814,4.509229632443224,0,0,0,1,0,3,828.5699000832183,0
339.0251643239429,501.9478196268781,0,166.84645955492846,2.5858320947101383,1,9824.056788004234,1.4290599239221378,0,0,0,1,0,0,1207.238913899198,0
375.31768376356445,324.8198265100479,0,458.28909459845477,7.264667945246789,1,20084.27893677381,3.2523179496238805,0,0,0,1,0,4,801.9782752430026,0
336.0821115106909,516.0178767873086,0,276.3269928318777,12.763536047468333,2,9867.66908137669,2.594089171058439,0,0,0,1,0,0,1229.780711973428,0
694.0429172838917,512.579533440096,0,315.63272710976395,4.406834740599827,2,15916.101239633233,4.5159636614456655,0,0,0,1,0,5,1449.1243932057864,0
865.0017736583126,1313.9355730749853,0,617.5153405705839,24.90111298379667,0,22477.89800198356,1.6055294581296242,0,0,0,1,0,1,3139.8122864561137,0
540.626871458831,489.8246386488201,0,422.2907051986209,35.02466722269432,1,7532.009977931201,10.639249730664167,0,0,0,1,0,2,1378.5288862738375,0
372.4334417183857,620.2364230805832,0,315.44587598462016,12.449670479261322,0,10222.114173712653,0.488772183077442,0,0,0,1,0,0,1446.6764672515885,0
515.87370422287,458.4467502678973,0,711.3349249676548,19.906209196466342,0,17059.387593325282,7.740184997652393,0,0,0,1,0,3,1267.701036390593,0
814.4542354244834,1331.9377537399891,1,532.9596387844955,18.442720048279035,0,20770.570146766193,0.6512644844397053,0,0,0,1,0,0,3120.768113295408,0
583.2085466418224,449.05154349941415,0,365.9562852131264,31.513337614054933,1,9504.080213013744,8.959764749567547,0,0,0,1,0,3,1323.582112574984,0
843.1726588339832,1120.6936521650664,1,581.8646966333541,35.97147778624089,0,20209.201404926145,1.1776079676486029,0,0,0,1,0,2,2774.3667550135356,0
472.1628671954085,463.51651210433926,0,440.3585412237113,31.449357789502766,1,8571.028852044457,10.26427556783634,0,0,0,1,0,2,1260.6477952829312,0
749.3075679027721,860.4470570654051,0,535.3054044256365,20.990832293692502,0,15877.655292783667,1.9128984517757526,0,0,0,1,0,4,2189.5636050205817,0
471.5579579776787,488.1913283958701,1,143.0737722259197,37.198387959277184,2,58.725772717445736,8.350493502224756,0,0,0,1,0,1,1312.666978243285,0
509.460587706865,815.4366420249196,1,3.342657111558826,409.0839965584356,0,0.8882722298215411,0.9283190719907246,0,0,0,1,0,0,1.993920781687594,0
211.50782505751653,175.30153079888916,2,86.96030384848443,2.835154047728375,3,12843.171964392355,5.197999820452273,0,0,0,1,0,2,511.91570032953,0
429.2691125678862,606.5406162218194,6,57.01255685078678,15.527579744063935,2,16277.153585424854,5.109169895495851,0,0,0,1,0,1,1475.132564565535,1
215.5200931417884,257.0524887869605,2,73.66169560372805,34.85717289626827,1,14394.962140468173,1.287844145246222,0,0,0,1,0,2,659.5633474360459,0
479.0150326473657,582.3229913108622,2,132.87462878509325,27.37710971246064,1,12890.1222189304,3.5598571154082252,0,0,0,1,0,2,1475.3946903955862,1
97.1884653076809,85.74718607659022,4,88.4676934385664,0.0967627759236353,1,18843.848684362638,2.0489818592118336,0,0,0,1,0,3,209.41111015474587,0
174.6488187293178,131.67658394603342,1,6.65061410920609,28.743035414563774,2,8.462023709168289,15.481259520889314,0,0,0,1,0,1,293.1821508497804,2
408.5492188996986,614.5676498927063,0,64.89273914358432,2.2655140491198136,0,12432.023683201043,7.200966336241551,0,0,0,1,0,0,1471.2042227626453,0
89.77225258784308,133.2102371343961,3,54.9850869841501,1.358434520629679,2,18581.4556897677,0.6511758024445586,0,0,0,1,0,0,320.26021382028296,0
154.78002079253,126.7666510620397,0,2.8438651517687545,33.15096197075833,3,9.880699921230082,14.565842322904398,0,0,0,1,0,3,361.721649276746,0
110.21851543926286,83.60626294151119,2,107.2402350122361,27.505254060168944,2,21224.138329184803,1.6222754370278183,0,0,0,1,0,1,112.98886608709869,1
213.90885628683978,212.20579879100535,0,4.915401226086338,16.921332441722157,5,8.506925821024755,17.31473079991998,0,0,0,1,0,3,569.6113390319308,0
732.7568788844247,778.7563283105521,1,84.3173583519675,50.02358386285215,5,18242.533574237306,2.6380465223809018,0,0,0,1,0,7,2051.8746536709305,3
253.02084559046907,267.4478605469461,0,3.3965478780646197,24.919334248712673,3,8.08117563537795,18.38185472696876,0,0,0,1,0,3,703.6576439035516,1
634.1501904182202,738.0641193743719,6,156.1645833970905,32.161397721942855,5,17789.683467491875,2.679599584076779,0,0,0,1,0,6,1895.691551895688,2
534.587965219901,409.587477534971,5,46.66721530513839,23.468173497486376,4,14.265668693812794,7.2172811092029825,0,0,0,1,0,5,1037.708209051617,5
1050.8662389857523,987.2299384118891,1,44.18218665189905,37.66801521680425,2,19045.463857937608,1.294500826257311,0,0,0,1,0,6,2472.952958860842,9
360.915047939814,448.48953538572374,0,22.58816473690094,8.661621068325715,2,14.520271024673596,2.91855039733972,0,0,0,1,0,3,1132.0943349102174,0
483.19084652967643,734.0667627024466,4,120.68174238536712,27.092743949282763,0,15661.99269536146,1.838005077928846,0,0,0,1,0,1,1753.947089892728,0
128.33341784842167,174.42583983974097,5,154.70075961541764,0.8288328832793099,3,13240.198199224162,2.359702897745118,0,0,0,1,0,0,428.3924335390403,0
394.9143856618188,499.9077599977868,0,109.43917095087704,6.7201131069084195,1,15093.066422640493,5.046477276287995,0,0,0,1,0,2,1251.6118943011356,1
136.4835822810923,162.07130081258552,5,77.28457049884835,0.3016519596547762,1,19497.83286970552,0.94762407029975,0,0,0,1,0,1,414.2181832689952,0
438.8598670801342,619.8974236918892,1,101.77446021744169,23.06388350297341,1,15190.142459153903,13.941336593432748,0,0,0,1,0,2,1509.5148514457926,0
246.91765956616513,316.76926142577844,2,67.51369566958819,2.5010535401319505,1,216.41046488074477,0.9320784865575568,0,0,0,1,0,2,792.2836743912627,0
560.614956467025,811.7887865146376,0,70.99509650381069,31.45014817365958,1,15109.168549057677,9.35722171510859,0,0,0,1,0,5,1962.1702503150964,0
298.28836050272116,294.3040589035359,0,22.095253994950472,0.987901337586965,1,8694.37388890191,3.3911741346221964,0,0,0,1,0,0,717.8601000380188,2
20.14163646465025,19.845419206892768,0,1.685944633035745,9.915066595084253,1,1.6304282295205352,1.8450449711195802,0,0,0,1,0,0,53.586106986148536,0
160.8147795731139,146.2980425255333,0,287.7628081578487,2.489867720615619,3,17787.73388717682,1.3265930183597794,0,0,0,1,0,2,395.9986385484406,1
583.336400854194,726.955674626147,1,56.28538262846524,13.792291689214942,4,9523.7855935681,2.2316874125800545,0,0,0,1,0,3,1823.2264977985412,2
365.319088246335,435.64197918312396,0,7.380806058515626,3.439927648977119,2,47.11785703151787,25.099427111027207,0,0,0,1,0,3,1108.9270607631738,1
459.93170792480004,616.82034096582,0,80.96747805916858,27.458537114944605,0,12382.628897872824,0.7258102184388885,0,0,0,1,0,3,1525.8860971127756,0
389.3993845712552,491.4961160033617,0,163.17870297078304,4.288112816703383,1,8451.188006298344,14.94019817686217,0,0,0,1,0,2,1231.752231148651,1
719.0789144333012,901.2043285807613,5,102.47134534685858,29.18129523621637,2,16717.676733213335,1.3664878448501518,0,0,0,1,0,2,2252.69192886395,3
589.423969472105,573.2850721489899,0,25.441871195859306,23.7590743734291,1,20.999518116421072,13.248445573651862,0,0,0,1,0,6,1529.6734004718542,3
664.2987833307881,781.9743957663751,2,106.22162201049652,29.74052886865052,6,18412.361254409938,0.7045151484060402,0,0,0,1,0,4,1995.3844727202645,2
356.6359464699946,348.68148023479,0,6.13852118341524,8.676804443162872,3,11.046425732335777,4.210945246832226,0,0,0,1,0,4,935.166218757289,1
500.31972233730465,540.5359214835129,1,78.10266154565898,19.711336691532168,0,12077.26197765133,0.47587813232866716,0,0,0,1,0,4,1408.3917098678187,2
369.98988106740046,474.7306596737505,0,23.686176972799167,6.043201440275952,1,8670.422692908687,16.680093332735424,0,0,0,1,0,2,1184.34827736535,1
4.614389693312145,3.318892008581766,0,0.4409190260258287,0.6757493524537178,0,0.7590843054723557,0.20929934349021484,0,0,0,1,0,0,9.292424901471371,0
187.1914384489492,128.247302519708,2,138.6639507270699,11.744612350320601,7,15579.915273955987,8.016407571036131,0,0,0,1,0,3,356.30521085918286,1
103.66838897851324,64.11953160318377,0,2.101971841147309,14.192087771807795,2,6.757538537783666,2.417605710792421,0,0,0,1,0,2,196.68054082950812,0
229.64450290406563,196.83566701650562,3,76.64613884050667,16.54787485169469,4,13685.188748066072,0.7968403578650435,0,0,0,1,0,8,69.39463065513075,3
277.1958187543113,251.36432013435086,0,6.048225869726331,22.975026273787208,2,9.717224949200585,14.619273803028348,0,0,0,1,0,4,686.0848481589136,1
604.7277235205671,917.4794107850246,2,118.80204418247015,28.391664298639725,0,16828.593772499815,1.3720132521122013,0,0,0,1,0,1,2191.898658293183,0
316.7821038506052,362.4250156970119,3,195.4667049591584,0.9980318276148832,1,9680.983339586284,10.531047045405748,0,0,0,1,0,2,929.9209613600391,1
735.1331650536944,707.7413766364501,3,9.580695100827606,35.17410989955248,9,55.044837271411325,0.46968367829205804,0,0,0,1,0,9,1906.2256781432143,4
263.78588658461314,198.34224584288765,0,13.244233706525396,32.81428911419328,8,9.338720525694063,11.156369793597804,0,0,0,1,0,8,552.5212214637133,0
432.6572589812278,423.7439769134432,7,118.39367118120727,26.415716317891466,6,19331.424838479088,2.062750708390725,0,0,0,1,0,4,1135.3408676780894,2
264.9406641660285,247.0979926542032,0,7.027957770869584,34.58099890806301,4,12.822923531427978,16.20659066768499,0,0,0,1,0,2,671.9806904099188,1
413.5047186344017,468.1723142880969,2,129.667542266032,3.4733701648983875,3,17586.562737117885,25.486407839181155,0,0,0,1,0,3,1203.8676312797404,2
92.51764741263473,78.88920544495653,0,7.7125700629663125,18.96975098412104,0,7.319947201814925,1.1951074340208017,0,0,0,1,0,1,226.07747172212908,0
13508.098248063505,21921.552208170313,1,210.27325643254966,102.11073951778269,4,17315.70000404022,8048.8357732534305,0,0,0,1,0,4,1994.5483209182662,2
305.7917086637528,243.0730326212356,0,7.3551600016361185,29.92644065755893,4,9.045262774411805,10.121782491892288,0,0,0,1,0,5,683.3888523302592,2
436.4848682509512,431.2196986283389,0,166.08707012973298,31.29745826562384,5,8401.33664811747,5.450238351436588,0,0,0,1,0,4,1147.0377440344348,2
474.2868651221324,635.1092805478629,5,177.3371087543236,19.15395968838026,2,14919.871285625206,8.428723344159241,0,0,0,1,0,1,1565.1172294699927,1
249.22963387606197,271.9930954124537,5,181.39158035836178,2.7422002291494554,2,8273.259341291752,1.0164223465997562,0,0,0,1,0,0,684.4759484076372,1
530.8630981545975,691.2694550467413,2,160.95845032472087,22.192749870247482,0,15179.839855992475,1.401908244768617,0,0,0,1,0,3,1720.138514020988,1
256.5423000335028,305.20674195620586,1,77.40549599814844,4.017174722567131,0,207.9399556145078,1.3720971070202739,0,0,0,1,0,1,774.3883251405418,1
13.46028376621182,9.320517117398655,0,0.6565042986000555,5.9141336026187465,0,1.0868515570133805,2.4895182641878923,0,0,0,1,0,0,13.491024664825105,0
374.87378574171066,384.8595424813521,6,177.32038880833045,17.43099157743793,4,17463.070824377275,2.7652923154474767,0,0,0,1,0,2,1000.2254513591656,2
228.65804511705,263.6448039742734,1,6.06485492662955,26.855914540937363,2,12.776743437032838,0.9944225468352123,0,0,0,1,0,2,681.372022582738,0
371.0203690441309,438.8747400306595,4,100.42963945323739,14.928371092644692,1,8074.216189629505,5.256673878567195,0,0,0,1,0,2,1110.560207509013,1
325.1331037428288,416.4671803752428,1,141.02876394544293,5.324255516681377,2,217.5180107593902,0.9923765926355514,0,0,0,1,0,1,1038.213829986413,1
762.4590322897841,868.3639558714367,2,182.79146010845085,32.48797043029049,2,16864.022288617474,1.6210038331024708,0,0,0,1,0,5,2229.5071247927367,3
348.7923395665005,392.08958118718454,1,24.59426507984415,16.45091753282116,2,13.618373431765784,2.563410409206626,0,0,0,1,0,3,1016.6059994175957,1
876.7325069851286,1024.473726351752,2,96.13405416996125,34.04670256785189,5,13383.723105379038,1.4656875463351438,0,0,0,1,0,6,2621.2659095566687,3
445.003538573015,463.05414575501544,2,8.863555055869563,29.135572367488532,2,13.335044151361483,1.5210616785581004,0,0,0,1,0,6,1231.22395449836,1
824.5795263977152,992.4573194209653,2,96.51473983313807,57.28688199744195,5,19625.286205332344,1.988562447808613,0,0,0,1,0,5,2523.9691345233014,3
327.0465706771523,268.2516640143174,0,6.428787630168001,16.38524163245018,3,4.293429994165266,1.138580849282845,0,0,0,1,0,5,752.761153038346,2
676.8877115609845,690.0115623339268,1,108.40012597793358,40.19676323985487,4,18479.632436138447,1.2739627382154264,0,0,0,1,0,6,1825.6392342173779,3
188.32924072480495,181.00029773453235,0,4.220456307832902,22.52808209993009,3,11.59249747937534,0.8049352455150879,0,0,0,1,0,2,493.4234264521209,0
663.1167306137207,707.1626944308008,0,86.71966739579992,37.43766593030633,0,15848.422685482823,3.659978915214801,0,0,0,1,0,0,1784.846307175464,5
230.5401505654684,294.79346052909995,1,136.02177638408364,3.34018377199245,9,17440.784931873473,0.9725834715199926,0,0,0,1,0,2,737.9589339863554,0
182.11896321797897,159.60029615784228,9,16.919917799165113,10.149069866586073,6,15.528544622092395,9.369747996412311,0,0,0,1,0,3,448.895761880326,0
152.13484052966015,77.09588846260546,3,137.1384824745129,4.5054707994666146,7,12641.801799318495,2.19817163826603,0,0,0,1,0,4,215.0688029968257,1
274.56880929293334,414.60702139128676,1,170.2223454137156,3.4138494476907706,0,16636.12938127344,2.4125663096323886,0,0,0,1,0,0,992.0329464434637,0
837.910468198319,1059.1905259781947,4,146.13734568103825,30.723847497446435,3,14981.81827593682,0.7928469677976206,0,0,0,1,0,2,2637.293382206973,3
287.67191050328705,284.53483311866995,1,5.90919110488877,30.13075811427376,1,17.182275623644767,0.41888180099213945,0,0,0,1,0,3,766.1381038388871,1
477.3562907520493,462.8511783136855,1,196.83403689404145,32.224256961170575,5,17460.624896107678,0.7558494316367659,0,0,0,1,0,5,1239.3566635552102,2
159.12276292475352,138.83246427603694,1,1.8798654308175737,22.443144934107057,3,9.46473093389702,1.5578149151874348,0,0,0,1,0,1,388.1791169303137,0
509.9534512969714,436.8387100066215,2,157.2025403158791,20.45869876265988,4,20049.593209012837,0.8354185401629262,0,0,0,1,0,6,1193.2128188392765,3
234.8419308696972,219.95392642043328,3,3.8167117212137622,29.182631969081733,1,14.620331608543813,12.697201227653668,0,0,0,1,0,2,595.4218361671408,1
452.94042038914506,507.1670174260981,2,173.5695988270594,17.85453304036333,3,18805.688382641405,0.968879489316228,0,0,0,1,0,4,1317.2397274932366,1
113.8252831973881,111.19931752835697,1,4.8082147339381445,44.480513944716094,1,9.759473590838164,20.24909365707074,0,0,0,1,0,1,305.4169605721796,0
414.04135601310014,401.30231501857975,1,12.181536613430664,37.23571376816717,3,6.200961488227611,7.675872009800544,0,0,0,1,0,4,1078.2844851089512,2
415.3988761687263,675.4559723289099,0,111.41211329582781,20.774836661335986,0,13030.918553516905,1.2679042432184444,0,0,0,1,0,0,1585.2458070220862,0
128.49111894926025,125.93884819842445,1,179.3337073097899,1.067371642923489,3,18002.307097324167,0.4587110746745945,0,0,0,1,0,0,323.4089821351123,1
337.485746364636,532.3549775926082,0,87.4453946759331,38.93076110177724,1,12323.605569385572,5.97241417761115,0,0,0,1,0,0,1259.5047738693668,0
122.73129149915614,79.06604183249898,0,104.37528093521206,2.313118862141282,5,16409.412621925443,0.46050618589129266,0,0,0,1,0,2,195.83505123829946,1
206.02745349232882,303.8839848071119,3,89.33354359292414,28.743425422014745,1,7039.055369659727,18.007052669507058,0,0,0,1,0,0,732.1173117655339,0
104.38092817462832,64.55984999724316,0,163.3633046494538,1.1829593690720555,4,18176.992856213365,0.9052319968102798,0,0,0,1,0,2,119.16177221357552,1
229.96512626175831,199.05092637906043,1,1.7009078369384893,43.16665855197716,2,13.245346375843539,2.2690124648858623,0,0,0,1,0,2,560.5243093472893,1
505.52776574904277,477.0333202922387,2,38.525370202222256,345.3220500583474,1,327.39723591487723,72.18053608203418,0,0,0,0,1,0,564.1581209607496,0
625.7700542462131,767.8322936914615,2,123.99364537893408,30.10971600061436,6,61.00283719549929,124.11081780260238,0,0,0,0,1,0,324.24361418452935,0
4861.993501938533,7479.0311668910645,7,103.31654187748819,528.472515575033,6,330.1559699445287,154.52109081943132,0,0,0,0,1,6,757.5729405876053,0
1304.2109747081686,1310.2965535829292,6,115.44955632064266,308.91327432778814,3,196.92201095698948,403.470005303644,0,0,0,0,1,4,1138.3033107765204,0
1130.6237995803629,866.9074256318715,5,94.07727966663681,229.63679267532427,2,445.51927612994785,508.40992291310397,0,0,0,0,1,7,988.0527783588115,0
553.0581806402142,452.78191416461794,6,232.5881211213763,48.870172735797155,5,76.62188672647105,380.6077133419359,0,0,0,0,1,1,807.6581279569115,0
1637.3531673546972,1308.8368532714226,4,167.11211797342662,120.36779192478038,2,507.01120276170514,122.49786183775412,0,0,0,0,1,4,2718.8468235385117,0
1097.7275889443667,1087.3256413649292,3,66.45245059994862,374.917262178447,5,627.7443645253785,377.1089482095516,0,0,0,0,1,7,416.7375182100834,0
1387.4708612762245,1473.60998585176,3,133.55362219677943,155.80796724596743,3,151.93450420234024,181.94410721617555,0,0,0,0,1,4,1065.9969202304753,0
27395.907937017368,45091.07105579266,3,206.78440846004912,335.6279228783435,2,15127.131150283225,673.0276238180415,0,0,0,0,1,6,105470.81530803331,0
34324.84289856484,58542.14601277795,4,181.45407226289785,14.676518169941279,0,20277.983040641135,201.01012921419314,0,0,0,0,1,2,135719.9374671303,0
25604.8163248801,43570.78646664982,2,69.1088232560151,223.52799526286768,1,18772.704180624554,183.18919314589047,0,0,0,0,1,3,101069.82936350015,0
31500.525685201632,50724.95469411532,9,289.8044353619441,402.17886597133247,7,18300.131176926545,310.10661070212217,0,0,0,0,1,1,119239.51999229465,0
545.8073857371292,455.6179848079391,4,60.972948450355844,47.46961437172402,1,276.69369658110145,143.9474465274565,0,0,0,0,1,1,879.3361785193674,0
25956.431662461582,43789.43940000507,3,215.93980603208087,195.79874113687563,2,17903.431880594766,72.50333762158402,0,0,0,0,1,4,101799.12728860622,0
29750.755917172195,49532.59863304103,0,147.1743713303561,269.63082328742604,2,16951.486955533033,225.4844829166677,0,0,0,0,1,3,115523.22560636606,0
27286.82102115409,45994.82160534599,1,128.87996296007267,84.6364580388587,5,19424.62970103491,244.8727659527991,0,0,0,0,1,0,106939.71440094049,0
21021.634050994213,34494.25153186286,2,187.26908430879996,110.23040908648707,6,14333.280432032065,348.9766136428667,0,0,0,0,1,0,80731.3851909863,0
31071.898706032844,52969.23256533999,3,245.64817998669537,25.712332494783546,5,19043.502378724268,40.9874938932311,0,0,0,0,1,0,122813.44407792983,0
34181.745293569846,56258.501566590916,1,111.42583674770667,174.33210171758432,4,19290.679952461713,275.62106024068794,0,0,0,0,1,0,131564.49811617142,0
35722.85512396834,59657.60310132088,3,244.28537791775105,69.950611031175,3,19071.74239439054,217.07753552195848,0,0,0,0,1,1,139029.6015351938,0
31847.085361507503,53550.75430385703,3,150.25884122039128,196.4743885531978,5,18424.92589782008,382.9551272601946,0,0,0,0,1,0,124583.53692709043,0
36455.132690640385,61004.122036474866,3,107.53439312719314,66.80137989885414,6,18471.146424381404,291.1127880248479,0,0,0,0,1,1,142092.57766645492,0
32620.78837963694,54716.105897418034,2,316.7810149976424,106.72580687929158,2,18028.591802569063,270.71978650406237,0,0,0,0,1,1,127372.89565531281,0
37165.423715284014,62794.8496652945,7,352.0435443856898,357.0863670528394,5,17728.344148557808,200.5959964276737,0,0,0,0,1,4,145920.7066769363,0
31559.356787543864,53218.05617125112,5,230.79171330119252,68.3745942954637,7,17747.567316505636,340.78956448543795,0,0,0,0,1,0,123727.97174465391,0
36558.74811140923,61395.19218085582,5,220.7942871440408,354.2704205667626,5,17131.229522337315,190.1228642510188,0,0,0,0,1,1,142878.73416254477,0
39532.88385565529,67212.81825728426,3,377.6268075364555,16.212461191861323,1,16803.82411599767,10413.41114832255,0,0,0,0,1,5,155946.30990312496,0
37561.86971292888,64009.912230782575,1,411.66281180197296,47.01669381447085,3,20610.767907660622,10585.276691132922,0,0,0,0,1,2,148426.52021622483,0
31297.503644957396,53642.520642839845,6,262.7670836985509,101.67479091586821,2,20492.447754779383,33.7570683627612,0,0,0,0,1,1,124208.24192478132,0
18874.27478129969,29297.885732876577,2,176.55100889648804,419.2043152962952,8,8418.960698977557,337.5560727520106,0,0,0,0,1,0,69467.72327181493,0
475.38346103487805,424.8128782899455,0,55.036422071974215,66.89285535572151,1,63.32624954044749,158.12140117201002,0,0,0,0,1,0,1028.5324563229788,0
36207.58119845202,61598.11198895196,3,323.4647129516247,54.902944134692724,2,18124.83476800902,317.5352043674305,0,0,0,0,1,3,142895.21724742957,0
34453.54516832124,57042.228711915384,5,488.56565834133437,168.11306537315886,2,21767.600532157998,264.49272979309745,0,0,0,0,1,5,133228.57886507426,0
27811.191658496373,45058.48359058801,1,422.25577271699467,311.89655411287987,4,12852.916004629064,384.21325655551504,0,0,0,0,1,9,105807.9602318493,0
31333.373796508185,52462.82357026189,5,226.9944895278181,32.52466481154205,5,14618.024794587174,213.49431247048247,0,0,0,0,1,3,122185.12742045417,0
38541.02928815062,64134.32137181074,4,301.87314492005146,71.79115542167284,3,19771.707470357294,11487.64214744857,0,0,0,0,1,3,149592.36985703727,0
36549.06281474923,60859.064912678376,4,91.94922412746014,332.2920295582509,7,18396.85040035288,363.6396882992543,0,0,0,0,1,1,141928.63764049136,0
21035.75423848999,34582.51910342751,3,122.11386173138908,319.4353136301284,1,17381.00079213673,398.8555335971508,0,0,0,0,1,7,80922.35463799874,0
20885.62318223515,34954.391069300575,3,203.403701080689,50.13915802380757,7,18353.92173655903,199.43358261727053,0,0,0,0,1,2,81421.36440433671,0
31613.205960769435,51741.583584672626,4,102.32512716013927,205.78857416069386,7,18738.803033672822,186.71544592054676,0,0,0,0,1,2,121173.45779074394,0
21843.375702447884,36083.42696859919,3,227.8138545713016,417.71016247401,4,15898.080589046818,374.7951098557568,0,0,0,0,1,5,84328.50183797303,0
35352.60139761081,59387.8772209097,2,167.88787101843099,83.41815004081758,4,18220.056822962906,239.60060066370883,0,0,0,0,1,6,138206.7878109262,0
37037.48186445059,63483.304596884525,3,127.65295398741308,41.664034014501695,3,18420.497406411516,239.08526582680602,0,0,0,0,1,2,146992.6921871108,0
38377.121218215856,65247.3697282611,2,127.72938994222834,36.14444244566118,4,18450.422885914726,318.0209975291413,0,0,0,0,1,0,151381.4383944886,0
35902.46672769774,59601.56468179756,2,204.98704943505072,246.5979674243954,1,17875.624145451962,308.9335290122219,0,0,0,0,1,6,139109.51782803377,0
39338.90832174328,66492.07059498293,2,106.95506160147454,39.08716875664735,5,19176.4475969645,301.21805995616836,0,0,0,0,1,1,154494.95668385708,0
37927.18055705794,63179.01758841796,2,176.01487957819606,356.39681747382406,5,18533.491692138225,377.49259946679035,0,0,0,0,1,1,147321.87149410625,0
35705.46339368098,60891.371959907454,0,174.75865281883839,68.80270083529071,3,18044.077254192198,415.32527998737913,0,0,0,0,1,4,141171.18507377565,0
38518.238557539924,65658.34692442474,2,181.94992748420884,39.294789398006714,4,20182.44347630551,203.0924243855757,0,0,0,0,1,2,152237.55558199444,0
28157.664196797276,46224.01964591839,2,103.04790836764829,249.24403025672086,6,18663.15427230407,627.8838877033193,0,0,0,0,1,4,108183.41196933846,0
36204.462131104796,61745.22747476335,1,367.13668155742585,222.6505482258475,1,18317.66098169456,355.4812320911526,0,0,0,0,1,4,143148.79828789533,0
38750.9020922092,65719.54675898979,5,149.72417188940648,53.05558298057603,4,19951.126902499353,305.61667784647796,0,0,0,0,1,1,152572.6352706025,0
37137.319530902205,62653.027569213984,5,104.32815750632977,93.17160740921611,5,18343.439729121994,442.01311963135447,0,0,0,0,1,1,145643.2857354628,0
38166.11594764548,62753.444410662756,4,283.24671163175867,359.008185751383,3,16889.270154595786,500.30940964058254,0,0,0,0,1,4,146812.2971181975,0
38728.89798169914,66273.38827581324,2,246.75464793577862,18.50623413501928,2,20608.930445398884,274.33545135399754,0,0,0,0,1,5,153517.23621291807,0
36942.56564078382,62314.4984280205,4,143.73136168577818,286.1577185552128,6,19783.701511972904,192.71172241203857,0,0,0,0,1,1,144859.19199390942,0
36183.1479771396,61528.58381305894,3,148.09450655034618,43.02706720584883,4,18728.152372158762,10389.21821556462,0,0,0,0,1,9,142752.80603673286,0
39186.79987563157,63848.48245820406,2,123.69520016991473,342.63492194307014,5,18697.287638437436,255.61059470946088,0,0,0,0,1,0,149676.73015720386,0
37702.73189018862,63887.42673815596,1,110.95056991043147,192.96731085447598,4,18723.327766925835,10604.77239067922,0,0,0,0,1,1,148350.11303954403,0
34409.02627843189,58269.71319025816,4,87.15500670849678,56.84573222774643,4,20693.372284283338,142.97020795367803,0,0,0,0,1,0,135324.97622944968,0
34027.0560761012,57026.53508451145,4,225.25932372022143,127.73381345956449,8,18936.69418861778,222.88524946300384,0,0,0,0,1,1,132783.48948223452,0
36076.68560511765,59369.691070110304,7,105.18781577755588,183.29478986038913,8,18594.46120156195,234.39424899919902,0,0,0,0,1,0,138843.4087356215,0
29304.590559485398,48617.99659580654,5,139.1105741410882,185.23918010763856,9,14466.23807600762,111.48672716284175,0,0,0,0,1,1,113479.90176758832,0
37228.58839967514,61743.33690600292,3,330.4132935286057,497.5058717773784,2,17771.72194368273,309.1018093001106,0,0,0,0,1,6,144143.39844096103,0
34640.14164899582,59042.192900539034,5,91.19762379148561,29.690869110375957,4,18574.97338709672,239.54370526203382,0,0,0,0,1,1,136901.40967214765,0
35944.718742360405,59352.96360364274,2,60.1432864661356,284.2806914372735,6,19000.249326050114,191.3791158134333,0,0,0,0,1,1,138699.20589018226,0
36901.50955223777,62246.46518121684,5,192.82408337319183,89.52867586870656,4,18532.115140056558,143.69091963369462,0,0,0,0,1,1,144701.8160370834,0
35470.74227231165,57932.39364354318,1,148.8784941176769,201.28290239827746,4,16856.908906053424,498.7179156060189,0,0,0,0,1,7,135759.98959017993,0
39099.96796318706,67294.34721135943,2,309.09138662225706,16.182963601922467,2,20146.03392041605,186.3744106357264,0,0,0,0,1,2,155656.91721460555,0
35779.747669717384,56968.63997978012,4,133.6704158177697,290.37779125742105,7,19781.361791869782,77.00561533438938,0,0,0,0,1,1,134269.44261945586,0
34797.41860273451,59556.3270216901,5,308.63949001203355,76.56436397015669,8,19643.10794921792,109.9812074973541,0,0,0,0,1,1,137950.6700672636,0
35808.014622802824,59525.73269388344,3,103.16784500769089,98.03669959040201,7,20971.344434820123,234.50584211055047,0,0,0,0,1,2,138877.75113534,0
40256.69926909571,65705.33283680957,6,117.0100398639591,330.7738251153804,6,19108.693342561477,265.6073155791028,0,0,0,0,1,0,153962.23480709697,0
33934.61442724861,56480.849344273374,2,307.27370954797146,87.82285723566223,1,18898.215136029932,43.23393359788134,0,0,0,0,1,7,131745.19845638442,0
36887.237417646495,61484.86283072926,3,169.39693557443616,380.8924859721651,6,17849.007890936893,346.0598098225603,0,0,0,0,1,2,143350.75003662147,0
35890.1608323364,59815.66038269219,3,249.66573344288412,457.1043188434236,3,18057.635049176955,389.14480224078955,0,0,0,0,1,5,139472.93538017198,0
40146.176684521524,68842.5235978099,3,120.21257343585782,52.225242041667045,2,19075.07772592994,252.71590747688026,0,0,0,0,1,2,159384.23591553318,0
40049.00405663304,67791.22319417442,2,191.2633622608825,304.1286278189838,0,19437.43351414919,491.22473661411357,0,0,0,0,1,3,157458.89021889278,0
36596.98527616959,61387.914750598924,2,67.34534430761997,190.4758892822046,5,17961.725561723186,10475.251943576734,0,0,0,0,1,1,142903.687419961,0
38362.97580059994,60768.09352980646,1,101.34243096304078,353.0799178435947,1,17726.847934375204,320.2255776198235,0,0,0,0,1,6,143434.50709649638,0
32084.419548940954,52634.22060754326,3,228.10568871033405,335.0576788487912,5,14123.630216461223,112.81254801036272,0,0,0,0,1,4,123204.04811396507,0
38776.82508212166,66089.30737914193,4,111.05201984011867,32.181721979031735,1,18872.666213601253,266.1886826704335,0,0,0,0,1,5,153246.42448356026,0
35891.85601579743,58642.13771195746,2,270.8390470984213,219.02535318333275,6,18741.341393656716,354.6385669252842,0,0,0,0,1,1,137383.91789352067,0
38279.1585544533,65553.11029410874,0,156.9721448593118,27.72622877632925,0,20020.669173977054,270.1891944014195,0,0,0,0,1,5,151819.69806318346,0
36421.76017191627,61412.28952207578,5,269.77612738736246,330.0802821571783,1,18450.069062947347,371.66592099298214,0,0,0,0,1,5,142782.07361874642,0
39584.31772195827,67210.14334847723,4,178.31814377037378,112.7771843021343,5,19304.851432535164,299.8730134038461,0,0,0,0,1,0,155987.08389035985,0
35947.51449909918,60296.5071388161,0,163.318805851559,283.8747253959874,2,19306.28929960951,189.52104001576717,0,0,0,0,1,4,140370.6086536767,0
37267.856889582625,62067.85506008367,1,185.21523366412111,349.4031122348184,0,15679.17682727476,242.1780102616541,0,0,0,0,1,6,144752.681759772,0
17846.886863255324,29990.816699900162,1,80.49911028818357,124.54168737409029,2,8418.127022233899,146.00301007676563,0,0,0,0,1,5,69790.77599421173,0
36454.600719220645,62379.364264691976,2,243.99499915333777,233.97779548743006,7,17818.22711965562,189.061011443482,0,0,0,0,1,1,144496.7668683921,0
39166.62770198941,65847.47695822077,3,218.89980980926236,153.93281678999728,5,18898.361650149367,458.72120150632765,0,0,0,0,1,0,153199.33966295523,0
40649.48299851665,65694.81730370842,0,123.09509699007127,329.1455106687101,7,18463.516617051573,393.04037439563706,0,0,0,0,1,1,154303.91947390046,0
37653.10203515413,63032.47465741262,0,224.17943547745884,182.97797404874473,2,16467.444406572293,98.37754695604872,0,0,0,0,1,4,146811.28811108813,0
36832.68438031774,61153.522863253944,2,77.46632663684356,291.34976696574034,0,19002.055683357557,405.2669784436582,0,0,0,0,1,7,142729.2163318866,0
36387.96387443499,61437.68457914958,0,709.3737948668643,214.0747094906847,0,16827.58704409321,112.23686406809392,0,0,0,0,1,4,142794.32920321554,0
37911.36644305326,63366.58708133785,3,223.19365239789292,380.42908139959445,3,17697.191375572325,415.29629217905625,0,0,0,0,1,3,147643.2437237969,0
38217.609691617654,62817.32520376202,0,243.0340792159123,202.1433234968927,3,16103.799570893929,196.46319207815907,0,0,0,0,1,1,146955.09914173736,0
37937.1792867658,64026.65200578605,3,196.90621567665232,337.3245325174151,4,17726.860751881686,209.31403848065983,0,0,0,0,1,6,148828.07472848485,0
35955.75112481861,60099.7004794052,3,59.20710011386021,309.28387763233405,6,17467.23167013826,10263.193783331984,0,0,0,0,1,2,140026.7929340226,0
38282.9245586817,65470.6663240571,1,176.47636193692557,17.05002427338244,1,20231.048810904373,205.37722272327903,0,0,0,0,1,5,151680.79503430522,0
38884.82128107758,64921.17924749892,2,137.73812239354316,91.22377108350517,4,19324.35961764246,218.63387018063855,0,0,0,0,1,0,151298.40823184815,0
41851.31765465575,70790.31844047792,2,254.39756681450308,142.56652035430966,1,18942.470135410025,269.1425881279978,0,0,0,0,1,2,164452.44863073816,0
28244.630693192878,47631.93602314107,2,159.72564862039877,349.8728642031534,7,20586.83159985884,116.71186127795752,0,0,0,0,1,3,110739.0218173736,0
23482.98763330058,39777.77003124615,4,186.69612511391853,15.559139789202654,5,15759.828238515693,161.29225916437963,0,0,0,0,1,1,92376.10520931862,0
37924.31327028232,62795.92088271626,5,214.13278079083793,287.9066655459515,3,16972.95416718121,336.64350380845053,0,0,0,0,1,5,146657.5854307005,0
28653.184246732675,48515.42656814248,4,185.1352640398439,55.01901707488386,4,15323.543677868862,245.30425944639694,0,0,0,0,1,2,112678.51459026893,0
43087.56304282897,64404.00871031354,3,169.75662234847266,386.3327894877517,5,18215.026392450312,222.04368788232782,0,0,0,0,1,0,153904.9928927174,0
35290.32838142372,59311.38007221369,3,110.37669713586638,257.7471126320846,3,17219.845436839758,11075.302582524606,0,0,0,0,1,4,138008.37230695467,0
38650.53316532982,66355.69495589376,2,262.59791371316237,19.316292415179706,2,20273.18586698691,189.7645479191865,0,0,0,0,1,3,153581.54750462444,0
32382.15382872709,54436.111379724985,2,86.54192186110888,107.03204056695397,4,17088.088351960403,431.2294078774346,0,0,0,0,1,6,126661.16449429434,0
18554.086580764077,30255.686022565726,8,264.87701996353053,279.3523059508305,5,8440.749589999521,273.5323110502478,0,0,0,0,1,1,70921.21171858079,0
38452.3384125163,63734.646175289294,1,220.35175097512942,586.4351715324115,1,17824.567145805115,104.55142947845772,0,0,0,0,1,7,148816.95022326102,0
36923.64667249134,62404.85602992908,4,218.7679639076802,123.75500982414047,9,20260.997034798806,293.4263105733804,0,0,0,0,1,1,145003.30569658443,0
34672.93049253139,58048.3535146644,2,332.0434964842965,366.72302343979914,3,18240.150527430007,335.244705743129,0,0,0,0,1,5,135204.36463501275,0
37866.281869172104,64848.90795124746,3,214.0446809150081,6.044085044938318,2,20220.533358099565,193.1896974163767,0,0,0,0,1,4,150187.29990611973,0
30375.086482163162,51266.80337949502,6,286.2447881682525,38.517989784773704,4,19426.468808732803,147.96024012960802,0,0,0,0,1,6,119168.91939166049,0
30280.03308493229,49883.408792321265,4,111.67861192849128,259.27682899007664,2,13265.183406052765,10908.613733656402,0,0,0,0,1,8,116661.13105321422,0
29830.559692446073,50684.8922645698,0,319.0333846964072,64.9867497122379,2,14393.68488009203,280.20800113572363,0,0,0,0,1,2,117616.29819781159,0
39139.39687600067,65924.46384036014,2,126.30532826008242,82.16307725168934,3,18889.4810121277,347.36672464624655,0,0,0,0,1,0,153303.63617267157,0
39699.03777815848,65990.75116233817,0,117.93097947416862,228.0118073146901,2,18334.863252845113,191.63796180737285,0,0,0,0,1,4,153967.62413074856,0
39053.88116662272,65998.23979480856,2,350.4681113335292,392.08606569854095,1,18016.569798914494,162.90127330044976,0,0,0,0,1,1,153356.84230309972,0
32824.22408798223,55180.278725063385,3,178.41452656873713,17.475916031548877,3,18499.151068836843,317.96612967188844,0,0,0,0,1,1,128385.58039708213,0
36608.13365191852,61768.881005769246,2,448.46297263069505,190.0987594601743,1,17501.707087742416,10825.736049260566,0,0,0,0,1,5,143589.8682362538,0
35398.04901378796,59811.07829511294,9,189.67681653892942,77.22147281622497,5,19490.58800562039,159.5099140170655,0,0,0,0,1,1,138983.6220839014,0
31875.10866039895,52949.22445597063,2,189.75802796575852,168.10284971515887,7,17060.564098837305,316.2868543602561,0,0,0,0,1,2,123557.31477997208,0
34706.96567971097,57534.353347825454,1,87.65085461431462,258.74455505461185,3,16683.54962417015,654.6250904099229,0,0,0,0,1,9,134339.37425405643,0
37752.371618998506,64402.98217258967,2,267.63244745807583,281.3682611144217,1,18757.842942592168,107.4773567118581,0,0,0,0,1,3,149299.89681535595,0
37821.17641694028,64168.38578178866,5,161.07534136867207,428.6195261156018,2,17893.395994555223,305.6571377796028,0,0,0,0,1,1,148956.18574887956,0
36202.69658847137,61593.08199430939,3,162.27321717301896,37.652172491357845,6,18563.784214715648,91.00440169446608,0,0,0,0,1,1,142880.20211834734,0
36440.176248978176,61511.13412904252,4,177.17666092566395,243.67637629507627,7,17669.02085993786,335.2964657931916,0,0,0,0,1,1,142969.9985906316,0
27002.002476772825,45093.65074061903,3,338.3846646587815,284.79583679381903,1,15801.626913237127,130.62877794075965,0,0,0,0,1,5,105096.39518775085,0
30500.676285074536,51161.97532268731,2,145.61343964157527,660.3428895547215,1,14215.85966458413,176.17726561166845,0,0,0,0,1,1,119098.58653929316,0
38709.837934383715,66331.26628199394,3,446.7058743972528,132.82158976599084,4,19696.78117315552,177.42543632954093,0,0,0,0,1,1,153597.34787834686,0
35734.43018116088,61158.689630704095,1,230.0050516887659,37.9080994770962,0,17533.592967083052,225.93021369572858,0,0,0,0,1,2,141663.2856337137,0
39229.90552803885,66469.3713428844,1,226.88022408848656,236.31043095708026,2,18632.99987061721,317.63052977873934,0,0,0,0,1,4,154352.38406455296,0
39217.49813638495,66284.43879155186,2,192.4287222861018,33.279457524281455,6,19281.32163108594,133.3562059719123,0,0,0,0,1,0,154011.86570233654,0
32756.038967105447,55267.21754753978,2,128.26048326894679,176.7125720088778,5,17991.151745484494,334.5413679397964,0,0,0,0,1,0,128470.46995615066,0
36542.470521099174,60377.88721991772,2,75.91491074958682,355.65062156885676,3,18007.37655026376,437.5288850633377,0,0,0,0,1,4,141077.0727863058,0
35985.84933687465,60806.298023975905,6,102.3560787854681,118.54351395445428,6,17904.731263015492,430.1904853250669,0,0,0,0,1,2,141298.90880683355,0
34472.808227622045,58474.87323388467,0,95.5694883890792,288.94856355542834,1,16885.811788265775,357.4641530140917,0,0,0,0,1,3,135751.76681814552,0
38638.05728218264,65809.91879794732,3,250.54978115641757,59.529755589470966,2,20758.36404600559,91.20045736401237,0,0,0,0,1,2,152620.32807012633,0
32035.90789288447,47375.645808050445,6,199.0492902358152,520.5752463703365,5,14615.59244975744,284.3729716232172,0,0,0,0,1,1,113484.39668032093,0
39100.641640652946,65231.403638042815,3,116.40709360624741,201.4263836193614,4,18655.311537790185,152.00743575987372,0,0,0,0,1,4,152057.36678863355,0
37315.58750203361,63557.49715064979,1,345.9851686725134,257.74813200715437,1,17424.22022175271,353.71471988070994,0,0,0,0,1,5,147398.95982809406,0
36356.75528215207,61200.05405886335,3,204.31900129769684,160.50254547208561,3,19996.579154839037,202.3636276282329,0,0,0,0,1,0,142341.36083831062,0
39476.26711167042,65789.3505899387,1,187.74920696766634,365.0537292344956,0,17351.57872251566,514.791305688471,0,0,0,0,1,4,153401.52059228893,0
17658.456853205334,30157.391720392796,1,196.57838067247445,335.4967163859445,1,8143.991611712092,66.39417438050599,0,0,0,0,1,1,69891.93773177426,0
39234.71929459205,61031.39126885077,5,257.7684782185849,465.55428887288554,5,18430.54380283653,444.02967237926407,0,0,0,0,1,1,144607.28927450918,0
40608.89941394849,69372.83788572722,1,197.38635027159302,280.1171598078341,0,17702.26151496943,247.70103331737835,0,0,0,0,1,3,160764.16977698175,0
32488.275632919354,54853.723274037126,2,71.21563482941575,116.18401036899742,1,16703.55484456391,377.41219975165797,0,0,0,0,1,6,127494.34619129544,0
36817.30060867874,62417.14144295129,4,106.41621912447187,197.4980025559563,2,18134.570569245552,337.1225159938672,0,0,0,0,1,1,144920.28931031557,0
37557.34789807087,62759.68208045147,3,170.42431708862557,71.01197538932128,3,19191.255587888834,234.19718842570018,0,0,0,0,1,1,146233.72455878713,0
37777.531689322845,63322.28213028996,4,103.46629783211945,274.7378878813626,2,18658.817380120017,502.20130577219703,0,0,0,0,1,4,147439.0317062243,0
35043.385705219946,59132.11510716988,3,108.38510001579425,265.729491573753,0,16507.051501278445,444.3989374155226,0,0,0,0,1,8,137458.6228944205,0
38798.1978801708,65384.67122649343,3,153.2564413835251,324.81850042068316,2,17661.250898299135,315.2286219577797,0,0,0,0,1,4,152036.69517590784,0
32449.141892384207,53840.680963076244,2,205.58726897627918,67.91816645953023,6,17962.698751882912,191.29546599984909,0,0,0,0,1,5,125677.40443550472,0
36541.47491417369,60647.02626017789,1,102.600598184089,312.17536289761085,2,17473.53465268154,424.53532440726343,0,0,0,0,1,5,141557.129463986,0
36619.70364212712,62451.07539683103,3,82.80273740573918,295.7833771781063,2,18630.678583303146,10447.433823411495,0,0,0,0,1,2,144785.98396960372,0
37339.22424415147,63388.5692005184,3,243.94502709912427,328.04476877398974,0,18210.28590441431,345.55817519965217,0,0,0,0,1,4,147126.36272457722,0
27396.005640952346,46093.71146147834,4,22.007246208903304,58.24300979778434,2,16517.869932975387,307.54296975658275,0,0,0,0,1,2,107222.4546675638,0
28080.253241097562,47624.23702802825,3,71.49735813987587,37.52804459716573,5,14898.629821055147,100.5804291981558,0,0,0,0,1,1,110562.73712728816,0
32992.452875774274,54901.337956260955,2,90.53252643181693,120.91434973314718,5,15172.391726495662,180.78117287339188,0,0,0,0,1,0,128053.71242884363,0
36217.43613352802,61150.877040625026,3,74.7900168738797,107.68861129802082,5,19598.246621206745,155.2810895212931,0,0,0,0,1,0,142120.8045885925,0
35532.9682274385,60173.48904131775,2,79.82027485423856,95.436122463201,5,20295.287928592326,129.12772012830328,0,0,0,0,1,1,139749.2981605487,0
34238.48185268695,56176.169768487554,8,67.35989644908662,85.16050746001919,5,20991.36637206664,10578.659892207439,0,0,0,0,1,0,131513.93378938938,0
42460.48451755214,64707.96145732246,0,123.84962279625984,359.28142120275425,3,18169.581029821096,223.6116751287464,0,0,0,0,1,3,154033.75446742369,0
39587.951074010016,65619.98687343746,8,206.72028150621077,465.2263468512298,4,18973.656406357575,219.79487633321952,0,0,0,0,1,3,153206.82161547535,0
38914.159572896315,57942.862534147775,5,283.1438057089712,253.53477693733726,8,17824.60833976509,206.5962974516842,0,0,0,0,1,1,138574.35409018057,0
31708.953647276347,52775.90681568126,1,73.15180631945044,221.63112080012246,4,14294.063696791582,307.2386781251765,0,0,0,0,1,1,123091.20277400696,0
32017.746610447914,53315.37117531781,4,74.04833649585508,432.928760024965,4,14627.238946979143,81.23176339606988,0,0,0,0,1,0,124342.77574511533,0
34431.70406228484,57450.06181854731,5,107.4151381541629,26.265021227652575,5,19365.092346977937,218.11562851415474,0,0,0,0,1,0,133908.31687545835,0
35553.98235446067,59660.6044724079,2,202.62567393507575,290.40156883103873,1,19820.137672964633,114.04917568979546,0,0,0,0,1,4,138874.12369901966,0
36803.853020280745,62365.40379987365,4,304.599068520586,261.59593802031134,3,18185.64448780305,292.6787635009337,0,0,0,0,1,3,144817.02127844281,0
34973.44126332064,59283.21594494703,3,126.16755827551853,223.28989193116658,4,20515.78283885374,133.33827727497462,0,0,0,0,1,1,137648.24196061425,0
35583.429450833304,53724.1971518772,0,278.58198289472745,275.7512819413959,2,18243.172647742864,141.95374991869215,0,0,0,0,1,0,128105.49592006755,0
16391.563201318873,28022.055048420803,1,132.69087410423427,210.80332809854045,3,16561.817066941534,93.28292579222035,0,0,0,0,1,0,64925.702794620775,0
380.36250809824077,240.99469161630213,1,139.42553079137843,69.0558573277618,2,338.24857916079037,10.950123440969355,0,0,0,0,1,1,560.4488580862991,0
330.8797542388447,211.09602605438343,2,147.38833376886163,12.529624211587393,3,456.4191690340037,93.38406510500099,0,0,0,0,1,1,378.5017326013194,0
35651.12351525051,61552.06069935639,1,263.92007586405356,178.56790819403483,2,18162.05024411343,69.50662166203696,0,0,0,0,1,1,142262.3794384714,0
35066.36797533699,59856.15019080694,1,132.66119881298079,87.94077291874387,1,18404.226588033944,211.06065767936582,0,0,0,0,1,1,138736.4846420543,0
28953.393267840158,49435.066868221336,1,209.4140922481432,257.076361173286,3,14571.464638659018,199.43260385679727,0,0,0,0,1,0,114574.99796629412,0
17278.216189179755,28865.6644584601,2,34.64749061139435,91.05588548366299,0,8743.746979047142,200.2675274124518,0,0,0,0,1,2,67267.26137272999,0
280.77927247778007,410.5536573184299,0,0.0006985325561613274,25.90495739854894,0,0.002368641791426221,236.68202933682397,0,0,0,0,1,0,1.3941699651184725,0
514.966053525881,597.650183278949,1,0.06280083534769844,102.80775048026267,3,0.0004037234014584608,135.55864993686586,0,0,0,0,1,1,1548.7653351647332,0
373.48843423168756,460.7744595970003,1,0.0008759266315189472,303.4229522492713,3,0.00410724638024174,358.28128381923517,0,0,0,0,1,0,74.56975107829501,0
326.59925590288157,491.76760163260474,2,0.0010753349284521325,125.52593260459041,7,0.0008729242408331833,138.76670330295315,0,0,0,0,1,0,8.070945254586857,0
146.4363476942675,130.00676010698606,2,0.0006769486248315665,27.072056879588455,1,0.0006458715681712478,57.01791246132978,0,0,0,0,1,1,0.6745627065670106,0
364.5278703682156,153.18074850168435,1,0.005798045641878389,180.63347816481146,0,0.016085970563442784,47.16456215188668,0,0,0,0,1,3,518.7110214785669,0
590.2166469830208,470.8852889011392,0,0.05958570432026423,158.7582983704531,1,0.06189220445307665,255.27481080105673,0,0,0,0,1,0,1101.8063466510685,0
1749.7845532809547,2169.198300874354,2,0.0006582047053661618,270.084240742291,3,0.05319033149619808,191.91096617083585,0,0,0,0,1,1,1204.9869118522988,0
135.17536968140973,141.60951032641512,2,0.00039967587558802916,89.51144905367597,1,0.0003200415386413736,110.25114312636909,0,0,0,0,1,0,1.297916953317536,0
100.5634802544121,33.24131836918505,0,0.0016355295950371005,68.2299580374651,2,0.0033296487093631326,80.4873950350269,0,0,0,0,1,0,92.59515216504391,0
611.9428809041704,777.7358544762872,1,0.007287866032174911,308.63282672428204,2,0.005027472146818958,494.918693867371,0,0,0,0,1,1,297.3800264043208,0
392.6105754614962,494.1263659597421,1,0.0008241506585257899,24.003821932833755,3,0.0021103468637979723,108.49022592901753,0,0,0,0,1,1,2.5353370903597248,0
684.8835939889193,424.9867009222892,2,0.0016560741237920127,35.599153578451755,2,0.027652837583529464,77.55454794633003,0,0,0,0,1,3,824.9871497863112,0
2199.656472970386,3461.964240517873,1,0.028627686033264918,287.55303386883725,2,0.003335330534691595,178.42810123510293,0,0,0,0,1,2,200.62944096816605,0
814.9487728652582,862.0795951424304,1,0.010540492274482324,147.0662909798096,1,0.09812097417221405,266.7311629401165,0,0,0,0,1,1,2217.088259095351,0
839.5615111637396,787.2509837713825,0,0.18615447073229674,51.53330522440916,1,0.05330632032625088,112.62232256329978,0,0,0,0,1,0,1514.2308916885381,0
984.5190211252633,1537.1557499984308,1,0.00025431365623397676,185.7829245999913,2,0.001319600817862445,125.85271831649449,0,0,0,0,1,1,1.4537548640824474,0
1004.8453974420783,1194.032898246092,0,0.09866963185030785,189.5489009897176,4,0.10919464717037713,346.52514773779274,0,0,0,0,1,1,3027.232082612627,0
620.514667230858,666.0625373630866,1,0.0012324732810956663,126.26448672101688,4,0.011686830084887734,135.51631561468872,0,0,0,0,1,2,397.0964117604806,0
163.78449769028467,170.0391543698274,1,0.005657499222690565,110.95203573667665,4,0.0014630089095412301,205.94054991748834,0,0,0,0,1,0,31.178126745243443,0
17649.616526921167,30027.370390600612,2,187.07196457266994,25.71546697101892,3,10002.34384536703,164.11377746450154,0,0,0,0,1,1,69657.5019279831,0
637.3405568990644,687.2575699893501,2,0.0298210373781543,137.6386517832856,6,0.09216391684472172,110.35954083920191,0,0,0,0,1,2,1827.695289206684,0
325.92504327492907,398.9971596589598,0,8.260574124787406e-05,234.6354949025947,4,0.00022972795725844478,261.970147014216,0,0,0,0,1,0,0.15127060045258064,0
392.94691458051057,500.23354455226377,4,0.0012843975608836774,111.66219690885164,1,0.000603480631092653,383.0075106487892,0,0,0,0,1,2,0.6908186544167604,0
550.5387814537123,822.3484424890376,2,0.0007598569290030625,48.464810720088146,4,0.0003272963474940584,132.7029669160156,0,0,0,0,1,1,0.27717858878193263,0
385.5405338532863,577.975743873355,2,0.0011333009676714413,57.15147660510217,3,0.0008778050445548643,165.37934241227077,0,0,0,0,1,0,0.3024818073263592,0
593.488625564243,837.4181432906083,1,0.0010866241629221402,290.4429752278212,1,0.0006353689756328105,330.7830582887183,0,0,0,0,1,1,0.284547688409892,0
303.54167924095236,305.40346518425275,0,0.0006198999689878517,232.3727595803777,1,0.00025911881867699736,321.00714163743737,0,0,0,0,1,3,3.000752723808726,0
769.2596944532916,1200.548314190354,2,0.0007301977231004156,75.6623684730447,5,0.00045091173493080113,239.39443652149507,0,0,0,0,1,0,7.3707196839256,0
502.323187999764,606.0688501379025,1,0.0006726992613169338,254.4381785056914,2,0.0016140242186742355,136.1118882041855,0,0,0,0,1,3,0.7351029043427397,0
493.9706294640642,435.15324918664516,2,0.009708582328157182,184.83717433640228,0,0.010994830499056661,265.9790394679441,0,0,0,0,1,3,379.8488304320589,0
1590.6224150347032,2064.9486502448076,2,0.06044617352011198,14.072171715705124,1,0.20716000426804215,244.2118548189728,0,0,0,0,1,1,5109.338944810828,0
316.9271767499371,339.9781307595391,1,0.0019152778444169558,140.25509694492985,1,3.838435524306327e-05,196.73659244149067,0,0,0,0,1,3,0.6313409663283408,0
202.3520029904253,178.1181086083731,2,0.0005994525444120516,111.86777975842432,2,0.0006651201022253338,96.72572977795448,0,0,0,0,1,2,1.1604351909034312,0
619.2253109478395,858.1115932361739,1,0.0004944106361971216,76.13055320909041,0,0.00028992301470086225,396.4087868338543,0,0,0,0,1,2,1.0906712778644312,0
211.50769152671373,166.13656887518087,3,0.00022131160022035781,66.46733219378548,5,0.0017991032086830104,148.69805894693522,0,0,0,0,1,2,0.4461351061616289,0
1769.5394842894525,2821.232388025624,0,0.0039044231621166484,261.64993499625683,2,0.003416433770871622,114.40789655684533,0,0,0,0,1,1,106.81064660912259,0
795.4624827707189,1194.2913796174341,1,0.0005451531251537106,297.8113869748209,1,0.0018920495095897762,336.2029034849621,0,0,0,0,1,2,0.6062445318232718,0
1894.2073024714132,3108.501551887465,3,0.0013552596660014004,119.69161313832491,1,0.0026770685960415233,295.49696463611747,0,0,0,0,1,1,18.348092300709833,0
493.230326827157,592.010565651006,0,0.0005424981151628654,110.35394291966561,2,0.0005402004715817429,256.6976507924468,0,0,0,0,1,2,0.4817750299240121,0
304.09627857695085,257.66956038995875,1,0.0009522130101057491,212.33052927547743,3,0.001126605728269292,233.19615939256283,0,0,0,0,1,3,10.007172239660415,0
421.8500938452291,457.16186976682616,2,0.0009886224803726423,68.20058620687134,4,0.0017750808307469316,125.9938987725318,0,0,0,0,1,1,63.94192924683973,0
478.3362091299028,703.5020064566403,1,0.0003678764027555061,186.65808839342142,1,0.000534880958827088,422.59232849299985,0,0,0,0,1,0,1.3422923613180422,0
486.12203567898393,626.0210629147103,1,0.00033581432922533204,380.7830089427622,2,0.00046096109205024944,337.89635932423244,0,0,0,0,1,1,5.3505961429390325,0
309.29467939966446,384.8027208987344,2,0.0009046550596254296,17.546727614771186,3,0.002653910939651941,156.89662058534083,0,0,0,0,1,0,25.396479722411293,0
673.3395579123687,878.6912090354989,1,0.0005454500115309733,52.67295559106162,1,0.00016876288872834963,156.02397322748345,0,0,0,0,1,3,0.6008192359939204,0
286.59976680006065,209.30485516640675,1,0.005487180471075122,63.37803966961701,4,0.008529386041959129,104.33087219537106,0,0,0,0,1,0,285.64774597378505,0
258.8845441129255,250.21733777153892,2,0.0008304083582098051,139.6931703036413,1,0.0012777833815461937,138.3264327052379,0,0,0,0,1,1,14.823123164713387,0
443.34972565504,482.0821686180893,1,0.0008562027717546219,244.75426068101618,3,0.0016890042229877696,68.19231098065904,0,0,0,0,1,2,1.5625509099341337,0
159.45432252813333,120.75058190167876,2,0.0012528962995944208,37.70368214944919,2,0.00014983963021220908,183.73766567045092,0,0,0,0,1,1,0.3663579430943085,0
246.76811864327598,150.85811477946098,0,0.0017657905955709354,240.39844060608036,1,0.0042753682338009255,283.1950513363085,0,0,0,0,1,2,125.93915122873943,0
266.29187385680126,231.25536589728128,1,0.0007373456629881691,164.4513068904672,0,0.0022520385119214263,406.20411549347443,0,0,0,0,1,1,25.944204513919345,0
411.039286759176,535.7186800772749,1,0.0011767256414171685,210.93206613719337,1,0.00044923383190280657,308.79954279804247,0,0,0,0,1,2,8.892355515300816,0
404.5125402423277,468.721545464325,2,0.0009384460966770025,22.14818970962673,1,0.0017042775354678711,280.2687161148458,0,0,0,0,1,2,15.883983751069636,0
204.3223723368469,77.86218068099244,1,0.015313452799266273,75.60158830443592,3,0.00759855184102051,163.8471707002021,0,0,0,0,1,1,295.2914472573503,0
415.12809463163103,557.0288935610814,2,0.0010840129898474103,52.01038377245787,2,0.002582807655391339,299.40427545833165,0,0,0,0,1,0,90.52762894790476,0
320.61804757231,397.5293197509305,0,0.0019715939287663327,89.18339278422377,1,0.004048774680542983,321.1147867040444,0,0,0,0,1,0,80.07417136910308,0
172.90720050884727,152.1678155407042,1,0.002406133706475265,27.126157780096797,1,0.001549848051811087,90.25237236037623,0,0,0,0,1,1,66.78384344134568,0
198.30291115970616,195.99241346142458,0,0.0010130350763951227,213.38145356501676,0,0.0023692500298207377,291.2344586971192,0,0,0,0,1,1,54.335760057073,0
233.88559890730647,278.1697827221157,1,0.0004612516840066717,182.8460825913025,3,0.00028992301470086225,103.74195249855734,0,0,0,0,1,0,1.2246029098319218,0
411.23047149443016,600.0778715223711,2,0.0003724564897660231,128.21343451580344,3,0.0003272963474940584,454.3907528678082,0,0,0,0,1,0,0.053656879918396155,0
722.1653472526416,1084.4713426041326,2,0.0007737612124836095,73.92503758984657,4,0.001285032396550813,283.08717728138015,0,0,0,0,1,2,0.976222082868171,0
455.4649009821382,473.1359338952004,1,0.0003982906674157297,41.659531115032294,0,0.00022972795725844478,435.11663301808505,0,0,0,0,1,5,0.06585553929386814,0
366.35339506092635,378.2339984696044,1,0.00044278263626094466,253.35205447596965,1,0.0025465166167950304,319.37108040930303,0,0,0,0,1,2,34.994020890333715,0
609.8429237996882,470.53198415364056,0,0.002661534715979052,49.15335206080652,0,0.06569498076844524,115.67756864361411,0,0,0,0,1,3,1336.2459818177967,0
506.9709922870712,624.8360351219037,0,0.00019876404712874368,113.6478929588259,2,0.0006651201022253338,218.40474007308848,0,0,0,0,1,3,0.8938153847911552,0
641.1595185257339,954.5327895947944,2,0.00047657623854159396,149.55010982019036,5,0.0006353689756328105,135.5149770669607,0,0,0,0,1,1,0.21498743062935158,0
200.29605558806148,230.75354909994263,2,0.0006155488218407032,9.830945146644423,0,0.0016978221388381043,213.8811693969187,0,0,0,0,1,0,0.15640283261085722,0
479.53951584671404,661.1370706894493,2,0.00036863002049568956,102.8136560655918,3,0.00014983963021220908,329.21993896776564,0,0,0,0,1,1,0.9021928143862175,0
259.9119870437459,311.2240242627572,2,0.0012339904528669537,277.93636068380596,2,0.001268277491668378,68.14881514708084,0,0,0,0,1,1,0.2767328675362891,0
490.8092800907021,685.105899723686,1,0.0008125940130713572,39.583774383150626,1,0.0003582119755628459,223.26101416127784,0,0,0,0,1,2,1.0851415602606225,0
343.93388009305613,450.27609710692906,1,0.0004978702539525924,128.23890330501055,6,0.0008967126177036765,422.08277252402047,0,0,0,0,1,0,0.36114145209947074,0
369.26626948470556,505.93455839458903,0,0.0008570028415490606,126.47010103408248,0,0.0009547952222367507,325.46788581874546,0,0,0,0,1,1,0.28402629857016226,0
271.0371113626919,276.93998476862185,1,0.000615400946590463,55.61637158104987,1,0.0003272963474940584,218.28292280702644,0,0,0,0,1,1,0.06605824047897466,0
612.7985020410898,748.4225139727154,1,0.0017110691901554428,368.4973150851504,1,0.0005610794528469572,331.5861853687786,0,0,0,0,1,2,0.09893000486779899,0
511.5644803321363,342.6992123167164,2,0.03935176324838343,28.099695135491228,3,0.012945282400543845,178.93331194604164,0,0,0,0,1,1,891.9840568188492,0
388.61273512266615,568.0904264324652,2,0.0009689935288127412,74.60182377972116,0,0.000947022512963967,260.9709465973197,0,0,0,0,1,0,0.7243251876884345,0
233.49292861428555,199.03386319055852,1,0.0010962195910793867,246.70718143851911,1,0.0007657186085711562,66.27874982453385,0,0,0,0,1,1,10.102310534898344,0
557.2177727690331,796.2432287190474,2,0.0005421890188302007,220.0891409575486,0,0.0013112795693734642,217.04820363533045,0,0,0,0,1,1,0.14272562862232407,0
296.8854455348,395.5515994671186,1,0.0006017715005851817,166.24264314808323,4,0.0007481059371292764,336.81643879349303,0,0,0,0,1,1,0.17461241327838561,0
450.2627766294087,655.1578383061903,2,0.0015445412745492058,54.37711507773387,2,0.0015330820984481906,201.44752492522088,0,0,0,0,1,1,2.188577440150471,0
325.57038142956526,356.32399869496845,3,0.0016508426680416782,94.26427673088571,1,0.000393819355300191,241.01677355100477,0,0,0,0,1,2,0.14812137192220326,0
440.51101364087117,476.12373774234106,0,0.0013710302743253331,156.39273116997134,2,0.0015814775721305788,160.67362162959296,0,0,0,0,1,3,0.14693871858612007,0
651.3498569618777,990.3220953855056,1,0.00046136084421430975,256.2196066021513,1,0.0006353689756328105,377.8833015232366,0,0,0,0,1,0,0.07848233860596346,0
455.81417573019553,490.96761859901005,1,0.0013954712319497386,235.81496166995268,2,0.003020986104970939,280.50562023413727,0,0,0,0,1,4,0.4357690021113662,0
437.10147688514184,628.1433787256873,1,0.0006750883528323477,128.31297144247458,3,0.0024407026868629856,240.96232164231398,0,0,0,0,1,0,0.6663207000763485,0
457.6597575094039,568.712702710355,3,0.0005175476876636763,91.35393276705915,2,0.001224591878682264,230.22460214883716,0,0,0,0,1,2,0.19715178106603926,0
204.905572442783,256.0058852857654,1,0.001450995214030649,74.3278676799206,3,0.0005240924023077779,380.66710723653705,0,0,0,0,1,0,0.23886979056946048,0
262.19458020519505,318.7062766787605,3,0.0005762586815557119,136.81651201419425,5,0.0016925151348315469,169.324395911206,0,0,0,0,1,1,0.5589440117609814,0
213.6956129587213,227.36219830241316,3,0.00024711181595334433,52.6707552643824,1,0.0009474967518660169,235.00591095705863,0,0,0,0,1,1,0.1532751856669503,0
875.6773159316139,1444.8333974541854,4,0.00047539648404899826,135.97081032679472,5,0.0009981132394252731,154.21872293753927,0,0,0,0,1,0,0.4564893155710799,0
569.1752997083056,785.3179748477628,2,0.0009566820651969018,136.64016901103116,2,0.0003200415386413736,303.53515042120085,0,0,0,0,1,2,1.1629377264194871,0
363.01586430229514,418.32960216583916,1,7.809800030064751e-05,10.149617701894641,1,0.0005610794528469572,201.0020054869424,0,0,0,0,1,2,0.05609519110490194,0
803.7249870990921,968.5027259350782,1,0.00032579385423321346,396.91959120566946,1,0.00254587645858519,75.67674732911824,0,0,0,0,1,5,0.7717270065030458,0
330.5123000819781,516.6102615717674,1,0.0012028532688500549,109.09018576858621,5,0.0009474967518660169,241.11883152630787,0,0,0,0,1,0,0.2699642078824106,0
604.4808561957873,395.8933024161521,4,0.3462340116015172,30.025533362474327,7,0.021522290844393412,133.8502813040821,0,0,0,0,1,0,887.131211594599,0
565.7045279479028,622.2763125448025,2,0.0013207136201175702,165.44584818062256,1,3.4689367679919185e-05,125.9006894576939,0,0,0,0,1,4,0.6208376993736255,0
683.7514099563393,868.3862106595744,1,0.0004635794752563436,252.21969172807184,1,0.0003207430229060796,231.13481624901408,0,0,0,0,1,2,0.5461390683213507,0
367.62851997856876,564.2989247647448,3,0.0010411657416711853,45.14258343495735,4,0.00028992301470086225,107.77280794895837,0,0,0,0,1,0,0.693224725297372,0
297.8604423402776,338.4334370713349,1,0.0005825264918421711,72.427610617479,0,0.00028992301470086225,225.93400687711986,0,0,0,0,1,1,0.9419806784206924,0
196.64144182044893,178.3387127899821,0,0.0002471367698242548,198.51318413342227,1,0.0005391074493883005,109.5393825743161,0,0,0,0,1,2,0.4210584863029932,0
333.55020815570003,362.0351284677742,1,0.002504281179217984,201.55048453006467,0,0.003053909768628355,300.9904887713701,0,0,0,0,1,3,0.709026080067431,0
1296.195672984259,1186.7566645826228,1,0.12726521595853788,232.9047303281305,3,0.1001494827880628,173.25592406028608,0,0,0,0,1,2,2936.0267789233058,0
740.8998679459942,877.7246832197542,2,0.005445802327491859,327.68742893764363,2,0.0037618211212622193,226.2333047278447,0,0,0,0,1,4,84.37261089399729,0
1276.8984794152998,1193.624994134278,0,0.603133838775754,44.72466920937134,3,0.0649544240707756,107.51028117431937,0,0,0,0,1,1,1967.7276754531356,0
1330.5535220424838,1218.9762863477918,1,2.8948257274378624,228.52479819141382,4,0.058940214934860624,234.7316080292222,0,0,0,0,1,1,3072.1160242291608,0
486.6824257442214,489.74609323713497,2,6.366588302244227e-05,335.1539532813842,1,0.001189704973984554,96.27003502940968,0,0,0,0,1,4,0.0457170236838212,0
376.5658678755492,271.08797980456046,2,0.004818221577133093,153.06692268478918,3,0.016624264681488192,271.5673307077129,0,0,0,0,1,0,505.9697292632981,0
377.1944378602666,502.74383769659266,3,0.00042796152312090004,211.39722950988522,0,0.00039628367659232393,288.6891735950921,0,0,0,0,1,1,14.41692552627513,0
372.8802662499358,491.2589515094541,3,0.00016373051775334842,203.302908864649,5,0.0006353689756328105,243.67130074719884,0,0,0,0,1,1,0.23713689150506134,0
36863.02548630754,62498.39131288527,2,309.9941396263191,97.57614506482615,1,20705.027668559076,295.4055909836323,0,0,0,0,1,4,145108.3663798273,0
1455.8606272229108,1193.8749713793911,2,0.26386531702938987,17.18650461580944,3,0.12819421614635207,219.05019314315936,0,0,0,0,1,7,3411.304283037341,0
22155.872105049355,38090.95062229643,0,94.0919978739933,90.3460905316643,0,8995.166347944127,123.0616795756585,0,0,0,0,1,2,88131.21331140085,0
1164.561118085155,1168.5738298541307,1,1.6789690730049014,82.95698634360565,2,0.2120008286139644,185.95841199685194,0,0,0,0,1,2,3034.6499816914156,0
991.638497935335,1432.3642740435607,1,0.003810544292280253,370.472581045194,3,0.0033827805033146475,359.16639120100035,0,0,0,0,1,1,296.0122792361311,0
525.159130513627,652.5240713455228,1,6.164330727477335e-05,8.422397047709016,0,9.812271894370324e-05,191.98907857309462,0,0,0,0,1,4,3.6673110983220294,0
693.9185950817665,621.3626506531045,1,0.0068184492791691954,179.9470822793713,3,0.07603620946016701,308.59006231796826,0,0,0,0,1,1,1670.948943372369,0
932.1741208924665,1372.7925347367375,0,0.0021365048524533406,42.92123785402501,2,0.0028274970942228413,128.05535507741598,0,0,0,0,1,2,67.05064222347718,0
631.1315549474065,954.3143098382138,1,0.0007369962362099625,425.93013888813505,3,0.0008374643414672661,337.8419208345183,0,0,0,0,1,0,0.5582347092826005,0
1890.381784117408,1895.4288264743002,6,0.5582044697813858,357.26405296040303,7,0.8307659157569333,160.9446199101821,0,0,0,0,1,0,4362.084742489644,0
3657.5997985476597,5208.3899021883735,5,1.508695055931215,198.52480711373607,2,0.06950891706111773,327.95264916873333,0,0,0,0,1,2,1599.533948067029,0
422.21654839964947,244.91519842516493,2,0.05626645495263894,11.906668214210773,2,0.016031261578335912,155.84018995989445,0,0,0,0,1,2,652.8050070522988,0
234.11369909058942,264.96975872950054,2,0.0007730182077431589,123.18557846002841,4,0.000393819355300191,209.76993129254868,0,0,0,0,1,0,0.08851754499125035,0
2484.4815063582887,3529.695888493194,3,1.5910947553852468,23.623639960201075,3,1.1090388428372504,83.19608634211352,0,0,0,0,1,1,8566.738756777235,0
786.4896496432082,550.5262786351899,2,0.20995244481091566,214.51802427271258,1,0.047978488046056395,349.45717955452324,0,0,0,0,1,3,1422.8459268615345,0
437.5665565395234,638.0599691829121,0,0.001485958512387035,188.34669540840838,1,0.00022972795725844478,415.43344754103475,0,0,0,0,1,1,0.14677692253916713,0
659.4710573329485,1015.9871346984673,1,0.0006903900102924387,43.893707973925565,3,0.0007555297201010749,201.00047922680758,0,0,0,0,1,0,0.24281856429750714,0
590.0262011651399,378.2907510854172,1,0.0058044060307823895,264.8568778356882,0,0.04562987785066103,253.71697615801395,0,0,0,0,1,2,1112.2513515509163,0
628.5518949348873,705.1437588274345,0,0.0004841761118426424,151.20379560386627,1,0.000393819355300191,364.35814385383884,0,0,0,0,1,5,0.08851469069814635,0
209.00472254915798,234.87118103232285,1,0.0015167907982835847,33.09433674072214,1,0.0006958365411894043,197.58368769105238,0,0,0,0,1,0,3.141708140070044,0
315.8591674987223,312.20177704159255,1,0.00044970875424586335,20.468564559070728,3,0.0005610794528469572,241.90599580578777,0,0,0,0,1,2,0.14308381973993706,0
360.74372609192176,489.6212276805057,0,0.00017817142213319198,159.3936156133387,3,0.0003315417843240834,300.46151908358866,0,0,0,0,1,0,0.9180069152797347,0
878.2058642751273,1383.3989134325627,2,0.001485958512387035,195.26752145987086,6,0.00022972795725844478,331.6368920114618,0,0,0,0,1,0,0.14677692253916716,0
478.9541401967939,737.7568571059065,2,0.0009703821469362159,299.3454352463775,0,3.4689367679919185e-05,479.5779114931071,0,0,0,0,1,1,0.8560110257669691,0
534.9076888128226,839.8892930287934,1,0.0012577980038457936,95.73495107638527,5,0.0003272963474940584,202.97524877705547,0,0,0,0,1,0,0.20490134223722586,0
567.7516209049294,732.6696082157962,2,0.0005662115688182467,68.95472745444525,2,0.0012682774916683778,160.43074641084044,0,0,0,0,1,3,0.08209220141862572,0
180.8714619645541,163.58120328014803,1,0.0012557550739667183,142.23614877090557,2,0.001484661086702648,131.89064679772517,0,0,0,0,1,3,4.0735634154287474,0
826.7846301402146,1300.6981717655526,1,0.0009122270338120104,292.6563412415717,1,0.0012096856439683752,339.7537777849783,0,0,0,0,1,0,0.4378896217915925,0
534.5781264476016,642.1286172377794,0,0.0010708931626916772,263.74021481012727,1,0.0010798787291097023,399.79261106543197,0,0,0,0,1,3,19.345439067259846,0
403.40856333372506,247.2225198764354,0,0.19857895469780526,173.60876864614488,4,0.005906824308458529,112.96566175963662,0,0,0,0,1,1,303.9631374424546,0
902.9068062125544,915.4365846585803,0,0.735731408360375,33.75297192706739,1,0.08510076707624474,112.77308805297484,0,0,0,0,1,2,2409.9106961100174,0
225.63873608809152,249.15167002877584,2,0.0012528421405647386,87.03475455581516,4,0.0006111919664457597,112.33538518503713,0,0,0,0,1,1,0.5103248691694614,0
311.8886133351454,364.2053038792597,0,0.0006885986998183434,222.94385444514054,2,0.00026768986872216147,393.5069074251816,0,0,0,0,1,1,4.917757081878846,0
1357.2309491102644,1462.8190916886442,2,0.08505626527861126,146.60465740942183,2,0.08401964831031729,333.855474329683,0,0,0,0,1,1,1325.5221580113869,0
515.3578087610027,738.327329650395,0,0.000842374339568633,171.85020283505108,2,0.00032074302290607966,212.85414455257956,0,0,0,0,1,1,0.5061167412252624,0
312.82230932632086,399.9875036913939,1,0.0002133570240826338,29.65997268222365,1,0.0007536952463008466,217.7564352595281,0,0,0,0,1,1,0.1534038433917908,0
258.6878105432725,207.9941790820608,1,0.0007743905373153641,167.83820189496294,3,0.0003272963474940584,178.15338333220453,0,0,0,0,1,3,0.06992627649292829,0
174.48629438485037,142.812121954932,1,0.0008816048182889539,41.14400862487555,1,0.0014513999081136714,99.40561930007695,0,0,0,0,1,2,0.5703505445335696,0
424.8012971695725,418.41962647418,2,0.0006167902545189971,161.1520570639675,1,0.0015814775721305786,357.01903838903115,0,0,0,0,1,3,0.36645540219993444,0
891.6237246799193,1382.4717254735228,1,0.00030117443681810727,217.94107882202397,0,0.0013822568296540973,115.95917267101359,0,0,0,0,1,0,0.2249380177230645,0
1033.7710996117437,1118.1410449196644,4,0.02352131539258418,136.90706064917552,3,0.1402796439617013,166.19830552947155,0,0,0,0,1,0,2755.0766279640898,0
423.642220677962,610.5850825482943,2,0.0002938420313483858,222.0760151072137,2,0.0,204.6683830228643,0,0,0,0,1,1,0.029866635913187008,0
687.0615461952983,863.9914836341767,0,0.0009061032455007462,232.0878537944818,1,0.0005610794528469572,489.9393886046777,0,0,0,0,1,4,0.06650342036868646,0
863.4783846646327,984.2404521626095,2,1.6103135416751402,16.93062145879922,1,0.1505813941489021,210.9456436672343,0,0,0,0,1,1,2542.5241738286895,0
1820.5432332096973,2939.340742047443,1,0.00045450349892090885,249.83804580916487,2,0.00188244662816957,147.41602786559326,0,0,0,0,1,2,36.669460308414635,0
272.0557420321052,380.5734100442129,0,0.00226605325685551,162.88455102215238,1,0.0005610794528469572,242.97973184656453,0,0,0,0,1,0,0.4493616537919088,0
203.0367618522616,254.37256607735367,0,0.0012737826383550776,144.57284251976114,4,0.0004969299214261583,246.99203062616687,0,0,0,0,1,0,42.2368882964351,0
659.0225033641509,788.7124981688341,2,0.0011743947831312244,49.196986310736676,0,0.002592159370795096,159.57274457427954,0,0,0,0,1,3,87.89518775469048,0
332.01504718480146,324.40549604867607,3,0.002265975034104079,185.51740700689595,5,0.005101245048762729,349.98458277903694,0,0,0,0,1,2,48.953721177408845,0
509.7716164141263,668.9662501166433,3,0.00046136084421430975,304.3568987799138,3,0.0006353689756328105,54.80407507437316,0,0,0,0,1,1,0.07848233860596347,0
744.8795445103584,1002.9081955780046,3,0.0025106700829307643,60.597708383173334,5,0.0018672421928108828,304.9382638104176,0,0,0,0,1,3,1.238151943071252,0
1785.1754668689528,1832.431283020542,0,0.025699410144453337,253.0885199586001,1,0.26373660636519675,266.3008811935916,0,0,0,0,1,3,4675.555559719723,0
413.450147968411,630.0129704132233,1,0.0005119217397180336,124.46894885021662,5,3.4689367679919185e-05,181.22677153160308,0,0,0,0,1,0,0.9173820539345464,0
1750.4845940338228,2121.8593238407007,2,1.2484300987724244,120.62266154302417,2,0.4032041692092406,391.117244469781,0,0,0,0,1,2,5349.547667095186,0
763.7824326916071,681.102160668227,2,0.008469494329863981,218.1600767927048,1,0.07317316205534997,266.27604942867686,0,0,0,0,1,2,1801.8278330678445,0
732.440401972776,769.3929870318809,0,0.010906667195166921,113.831835450949,2,0.01130271197944701,44.83457419438221,0,0,0,0,1,3,391.55237226433525,0
784.2820403949755,966.7356222727257,2,0.02208380845096526,234.30646598008008,2,0.011679014980849991,147.11749638770098,0,0,0,0,1,1,354.7576282554144,0
2031.6562390697184,3318.2701006686943,2,0.0012091069605474093,190.20540096656882,1,0.0008795837347949591,287.3614195578032,0,0,0,0,1,2,22.17496522331137,0
521.1498299365063,683.520135863204,0,0.00029276938714475935,351.68264016780483,0,3.4689367679919185e-05,362.3122667416816,0,0,0,0,1,3,1.273395247959957,0
340.90489856201134,380.0856276092674,0,0.005269443767450946,190.76857547920073,4,0.007286699898151814,298.5615053442882,0,0,0,0,1,0,169.4655669506846,0
382.6032657725572,355.39733773048465,2,0.0005708700668043298,205.15544205589987,2,0.0013800303132360425,79.36271924669798,0,0,0,0,1,3,0.3084587496999368,0
534.301175492562,754.7408474324217,1,0.0016451972451382458,53.710490992432035,2,0.00014983963021220908,33.3619951829108,0,0,0,0,1,2,0.3228948816403567,0
551.7289335182428,784.540065611257,2,0.001356787738304857,160.6872951649737,3,0.00028992301470086225,136.62954603080817,0,0,0,0,1,1,0.6078368528652214,0
565.2731301484656,733.8021266833664,0,0.00047764642595388027,284.5732189534853,1,0.0008084906223666099,330.02651304777186,0,0,0,0,1,2,19.166421657281965,0
301.614013346399,376.06764806024444,2,0.0011692228554172378,239.40681311676502,2,0.0007013493160586966,355.1007004241919,0,0,0,0,1,1,0.2648600490321219,0
486.4361195791271,506.40081390197696,1,0.0029430163583177033,260.6314745811961,1,0.003093117044660992,392.44871227148064,0,0,0,0,1,4,113.0381123495429,0
539.6863656458594,802.56560572337,2,0.0009652508817062998,32.673549368024645,6,0.0005404086069103173,141.86570389418557,0,0,0,0,1,0,0.36740108138096145,0
469.904071868595,677.2279313236016,6,0.000859351569999185,57.434210885052075,3,0.0011409816592967954,492.26605183575987,0,0,0,0,1,1,0.46535303645511833,0
336.7386903184162,297.64955992458937,1,0.0001517328518012918,103.28427041300715,5,0.0015859204521646944,65.23828566406571,0,0,0,0,1,7,5.054520816118253,0
390.12207740705423,491.8817581406238,3,0.0005501467770910667,71.34698353364787,3,0.0020504443546570336,296.8146720046973,0,0,0,0,1,1,0.6051073368569925,0
347.7513579268724,382.74354023361093,2,0.0001567592369596344,237.1654530683478,0,3.4689367679919185e-05,213.06531808234595,0,0,0,0,1,3,0.9352675811983979,0
838.360833477826,1224.627559091486,1,7.809800030064751e-05,265.52701043351715,4,0.0005610794528469572,159.10316536934306,0,0,0,0,1,2,0.05609519110490194,0
469.19154474863643,538.4045160613769,2,0.0003749626872398983,304.1097275265069,1,0.0014513999081136714,450.37518742811176,0,0,0,0,1,3,0.28538808508726504,0
330.2286806093517,349.05217254001224,2,0.0011665558408219773,13.723201348418204,3,0.0005393308950131247,81.69303459411822,0,0,0,0,1,2,0.3600717436195266,0
812.5683102141662,1148.3713821615809,5,0.00033028957779041886,236.5027459331488,4,0.002191215317788497,293.1173896450241,0,0,0,0,1,2,8.467988110868385,0
438.58925133023024,260.7537113162494,1,0.0035854757519740584,227.62255309747516,3,0.005454713343247079,77.1955161436185,0,0,0,0,1,3,342.9128410516151,0
518.7475771265002,763.8393883296889,0,0.0005037291965972328,37.410747526179485,2,0.0,114.61395848166478,0,0,0,0,1,0,0.05119994727974916,0
654.8683796284291,994.837902928545,1,0.001237733570968504,210.81148083344402,0,0.0017669962212816725,253.50087650602305,0,0,0,0,1,1,0.7402061679705761,0
3521.5878878246453,5990.890287528897,1,0.0006974152122167235,264.13297674085817,7,0.0013112795693734642,199.95574003193906,0,0,0,0,1,1,0.4288725899756698,0
5830.173114457147,9495.723502689536,4,1.54235700119724,104.76234682834439,1,5.612530685921975,297.8443763971622,0,0,0,0,1,0,22273.347119567232,0
327.7097026002169,329.62011382765877,2,0.0016335385219871106,53.25863679538445,1,0.0005439399687312794,218.78337709912884,0,0,0,0,1,1,1.0614977732098492,0
261.98361136118206,233.24303791118552,0,0.0006476552979904114,216.45842154452419,0,0.00022972795725844478,115.51941744673427,0,0,0,0,1,3,0.07652362212370122,0
250.18071955583736,266.50649986178513,2,0.0012892260710488735,40.55089711569853,1,0.002072607622467425,232.2225296940199,0,0,0,0,1,1,4.339643529932457,0
887.4814407833595,730.6552302666014,1,0.058203810338989484,206.52012833540527,0,0.060269897520990524,291.3466534619299,0,0,0,0,1,3,1889.6756263719208,0
668.4191389800309,867.0311813834345,2,0.00018577656221333434,92.62901451385827,4,0.0013041961188177138,320.34185001983946,0,0,0,0,1,4,36.60334130166664,0
262.3463898798776,298.33624048496614,4,0.0003939875959442143,14.800217105076344,1,0.0016678306394302745,216.13256611274164,0,0,0,0,1,1,0.44079355918908325,0
381.28781118870796,389.53482848751366,1,0.0004530278702830021,41.12235686504498,1,0.0010516904392836248,76.24593333845768,0,0,0,0,1,4,0.4053557844511998,0
308.6271411899544,347.41373652959527,1,0.0004390766288484204,115.32389321980752,4,0.0024525805806288343,389.4007916287158,0,0,0,0,1,1,68.63204055393338,0
390.6566949014623,517.4286768684221,3,0.0004718386784761508,74.98843842895951,1,0.001381999610071937,182.6651147916058,0,0,0,0,1,1,16.25910271319408,0
722.8439469024307,1092.0168889500371,2,0.0011261954892801869,297.27263147523144,3,0.00016876288872834966,296.32400301836424,0,0,0,0,1,1,0.443779537556645,0
1024.9874477696058,872.119237813743,1,0.2784876527005905,51.65302057147118,1,0.07033741358483239,370.32924230887346,0,0,0,0,1,2,2105.6656719841067,0
179.1349570672821,136.89811085836328,1,0.0010529404359457088,186.43927793663886,1,0.0016489136065335444,284.3297308687949,0,0,0,0,1,1,19.612452813900457,0
311.98583870623963,357.0394221842272,0,0.0016151799329292742,186.62249360044234,3,0.0006353689756328105,221.05844273375942,0,0,0,0,1,1,0.14155301483244004,0
291.7656959654091,278.4914510131517,1,0.0005667436869508,34.34521721140004,2,0.00044374244074194853,96.20633795454114,0,0,0,0,1,2,0.5409337866818877,0
555.5741632381038,835.6305477379805,1,0.0022020196084964316,105.30240748620086,3,0.0019738732536148116,272.9140083224683,0,0,0,0,1,0,60.62470341589929,0
476.94233395048707,650.8929459347096,1,0.0010504658012537073,147.4654935635609,1,0.0005610794528469572,236.2188064430176,0,0,0,0,1,1,0.2776292833839731,0
338.6265440376874,463.82354337696785,1,0.0004841761118426424,15.389853569771864,2,0.000393819355300191,190.76326070957842,0,0,0,0,1,1,0.08851469069814637,0
456.8528263824378,687.5761899412654,3,0.00037025259695831433,48.82954775846026,2,0.0007711564291373081,203.06760855260916,0,0,0,0,1,1,18.859095844117526,0
542.9240380296823,710.7892826661883,0,0.005420904671392599,293.1853085725728,2,0.0048444963449139535,273.6325513804557,0,0,0,0,1,1,172.5172075960896,0
2266.6731561694505,3756.3196189392843,1,0.0013420732280718856,137.3761940597002,0,0.0003315417843240834,287.5625965724813,0,0,0,0,1,1,0.6035998459030206,0
516.3231401659239,318.66155529243343,2,0.004910401902566329,227.66126684480895,3,0.039181892338773186,114.16653341504508,0,0,0,0,1,2,981.1214226087692,0
302.6619789798594,363.26777574942656,1,0.0006004684408838259,4.33639515160271,1,0.0003315417843240834,196.17949834089555,0,0,0,0,1,1,1.1943677631032563,0
1328.4170008571502,2112.864298467207,2,0.0009866719023559583,160.66456229602392,2,0.0008374643414672661,122.87427110612977,0,0,0,0,1,1,0.35016347724309205,0
450.77673099169283,526.9279513735979,2,0.0008619900163838311,412.84146137816555,3,0.0010854705288730294,262.6095800909704,0,0,0,0,1,3,0.17838429999428929,0
560.0364648219312,751.6840249254334,4,0.0065997803566173905,28.38988638160296,1,0.0023197643434666798,304.184085448964,0,0,0,0,1,2,43.58042154217277,0
524.4854315467094,755.1944760441186,3,0.0004021657489773915,329.1884966318608,0,0.0016978221388381043,462.21316355183126,0,0,0,0,1,2,0.2922254296672379,0
455.11578250228513,705.6509015332101,2,0.001218485397336041,110.56361747771012,6,0.0009547952222367507,194.79010085788843,0,0,0,0,1,0,0.264435724679131,0
234.67580626526936,304.0818714115764,1,0.0008945199608411585,146.93045925200394,2,0.00022972795725844478,178.76482952549495,0,0,0,0,1,0,0.07225981414349278,0
239.20591183463796,226.01049206435695,1,0.0004602650426899292,227.3616552153099,2,0.000946803947608646,133.32371282717065,0,0,0,0,1,2,1.1583909044879395,0
614.7987932993583,770.7278049255498,1,0.00028491106405461686,121.95023421706459,4,0.002410346248486874,166.43039220923137,0,0,0,0,1,2,26.563137214330276,0
509.86083299289214,647.4709589702497,1,0.0005374443600802984,222.82584210165092,1,0.0017991032086830104,488.9894131146756,0,0,0,0,1,2,0.3607034553033785,0
2380.4587721838743,3998.762847541015,3,0.0005188581972742894,178.06919620078764,2,0.000437640346927712,344.68571334087375,0,0,0,0,1,1,0.5706188897213146,0
661.303737923033,586.2376316569863,1,0.003140146770912926,242.0372495545325,4,0.041370750929152114,304.3615275445509,0,0,0,0,1,0,1026.1041372490554,0
566.895574905219,832.4742709038416,0,0.00047979489685251626,66.14613591382792,2,3.4689367679919185e-05,58.967893031766216,0,0,0,0,1,0,1.2384338909540655,0
991.9683498847659,1447.9007251565345,5,0.0006078590159934519,119.26481922748142,1,0.0007469120776018885,255.28194246503534,0,0,0,0,1,3,0.12611945464712526,0
200.81413802411856,139.07870911050608,2,0.0017760609868296476,135.3296983677436,0,0.0004102024602270083,83.6617892601748,0,0,0,0,1,3,1.596334641026407,0
461.20833582353777,631.9160699056523,1,0.00016771815566280496,227.13026426428632,1,0.000508675987805042,409.83815719584277,0,0,0,0,1,1,1.3079953287573995,0
401.96737585881294,473.1558261960241,3,0.0009061032455007462,150.50210072299797,3,0.0005610794528469572,155.85990914568623,0,0,0,0,1,3,0.06650342036868646,0
314.1649894801721,242.4245917896541,1,0.0005644269669683725,189.27790484964794,2,0.0006415460999132273,105.6875843112057,0,0,0,0,1,3,0.5808763064585484,0
589.1299126916848,862.8337070502495,1,0.0008814627220686134,72.36834698092373,0,3.4689367679919185e-05,271.55256459918473,0,0,0,0,1,1,0.6301681077452256,0
2527.07454745045,4248.240506245117,3,8.608727266012618e-05,195.22862209407734,1,0.001215408406278769,304.70927836936755,0,0,0,0,1,1,8.864624233117395,0
543.3676141660633,743.4927398336117,0,0.0010540689667448556,60.51191569971867,1,0.0015117958055096612,262.3632602221134,0,0,0,0,1,1,0.5902495049329584,0
279.00152004057804,273.35450571082004,0,0.0007743905373153642,181.05948879177245,3,0.0003272963474940584,350.4462970937627,0,0,0,0,1,2,0.06992627649292829,0
477.473448162093,718.6954572523064,1,0.000976250074947382,241.58500587924954,2,0.0010658551221425054,96.19516196597623,0,0,0,0,1,0,0.37061069294383076,0
437.9700633127702,544.9929567298828,0,0.0009722364521049908,173.98033749985177,2,0.0008977660458761381,421.8769167167185,0,0,0,0,1,1,154.86632563961402,0
392.6224624179554,469.7420090843143,3,0.0032994064226237567,234.3956516042281,3,0.005986598680214333,293.5840987388799,0,0,0,0,1,1,175.70736359725788,0
525.2899382532181,536.7546459161666,0,0.001106057026137275,303.52623200025397,1,0.0011287792840989832,247.94985415684954,0,0,0,0,1,4,1.9022968572333876,0
345.753061928712,489.15519095925254,2,0.00033768165660290724,236.4037897062194,1,0.0025511119146782372,175.2404410960333,0,0,0,0,1,1,2.2683716435451227,0
353.5615841840994,276.30870149432917,1,0.007879294242604994,93.02443941128676,0,0.00785454570514064,71.55270774099407,0,0,0,0,1,2,216.80007460221307,0
387.78089957788524,559.3246696577537,1,0.0005880514521594313,230.17459358373947,3,0.000311720581558708,254.58636605040257,0,0,0,0,1,0,0.4516200223801398,0
1125.8159052007336,1010.0921557151264,1,1.8145531463330455,195.04946169593094,2,0.8382690698017483,212.9055599049823,0,0,0,0,1,3,2657.4776237753754,0
408.0516325115913,438.8290414262497,2,0.0005659584010687076,148.46169915003054,1,0.0013742972676897564,337.90055984061866,0,0,0,0,1,3,0.6863322322013097,0
305.777113995951,367.1875914782142,1,0.0005304793036231295,19.948860234795397,2,0.001110243580062654,73.40959274388136,0,0,0,0,1,0,0.6700699059478985,0
461.27056787215014,573.0779182514596,0,0.0005100005180346036,225.6874934460769,0,0.0003272963474940584,100.9522637840799,0,0,0,0,1,3,0.14144299261354085,0
429.786824876715,602.5916910083391,1,0.0006169138283556258,107.88597032862445,7,0.00047795401257090894,307.19601627556455,0,0,0,0,1,0,0.14532339996089466,0
955.3034888431098,1522.3816594589032,2,0.00011198060780404216,96.12237671683556,4,0.0009474967518660169,226.62021709839246,0,0,0,0,1,0,0.0804224336360845,0
385.82267802216035,544.5626129214046,1,0.0009599417377973657,217.13675239438822,0,0.0007646934010341226,304.73457086502253,0,0,0,0,1,1,0.40303397880779385,0
512.0076042308473,813.1738619374009,1,0.001485958512387035,80.51888798229295,3,0.00022972795725844478,236.71447938927716,0,0,0,0,1,0,0.1467769225391672,0
732.6721294599703,1120.8546006750744,3,0.0015388473050480893,102.94883982998238,4,0.001061449428563743,318.494391923694,0,0,0,0,1,1,0.29766226106345606,0
294.5802395740001,153.55501426280873,1,0.06438074350751626,180.05453467296385,2,0.01114458918079688,131.62628946535835,0,0,0,0,1,3,466.6267719498072,0
650.5918056506639,945.027634981205,2,0.0006773833824795582,27.91563389879996,1,0.00025110031478471536,342.21553292251383,0,0,0,0,1,1,0.5489055826973517,0
673.240691922971,951.0495069085514,1,0.00053416047315042,149.69017265633062,6,0.0008123302221080112,272.9510950298645,0,0,0,0,1,2,2.4311715818871154,0
381.69514370809503,436.4715698384357,3,0.0010808174667146335,13.810407390860957,2,0.0006335417839026476,249.21891681805954,0,0,0,0,1,2,0.3643943364008788,0
385.696444298642,428.53772966688706,5,0.00033193403813303605,22.4603782536323,1,0.00022972795725844478,340.4785384572256,0,0,0,0,1,3,0.161932764207851,0
308.90573054251,373.952436964171,4,0.00042807581292474345,114.23046034037844,6,0.0006353689756328105,99.06836122008247,0,0,0,0,1,1,0.1656214171353787,0
2715.135784474556,4470.930087389079,4,0.0005947705845425308,490.15568848793674,3,0.0014513999081136714,249.78318910446256,0,0,0,0,1,2,0.1478301969589572,0
405.29633083498254,393.58685872351197,0,0.0016818180021323163,230.16334554269568,1,0.0017662852036649918,278.06146707322824,0,0,0,0,1,3,0.43289548378866155,0
685.2410252114825,1046.9963572276627,0,0.0007149087796222283,196.43989469955488,5,0.0017954255618590595,379.82622251170187,0,0,0,0,1,1,0.18858698040211053,0
410.3156144551447,323.33792835437896,2,0.011503765602260267,86.00204576140221,1,0.00990653105937937,226.58886100803994,0,0,0,0,1,2,278.83871196076717,0
460.4506035240865,503.15156827963114,1,0.0007730182077431589,8.991603604156177,0,0.000393819355300191,235.8611818075383,0,0,0,0,1,4,0.08851754499125035,0
352.92480409716364,428.8712934468146,3,0.0006476552979904114,176.638327370914,5,0.00022972795725844478,95.56546758179806,0,0,0,0,1,1,0.07652362212370122,0
344.635560138889,424.85858591145427,3,0.0004776551322218787,14.28800115472847,2,0.0029484034975135343,245.21430969742323,0,0,0,0,1,2,4.5135471146078725,0
331.01899759288506,264.5951279873632,2,0.0025979120122152834,235.77596920033506,2,0.005525548471914547,266.12869525409013,0,0,0,0,1,3,162.17057894629647,0
892.5860782992629,1458.718587661975,1,0.0007380069473416629,126.68291101645057,7,0.0014048034502129121,169.3848522868329,0,0,0,0,1,0,0.25905255183307796,0
640.0459802319288,782.3237700612535,3,0.0014703482783955603,53.36596304280535,1,0.003199220338697222,203.03564300071722,0,0,0,0,1,4,70.79001571741215,0
2018.2971324997973,2767.1278643214223,1,0.27589187982365115,85.69448313927134,3,0.2634031359448327,201.84538989831148,0,0,0,0,1,1,6770.671192594427,0
1196.0280688556124,1612.6283253372665,1,1.0804180595591357,219.5037146783797,1,0.2788201883393907,271.0737661112261,0,0,0,0,1,1,579.7701833230165,0
1728.5592494540956,2853.897259224033,2,0.001574156671560445,243.03989378791653,3,0.004356556180821275,193.2434827307801,0,0,0,0,1,0,83.87475207776059,0
256.86505304338544,237.29884424537462,0,0.0008140526562967836,5.5909309281525434,1,0.00036879303204956414,146.16056502875745,0,0,0,0,1,2,7.39606749159705,0
237.53394644893356,89.22187820268101,1,0.09780821965981717,215.37747189707832,1,0.003935774470126652,116.55610087666663,0,0,0,0,1,1,372.10014838812015,0
251.79482220730915,368.4721717660893,1,0.000486382383656012,76.46882016476891,3,0.0003265582681783098,218.08387480183413,0,0,0,0,1,0,0.882467137553463,0
350.137696521796,402.6338952614219,1,0.0010062943705311843,79.28021096140591,6,0.0012895067148820795,364.2922971130678,0,0,0,0,1,2,0.5530324860234399,0
223.9479937742265,286.2144425936793,1,0.0004841761118426424,149.3374778555968,1,0.000393819355300191,400.2370472496444,0,0,0,0,1,0,0.08851469069814635,0
430.09321599022803,567.9849406179635,2,0.0008268939013553161,197.39712160855436,3,0.0009474967518660169,163.31804681284376,0,0,0,0,1,2,0.07456412061844091,0
1564.6642730713652,2526.100729417371,1,0.00012584775344651704,310.32844125839614,4,0.0008778050445548643,242.8640030808304,0,0,0,0,1,1,0.09037381728338267,0
492.4061135133214,757.6546884703923,1,0.0010425996664382865,224.26417212618233,1,0.0020578927346350394,217.4335672879029,0,0,0,0,1,0,0.1103518129411137,0
386.9370188250763,436.6278540880782,2,0.0009164431126762577,70.978428050556,5,0.0009384786429005797,281.4162230197544,0,0,0,0,1,3,0.47426215772128905,0
532.0161783087368,629.6030167720949,1,0.0007110641621842641,121.53521421757407,2,0.0003265582681783098,332.8928564431984,0,0,0,0,1,3,0.5718016554852562,0
491.92426471802133,690.5454017232745,1,0.0009452435899070746,17.540389012492888,1,0.0004795201025051068,135.07624546653392,0,0,0,0,1,1,0.8379964332169694,0
261.44803321746383,209.12540054835802,1,0.0008798179258554749,115.32625487319005,5,0.0004922741941252388,145.9060661667443,0,0,0,0,1,3,0.08718171588239658,0
1185.80635462104,1309.1878699436604,0,0.10487841329872821,228.5169969607856,3,0.26004404841812845,328.27815213903597,0,0,0,0,1,3,3402.3742427153447,0
2976.4204263062,5060.575426108999,2,0.0009089079363322467,246.54858440762112,6,0.0014601089909686482,275.8382431888863,0,0,0,0,1,0,1.2024690787096195,0
400.7902754139258,438.79103614388526,0,0.0011396246969568196,188.94626275469605,1,0.0016131399135642663,478.11356593135434,0,0,0,0,1,4,0.5629918468890891,0
407.6595768317652,190.01568263725443,1,0.31446897374416327,24.60687330414011,2,0.20905317232359572,10239.970739173476,0,0,0,0,1,0,477.9207892988586,0
179.4785378980718,170.54244767223543,2,0.0002886825177529837,91.29059059556162,5,0.000753533626582321,393.83837701463665,0,0,0,0,1,1,1.3523749125662006,0
617.0661589253825,721.905416012218,1,9.498405596449633e-05,51.61832822616038,3,0.0006353689756328105,507.26452464777725,0,0,0,0,1,4,0.06821288203548918,0
497.8495925112991,678.0954423270264,2,0.0002720798752332197,199.46107856321765,2,0.0015652366966407319,10195.084282793816,0,0,0,0,1,1,0.15024623557232622,0
421.97100394490053,469.57434619024366,1,0.0035118267050751016,246.8583550367862,0,0.006924237205157896,364.52082014368966,0,0,0,0,1,2,109.92320714387972,0
344.4395538043925,524.3434098353335,1,0.00084074323186731,161.05080328137788,4,0.0012682774916683778,185.5819050697073,0,0,0,0,1,0,0.39867763503814313,0
673.3618430652091,993.771586334356,2,0.0008268939013553161,125.31362452549105,1,0.0009474967518660169,161.63677708888537,0,0,0,0,1,1,0.07456412061844091,0
389.9737608785861,542.7224158973524,3,0.005762936053779697,285.72056842276766,6,0.0027647115324906857,173.07204405080117,0,0,0,0,1,0,75.28908380157984,0
348.1716753789584,410.41949775170156,1,0.0005944486860899015,226.89248325438885,2,0.002190676831266251,272.36254097575625,0,0,0,0,1,1,0.5339377666650116,0
437.2941094490666,304.3956845255534,1,2.0851581720899337,210.43390184128708,2,0.14003070922251912,73.90916798883524,0,0,0,0,1,2,789.5973773442922,0
1059.4146963353778,1185.9956932357022,3,2.19093501559992,87.75225366276008,5,0.13412221119521206,153.19398150031907,0,0,0,0,1,1,1038.5511999376195,0
865.1787017792511,816.2711754286728,3,0.012522789185129255,24.111479289463773,3,0.08106025749261772,100.60539714999956,0,0,0,0,1,0,2007.2133636006567,0
458.9549668062149,494.3434298462319,2,0.008146750216365002,84.60154922259383,4,0.007831227431779521,393.54993175389075,0,0,0,0,1,1,231.77144706857234,0
703.9970187350851,854.0811725415474,3,0.8083464068359503,292.7260689069768,5,0.060346298180822475,328.64660205236635,0,0,0,0,1,0,2158.787137625371,0
183.29670966098328,212.31583076676415,0,0.0007234976040426615,198.0731328809369,1,8.641908657875053e-06,227.7712050957099,0,0,0,0,1,1,0.5057718686646302,0
605.7943074544763,934.9857550458902,2,0.0006421850390119925,64.98695841008451,7,0.0006618046004635005,115.61808464873229,0,0,0,0,1,0,1.0559366675235229,0
924.6961911544513,1410.6649164793807,3,0.0005870830137176378,84.46251323620892,2,0.002022416192331453,272.3188081981379,0,0,0,0,1,2,0.6632097481530232,0
489.48194322916555,631.2045908785135,1,0.0002745278672872654,238.8033792885891,3,0.0014048034502129121,250.77642067178186,0,0,0,0,1,2,0.19684823781116031,0
286.3670454275394,357.7856922636189,1,0.0012218632447630747,242.953430770946,2,0.001624818011773509,272.10950106556186,0,0,0,0,1,1,0.08448822475021779,0
297.3264513079936,397.30991613077236,1,0.0017788064738981243,235.387960764978,1,0.0005404086069103173,110.43751325058774,0,0,0,0,1,1,0.28821062360202,0
525.7494189830055,715.0391863048302,2,0.0004688643174050641,156.24898889611384,5,0.000488426429067281,279.2596205831491,0,0,0,0,1,2,0.49618915638693983,0
1687.3450370346025,1817.9782470839698,2,0.7822684533621656,39.69140195476683,0,0.23758146726438634,189.26873020027236,0,0,0,0,1,4,4705.526782918473,0
3105.070584050385,4017.760081230037,2,0.0407359254381021,189.0689908845864,3,2.5170212099754368,319.9279369450621,0,0,0,0,1,3,9957.176003836621,0
210.7654721621867,96.6851444800029,0,0.0025028781968375424,156.19007528293355,0,0.004196525954270866,119.89040293234947,0,0,0,0,1,2,151.09377583513125,0
3521.229459707274,5243.081650707461,0,0.0109694535443016,214.73934259152804,3,2.6013713546785713,359.7458609453857,0,0,0,0,1,1,12573.211009898125,0
1290.0718475061467,1514.3024851346256,2,0.19543556627456393,18.591191889018038,0,0.1834319582897123,296.26669193748495,0,0,0,0,1,0,3789.091564055482,0
1014.2592827641358,855.5779978781769,2,1.1286772164319117,48.73218928547641,2,0.12997532960111882,215.25040694576393,0,0,0,0,1,2,1448.1555733926234,0
783.3482253165736,743.6904471179275,2,0.013813848012599706,219.9603340446083,3,0.017195080510886036,166.68644512448947,0,0,0,0,1,3,602.2273088307455,0
309.09532031680845,245.1510456437542,1,0.004577702096441481,170.79119709295597,1,0.005077071050477796,341.935815020969,0,0,0,0,1,3,104.26954340156004,0
3191.916672322426,3551.792245864028,2,1.1895825217766383,458.6385914518308,5,0.2048752328502161,358.0741504185578,0,0,0,0,1,1,3758.9189685633605,0
852.4255601718321,724.2870300385223,6,2.793024022004003,38.00130749366696,0,0.24198510872584114,336.0234344653477,0,0,0,0,1,2,1891.87996681662,0
545.6010783557007,668.832705949941,1,0.004525221782644799,101.01073063091565,1,0.008277876602251742,238.14643325263478,0,0,0,0,1,2,214.08927643219022,0
720.9583891815502,812.8222939367535,1,0.0005156572400822795,181.6146715428534,7,0.00146052790631565,209.9064502088625,0,0,0,0,1,6,11.983479641823294,0
440.9935219212121,476.30699946251497,2,0.0055653814283230536,109.34115010971831,4,0.003736138811605751,201.1562070036417,0,0,0,0,1,2,137.93713879221784,0
701.0332772340619,567.6194343784405,3,0.5747039296249936,28.855069554735486,0,0.023636181423921154,325.0551036333477,0,0,0,0,1,2,1140.008227141711,0
1065.3302307994027,1610.3811674270946,1,0.00046136084421430975,278.0291920496252,1,0.0006353689756328105,354.54608688791774,0,0,0,0,1,2,0.07848233860596347,0
272.42272337737904,299.299657924878,1,0.0004638649858016682,243.6833541611296,2,0.0009384786429005796,188.519131041348,0,0,0,0,1,2,0.3621094114945166,0
263.1319995590887,157.34610099172832,2,0.00946472093880258,4.783096509685787,4,0.011948886531990758,111.52944924634619,0,0,0,0,1,1,455.1256385651859,0
215.5193960525124,101.5796502179821,1,0.004583693364001725,89.50651659487535,1,0.004011673861448195,83.09783259834582,0,0,0,0,1,2,185.83973631218856,0
487.6243685941442,349.3754728925592,0,0.005607880383040277,395.49509426941455,0,0.02348917227017395,325.3083599730648,0,0,0,0,1,2,676.7966503038666,0
599.9333652601526,458.0075864037934,2,2.9207627705245884,232.05176059976722,2,0.2524071204729198,370.3238061009008,0,0,0,0,1,2,853.2297262391769,0
890.420078245722,833.5711971845093,5,1.1108585630466752,81.72979389468894,4,0.0734716831795838,216.98559077360193,0,0,0,0,1,0,1884.0259984190661,0
1067.8588151864953,872.4048457367786,2,0.006893910342311528,223.9448789425522,2,0.04006767543652505,177.97774213068743,0,0,0,0,1,4,1143.108063501939,0
332.9758962884664,284.30411196102256,1,0.007459470830526095,169.4662004891753,4,0.005700823894713923,102.18088207849881,0,0,0,0,1,2,100.40731597104785,0
669.842158050178,1012.8009569142016,1,0.002234841372827641,213.24436247299946,3,0.002110822176262354,282.7153670767585,0,0,0,0,1,0,34.33717381669571,0
466.0913802288093,509.7278762570623,2,0.0006278019589032118,261.1167016728607,3,0.0029501193736115924,328.4664375672452,0,0,0,0,1,3,58.57428047593733,0
537.372450033842,814.9411518720577,3,0.0015132052382264014,141.53484996602376,5,0.0003272963474940584,272.2103426027984,0,0,0,0,1,0,0.12020356801086324,0
366.7900678800188,458.3165604738095,6,0.0005225032675299325,15.250003223977615,0,0.00014983963021220908,431.460195002546,0,0,0,0,1,2,0.87617359712421,0
308.7857493939675,229.8943347288915,0,0.00234106140318844,163.2829809269964,1,0.0023066169894409815,339.99577175066776,0,0,0,0,1,5,82.17224614137709,0
844.8738439434529,963.7287356016096,2,0.07618159093183383,332.00591131562044,4,0.0005136572430542109,157.54673895696538,0,0,0,0,1,2,455.8893275268101,0
527.9815367667193,755.1816777667568,0,0.0005421890188302007,31.699553931637368,3,0.0013112795693734642,440.98646737231815,0,0,0,0,1,1,0.14272562862232407,0
713.3435967840569,792.1045733992604,1,0.011568315193088926,211.29854364843555,2,0.004487823770384788,412.72197747297525,0,0,0,0,1,6,127.52060397595527,0
1142.228598009065,1108.8482575595592,2,1.7941648399543564,111.70711764561563,2,0.0035105313806932776,168.11817486558058,0,0,0,0,1,1,2779.596630576645,0
638.1205659195462,603.9606117205177,3,0.07969139783900486,289.7853483167665,1,0.0019397280773701202,338.2964007621799,0,0,0,0,1,2,594.5467047053332,0
412.38303990406615,491.1351996380969,4,5.6637618700050834e-05,9.661382642585508,0,0.0006621537973912615,215.41021705964758,0,0,0,0,1,3,0.5578024880086682,0
291.0454610791084,193.27465017946247,3,0.001785506188256814,220.09952577973348,4,0.005554316065166853,92.97990960973205,0,0,0,0,1,1,250.6614174827777,0
1513.4711371083301,2392.2313539160846,4,0.0006929308591850096,443.62600114652525,3,0.00039168232484189673,224.13141979328296,0,0,0,0,1,3,3.908356159699622,0
1438.2923215308488,1393.576049539865,7,0.5820206262949075,141.47549354711305,5,0.07566353264686228,495.45359566518835,0,0,0,0,1,1,1754.0110380312487,0
569.8636981648057,383.83986748378913,4,0.006933003246341982,257.30056030346657,1,0.01351969272505345,256.82091105053576,0,0,0,0,1,5,488.860686442976,0
952.8709363164612,642.4604821073266,3,0.08712310855062677,227.99840236345477,0,0.04763250800496683,467.8006128399172,0,0,0,0,1,5,1481.214590629923,0
1055.5760585547014,1099.9650883811898,3,0.01902161537202389,123.16277530039645,5,0.03327264319414613,200.7099038363319,0,0,0,0,1,1,906.0443020396658,0
751.257485205264,718.2375632805301,3,0.23289376519916277,89.35201510435716,1,0.06259214391796573,347.71436607456326,0,0,0,0,1,2,1896.8721769772637,0
246.2979290107268,220.52935285504802,0,0.00408171571845041,197.8924625375957,1,0.0036687063577433617,306.97018294446985,0,0,0,0,1,1,80.93688438505734,0
625.7395456913566,777.7469189770085,0,0.0006699297247345278,208.84037847015676,2,0.004043218883128995,182.053143962305,0,0,0,0,1,3,98.26652981263922,0
3462.7401246630084,5325.768060909109,3,0.09849440890566663,259.80502786957976,4,3.3468349776888138,287.1669520446789,0,0,0,0,1,1,12672.625033555656,0
2666.837040410802,3925.925257564902,1,1.3053407030672806,176.09003050731147,2,1.521824955345835,424.6601434160203,0,0,0,0,1,2,9440.684146243473,0
362.9618778631536,516.0287229006456,2,0.0007088424463552914,56.3186020099189,9,0.001468340352497695,185.31678438625346,0,0,0,0,1,0,6.318877026141843,0
553.6537606783959,417.09498093375794,2,0.027074667836460353,31.0298003382432,1,0.037865957969548635,240.5889057273629,0,0,0,0,1,1,966.338724550531,0
1296.6421108604245,1190.1159327500814,0,0.14396149387175064,71.46206601863452,4,0.09172946928850237,243.80847599764414,0,0,0,0,1,1,2819.531613373926,0
742.4772384575658,1049.6656038674594,0,0.15240587340216327,70.85860876975596,3,0.0876336114856567,217.90832914815357,0,0,0,0,1,0,2558.3441788846685,0
961.1575260552326,1421.9658964049372,2,0.003146922238245847,150.4726915271158,1,0.004166905378503699,275.87220892270375,0,0,0,0,1,1,167.04848598143298,0
445.67205630675613,423.4862091396165,2,0.2761492371166719,223.1707960905639,1,0.00441170752376586,451.20399276069287,0,0,0,0,1,2,321.08837608755323,0
740.6321322756619,1229.1829923781668,1,0.001491406113445083,69.49066577274326,3,0.0009470225129639671,128.0025402122685,0,0,0,0,1,0,1.3957535277090782,0
305.8994256421329,248.34201881646266,2,0.0063125678107479165,26.567320075834793,3,0.0023761782558994987,339.2181812970165,0,0,0,0,1,2,101.60640792238675,0
330.0251662157595,384.0706587501044,1,0.00029204759508512216,173.96592675565353,2,0.0003059637613561539,144.59811500880923,0,0,0,0,1,1,39.58098369760108,0
391.80261280451816,414.52814087392125,4,0.0003983191906589507,33.729491118044244,1,0.001339187047235007,304.4369114391472,0,0,0,0,1,3,2.035779919117478,0
338.5497692752314,399.0879155989827,2,0.00045766727892690033,139.4022537224777,2,0.0010730882057429071,430.6422435801508,0,0,0,0,1,2,3.791699623922861,0
515.7332493002343,831.5242487670793,8,0.0008767371346361953,79.40510458711371,7,0.004729883800942567,283.60939086624484,0,0,0,0,1,0,10.49663248328322,0
1377.5099422369415,1578.030357632954,1,1.6087536129475108,27.2294577802056,1,0.48892545523489156,271.7042844554577,0,0,0,0,1,1,4017.6020948336927,0
1060.9570698945663,980.4687573101828,2,2.4398553384067045,53.84670656225762,3,0.07749847098232429,203.56672263222865,0,0,0,0,1,3,1228.4195816395838,0
216.97759723026482,181.4132108610439,2,0.0017153982468112539,332.6807056093997,4,0.0025324800600640207,188.69716785085402,0,0,0,0,1,1,61.179284021310785,0
449.8359594438226,638.7180419302122,1,0.0009044062638772342,30.278825987864458,3,0.001035948495355032,587.7672083684512,0,0,0,0,1,1,0.78679032656727,0
436.399973122202,600.0719810171361,1,0.0014580172876886173,161.53793106196875,2,0.002739448303441718,460.5648193328835,0,0,0,0,1,1,25.559647284599766,0
1758.8572547671947,2960.550974232644,0,0.00014956014464770383,413.4589153333922,7,0.0006415460999132273,274.2820188802034,0,0,0,0,1,0,0.3960434711989829,0
383.4356347586976,314.1487782405832,2,0.001677569131713299,20.397974819735932,1,0.005089860684476785,176.16964048445266,0,0,0,0,1,4,109.50771870174218,0
561.2204425402973,780.0958970749803,1,0.0004807713135706617,286.75437850889926,4,0.0019235200326934545,334.10542418608463,0,0,0,0,1,1,0.9771674583494133,0
399.4537312209027,271.40860831430615,2,0.02161447417974253,145.3930066568733,3,0.01968339522356284,166.39590401309417,0,0,0,0,1,1,626.6953072583862,0
1090.5723861791628,1589.8549695046815,2,0.011713255291490336,58.12523257787616,0,0.011747107388210505,328.8074121344309,0,0,0,0,1,1,247.44193984402852,0
1166.6449172894431,1143.1515714657626,1,0.010609962262155149,153.35035797579417,1,0.11951828263564346,608.5998623437406,0,0,0,0,1,3,3023.7716429125903,0
484.59564877754417,611.9853687382426,2,0.02378943303028161,30.642178442887257,3,0.00481401262900708,479.62491305000896,0,0,0,0,1,0,195.1696369119363,0
582.0018416635471,472.1860157128462,3,0.00676395621282464,7.736959071089185,0,0.04888572152576342,243.47388882590408,0,0,0,0,1,2,1352.3722204765506,0
789.2416443072246,461.75230133163103,1,2.327346645988064,245.5495931710247,6,0.054536066571780756,241.44892681177998,0,0,0,0,1,4,1483.2681603133178,0
1208.806703472996,1211.1436962200494,2,0.10102024042921541,184.99685545558174,3,0.11773006633330635,134.10742044676175,0,0,0,0,1,0,2989.2841152206393,0
740.5759544634986,579.1283715671245,1,0.028771796725058786,245.51370314750392,0,0.05890363140811986,322.0276939266246,0,0,0,0,1,3,1590.422178914867,0
1189.9907444566795,1112.8314464937407,3,0.05268760690947139,118.0223556123623,6,0.07842128611534581,145.40022371335053,0,0,0,0,1,0,2244.3563326175567,0
2609.411660118977,2775.64129083208,3,0.07018586744858028,75.269429996415,3,0.13031529031245942,202.14860368143383,0,0,0,0,1,2,3118.130686077314,0
992.52705435721,1234.0421770035225,2,0.04247519035247138,31.24611653576661,1,0.11367921950419259,256.0047080415547,0,0,0,0,1,2,3112.9635154837338,0
902.1786087082451,765.9080803403476,2,0.021070013512296808,256.6292602910912,2,0.061969224446751986,215.367168342929,0,0,0,0,1,1,1650.9491507333873,0
1808.4363677564747,1882.5206914245714,1,0.03419879575536628,178.13916176736757,1,0.05441403084593331,264.16099263988565,0,0,0,0,1,2,1798.1483411484478,0
689.2925635050485,559.7466616138308,1,0.36420620644296847,232.32499025081555,2,0.05805001575959538,303.12620627490327,0,0,0,0,1,1,1433.418563448829,0
456.9814310135767,182.65074733204767,2,0.015687377484641628,177.72528077751562,0,0.023948259822601965,226.68153584560986,0,0,0,0,1,3,584.1728407445278,0
710.7381746600333,739.1627626588293,1,0.010645748339809764,194.7450589709167,5,0.017638968057672462,85.6387432141766,0,0,0,0,1,2,542.3594802235921,0
393.96475972177757,291.1245503053705,6,0.009326537953355436,36.77883007366851,1,0.013778004875151253,209.59830036046924,0,0,0,0,1,1,512.1245502475568,0
299.31272803153416,135.15237239706954,1,0.008960257015060029,143.75901136391875,2,0.013805042612941434,367.0296915203227,0,0,0,0,1,3,357.03110012159533,0
468.9770447232769,415.6743690168718,1,0.005980533314875727,313.7850439170165,2,0.010074984222952553,80.07868195620355,0,0,0,0,1,2,305.99818981373073,0
683.7996890200377,523.7014108210218,2,0.027315503627874264,181.74705277202952,2,0.037298796375641166,198.3449189384876,0,0,0,0,1,2,1043.0804364029632,0
804.0121131544503,654.0496734994297,2,0.027785878545665107,176.50016996608218,4,0.038440532833936975,275.10037360122124,0,0,0,0,1,2,1440.673506432426,0
662.0501857470028,626.6702139497852,2,0.03183638916199555,38.68714695868175,2,0.05737763747074876,86.03167716847558,0,0,0,0,1,1,1643.5677539822836,0
1081.1086156925903,933.5008644743193,0,0.0780673547224871,78.20433645958893,1,0.06654882522123884,260.17204971401895,0,0,0,0,1,1,1805.0327523473486,0
926.9038216954943,796.13271153318,1,0.03265774308754235,135.01956107798992,4,0.08484688459674769,202.56363784034122,0,0,0,0,1,3,2180.848230768941,0
991.9091473372323,1171.8377368205931,0,0.07795328989039507,221.02784678749046,0,0.12363946422446231,318.73478430306676,0,0,0,0,1,1,2965.755870774855,0
2214.0082033726535,2504.683449610873,0,0.04485629819771876,349.321169425938,5,0.08023039796928397,302.96067534366455,0,0,0,0,1,0,2466.524375308024,0
1131.9057459680107,1065.9255042746422,1,0.04761671239980948,67.27653390964119,3,0.07995150705136378,146.16078703380884,0,0,0,0,1,0,2188.9986375994886,0
515.1099541329966,372.7381369724621,1,0.021134451206347445,67.48940807797734,4,0.034803132368202656,85.78012272181971,0,0,0,0,1,1,935.1890510961612,0
788.0544895831298,711.4881421812162,2,0.03545365877586973,82.35762794881012,6,0.05773571920463474,104.91509416487665,0,0,0,0,1,0,1746.7847015729326,0
1076.6059916807103,1003.8592813413496,1,0.03627123577657396,57.64754261261378,1,0.0869293925055663,324.6486878977857,0,0,0,0,1,1,2448.9206217015035,0
1060.9575235754282,883.3913032866071,2,0.04610840263100603,125.1539119325703,4,0.06567960620400497,344.054396573374,0,0,0,0,1,2,1825.5539810131268,0
1083.9925955967608,1055.7864521418055,1,0.03828126956991496,85.89663847904117,1,0.055990154398786796,303.5596479372327,0,0,0,0,1,0,1805.8632709296357,0
750.687021060332,615.833198718436,2,0.031002664271949962,58.490277050532114,2,0.04951671011901486,323.5429416445436,0,0,0,0,1,1,1499.6037675397097,0
1191.0149126569654,1130.5362519145683,2,0.05628113187635664,414.457482122263,3,0.09567238470796066,101.88893527049969,0,0,0,0,1,2,2938.838807153169,0
848.3557489582756,816.4142325199253,1,0.2207104466087382,184.4003661268995,3,0.053586701976997594,221.5476060412683,0,0,0,0,1,0,1389.9227017801663,0
1240.625444539061,1168.8526348284463,1,0.27573474265527714,404.82354272630073,0,0.6737680408443418,358.2649167186481,0,0,0,0,1,0,2128.3158482738936,0
1005.2487846283835,1145.4710329205425,3,0.021827312706438527,79.2212775257105,5,0.0317474297710823,186.58766548346387,0,0,0,0,1,0,942.4133259399259,0
517.6966306547552,445.3073277873852,2,0.01343450926895856,129.26282008376097,3,0.018079076694613613,205.44389974641462,0,0,0,0,1,1,461.1843759403354,0
1269.6723194191281,1696.3504156640295,1,0.06816147924863465,259.2122048436722,4,0.1699660963357396,120.5454850102889,0,0,0,0,1,2,4195.841196859166,0
1395.4873293870162,1508.7671436672797,3,0.07610183194444428,218.96847429960434,3,0.14789454927703527,120.15672827328416,0,0,0,0,1,0,3735.8246788751017,0
519.4896059636184,415.29313949410994,1,0.015520326033130086,233.08230760419966,1,0.03819884056637914,181.78038883264352,0,0,0,0,1,2,1111.2654631227936,0
887.5787637974586,1009.14232853764,2,0.016032595388580144,319.3053066913297,3,0.022428240812387697,212.09067977625645,0,0,0,0,1,2,500.3205684714508,0
447.62320884422843,346.4480712961006,3,0.020144835780514493,10.809052682292823,1,0.0112418442297138,257.4410368860834,0,0,0,0,1,2,376.8397676989903,0
1289.5216156642311,1551.784486385918,3,1.1509661664293973,260.02186338970836,1,0.14261214984730214,313.1382909161241,0,0,0,0,1,2,3935.1678146678732,0
4392.172976527023,4547.514922296213,3,0.14951359577949722,323.9260076781091,3,0.2955418639602929,517.7935966336454,0,0,0,0,1,3,5991.251703200518,0
856.2406217459001,840.4703930754847,2,0.03744258452706954,291.6675214406627,4,0.10395589413352742,169.13218115493075,0,0,0,0,1,3,2290.5674924910923,0
1304.4769525791867,1224.4823651488232,1,0.06015904143208617,52.75149774461095,3,0.090607202474722,222.9857120734956,0,0,0,0,1,0,2657.057366874875,0
1238.84808809429,1079.923044623972,2,0.0497092281227831,273.5369170164911,3,0.08229329291083126,535.7944657563539,0,0,0,0,1,2,2603.689173089783,0
1291.097329192986,1306.307919275783,3,0.06510678009849598,82.99540758203064,1,0.12305042361027083,355.8359350821724,0,0,0,0,1,1,3317.5514907419056,0
966.4681561262688,1082.0466815014984,1,0.0878336532610627,5.473160755396241,1,0.11222160585986761,115.53331066105024,0,0,0,0,1,4,2817.6995208223707,0
1454.8273117467077,1390.485444052096,1,0.9822529014768988,173.95805876651895,2,0.14140114674676285,149.61189615691552,0,0,0,0,1,2,3569.0576183939884,0
1137.9782276988863,1038.9868317581381,1,0.052372385507609615,18.03510287824497,0,0.08404587026520632,289.8606381481481,0,0,0,0,1,1,2462.675924879877,0
1138.8823176918581,1637.4390219322702,3,0.013057564929173099,256.243799031215,3,0.008531742414730509,339.7767483596049,0,0,0,0,1,1,410.1022273736064,0
540.6663185205363,581.247815808812,0,0.06062460328625408,23.821139840086595,1,0.009208307237755405,191.1463352496055,0,0,0,0,1,2,312.7207288413806,0
1907.228090775397,2350.619422681586,4,0.10025830370672269,267.44550903152253,1,0.26513094479354665,480.28916714360435,0,0,0,0,1,2,5880.098251614374,0
787.2286166045826,823.0026463684808,2,0.0014361854896856848,12.901808993192454,4,0.09305158882816895,134.88790307938035,0,0,0,0,1,2,2187.545816274276,0
3671.7396662357887,4197.053693114491,1,0.07563974880495117,200.4313821862935,2,2.3614344732485244,152.02251255132316,0,0,0,0,1,2,10492.628149908272,0
1168.2795695045443,1210.546497457529,1,0.06514084174428894,54.26071246506713,3,0.05850308802600607,179.91130150680283,0,0,0,0,1,0,1619.2926655263982,0
1270.7792969205084,1406.5936499604568,3,0.04050218585555135,140.77351647405266,4,0.03474669319823869,209.3452644386016,0,0,0,0,1,2,1175.6243910721655,0
358.61274835548556,309.01289025797706,1,0.010093637153116536,28.57889917576437,1,0.008441520443520416,263.95914719400673,0,0,0,0,1,1,371.0282310616792,0
367.6832991784242,265.2703080506184,0,0.01003460428868633,133.1656685577968,3,0.014874111922887,104.4437550359225,0,0,0,0,1,1,439.10768687661414,0
482.97460956453716,475.41166220864164,1,0.007203505289146046,196.42914583687204,3,0.007237517445255143,206.77806446346455,0,0,0,0,1,1,385.0246859895913,0
546.7385899216918,485.09209714866836,1,0.014411430191072654,357.0870600899104,1,0.019286423924890446,337.758908314058,0,0,0,0,1,1,673.0520354439406,0
1433.1289794648637,1291.0933810855736,1,0.39214890333562824,148.46909156214065,4,0.6501235874083771,131.89569830867367,0,0,0,0,1,1,2880.023318421711,0
927.4767071855852,700.206598009929,1,0.6689430313524217,77.26030420744307,1,0.05482420857637135,194.92394377878531,0,0,0,0,1,2,1545.3414828027546,0
2181.7015770002004,2193.277614300269,0,0.9545882079505128,421.8963199945244,3,0.13140533821054565,164.575383235907,0,0,0,0,1,2,2759.706736524198,0
327.8478351470523,348.45918595358194,2,0.0008048979759339757,179.16019823826733,3,0.0010002280948586627,65.89032676837654,0,0,0,0,1,2,17.66776027131776,0
1089.1602245483734,946.4938088370586,1,0.5758135650627513,287.4657967868733,0,0.371107440739345,282.3533316090318,0,0,0,0,1,3,2405.8913212757075,0
1647.5931148409068,1598.77020888463,1,3.3177574669568757,330.1053043072116,4,1.238390073664044,303.11931202829896,0,0,0,0,1,4,4180.419577980374,0
1410.5955774303477,1455.4869228672435,3,5.038937138686706,31.408505547339338,5,0.30256271549814595,102.18794072968056,0,0,0,0,1,0,3660.8770549863566,0
2381.4105039949263,3020.0507821500587,1,1.4393163471191208,61.72832225646742,2,0.23698783253840716,509.64366268760534,0,0,0,0,1,3,7514.3921872219325,0
256.4666234365436,227.40827041020952,1,0.0009061769015162488,272.677982375783,4,0.003518298334095701,73.40435163010444,0,0,0,0,1,2,47.31338317513145,0
2138.3021686252155,3456.0713339383833,1,0.003447561770630557,204.35841035705567,2,0.006231466786489694,351.1426707028218,0,0,0,0,1,1,167.01540847097692,0
580.8034040011067,739.0931248284546,0,0.0017378325708363913,188.09172143568327,2,0.0013440926030396489,314.9212828466545,0,0,0,0,1,3,3.86115209687295,0
1148.1782880491958,1386.5423396105919,4,1.3560843804023968,56.523086883426004,2,0.15643318799859843,255.63405656220573,0,0,0,0,1,1,843.2609461002746,0
2325.5052798619686,3228.914519152242,3,0.0032996732414351934,133.51135962888068,2,1.355907031735234,438.4835026483042,0,0,0,0,1,3,7885.174966128442,0
412.4897615535145,416.4125860027185,2,0.00526270639563221,23.328971341022058,5,0.005283659528177377,23.94054243310757,0,0,0,0,1,2,168.79663689627841,0
2011.948714904141,2341.881266393931,3,1.3933928802467919,220.57958746266104,4,0.7920118811816148,116.4551161008163,0,0,0,0,1,1,5890.13254318078,0
5957.440700665379,6018.375671417032,1,0.5879006014213628,202.4064114990851,2,0.34149322120942216,286.17569541596356,0,0,0,0,1,2,9478.860314692487,0
2961.162927705915,4507.3130624673095,0,0.1677515089086292,235.3844277355176,2,0.7893263048951401,354.8681589617982,0,0,0,0,1,3,10762.132356802424,0
2557.348293059603,3212.885896394895,2,1.5372082401398321,263.774714389422,4,1.5428729719557268,169.9339299037997,0,0,0,0,1,0,7954.752541908587,0
3490.2541999558393,5000.783603984428,6,0.03537885141826699,176.0640251512708,0,2.296356486820849,488.0999501732537,0,0,0,0,1,2,12095.718911803157,0
2160.5218962904382,2643.5525626709277,0,0.6415636124283411,163.1882373898649,0,0.29896822725602273,257.91379112450807,0,0,0,0,1,1,6599.89997646365,0
820.426054262141,805.493992254743,1,0.8458653812423903,178.1404102277504,4,0.2988138773726155,296.61124224025826,0,0,0,0,1,1,2087.994271057267,0
2479.0165676674665,3427.38066487834,0,1.6239025101874527,38.524161266937675,6,0.36063945681699827,197.74697423439102,0,0,0,0,1,2,8369.372241189023,0
921.653392058222,862.723924396273,1,0.6105089513040266,159.4323249543373,3,0.8936909984576284,216.90520687427804,0,0,0,0,1,0,1897.34660183779,0
1621.7597992956803,1886.271925975618,2,4.275519333327879,208.08508035732171,1,0.6025510794380129,422.47283675024505,0,0,0,0,1,3,4804.475952126379,0
2471.1037327553704,2419.878351796677,2,0.8639651202904258,103.54140463717994,3,0.1365177182953195,248.60374576116382,0,0,0,0,1,1,4053.021852179224,0
1132.1864320030982,1260.0255470155082,1,0.07985871222191061,40.13541467191199,4,0.11042492818100334,152.1004876081245,0,0,0,0,1,2,3229.6567477270487,0
960.972899974211,1125.7388524831456,3,0.18937684444917016,192.3939796227041,3,0.07966175588881982,295.88526803175773,0,0,0,0,1,1,2851.415152701873,0
1491.6939182527908,1641.1109842605238,2,2.8570010777594543,163.8198782866911,5,0.24129546413061262,241.62027072932597,0,0,0,0,1,1,4184.720808833927,0
2574.6256847230006,3062.5791800028483,2,2.5903682245579343,74.03210652442074,3,0.4378049054434401,361.4354477089857,0,0,0,0,1,1,7697.355664187182,0
564.155470306621,494.7130403531901,3,0.4754322658706379,34.00140230849031,1,0.2378720754681906,287.95952085073475,0,0,0,0,1,1,1326.588334172362,0
697.605707119963,491.1176234565194,3,1.7833968814365393,70.1811116469895,3,0.3796042299555581,98.54977079847964,0,0,0,0,1,3,1185.0513437557388,0
974.8185736926346,1021.0940173019449,2,0.09453051617102926,143.12021864705065,3,0.10450224465745664,328.8482541988967,0,0,0,0,1,0,2515.7530605797397,0
950.7767423251119,742.423520789779,3,1.2865747479488927,147.38607407821365,3,0.36233353681611363,351.9090203608346,0,0,0,0,1,4,1187.8721988731877,0
836.8556918724103,671.8850758426271,2,3.041296969086207,75.10888151987191,1,0.616482120236804,281.4495789453939,0,0,0,0,1,2,1608.2010109425948,0
441.2465295701453,309.5585967164637,0,0.29997453680059083,76.23057986823036,3,0.12932708564607348,194.94877801820064,0,0,0,0,1,1,781.9306825292969,0
498.2139725196025,344.32368645939346,1,3.9863205161784663,75.85324633011238,3,0.5262373973186137,72.23379935845446,0,0,0,0,1,1,676.3316770365724,0
836.8092976605903,1173.0255276126886,2,1.0154878915986336,96.82029017122409,1,0.18308505692112376,291.26081820020926,0,0,0,0,1,0,2860.9062153497175,0
1387.356336887674,1610.560637465414,0,1.4088812967049824,199.77427318452064,1,0.42614616009497414,303.4588018273737,0,0,0,0,1,0,4035.8350199574543,0
675.011541122003,569.0810439475795,3,2.9426693528648515,60.1192751557935,3,0.45807221886730454,74.4334804921037,0,0,0,0,1,1,1174.082118035318,0
255.96832989894384,179.78471169533344,3,0.09222026121330058,22.47358949027217,4,0.011277782725354046,76.09803972072294,0,0,0,0,1,0,357.7143749704494,0
1596.2011579010293,2287.7485679961346,2,2.1541243191502093,85.63522738520358,2,0.3814299863961886,61.22286227212137,0,0,0,0,1,0,5520.316727085181,0
513.6933739462935,694.6076726510685,2,0.0015837614430580945,179.7677315482702,2,0.0017728302615594457,237.09240835340913,0,0,0,0,1,2,18.71330194388772,0
346.63988014149123,399.0369689024861,1,0.0009089658220933963,42.59995104999935,1,0.001086242576277427,222.95062925438614,0,0,0,0,1,2,0.4629888406532355,0
208.25546773797836,185.05371892889454,1,0.001091545915874845,57.743387662520306,4,0.0008778050445548643,57.61543696963204,0,0,0,0,1,1,0.0635865277447437,0
200.37563172365594,247.8674656233331,1,0.0009713620720597712,138.44949881707694,1,0.0008778050445548643,135.5541598858376,0,0,0,0,1,1,0.36187054251903794,0
505.4974388435756,767.3567424815076,2,0.0003148585874111858,206.72704878344848,2,0.00212443584982796,263.06816588399545,0,0,0,0,1,1,1.4506514978578973,0
229.6182820760316,280.94070005673296,4,0.0006079945501332136,158.86236849696317,4,0.0007481059371292764,170.84977425996897,0,0,0,0,1,0,0.1260440373337772,0
500.7926226045303,531.0906754147785,1,0.009421733402675915,45.46335104493448,2,0.004063446890535687,179.03595555151722,0,0,0,0,1,2,180.58011652228797,0
237.3428083494506,111.78724672953422,1,0.008559111865308323,185.60529023911977,1,0.005215823073872961,69.16729014361752,0,0,0,0,1,3,232.46344682199143,0
607.0130930906997,849.9420061358397,0,0.0010784868320414434,50.29678643117094,2,0.0012263670428429034,271.45939383064484,0,0,0,0,1,2,2.499505957679994,0
250.62006678213476,234.16061152418638,1,0.0008731634752144142,181.6507055367418,3,0.0006415460999132273,127.96743349326226,0,0,0,0,1,2,0.4504323000428039,0
269.0013783103026,341.8910742593753,0,0.0006509104799212648,6.943513729252184,0,0.0014513999081136714,210.6021402636821,0,0,0,0,1,0,0.46080132540809815,0
88.00841090152026,56.14154943318703,0,0.000615400946590463,136.0235521039311,1,0.0003272963474940584,90.319796209582,0,0,0,0,1,0,0.06605824047897464,0
403.59120876699546,610.3724499218146,2,0.0005225032675299325,99.3502000278313,0,0.00014983963021220908,311.2694687582101,0,0,0,0,1,0,0.87617359712421,0
304.62167624295336,388.32066941772064,2,0.0003439978223768587,98.19265349942307,1,0.0014048034502129121,292.9701366355439,0,0,0,0,1,1,0.4124131536512709,0
237.65778716031645,197.6355152910318,2,0.00147315599705983,54.22720283167048,5,0.002987014503166697,73.83988587465316,0,0,0,0,1,1,53.073435771861575,0
161.76741536716582,172.74832758231665,2,0.0002955401248689766,90.64234445461844,0,0.0020504443546570336,88.82313034890244,0,0,0,0,1,1,0.4238126679939965,0
338.62129174332597,408.3069075668355,3,0.0008299506562230643,111.18211464107961,3,0.0015117958055096612,122.9677225003859,0,0,0,0,1,2,0.9009137474912222,0
324.52948380827246,391.02663633912,2,0.000331934038133036,22.595562488012053,0,0.00022972795725844478,143.07465732565987,0,0,0,0,1,1,0.161932764207851,0
253.9346072404316,248.73678510319368,1,0.0009143013377703427,129.54807523435807,3,0.0020669114628448677,211.19778952000507,0,0,0,0,1,2,0.5817533433217399,0
302.06434176523214,390.78465042659053,0,0.001248170928443459,185.3057756331018,2,0.001237981072481691,80.30564096771862,0,0,0,0,1,1,0.6228628904267621,0
171.6137069727843,178.9467343991131,1,0.0006240987807346568,191.5491687912256,5,0.0026011893979824207,147.22281391158802,0,0,0,0,1,1,0.28885018822561553,0
382.65155109599056,506.5483671832179,1,0.0007149087796222283,65.13714095220384,2,0.0017954255618590595,168.5336651754993,0,0,0,0,1,1,0.18858698040211055,0
162.2732647008062,134.02062334794235,2,0.0011142218371085289,16.51966603811309,2,0.001498007004712719,73.61051374255051,0,0,0,0,1,2,0.38892076751176674,0
177.41864969117262,196.35043137923884,1,0.0007364687528543409,158.30481477995895,1,0.00042792216169485706,187.7804271832349,0,0,0,0,1,1,0.560659270721265,0
302.62265636041144,328.7109686527882,0,0.0003411736803638411,206.6839880565218,3,0.0012682774916683778,312.98056890274023,0,0,0,0,1,2,0.22112459855450667,0
407.85665419791496,603.710649830084,2,0.0013107237305024864,35.6004636521021,2,0.001268277491668378,228.08414879410978,0,0,0,0,1,0,0.2559576495974876,0
982.0702644361786,1454.5429092364745,2,0.0010956327995084723,110.31583605988321,1,0.0020412389159379742,53.08155446641866,0,0,0,0,1,3,0.3498931607553639,0
203.26139879837632,194.277930213785,0,0.0009297730352505814,158.15761520160686,0,0.0008778050445548643,160.73705308681545,0,0,0,0,1,1,0.12297449264178038,0
463.4167548504194,485.11377833173543,3,0.0010617118054086227,237.51274980819787,3,0.0019162871484586193,183.86484350962002,0,0,0,0,1,1,0.43046738509629673,0
420.10661818872927,605.6666375302082,2,0.0013925099125889863,49.07258241426695,5,0.001074059088317987,165.87968078636456,0,0,0,0,1,0,0.20909380510549905,0
497.0451834743949,483.80707653073887,2,0.00010833311468065626,121.96456778457241,2,0.0008830987071706958,155.28013882728206,0,0,0,0,1,4,5.422956341789084,0
527.681558166907,694.1836260052963,1,0.0007897482016362032,58.465306251681554,3,0.0015117958055096612,229.6443193592515,0,0,0,0,1,3,0.661736248012098,0
505.9425530061152,709.4196893279915,3,0.0013362695397753151,53.94077397914155,4,0.0035182983340957016,113.34596754858333,0,0,0,0,1,1,46.86886840314641,0
797.7771537613763,1036.760353770491,1,1.0984453596562074,196.36974550459553,3,0.11685177308682557,263.6220554586514,0,0,0,0,1,0,2571.694561894751,0
2045.6607257216683,1889.894814157675,3,1.8969812114501934,146.47564559671127,3,0.5201095093955244,216.6117792287273,0,0,0,0,1,2,3560.3094962438768,0
2841.7242343721377,2917.941083385584,0,1.787645205934203,146.23237272009206,2,0.1261485615401673,313.6544601702646,0,0,0,0,1,2,3941.5467315477085,0
917.3096443116235,1141.8388772143924,2,0.5816886569407778,55.073545951767585,2,0.05920206534768761,212.5609727465499,0,0,0,0,1,2,2876.599404018595,0
1033.8209683023233,1354.6499210140555,1,1.3195990082131537,86.91208603476582,1,0.785282001992985,86.44948792653796,0,0,0,0,1,1,3364.52960558625,0
364.41427755693235,498.8585974608931,0,0.0016779431401683512,159.4353749016691,3,0.002773980366023103,317.5248304257087,0,0,0,0,1,0,46.299177003806776,0
977.8367237072694,1474.587933554046,3,0.00046655691236666943,228.83847382056584,4,0.00026504162175475205,130.0489006932225,0,0,0,0,1,2,1.8690758482521495,0
377.2884637485934,467.0201862118117,3,0.00037049216780006967,108.48549409215302,0,0.002939091346200104,389.57986523491337,0,0,0,0,1,1,1.6825028059028853,0
475.0533274982831,628.4310326036202,2,0.0005958621420707062,21.359804268208617,2,0.0010162972573296634,51.838655179551786,0,0,0,0,1,1,1.0468876898177035,0
372.9456252289241,479.74283528441157,4,0.000922730345659646,163.37469706557764,3,0.0011721355620868098,125.2078165064145,0,0,0,0,1,2,0.7706603230698369,0
379.42505300939894,526.7273336546477,1,0.000459296078216946,235.5426618829521,1,3.838435524306327e-05,451.25191621653113,0,0,0,0,1,1,1.3214096462586153,0
1815.9557229671993,2912.521057333505,3,0.0005982455847609651,74.2051792467698,1,0.0012806691362057538,312.8054197553143,0,0,0,0,1,3,0.6803526500400013,0
729.0815831208365,1045.2566980784557,2,0.0007674099935944921,93.71474818350217,3,0.0020187281490860465,236.45705256405444,0,0,0,0,1,2,0.25550313423839827,0
261.20674612328264,288.2185595761695,1,0.0003966790801114258,27.97412308636391,0,0.001018997547462964,197.01722210542246,0,0,0,0,1,1,0.3645055257729223,0
330.2897307276954,415.25807125829425,1,0.0006104143227817329,167.33724419715426,3,0.0006644055249790102,148.59093645108166,0,0,0,0,1,1,0.298156102117729,0
326.0399439603029,447.85759755064475,1,0.0005926005698749289,175.13721800926118,2,0.0025188342679465306,373.54637861431496,0,0,0,0,1,0,0.22021677203983678,0
279.60202382154773,305.1980183679303,1,0.0006265065352859595,155.76921469725426,1,0.0006353689756328105,408.75970846253176,0,0,0,0,1,3,0.15881830553804052,0
1814.1727581524387,2261.465508857479,3,0.076616468942487,239.7369132237184,1,0.20718070086564694,166.2526455660322,0,0,0,0,1,1,5625.659854304426,0
243.16124568208951,251.3877918060643,2,0.0005460040391822385,14.097512773874879,1,0.0012952643785612708,160.42199700741992,0,0,0,0,1,2,1.2861912328859322,0
372.8194402268059,404.3891558385383,0,0.0007544632881389202,208.77829007487955,3,0.001683016119690605,112.99691100860535,0,0,0,0,1,2,6.185053592568585,0
351.6905049379276,432.82696317948256,1,0.00048231672990104807,260.47988234728274,2,0.0011353670603777392,310.97423329972537,0,0,0,0,1,2,0.849993467633225,0
422.00714674567223,576.9331280319984,0,0.0007561012946352113,299.05520813446753,0,0.0005846561778650452,275.35985813262596,0,0,0,0,1,1,0.13385665822823853,0
488.21688419005574,745.9711798625026,0,0.000846236715856852,78.27735516278327,5,0.001965690546359859,348.5908246160156,0,0,0,0,1,0,0.6042954726068271,0
9516.429161551321,15714.279060187104,2,3.0747726533605615,89.56801022320481,3,10.930218291113086,259.6870693665525,0,0,0,0,1,1,36725.006564674215,0
2259.759853314896,3096.456315181645,1,0.016076678844158872,301.04118284586997,3,1.7242405471757538,254.93702132573543,0,0,0,0,1,3,7598.394475782541,0
639.8645254519017,480.57022891710477,1,0.039639155553052,145.6409174545773,1,0.04399598628194126,185.4157898907722,0,0,0,0,1,2,1154.3868576106536,0
331.84270001231295,367.2207562989677,2,0.0015409086617076797,144.2721992012786,0,0.0009551580010534835,62.19422607777352,0,0,0,0,1,3,12.555966663286284,0
1449.5497659760827,1591.8498263447782,0,0.9594262869958794,341.05733132006446,1,0.16132962711169904,483.75533043214085,0,0,0,0,1,2,4073.8124576405953,0
1589.4243928579751,1501.562543634902,2,0.9544569307933872,183.85727225179926,3,0.14192116585252007,347.72808968318014,0,0,0,0,1,0,3319.995303695464,0
1348.342782901228,1617.622133425145,2,1.699906739639009,99.83133233764546,1,0.18797168451930224,254.71443495553456,0,0,0,0,1,2,4078.035307169311,0
1426.779098105692,1574.3651822404165,2,0.6020700082381778,243.7094230180949,4,0.18408269850445788,329.13513697822043,0,0,0,0,1,0,3902.664566915052,0
1385.641000285338,1589.9874803486387,1,1.365674460789714,87.33378145163408,1,0.1690662246549664,199.74754381177536,0,0,0,0,1,1,4026.80205640263,0
1787.1196553440714,2298.8042056555664,3,0.571632465423256,53.82654762633543,2,0.2345171575232357,165.249278569057,0,0,0,0,1,1,5709.164201243937,0
1768.6392945644284,2518.0536212846937,0,0.41518495875896255,238.3156568581825,1,0.2550583988813693,459.9818563813676,0,0,0,0,1,1,6115.518798019633,0
2224.590130550408,2982.267047409759,3,0.17808597808169482,50.661318502821274,4,0.3617983850862171,415.360544767025,0,0,0,0,1,0,7305.601382408049,0
1721.7069575584007,1494.778428467024,4,1.5055220688722668,227.75999605055745,0,0.6713673272626361,388.0521356616202,0,0,0,0,1,5,3875.3707252227046,0
2203.0167336821146,2834.311161787358,2,3.4157479948985277,91.42403535833573,3,0.5768368998944445,412.2265918527881,0,0,0,0,1,2,7037.141018428628,0
1142.4777876452629,1046.5182368522026,3,4.462479194489309,65.4149161005371,3,0.2833120911002344,136.27933240633837,0,0,0,0,1,0,2523.4901059757053,0
6652.196563698989,8168.284270598284,5,2.7458648758022743,201.99778997954095,1,6.646911844101369,445.36708913034283,0,0,0,0,1,3,20185.440016086264,0
1896.276722440181,2022.8176197652076,1,2.8229086176445515,213.0348150704333,3,0.26479287158991727,237.61126723648854,0,0,0,0,1,2,5167.338602301834,0
1413.929459651518,1476.70917094545,1,2.9428663485808646,103.33980901993164,3,0.13076520542815995,263.2214007512122,0,0,0,0,1,1,3686.4126759477667,0
3839.5858681967316,6101.269080619227,2,2.467629825245766,25.98345459370829,2,0.26602638972409826,374.03050843856965,0,0,0,0,1,0,14395.900317019938,0
1033.899552266934,1220.8091050730284,2,2.984913903809015,220.6750549008363,2,0.09952127087509109,229.8048245751641,0,0,0,0,1,2,3114.3071367031853,0
2724.998097923897,2582.700482087572,3,2.1904111932217907,247.0755803403407,1,0.5109695083469379,120.9125560245749,0,0,0,0,1,3,6240.988360221955,0
1247.8694913483432,1172.9457666504632,3,2.6862451938875216,230.8166896409641,1,0.16111301218100654,312.44731258470955,0,0,0,0,1,0,2593.356040570479,0
4163.893367021441,4001.3112933420325,6,3.0943354600842143,269.3673577416647,2,2.6232599799271394,311.51555781597665,0,0,0,0,1,3,7267.065364114662,0
1605.5600972357654,1447.6974748297525,2,2.4269267940815418,244.92962408206594,2,0.33104299282952304,400.57189973912983,0,0,0,0,1,2,3591.548017734013,0
846.1401017961568,780.397872152086,2,1.9888770054613687,22.499637638199403,1,0.04538473400797019,164.70548181993757,0,0,0,0,1,2,2059.8900570598125,0
1224.704554163366,1404.6449811943883,1,2.4046518379800292,262.0942263555132,3,0.1094391405476591,113.227642132435,0,0,0,0,1,2,3577.37917203133,0
1432.3320069992265,1491.7037306844154,0,1.703490608254389,37.66800643596384,2,0.15011501946401234,232.0090362058296,0,0,0,0,1,0,3624.5470436171627,0
1528.186629505962,1678.9039738224342,2,2.1225713281638066,140.2126738838258,5,0.16705873617055467,246.5015085416304,0,0,0,0,1,0,4169.899594570455,0
1274.0648913891644,1156.6432386419438,3,1.1618071567073898,265.5789570607261,1,0.1206906742758478,456.9360809663143,0,0,0,0,1,2,2899.857162440012,0
976.0140219910829,1193.4559727292205,3,2.1657092099141386,76.63426221017195,3,0.0640810700409064,150.3383407446642,0,0,0,0,1,0,778.417068333744,0
3592.971964158433,5007.725853371112,1,1.5004016665868254,131.8287295035847,1,4.955205388150568,331.3521010642934,0,0,0,0,1,2,12184.793592649628,0
794.9928071659517,975.1438946649496,2,1.262614835539717,23.152654763183456,3,0.07970541708131232,32.02722794473439,0,0,0,0,1,0,2457.860456195189,0
1481.592855253155,1547.581786850224,4,2.2850653128991203,45.46067334452822,4,0.17149109631729575,125.1577157586424,0,0,0,0,1,3,4055.331142575593,0
2872.389280165197,3034.803303100779,2,2.5211997226780833,179.96299846458615,2,0.16420639208532264,336.0499261106335,0,0,0,0,1,1,3642.021896772167,0
1353.0304188474433,1140.4437871775622,1,0.8055134945777467,281.01224861871486,1,0.0986797039410233,327.12370184910685,0,0,0,0,1,3,2428.8418777537495,0
2206.2929564019964,2426.46368441017,2,1.1017072964864658,275.27571499891144,5,0.09579872681772961,271.632590002617,0,0,0,0,1,3,2223.9243970426282,0
2657.3937123961896,2336.9072526609757,3,2.1586347707154925,170.98029169515647,4,0.15340365035705877,150.06577619044904,0,0,0,0,1,5,4784.871298128577,0
1247.255341255853,1291.463996975512,0,2.5493671328045284,82.55261257264156,0,0.23796978988197362,264.4272483770914,0,0,0,0,1,1,3246.361031622466,0
837.2573662444605,848.6918327017321,1,4.368425313004072,159.9939871946254,2,1.3335917304315825,327.51344873858636,0,0,0,0,1,1,2207.934453571125,0
1786.42234574873,2075.071341275374,3,3.938026015984229,40.276978383221824,2,0.6801907575096147,185.2538637139912,0,0,0,0,1,1,5235.409990691662,0
1469.9345899426658,1727.0049809891393,1,2.4190927928077914,263.2336342564418,1,0.19741977684424053,504.9675206894914,0,0,0,0,1,1,4358.326930217578,0
1261.7539327383402,1198.4239103478565,4,2.1225620008195727,202.87643525146837,7,0.05657552651646234,174.29365536900235,0,0,0,0,1,0,2499.578387027187,0
1324.6753748421013,1391.8113734851524,3,3.645714839219434,92.42175724751277,2,0.9118232684393859,272.0210323626751,0,0,0,0,1,1,3502.45449546929,0
1723.749744231128,1776.2761122492996,3,2.649737290966618,100.69040985829682,1,1.344250453424352,229.83050312568903,0,0,0,0,1,3,4519.510760507378,0
1066.7440682794966,1291.803769952722,1,2.636212287956254,251.19066500617194,4,0.10811708727358112,84.95520694679658,0,0,0,0,1,1,3270.74078236403,0
1336.2606737559092,1726.6780550975905,0,1.7620612348076765,219.38390695548642,1,0.10409015642395933,143.3221514085251,0,0,0,0,1,3,4305.691159129392,0
2332.639399440461,2272.0466356200354,2,1.468060934348843,185.5789119925807,4,0.1314357946342914,109.54082659539606,0,0,0,0,1,0,4653.269488471027,0
1194.7887117338214,964.972204463251,3,0.709196948329712,217.15437376513748,2,0.0709419732297374,515.5096066182955,0,0,0,0,1,4,2507.00863297167,0
1226.8144048107963,1706.0103555511992,2,0.9891857721573578,9.330112899264037,2,0.1639535021602667,59.30880990775775,0,0,0,0,1,1,4166.365172524678,0
1872.2278494329653,1735.9274447100247,1,0.5454331147117382,156.39964222576836,1,0.14261644239825436,112.49306758145768,0,0,0,0,1,2,3486.3697082776744,0
1932.260139280454,2659.480528664397,2,0.5217486056649061,121.29668846770936,5,0.41994551723444346,339.8960554730873,0,0,0,0,1,0,6480.81551373467,0
1401.1283899512189,1715.6749726741205,1,0.08910039790136427,142.82460446604546,1,0.165484332103476,307.48516567298054,0,0,0,0,1,0,4290.570702547879,0
1346.7135034562612,1309.2450379810057,2,0.5545619875980179,190.10054156116612,2,0.09577907489576215,263.75949358857866,0,0,0,0,1,3,3407.040138029167,0
1189.3274799300316,1402.220294291533,2,1.2562925679927424,10.498879320537757,4,0.11858736134276045,176.42153814258805,0,0,0,0,1,0,3506.2136299016793,0
1506.3334287519922,2357.538224032204,1,0.12014231819487382,124.91800670863577,5,0.2130511138923993,161.72434048051747,0,0,0,0,1,1,5589.055183308567,0
2092.5683999976077,2071.2214724166965,1,0.12460187873986821,167.21868306090258,1,0.20052368652621405,170.4938605105419,0,0,0,0,1,1,5065.805194964511,0
1173.7160080130463,1071.6518612560437,1,0.14487629703780447,381.69095538571094,0,0.1134210000724785,387.60509144257145,0,0,0,0,1,2,2660.3326246889947,0
1430.644634479718,1530.4493571296,2,0.1038231106602171,77.94097876490694,3,0.14957599478506253,309.3845717447649,0,0,0,0,1,0,3741.6714309986837,0
1421.9206169058127,1373.6872343925659,1,0.12478764229027445,29.435796265116,2,0.15124642832535953,362.70691878291063,0,0,0,0,1,2,3582.2456835860376,0
1487.1986636811298,2013.118288313068,2,0.10458541787178155,121.91524546841919,5,0.19858064213145143,91.64807482313225,0,0,0,0,1,2,4961.630223561392,0
1854.9609945472462,2131.0224933817144,4,0.1308303543150836,95.63085455844211,2,0.21150465502059212,175.79027303820644,0,0,0,0,1,2,5383.150425834539,0
1221.886014822969,1162.6527107905908,1,0.13165423685930402,162.24598902521728,0,0.1427559812137496,268.7223769104646,0,0,0,0,1,3,3050.9853034626576,0
1847.3892544232476,2051.495595717829,2,0.18482172787682682,287.5958519493368,0,0.1922667982382505,235.31994243598848,0,0,0,0,1,1,5165.779603311967,0
1811.3110416686263,1970.5004808213835,3,0.12561399785332034,8.359016492724882,4,0.2091150845225848,110.94607595118552,0,0,0,0,1,0,4900.112674186925,0
1824.23124775487,2059.3078789118895,4,0.14645454142665335,65.73888752123281,4,0.2025006349292019,504.09089944462204,0,0,0,0,1,2,5234.938559726865,0
1500.6565380982431,2199.6392953327186,3,0.15243734018163324,146.77271167883202,2,0.19293104250072912,93.85189944521244,0,0,0,0,1,2,5305.63196539964,0
1595.5432421528772,1907.45526504823,3,0.09390055980499092,107.09895461121005,0,0.17128249229780093,310.4107292586548,0,0,0,0,1,2,4797.762510830027,0
1335.1088960721547,1199.493921052419,4,0.11534382180449677,394.8522750879364,4,0.1069680845706642,369.2194710445684,0,0,0,0,1,1,2999.157322141914,0
1519.7493202901596,1540.5955149537021,4,0.0837443287551307,26.00466721400751,1,0.15956265415582577,386.848706149582,0,0,0,0,1,1,3881.9488659362087,0
1567.610254257145,2039.1150318172633,1,0.14799105336858082,26.330151841163282,0,0.20614929478022875,268.13358564731,0,0,0,0,1,2,5071.309052235186,0
1890.8311766775755,2111.873737340569,1,0.13909586366759186,279.04460743908766,5,0.19660725689013614,261.3822103583357,0,0,0,0,1,1,5326.905026327271,0
1668.8905826757912,1928.3711721985032,2,0.16720445768402234,84.12294626325146,4,0.17210084834720962,137.8219561309155,0,0,0,0,1,1,4868.358776541169,0
3783.973697587943,4060.2042267086795,2,0.09677488529384201,192.38818448204788,2,0.2280883213136669,259.41220963448865,0,0,0,0,1,0,5261.749059752114,0
1557.526844210478,1611.9415738029656,0,0.11679556396049702,195.1982888526328,3,0.1427553515456523,327.65421676950785,0,0,0,0,1,2,4079.9047479781148,0
1387.8381701270528,1348.7891305729354,3,0.11697348017906159,171.57038217646107,0,0.12937002703738953,450.4568956066109,0,0,0,0,1,1,3445.558647956331,0
1443.1272929324014,1400.2574150678618,1,0.16945959849246525,33.20028210638919,2,0.1452018532426681,59.14485126828782,0,0,0,0,1,1,3531.080596011954,0
1809.254069840446,1931.008721582841,2,0.11576459367779325,169.49939934481483,4,0.1611258218838767,102.9295469275091,0,0,0,0,1,0,4805.288037017896,0
1355.4013173106703,1439.8479765923635,2,0.11433046950435581,232.90620951368575,2,0.1366105092557299,327.8089726234556,0,0,0,0,1,3,3750.1657958476135,0
1396.2088687566377,1326.2848284433674,2,0.07736309576638738,248.1328474388629,0,0.12506106028113204,341.2322581333382,0,0,0,0,1,2,3333.655014512651,0
1525.520162880553,1514.855761489252,2,0.09201622658100135,269.98516945185156,3,0.13385955342437866,597.2153244794285,0,0,0,0,1,1,3704.3727773420214,0
1543.9032399345879,1581.757520621166,4,0.08347361878025947,116.0236779391212,6,0.14208946380580956,157.6046672058253,0,0,0,0,1,0,3895.495757835462,0
1070.895954803537,933.0936076638167,2,0.05445044683671016,36.43328441262754,0,0.09022095998365902,139.77606051069984,0,0,0,0,1,2,2392.2048222867347,0
1201.7748172371873,1009.3021642886724,2,0.0474405924343594,291.64721527995937,3,0.11081209586130412,277.33544350407954,0,0,0,0,1,3,2551.23970975869,0
1118.0239978456523,1488.010312290664,3,0.08868671575875889,220.19607815680203,2,0.14368118184635612,86.97192084919318,0,0,0,0,1,1,3681.630630515074,0
1199.605386592279,1099.5382273129458,3,0.03711531241286937,90.87011701809854,2,0.05883463855717752,315.39065894462664,0,0,0,0,1,1,1955.0778296438007,0
1516.4771285919583,1808.370889764331,0,0.1041606245832417,214.5964814851907,1,0.16482775963642016,151.63446456781847,0,0,0,0,1,6,4614.671015705586,0
2041.8246891018098,1929.7148987500075,4,0.06519318995245219,171.34774880773094,3,0.16408060805434588,192.94614349434835,0,0,0,0,1,0,4184.421758284059,0
1181.2514247792571,1188.9099627904493,3,0.03335396465240298,393.11493229978635,2,0.1082940485261614,355.4491659480402,0,0,0,0,1,1,3002.058904238012,0
1232.2904746691213,1349.8668656812856,1,0.1245003314251745,95.8233921255108,3,0.1388452173694328,10494.699257800963,0,0,0,0,1,0,3422.8283267001752,0
1266.771260958318,1401.9167258940145,2,0.07470996303137131,33.07914551957683,3,0.13388156357227665,317.1895975205035,0,0,0,0,1,1,3614.59609471549,0
563.1507101865888,408.5210837805173,0,0.0138897214590749,289.01719348090114,1,0.04002958709721856,269.00978542267615,0,0,0,0,1,2,1127.226957476214,0
1785.5725390595414,2033.0551054733714,3,0.03294868978634086,335.86296689828686,2,0.05424685020885909,262.330101513602,0,0,0,0,1,2,1562.6975810196636,0
1129.7551013925186,1496.0192825903716,3,1.9735433316839395,231.5097154529871,2,0.14771663974225027,287.4402820970687,0,0,0,0,1,1,3706.056199761074,0
3565.0978931826653,4899.542972103773,3,0.025671715623632768,215.71443193277872,1,0.0528782200671591,344.8751855710402,0,0,0,0,1,3,1887.8647924663605,0
787.2942227982046,573.5299822942143,4,0.23587098931042608,180.43667253600572,2,0.04869233075427643,395.9389371267032,0,0,0,0,1,3,1510.2766639676834,0
1087.3379889700668,889.5089299172151,2,0.03642263949707511,39.88463778548712,1,0.06951290924854436,355.5642561371987,0,0,0,0,1,2,1939.8389557961664,0
1371.0766934733433,1320.9471006822398,1,0.05189665631109806,100.68944065000615,2,0.05300967396941156,123.50013426988247,0,0,0,0,1,2,1725.6255739761737,0
1225.1759452993776,927.9025460469619,3,0.04659470856591233,118.86394918164373,4,0.06954397678913682,132.57485443955738,0,0,0,0,1,4,2157.640210023248,0
669.884157457756,630.4781509777783,1,0.042211967406786524,229.5102368549181,4,0.02964473429914965,341.4446399574882,0,0,0,0,1,1,663.4746288331644,0
897.5905229013746,763.2716416276972,2,0.0344345193792317,249.4297647105633,1,0.05577414496407604,364.78129981864026,0,0,0,0,1,2,1619.4473452284565,0
672.1418651889069,557.3660608733422,2,0.0306333489405598,17.614783733886345,0,0.050357213059616046,334.55237562006175,0,0,0,0,1,1,1362.6501735141287,0
713.026828088937,1067.648704085666,2,0.054305359786373034,182.25900785169986,2,0.08029629692426507,71.57936780690966,0,0,0,0,1,0,2562.1655496413546,0
753.0188609037856,888.9797484286327,0,0.04554605448662284,198.15422564416494,2,0.09158567383357336,169.67249802920367,0,0,0,0,1,1,2270.744638474084,0
832.5315957118406,867.8231714127927,2,1.700902060577969,156.6422584727926,1,0.08064645125239382,208.4824766703522,0,0,0,0,1,1,2253.225418249291,0
685.5237973421439,496.13838259318186,1,0.033979993869511574,137.43725630565734,4,0.03520810860569112,67.81627004266818,0,0,0,0,1,2,1092.5088405534175,0
583.7264121425508,457.5061671266143,1,0.034502988175670476,44.75949801176601,2,0.03217575384355433,51.23555649242178,0,0,0,0,1,2,990.8363755437987,0
497.73122867221605,369.44753647825684,1,0.027759374458823205,33.727891539602325,2,0.037994159228100594,113.3402108892638,0,0,0,0,1,2,1059.6703547513494,0
472.81749131984134,403.29690571637474,1,0.012899035722703338,128.9098246135078,3,0.025202273061179337,327.2359090688867,0,0,0,0,1,0,806.987274787879,0
483.5935190488274,423.384616996447,1,0.019998899426545088,36.13211269566917,3,0.02423616981902866,101.81277863842476,0,0,0,0,1,0,706.8917330804105,0
451.41456408558764,360.3194550495764,2,0.02520779123738203,6.366526874613308,2,0.027364403995284375,22.114319061480657,0,0,0,0,1,2,1014.7916151409493,0
1324.2413394171417,1171.5154217284435,4,0.04526334582517304,233.4300560289443,4,0.05920120877934025,158.5341373063083,0,0,0,0,1,2,2106.57958895422,0
1358.2165340901586,1612.602895310548,0,1.385092466604957,210.91436561975485,1,0.18363514940648923,327.6620653006641,0,0,0,0,1,2,4069.33471739383,0
1766.3387375294212,2051.4760357530354,2,1.5277569075894881,59.59940506598626,3,0.23024657248184727,348.50072384317633,0,0,0,0,1,2,5186.169398440676,0
1464.0723393091048,1546.2284185445242,0,1.0157264110529038,132.33498655704162,1,0.10085739885543121,271.3834001079354,0,0,0,0,1,2,3981.3117795722715,0
1550.4583228524639,2130.0205954343633,2,0.7519023278577972,62.36945548473547,2,0.18482685696165174,212.28601930505792,0,0,0,0,1,1,5216.899053259169,0
2228.762781473291,3304.8500470231643,0,0.3230320628756315,335.1551475895035,4,0.35292788945216874,146.6281360576665,0,0,0,0,1,1,7939.622151209181,0
2755.431918439358,3815.0107289434854,0,0.2933570854134846,132.0218462338076,2,0.44625824980226014,190.32132916544563,0,0,0,0,1,1,9283.30376860679,0
2127.558488989382,2772.5440049815447,0,0.8701658522056446,163.45822125104317,4,0.32993152696120437,236.91451570308698,0,0,0,0,1,2,6848.492183306991,0
1917.8490881404243,2335.9137971618466,1,0.7440600453297372,149.5152669627588,1,0.23331506100538818,308.731918947176,0,0,0,0,1,1,5840.441813565045,0
1665.4503044305243,2429.240085555282,3,1.4292692002987166,27.74421333858743,4,0.5792770525089577,153.6562926097992,0,0,0,0,1,2,5866.813640750832,0
1485.3517660365637,1873.7164648682258,1,0.8635891852064678,65.18217042215778,1,0.08946016335303614,315.5423573194662,0,0,0,0,1,2,4690.945800988697,0
2364.186536536638,3229.74951129981,1,0.6493225427659743,215.79930147914806,3,0.32771250046261313,34.138340404565426,0,0,0,0,1,0,7882.381240375924,0
1991.6136789584925,1937.3585605977719,0,0.9482042936507556,535.6372750421792,3,0.16851679064555575,323.9562904729184,0,0,0,0,1,3,4934.277771254653,0
2557.174566994273,3599.51262978496,2,1.0832279291627591,80.11193937539377,3,0.41559267611153605,266.17911102613533,0,0,0,0,1,0,8732.506306830042,0
1847.5455971020149,2087.2468889860343,3,0.3916632327290338,129.89031025732257,6,0.1972729308948855,97.60443704683041,0,0,0,0,1,0,5199.963215844693,0
1159.3417521674094,979.5121593729729,1,0.7619887626950435,137.6285993019504,1,0.29249228689599965,218.50788610639697,0,0,0,0,1,2,2437.418172311767,0
1944.5492507240895,1701.1853422766376,2,3.501872639801567,197.92138844133376,3,0.28579881721266887,189.79689361684913,0,0,0,0,1,4,3435.534661175422,0
1647.0750678335598,2565.5498546238637,1,0.49611438604671565,142.16765768083658,3,0.22786024586377862,144.28622310800137,0,0,0,0,1,1,6089.164550579202,0
2200.155790487619,1913.648421801658,2,0.7722033032033887,98.68975165299913,1,0.18807718960792236,415.6471649838519,0,0,0,0,1,6,4833.532814487887,0
634.1339545393755,549.52746598478,1,0.2684958735797458,131.2877029779133,1,0.017347182763735463,373.648945102635,0,0,0,0,1,2,797.189118865009,0
1825.0907581946956,2364.106876723234,0,0.34193894022218674,9.18405868047587,0,0.25216824515279546,192.83731967690207,0,0,0,0,1,2,5875.649298410032,0
1936.014204556032,1832.5462994064114,2,0.11548648315874141,199.37517975888235,1,0.20095942787933022,278.0525337180824,0,0,0,0,1,1,4408.446594960112,0
1477.0722481649589,1854.605868309771,1,0.5893109489317726,123.45260765743113,4,0.1874727849488022,178.51545055264717,0,0,0,0,1,0,4593.43480313986,0
1988.8100917031968,2770.187055946074,2,0.42419777984552043,171.49343879739962,0,0.27900901711958265,251.5901703993472,0,0,0,0,1,1,6756.230564112207,0
1742.2796271070636,2770.6224978958953,2,0.28017093472111954,172.21476271852382,2,0.26850763182047743,94.4558690070433,0,0,0,0,1,0,6539.606401128456,0
2221.1348539490336,2856.4231156882065,1,0.31424313815858085,414.73269790010016,0,0.24494393202609882,257.7829330361903,0,0,0,0,1,1,7078.18894568179,0
1861.6428283812697,1877.1323441637203,2,0.5804837488947323,85.27608631728523,4,0.16490933145390946,166.55636388824536,0,0,0,0,1,1,4651.567265392781,0
2210.9345837396545,3059.498050207979,2,0.3210504647223984,11.447355701566556,0,0.38261283287001624,135.42894605500766,0,0,0,0,1,2,7477.497994632612,0
2331.6880782224634,3551.5013823622035,4,0.8485447742828875,165.42109679547926,5,0.40433196030747537,85.72874292399001,0,0,0,0,1,0,8464.110010713883,0
2367.0643786949554,3288.137645739177,0,0.34652968756856084,113.74794476609887,0,0.35540293659494826,79.19679398891957,0,0,0,0,1,2,8029.045355472302,0
2290.361525438064,2862.61026932971,1,0.42516786591066447,76.23384295048031,5,0.2962046283128833,192.28164074422432,0,0,0,0,1,1,7103.738494609066,0
2075.8967513858374,2777.3760520588326,2,0.7942370556709614,29.050622408113796,6,0.2931411090857456,167.62425429898676,0,0,0,0,1,0,6795.586793586552,0
1102.6926967818008,1486.7082036684233,1,0.40458405538655334,24.432533593417965,4,0.14293316655026597,184.40266313701264,0,0,0,0,1,1,3664.6385844818956,0
1743.415975129905,2122.893913585866,1,0.2903192682322158,54.22099325898388,4,0.21632189747467118,84.03825737263702,0,0,0,0,1,2,5350.290048936858,0
1109.694262611993,1287.6631474333465,1,0.2216524001201995,199.00311703342658,3,0.108928152920971,377.2439613410842,0,0,0,0,1,0,3234.1803777018504,0
960.3099760476647,833.0287555042992,2,0.10896322429231659,245.93618818976964,1,0.10181759031270142,537.2865724159227,0,0,0,0,1,1,2018.0107454272677,0
2435.9148414104375,2652.642205108967,4,0.34068771006658044,83.6176513290259,7,0.3033758131995205,244.9300988816185,0,0,0,0,1,0,6559.6221245799725,0
1453.9187409454782,1472.3938962279826,2,1.2913651959009478,34.590909505449915,0,0.14715079953010698,223.49029843143188,0,0,0,0,1,1,3710.0839379279178,0
1650.2395971103401,2107.3037481207534,1,0.39783128226747944,247.57476602411606,2,0.24537981112655122,249.00551271420434,0,0,0,0,1,2,5264.7005467335075,0
2137.316307222703,2811.1249877683404,1,0.16187258583591357,125.1550752857331,3,0.2689896467567362,145.3518698444158,0,0,0,0,1,0,6918.511860022735,0
2192.9184645919313,2607.50339481037,3,0.16330847638099583,79.06165641436972,2,0.276347313623978,302.10634750002225,0,0,0,0,1,1,6499.060887166833,0
1875.709994686522,2469.9596667242895,0,0.2098567019471571,185.3900899985091,5,0.2402730571329766,260.86396128024484,0,0,0,0,1,2,6097.683236551335,0
1310.837972584824,1174.942717023851,1,0.3271546928442741,268.95676087993314,0,0.1974232629926907,286.2493238945883,0,0,0,0,1,2,2906.5411740310406,0
1284.1894030056408,1212.6803629269746,2,3.217418720729492,11.660553514117193,5,0.23507079277723433,86.92071063294101,0,0,0,0,1,2,3102.186902186554,0
1628.7575889717461,1595.109063997631,2,2.189158937661311,73.57658175463365,5,0.18880807153819035,315.03672236894295,0,0,0,0,1,2,4038.831593855861,0
868.7073651854645,1105.2590479468818,1,0.07778121316400577,172.95384332829204,1,0.0973311049204725,98.58986074063273,0,0,0,0,1,2,2779.425733857859,0
1365.7641663949405,1530.7733066448886,4,0.15926512836652088,204.6059349864157,2,0.1483510298350019,278.7059098960531,0,0,0,0,1,1,3892.2447316316493,0
1559.9031699908423,2039.5248564312978,2,0.1239916512702521,160.10827539789446,2,0.2001463579386209,106.58865641816017,0,0,0,0,1,2,5057.368655845266,0
1369.822012662145,1898.1664316264964,2,0.12549271786386326,9.008717413384623,4,0.19967332772018645,71.19665208414807,0,0,0,0,1,1,4638.1133640478565,0
1891.1481558570213,2146.784185923746,2,0.25387481456843997,57.538562996301344,3,0.19746022404624647,282.9512957756307,0,0,0,0,1,3,5456.018972883533,0
1166.4235875207703,1419.1230325976926,2,0.08492769289739538,214.01695587683568,2,0.11497850952610925,317.40309967004174,0,0,0,0,1,0,3548.1920313855835,0
1000.5775666119507,1215.507593886205,1,0.07027512524709224,78.72401799649346,0,0.14072877047118826,218.63081739776294,0,0,0,0,1,1,3060.3095617751164,0
1328.7551032279287,1201.9868343845635,3,0.18207523781833804,346.74524746857685,3,0.12627928495053353,564.7958298197032,0,0,0,0,1,3,3157.780029869713,0
1214.7359864348598,1141.7336873517845,3,2.334593954766459,29.750572490750766,1,0.13377725386285838,362.2466912835844,0,0,0,0,1,2,2957.0644388845203,0
873.0302697234715,962.5657403745812,2,1.6326615952981636,25.375866684752445,1,0.1170048103943781,145.9066336507075,0,0,0,0,1,3,2525.0664322456873,0
1265.459608536511,1515.587637401458,0,0.13687435080401103,161.3738170451525,4,0.1855724615389035,179.9027306449072,0,0,0,0,1,0,3780.8533182453834,0
836.6744892749434,682.5463096396415,1,0.13092791644300306,104.65331404921105,1,0.05706270316383402,466.45791319665125,0,0,0,0,1,1,1313.8424053502108,0
846.597352836018,737.1488713339954,2,0.10374709971752566,135.60884161458708,5,0.07001752006228079,288.5967910272414,0,0,0,0,1,2,1900.2940017017247,0
1014.444902013049,988.668452627086,0,0.07598599051349568,224.15395856726704,1,0.1158057225277247,262.5165860012021,0,0,0,0,1,2,2628.409113145193,0
1387.4118501020691,1954.0758608397152,1,0.10119993934180031,19.189611620543182,2,0.17000998075188256,125.05195320251276,0,0,0,0,1,1,4751.310227512733,0
1586.5461030500655,1468.0211124862715,2,1.4753698934808037,317.012578363927,2,0.7572387860727895,230.32557948431295,0,0,0,0,1,1,2867.9606840510733,0
1539.3504346422983,1852.8994629144738,1,2.5797038733557303,71.22649010918283,0,1.7513038411970894,368.1679417817187,0,0,0,0,1,2,4676.282864450371,0
1253.9342009885258,1451.5662125413958,1,3.541899341138774,17.037715865065245,1,0.3872240144812385,218.7334697379163,0,0,0,0,1,2,3720.7486071193475,0
1699.6103867699087,2504.768011781422,0,4.056679276952943,113.94877788184677,2,2.0784909936160556,203.09504733055553,0,0,0,0,1,1,6030.227152199656,0
1734.7239022129654,2507.204087576114,1,3.5534562903619413,84.8936526618596,4,0.5891830587963911,328.2309058300443,0,0,0,0,1,0,6047.950960819595,0
973.5137510783165,907.471171102063,1,0.6737382815404862,221.7248966991316,1,0.07867459888485831,337.0584688947539,0,0,0,0,1,0,2210.076977335359,0
1862.994119181961,2373.1407264910604,3,1.0935948038564356,80.70176039429467,1,0.30073010857224547,360.054531407719,0,0,0,0,1,1,5888.789956142582,0
1340.140110830351,1722.92802687641,1,2.2963106161104756,107.47943942267126,0,0.13396406943793215,190.68896452969983,0,0,0,0,1,3,4305.385731113195,0
1711.450074640575,1705.543150190873,3,1.5181949592542119,298.59046568539117,3,0.2074031416394401,175.71992246521486,0,0,0,0,1,2,4288.775456159257,0
2806.413738979899,3266.074316952527,3,0.18161629804622842,120.67704043988309,1,0.32161344360212873,198.84462231451192,0,0,0,0,1,2,8147.936316375845,0
1639.0351687564848,1613.9573725476446,2,0.09972038723115598,406.92549021276983,0,0.1854825598159485,495.8971806766849,0,0,0,0,1,4,4211.611702819846,0
2401.3506684991653,2993.44590249466,2,0.21820046973952337,147.2011108067762,6,0.30007031764680425,191.8260678901079,0,0,0,0,1,0,7386.133764057702,0
2156.16085960861,2747.65611373834,2,0.5096793567582761,24.608094526547347,2,0.29002444027418145,124.51802503502633,0,0,0,0,1,1,6805.896359439912,0
1979.0100085188096,2785.269507967311,0,0.1758008308886979,173.0592752998581,1,0.31139019366962206,224.6396267690485,0,0,0,0,1,4,6791.138668903184,0
2125.4044821939774,3293.3157596789047,0,0.1920698261682374,167.390896204817,4,0.35866864461547165,72.60233756850083,0,0,0,0,1,1,7826.392880310705,0
2368.7764964013486,3218.978421459525,2,0.20749802996752909,199.07445688051908,2,0.3557287534788066,314.5808415537191,0,0,0,0,1,0,7883.326723913013,0
1761.105293615358,2348.8647874004414,3,0.3288615023657879,146.27717576740713,2,0.24694513095357107,233.92724708994152,0,0,0,0,1,1,5784.422565406323,0
2074.1899928360162,2818.523295885991,3,0.17038744056218785,17.666347750851504,1,0.36328656484198385,231.92386762350128,0,0,0,0,1,2,6914.981838550538,0
2233.4963829451112,3296.738705431709,1,0.3201057776328071,192.34884279911805,3,0.31220876312714,207.50427710279104,0,0,0,0,1,1,7926.04853520777,0
2498.9354589850677,2831.5783746473794,1,0.637711043429146,403.48172980739884,2,0.3406491290617277,118.41900982259865,0,0,0,0,1,0,7017.500887788545,0
2225.8774410134624,3233.009941375281,0,0.2260878178453309,232.73183980714393,1,0.33548267300849055,351.9764755311533,0,0,0,0,1,1,7796.3892440061645,0
1751.8962036252083,1848.6302304294882,2,0.20517270223896406,205.53573930344902,2,0.19113567408410026,473.14586579415874,0,0,0,0,1,0,4601.44847524455,0
1731.8943600553982,1623.4706999846437,4,1.3525299269637692,359.17542495922515,5,0.1848645331385263,210.7457281554835,0,0,0,0,1,1,2530.681197640568,0
1988.15950907429,2137.230263870631,1,0.1627075822316693,120.03147659684691,0,0.2650124119726994,296.7481454847968,0,0,0,0,1,3,5495.463422396435,0
1858.419483560129,2328.5137947062153,3,0.15385924975232884,205.41165386255142,1,0.25329689633706104,246.87633375228359,0,0,0,0,1,0,5795.3009530894715,0
2010.0910300383252,2542.122784161885,2,0.27559180848546244,71.37250395042466,1,0.25819735459397464,139.38348793379615,0,0,0,0,1,3,6350.740497088505,0
2479.746851073315,2649.2006097314434,1,0.14159797162484153,279.9576376900182,1,0.2821332541127641,318.64884630332335,0,0,0,0,1,0,6559.600848103277,0
1861.9704597962198,2274.5894552871505,3,0.1411726349228532,90.32717482760987,3,0.2322548212549303,223.07616289430106,0,0,0,0,1,0,5667.436036319763,0
1430.6843621020894,1338.6256758955533,1,1.1719768137497455,201.66304561575905,2,0.1091874871078621,242.29246461571597,0,0,0,0,1,2,3361.753909016793,0
1445.3919899192417,1402.9251442427858,1,2.25021622078402,81.11843653680941,1,0.11397862083134583,323.2594369725494,0,0,0,0,1,7,3762.7472853789372,0
1017.6592717803547,996.0866730894088,4,3.015951518148059,6.888413588708829,2,0.048088359968796776,233.37637984818113,0,0,0,0,1,2,2604.1405686867975,0
1080.2897228775919,1520.4361908469702,3,1.7572383849146695,165.7318474324641,3,0.6526245421459314,47.902274908273085,0,0,0,0,1,0,3704.144089747108,0
2912.3328525400975,2893.3002825231215,1,0.47991035076393357,71.98977637490862,1,0.26414261276591555,226.51163826357657,0,0,0,0,1,1,6684.075216812715,0
1800.7393088555168,2152.837114563045,1,2.4453098985223773,258.7399245599809,1,1.0081985763644006,299.9428590807264,0,0,0,0,1,3,5438.1510647742525,0
1149.0679060329353,1019.8020028232781,2,5.527735013122401,137.30241453711446,4,0.3230776909495878,105.2254004197758,0,0,0,0,1,1,1809.602573296847,0
1407.6255863998626,1599.1986805059264,2,2.756855376069412,20.38362796673141,3,0.1551334539775885,155.03399515257763,0,0,0,0,1,2,4081.762419049954,0
1017.1549589822512,1114.9573006205817,2,2.8096355736605503,146.2505180565935,4,0.03340482056923694,299.21151823014213,0,0,0,0,1,1,2855.1477351469007,0
1458.6887683001733,2247.137922114316,2,2.2321948760606567,130.33850849120248,2,0.016222664523557872,198.6827698829253,0,0,0,0,1,1,5349.230903801522,0
1106.8432256821275,1269.2376530676993,3,1.703510299088943,325.73225415578185,1,0.07999045527509842,482.6144686862327,0,0,0,0,1,1,3201.6262444513304,0
1680.646718437408,1718.1825642175265,2,1.4588023688544898,278.7306677580476,1,0.5240540890619462,304.19820369155696,0,0,0,0,1,2,4353.96425640927,0
1389.7664070598696,1479.8278233523888,4,2.05911091706351,12.444520293102254,2,0.114700072391897,211.43687516212168,0,0,0,0,1,1,3705.0910850056407,0
1451.11683435868,1708.6630897669093,1,1.8233674728843132,182.20022288529864,2,0.15563104789691595,347.65472219250745,0,0,0,0,1,2,4342.044409128495,0
874.4081914263062,1167.044093109487,1,2.7948701385025525,140.66584823972443,4,0.06362902777662494,134.56990213198335,0,0,0,0,1,1,2890.470773445423,0
1142.1051430643415,1138.4931072185193,1,2.354254169958918,173.6162103471409,0,0.07661717611099664,388.01268367208786,0,0,0,0,1,1,2894.721096502687,0
1758.3690466682378,1726.9757521944807,2,1.8538558242676852,71.85491004863573,3,0.06510061789555165,285.2751590363394,0,0,0,0,1,0,2862.1177117943753,0
1202.489486496525,1230.0686910846796,2,2.0860994540932167,43.86425389707628,5,0.09855814680999661,135.87995053982368,0,0,0,0,1,1,3080.4973222034487,0
1133.9237008324915,1311.817734223417,1,2.590679610069415,88.74073454020768,3,0.10240975256198578,34.166231712637796,0,0,0,0,1,2,3358.4243118053964,0
1605.0832468613535,1716.128291701348,0,1.2329696851997005,257.772730573851,1,0.109427528798416,273.3943935304028,0,0,0,0,1,1,4320.560713061941,0
1147.8147690145022,1391.7604578354344,1,1.7317436160029753,157.08226866242785,3,0.1265251241500165,316.1110336223977,0,0,0,0,1,0,3457.6288277567305,0
1401.5170149341993,1635.0496554878473,2,0.7908759659456867,200.52009724393233,1,0.19013631866295289,455.18354004023854,0,0,0,0,1,2,4148.235357211107,0
1383.8352083190323,1875.8699552859184,4,2.7767384324648954,48.85891224950085,4,0.0631104661760094,160.44396019159433,0,0,0,0,1,0,4588.865656415002,0
1303.4157211128543,1442.8099565666284,1,2.2264321777845613,34.26333669112133,1,0.09818641300546378,136.94941798969012,0,0,0,0,1,1,3669.547066691701,0
937.356933112421,1409.3709820198862,0,2.354914811152888,160.09879068955584,4,0.08468114693117477,113.51254222559702,0,0,0,0,1,0,3376.4531404459462,0
1216.1648949989033,1211.8120466529085,2,5.91029433821159,44.34904634297492,2,0.417061114341615,284.43287172418906,0,0,0,0,1,1,3075.4203169085313,0
1458.4477082076403,1666.8507108069005,3,4.575667989656517,25.80263263542423,2,0.4184485190616093,173.09858557461388,0,0,0,0,1,0,4148.637310145765,0
2254.8729637279907,2459.1455506554034,3,7.173961288267882,162.92096417563081,2,0.9672993215266739,53.478356472043984,0,0,0,0,1,2,2599.496400201938,0
1547.120395931056,2235.4321265884364,1,3.8038050155185488,80.07259020819673,0,1.0088529845941965,91.57021811317222,0,0,0,0,1,2,5410.991109586702,0
1693.8899869670247,1686.6157264176375,3,1.3688531124683572,197.756017335819,5,0.222397525145204,231.06050188767887,0,0,0,0,1,3,4354.179460716636,0
1378.1752401107885,1448.8411186682206,4,2.5949649067639364,90.96177999329518,2,0.1460949740030832,313.479371816099,0,0,0,0,1,3,3793.489705769944,0
1083.8057638325095,1241.4043385694274,3,3.077590506224272,32.103589478921165,1,0.13704419155340228,158.40940621367636,0,0,0,0,1,2,3207.2424080700494,0
1437.488138676977,1307.2806107715664,2,4.319386010098381,189.935711129014,3,0.05469539369399065,138.39276313695868,0,0,0,0,1,2,3331.069654736929,0
1136.876552169599,1208.8993485591052,0,3.340623430265844,328.19170396420515,1,0.2728331104280445,556.165602792249,0,0,0,0,1,1,3076.4550234730364,0
1381.4170813497376,1402.8827105516925,3,2.3078992235923326,48.830192316904416,5,0.1783185315534219,285.01188643914577,0,0,0,0,1,0,3534.4909434067813,0
770.8234346583722,606.3885602385864,2,1.6052534460239152,145.07516065776773,4,0.14575204911512638,361.0795463243079,0,0,0,0,1,2,1611.5510253614946,0
1123.2437202396748,1171.9418509223037,2,2.806642008267974,5.929318058616766,1,0.07008217839650534,245.101198059774,0,0,0,0,1,2,3070.3404685733212,0
1136.628379638982,1461.5262068798431,2,1.687334895377281,100.19326445050413,1,0.14719617251648706,173.37476082382256,0,0,0,0,1,1,3646.8567099509773,0
1687.6311580842878,2208.9134088460964,3,2.2636884570499687,130.52361881235112,4,0.2102626026380158,84.75310814315235,0,0,0,0,1,3,5493.3970828956135,0
1328.3523526210927,1706.8308793838212,2,1.7879366960970806,211.29897160322406,2,0.19627602776925268,395.05198421552626,0,0,0,0,1,0,4219.935297456774,0
2128.441717585859,2542.390856545083,2,0.7414100974821176,191.6322372358959,0,0.947668889587965,459.1085531028337,0,0,0,0,1,2,6375.56186275866,0
1508.484913478359,1796.2768456642443,1,1.1719813155160534,149.19817039601924,1,0.15095523888961232,384.06953473233665,0,0,0,0,1,1,4532.508616895069,0
2178.7146245345134,3301.2283573317536,2,0.38302752430652165,48.402708010112946,1,0.35619218403288355,217.98284158679772,0,0,0,0,1,0,7878.553222777211,0
13161.244205405208,21343.462832292866,2,189.4903885899293,275.70284593490885,1,9152.522225395322,314.6843321805633,0,0,0,0,1,6,50116.9981548028,0
3056.4117120281016,4634.007829391694,1,0.8586326398081079,247.54707857993537,0,5.023897339089395,113.72661120270811,0,0,0,0,1,2,11074.316842342396,0
1379.2259854387578,1303.4301585282205,2,1.7046443727071163,127.28813291125005,5,0.30684404679380095,421.2924055979999,0,0,0,0,1,1,3195.809811349529,0
1816.0449899063728,1911.7351888386422,5,1.902426835404582,53.328780056401435,8,0.1762303209050085,191.40341545248847,0,0,0,0,1,0,4774.192779502617,0
960.242398248572,752.3201731205486,2,1.703191212614295,247.8806768569331,0,0.09083741271810863,10694.084924840814,0,0,0,0,1,3,1940.4088282410373,0
1501.9584815751302,1748.8576410697913,0,0.11365949860278438,19.39553903953278,5,0.19043584323840945,203.82374348680372,0,0,0,0,1,3,4492.2625117119715,0
2150.5615518205004,2891.3034669926933,1,0.709372725601112,304.77646478021694,1,0.2939153410692774,195.72131174572033,0,0,0,0,1,1,7108.059953471072,0
2459.7255649122812,2637.548260331281,4,2.335946960890716,182.60716426948412,1,1.5641913694058232,367.72267638590154,0,0,0,0,1,0,6446.861725361319,0
1333.8828540353882,1224.2607328054007,1,0.6537876638026234,172.3360945002769,1,0.08948994842590827,462.93702527886137,0,0,0,0,1,2,2114.377614611772,0
1291.6901885404156,1421.6345824033183,3,1.5050593527106775,179.75313246025055,4,0.11059269261441172,300.78733830606507,0,0,0,0,1,1,3625.7241274821745,0
1730.2851091501634,1770.238564156676,1,0.6570995433857353,101.38038127204125,2,0.053801542683351786,149.9061934969247,0,0,0,0,1,4,1654.2884102648457,0
863.5934138444171,722.8399200831512,3,0.4515580268435454,368.24526062479094,4,0.02670989227318591,98.42967396226405,0,0,0,0,1,3,1046.2086527659692,0
1538.9568456238849,2010.9988096295592,1,0.2561685245870394,222.46182187108582,3,0.023638162100490162,200.48604714943974,0,0,0,0,1,1,925.136562712211,0
19755.80683845224,29876.453951231717,3,3.4380874305372293,127.70485220374866,4,107.94645869738409,255.45121734772204,0,0,0,0,1,3,71260.1575641929,0
692.9007491048551,699.0993567975929,3,0.001567653779140432,70.40174498941033,6,0.0042538473148324,143.65281014643713,0,0,0,0,1,5,78.17690232069037,0
806.4885852537012,572.4787112261538,1,0.058140352819559205,10.16568474793555,0,0.05030755772017344,344.01666798215354,0,0,0,0,1,4,1492.2057094435136,0
436.54801285503794,495.9213581902933,1,0.02630952928590916,277.27844630101885,7,0.03951089672080753,205.4523973768812,0,0,0,0,1,0,1273.6726308001375,0
579.0124114103347,380.1781424964952,4,0.018512369070851523,34.92139489695715,1,0.024505595362700923,150.08551386262684,0,0,0,0,1,3,793.0749025908281,0
699.2925456298681,623.9403807492835,1,0.010954923302533805,220.78393101104348,0,0.020448833422123405,582.9324682871106,0,0,0,0,1,3,613.2238268557917,0
299.6336340494719,347.8375843018263,3,0.0023938975885221146,174.43490860869042,6,0.0051949390918438615,277.8351902135604,0,0,0,0,1,0,161.8003641933699,0
11084.585520573119,18220.28981117436,2,1.1832257769169825,228.44291186233642,1,62.71484680579573,368.3653426211929,0,0,0,0,1,3,42633.340571737,0
244.50948049182003,150.88691520961547,2,0.007585656405734108,2.5754328827062465,2,0.00909327857371865,114.30300822972046,0,0,0,0,1,1,213.45736623893308,0
8872.888981205562,13312.26916696431,2,0.236156379282832,102.13410144038087,5,10.669869591381914,150.09225809390247,0,0,0,0,1,2,31825.159608797545,0
8372.756626471577,13030.609329767169,1,0.5159276906846096,41.974800173071706,3,23.95474136253562,168.34118198750144,0,0,0,0,1,1,30885.366057692525,0
1458.6663942226523,1511.2180254014966,1,0.04563071183109771,79.05878874034133,5,0.19237142980508498,398.91529138992047,0,0,0,0,1,0,3718.5087309461314,0
1360.3065118463687,1218.2853678430765,1,0.3703938389511003,99.71226514082512,6,0.07705523506687988,270.82488239752456,0,0,0,0,1,2,2433.008333034067,0
2028.951096368058,2473.9799515619497,1,0.15240521484767422,167.44081098535642,1,0.23564499063821515,285.5654187689289,0,0,0,0,1,1,6150.093392098864,0
2050.9810018254334,2551.309118604695,4,0.13894093911780553,34.651566281756146,4,0.23722430716179876,122.55655692927961,0,0,0,0,1,2,6398.1886463730225,0
1071.1068745062723,1507.8490494866219,1,0.08417587173513622,6.478188501901393,3,0.1447628812865674,74.78787591943126,0,0,0,0,1,1,3681.184275955694,0
1621.4245547499906,2193.275552880939,2,0.2129271068127904,113.55124493271977,2,0.21586475997310645,61.64316437701344,0,0,0,0,1,2,5396.571062935602,0
1911.4116631546863,2141.6475055365377,0,0.12069639417252566,100.36089813619361,2,0.20831931196807418,174.03161585199388,0,0,0,0,1,0,5324.381051962263,0
2743.1159789118506,2747.4569228961154,1,0.09011811972574792,233.91797614113858,3,0.16100184147836827,162.49761325195834,0,0,0,0,1,1,4152.708231714436,0
1476.8199985472615,1830.3698072898105,2,0.14798004463022868,17.867766582652038,4,0.187730253062051,104.94097420477142,0,0,0,0,1,0,4561.409472867293,0
1427.8200634880982,1881.5845183604642,2,0.14098563922336832,33.81173735298948,3,0.17633976553315392,119.02215698974575,0,0,0,0,1,3,4675.213980815541,0
1458.4352814034378,1948.178208700379,2,0.08518716632956289,341.6092973586237,3,0.4113902841271634,187.48693046692813,0,0,0,0,1,1,4798.859481078723,0
1638.437463777526,1571.1551883590485,3,0.48825904995856145,94.45012362672706,2,0.14133487861872257,388.2557858236063,0,0,0,0,1,1,3794.0130945417077,0
1261.9516021203028,1440.9760821775467,0,0.05342441862813008,185.19666129283212,0,0.12046761477281759,282.8263540924906,0,0,0,0,1,1,3688.085191963746,0
1329.347050426994,1131.1214775916162,0,0.09868148700590308,211.68225583987976,2,0.10842526319379242,369.2872514664209,0,0,0,0,1,3,2733.2976284223087,0
1814.6883454279766,1627.6282733205835,4,0.08497116749470278,246.94448688592777,4,0.14222514630220578,126.20460737478614,0,0,0,0,1,2,3779.650391877686,0
1266.8033250101741,1400.3581335465842,3,1.249064055895918,46.20182025530525,2,0.13362154881817262,171.29640909213714,0,0,0,0,1,1,3570.942853297857,0
1235.9813985768178,1222.335299833829,3,0.08289491324692863,37.48895640707719,2,0.1291270730910072,218.63273059885688,0,0,0,0,1,2,3114.897716287899,0
1142.0251363878958,1610.0759965950385,1,0.08565357337456235,131.30877905900323,5,0.14824158637281276,150.89515280624366,0,0,0,0,1,1,3924.0675891851106,0
1225.9808437037836,1247.0489144257392,3,0.06124849521215924,29.41901034000169,1,0.10816573967800477,208.97431570077936,0,0,0,0,1,4,3293.050041149151,0
1212.0130675750709,1058.6912438058723,1,0.08204433450840842,130.91380108997544,3,0.08501278633548467,309.4913380360118,0,0,0,0,1,3,2644.2470028464763,0
1018.3248106237558,1072.153528754591,2,0.2975942517539329,44.931977889949536,3,0.0950898002548446,150.8416499996165,0,0,0,0,1,0,2715.206998717611,0
6751.051596646725,7830.734037022827,2,0.22042186347658654,335.5857496727756,4,8.842959293199758,191.0769136267745,0,0,0,0,1,0,19271.697880601983,0
1362.8507069293757,1703.8315932067092,7,0.12413452525849496,95.11349506860822,0,0.1558645654146878,53.52409838786126,0,0,0,0,1,0,4246.666287284148,0
1459.627692505233,1795.4072718607836,1,0.12357945438214471,148.85275565850174,0,0.18090876914222023,71.82061943941554,0,0,0,0,1,3,4534.204988507095,0
1474.345029619728,1700.2391278096725,0,0.15188008075883605,177.15268803257322,3,0.18076166753631007,503.2300939643521,0,0,0,0,1,0,4270.969621367114,0
2091.500718606254,2400.942402265601,2,0.0986529352320317,171.64416246350905,1,0.07585701786511904,295.7368450276559,0,0,0,0,1,1,2071.286333096362,0
1321.6324754794946,1625.5919997949645,1,0.1499740807591015,148.62362895761714,2,0.14598569608137987,369.06739688402104,0,0,0,0,1,1,4088.5540190270376,0
1310.3087866451547,1859.5695736389712,3,0.10293188222707247,16.985071518488315,1,0.17119079838293474,264.99274875761284,0,0,0,0,1,1,4524.964804834626,0
1565.2746475496608,2035.7675991440376,2,0.1542135614455726,60.73876479279258,0,0.22550300052057531,98.96793379731012,0,0,0,0,1,3,5070.797874168593,0
5256.627512842495,8070.594155626997,1,0.6806509047706619,285.85276035263166,1,10.548581683978098,424.690502871488,0,0,0,0,1,0,19193.559088547798,0
2981.967974358676,2862.553993009839,1,0.08159471910695576,137.10139050473418,3,0.2597100170469549,444.19911474475066,0,0,0,0,1,0,5228.086022587398,0
1899.3598607611352,2327.943292435876,3,0.6329287167897168,212.89124539457853,1,0.2510490898182475,325.2255219015653,0,0,0,0,1,3,5859.841652104703,0
936.546682458172,940.667932690884,2,0.07241423330422805,96.1617495656123,6,0.08836885185615742,177.76901101834648,0,0,0,0,1,0,2416.2405716672047,0
1003.8395466870625,915.0057549092029,1,0.21383730282188393,17.06440977863592,0,0.07387260833879086,278.87687949438515,0,0,0,0,1,1,2273.2469199781935,0
787.9231163116773,667.023156694089,1,0.07921061010219801,231.49205534617082,5,0.07401223710210272,76.42704792296048,0,0,0,0,1,4,1918.9726098819945,0
1477.1823597999435,1585.1483501566352,1,0.09813914638387654,143.28893564739292,3,0.1337752670145015,313.15111789619726,0,0,0,0,1,0,3990.791427164222,0
1114.9236835280208,1035.940359908188,3,0.05470328528671662,375.07348851745706,2,0.10912635018885934,453.86178682508586,0,0,0,0,1,3,2730.853503192886,0
1626.9604615398912,1812.137631459588,2,0.7516333122793002,196.70595665470185,0,0.29069641877606955,438.9765431136901,0,0,0,0,1,2,4596.979445422712,0
1153.4642411708198,1478.1191664743953,1,1.9129073711583986,18.314895560115406,0,0.15224943537133984,164.55655330367847,0,0,0,0,1,2,3690.250084868683,0
1311.9057960284474,1385.2084447424875,2,3.4363648194080016,206.8145445134597,2,1.0175855106517213,167.45380430234349,0,0,0,0,1,3,3598.85344751753,0
1153.0209578259603,1326.966263841806,1,6.276783988075593,151.5429417298757,1,2.528457720599902,470.02914813192956,0,0,0,0,1,1,3379.620358061822,0
759.5274562679382,619.0923180445251,2,2.305030784000075,39.28269322844554,3,0.7187199678773007,142.91955893009836,0,0,0,0,1,2,1566.0725435377076,0
1309.051217462956,1277.126184369614,2,4.3851701481068,46.08461491234666,4,0.10983455430309595,194.52470068265467,0,0,0,0,1,0,3025.982400326977,0
2040.8667631676112,2159.177256655661,1,1.8961664105943778,421.6767892322527,4,0.0963231176193328,43.49620040765559,0,0,0,0,1,0,2440.016481814824,0
1570.9553022306382,1548.9032097450056,1,2.6553454558907177,38.98157806781685,3,0.17613464782408117,138.5132802080372,0,0,0,0,1,1,3921.1983179547483,0
1608.0296322791808,1503.7284894761221,2,1.555480809597665,213.61371622539704,4,0.14188526278736874,151.82111510144063,0,0,0,0,1,0,3315.3357857119477,0
1206.6295284141504,1099.7055411595884,1,1.8067112611015885,211.40725875176545,2,0.10934529367190618,280.9152689891969,0,0,0,0,1,2,2800.8077987006664,0
1533.519112504978,1880.005537371983,2,1.7374312313517897,202.77012550352222,2,0.2015613422299867,281.83169598022187,0,0,0,0,1,1,4718.094673767393,0
1073.2919503289895,1371.3094510137262,1,2.2625823528192557,28.00452794122121,4,0.1722209375249118,29.109517735604953,0,0,0,0,1,2,3437.654714517248,0
1453.070589389172,1617.293525528089,1,2.103847586237335,48.95263933493979,3,0.12698852588394763,125.39508702788726,0,0,0,0,1,2,4138.1985788219135,0
1267.2702469041603,1738.70588312903,1,1.7419845712651585,215.69916162297963,2,0.1346742787852749,505.451076544702,0,0,0,0,1,0,4251.797327025159,0
1130.5049843545128,935.9913335069406,1,0.752743596414757,310.7581756888021,1,0.07164625897259483,397.9970416118023,0,0,0,0,1,3,2374.921554995308,0
1199.9091075770991,1108.0990184439515,2,1.53953438872774,71.49071786222905,5,0.13081564580814617,163.84087342161428,0,0,0,0,1,1,2600.152136005304,0
1342.8731530823984,1168.6183929510337,3,1.822852403883299,198.93112360242588,1,0.0713862494676403,444.73172154610194,0,0,0,0,1,4,3103.5583946904303,0
1129.2842983870512,1636.0491756386818,5,1.6851002992886754,110.33736824139555,5,0.13220771693884406,38.86178868621074,0,0,0,0,1,0,3957.797065539826,0
2566.8227713712745,2590.4244204663396,1,1.7493334382486898,131.8639975296445,1,0.058883963066665095,117.69004303358338,0,0,0,0,1,1,3593.065965469861,0
846.704005691548,842.5722613494966,0,2.0902271205539384,291.21188977105015,1,0.113961992924797,427.56555808236305,0,0,0,0,1,1,2141.578004878657,0
1876.844976930433,2034.4406026431575,3,1.7260887265251534,52.158976488993986,2,0.20832476863804397,368.91810196498966,0,0,0,0,1,1,5114.766705512484,0
1327.1081874708502,1560.0618628601594,5,1.462015782707083,133.4301770719977,5,0.011517536150225027,267.59899919240337,0,0,0,0,1,0,3901.007315689747,0
1578.1570707296999,1835.0749252016265,2,1.9671611745003255,14.727527640759146,3,0.19269268028947867,81.61782966525439,0,0,0,0,1,0,4577.629476995483,0
1104.6202897641413,1254.1452220535657,6,1.6540056002896701,215.8922036433335,5,0.2204324424573684,75.68012823537097,0,0,0,0,1,0,3136.9306903375536,0
1593.12618911032,1672.279374300833,4,2.094264045072051,29.54964986240211,2,0.18992283265962437,237.56210004885915,0,0,0,0,1,2,4393.580165819303,0
2167.6401377510656,2585.197946663703,0,1.7720560936575303,398.32864889117536,1,0.24840456713308479,311.1515597976487,0,0,0,0,1,0,6422.69032686512,0
3914.9292668384487,3946.910480668077,2,3.0393386529487385,211.68607676290813,2,0.23714848324484902,266.871664274791,0,0,0,0,1,2,5941.116522272942,0
1626.4484306179143,1738.4156084477097,1,1.9084345418323512,111.90570948813048,2,0.15821256717077975,119.10634044638037,0,0,0,0,1,1,4452.774752536136,0
1001.6665934180032,934.4918667739557,2,2.6144393206599306,66.70481167429045,6,0.1391384457037875,181.12568492380333,0,0,0,0,1,0,1603.5292407858442,0
1963.4475580202932,1865.2131635101907,3,5.675974219683525,162.24925910431318,2,3.942570583899346,270.50968718592037,0,0,0,0,1,2,2774.157907151959,0
7164.610655028315,11046.758051712628,1,6.893791231355287,239.60073972308624,4,1.5455387836283674,212.03764076477012,0,0,0,0,1,1,26239.950791529147,0
9264.033295641926,15316.944791722708,1,8.815701174715805,205.98599896595732,1,14.46834873309685,345.29989305823085,0,0,0,0,1,2,35787.984881200624,0
7058.109069144773,11467.04882863533,2,5.895337968996359,183.49423541671243,2,7.815487581026068,201.14265818542185,0,0,0,0,1,1,26908.26363390863,0
901.6428123215184,994.3290533708143,1,3.9070133857277773,6.6245435615915405,4,0.11459846381022179,86.83708455881879,0,0,0,0,1,1,2578.7613477699297,0
6981.983644517065,10600.185032609843,1,4.017323314523546,320.3215535607785,3,8.063399105268982,123.57106061373719,0,0,0,0,1,1,25280.522960279934,0
1087.1261051115318,1262.2276375549889,1,2.645939576708079,269.84178676295437,2,0.5483934852707324,374.500803577371,0,0,0,0,1,2,3229.7539403881087,0
6102.122173912622,9524.087779493111,0,2.666768119751745,95.13909991422038,2,7.636752013387306,144.1462453269139,0,0,0,0,1,1,22568.00943419177,0
1220.4913508773225,1228.1805842265621,2,1.8781660653321948,155.67141286789672,4,0.14495187236894858,249.67551260142875,0,0,0,0,1,0,2923.085294876532,0
4982.890599207106,8187.665761444556,1,2.907595971409468,36.97982747118638,1,5.7276700108274365,278.10960948696703,0,0,0,0,1,2,19162.399994482486,0
2337.4885105111784,2806.0474748064944,0,4.027168209035894,237.24938855123963,1,0.6169143067362614,94.2924967456457,0,0,0,0,1,1,7011.679258503092,0
1086.7822291411176,1114.4988139951563,1,6.323026826880666,268.5665257819717,2,0.9939930186599294,351.7039737339831,0,0,0,0,1,0,2710.382272509064,0
3222.347142500745,3152.023787772042,3,4.770655843389211,101.90198538884634,1,1.2224411591830848,339.74443636568753,0,0,0,0,1,1,7065.116581514037,0
1014.3192047980486,771.6252453959946,4,5.335066792660886,210.55903545663602,1,0.6424725198015299,453.85802004845846,0,0,0,0,1,5,2148.455917775483,0
1217.6825126085716,1398.9695186308145,2,4.922664514927324,7.892980870087321,3,2.154328480013157,257.4807905543628,0,0,0,0,1,0,3570.2545204483313,0
1242.994820261017,1172.075829284043,2,3.7532538845859014,308.9548705771543,1,0.10095225431745689,312.67418919695973,0,0,0,0,1,5,3169.9913029114578,0
1068.8666583774186,1289.9372225991162,2,4.438149103463976,171.85649705103341,5,2.668219427290941,155.04657820007503,0,0,0,0,1,1,3264.919066716541,0
3643.4285999125677,3902.946242870847,3,4.13432229349254,171.86893829071187,2,0.22599844652715356,262.18387442420226,0,0,0,0,1,2,4685.057659852036,0
1781.2316287000567,1728.580991667627,2,2.7202034134547137,242.06908766957116,7,0.24295751699529974,177.60123189689932,0,0,0,0,1,0,4036.017647829301,0
2291.4512909584464,3091.9726059315562,3,2.4488079035347687,87.39743724027589,0,0.8309536349690463,393.18047316453413,0,0,0,0,1,2,7595.950756901702,0
1319.30420062237,1419.917458432224,1,2.4985991067962257,14.438870548723516,1,0.04480660551349257,123.08946529052295,0,0,0,0,1,3,3677.604870377055,0
1336.439822046025,1169.0474202501427,2,2.661245112149031,140.33505409777322,2,0.09841615750380853,154.03244345684124,0,0,0,0,1,3,3034.2774892902376,0
2100.790657651208,2662.6163149287436,3,2.8999903588837697,59.78167769026492,1,0.8481299834971175,437.7160747224486,0,0,0,0,1,1,6615.244496751626,0
1265.5701735825596,1128.0009088112542,2,3.4948794537384957,158.37945051085697,4,0.3443027719055691,425.77636080597915,0,0,0,0,1,2,1772.0080145435306,0
1520.7637429584954,1338.750201807654,4,3.0719029779344096,113.17295200102188,4,0.3781015847009239,10502.948486595229,0,0,0,0,1,2,2533.228034536509,0
1311.659412906306,1096.729173209733,1,2.4211586290764537,21.07475219294988,0,0.07174156369209875,161.57471884559314,0,0,0,0,1,4,2948.3595188404215,0
1361.8199789513376,1167.1482732663671,3,1.6808162366526678,300.2089647625089,2,0.06611513575745923,473.58083687113793,0,0,0,0,1,2,2893.5797907003853,0
1359.142375700607,1820.5626873640158,0,2.3256383919943007,176.9228116993587,0,0.10840765787943331,123.7709201907332,0,0,0,0,1,2,4498.82493086142,0
1318.2022601897145,1504.4973218619946,2,2.0865886119368393,199.03213217361986,2,0.12033000666265335,441.37316159981447,0,0,0,0,1,0,3771.7475795494747,0
1336.0869772421117,1309.9730399690663,3,1.053106566580566,334.8975446934302,1,0.15245064111100093,453.85298624482743,0,0,0,0,1,4,3447.011015536525,0
1795.4705651618535,1755.0860124980222,3,1.768796939183436,274.83991507730724,5,0.19988420717081493,186.63079291977775,0,0,0,0,1,1,4291.966066167381,0
1721.2746088277174,1718.5031586361415,3,2.1709170905909554,28.132389402234878,2,0.12135754060158604,274.2390682071508,0,0,0,0,1,3,4438.290764424176,0
1470.1399157024834,1644.8969742579363,3,2.511469562503139,72.14781042030165,4,0.1268097325381427,76.39558016794106,0,0,0,0,1,6,4283.0513826997485,0
243.11311643901084,269.9219323743155,1,0.0006486228140818186,176.8017499572618,3,0.0009185403379622869,157.6060504621038,0,0,0,0,1,1,0.6760140883238156,0
1595.6556896424559,1644.508024413392,1,1.4563137069468037,51.28881595823445,3,0.12254294014802888,157.31170275853844,0,0,0,0,1,1,4126.7986057497865,0
1726.288778654595,1834.1052925866588,5,1.8191376595737911,52.63687197952377,4,0.13625782609304438,386.57807241656934,0,0,0,0,1,2,4675.877763635657,0
634.6821014822957,407.2996654198484,2,1.9493092850904872,188.51538951910538,2,0.25244180896380086,67.57676723536653,0,0,0,0,1,3,961.0891179996581,0
1099.578883505825,1170.7645077095522,0,0.12185010122812018,98.59813435131154,2,0.05740041409869227,308.48437689410787,0,0,0,0,1,0,2935.261755590846,0
553.1416163993382,672.1181402009903,1,0.002535789903701316,297.0710380571806,1,0.0076516204958434995,368.6016728084518,0,0,0,0,1,2,168.32907761362645,0
465.7529475930004,641.885551325943,1,0.0017008500565234847,33.954049395554705,2,0.0028914059335962833,106.54852017318143,0,0,0,0,1,1,35.955501299721234,0
175.80036513117042,114.61315041304647,1,0.001480879098606359,123.50075081355392,3,0.0008646540071135431,163.38178679804585,0,0,0,0,1,2,29.858162394306575,0
338.9651310677444,360.96279298070993,3,0.0008015711154913103,228.19889594310322,4,0.00036843035752176495,86.46082125207026,0,0,0,0,1,2,19.166003869570304,0
521.8971288539468,712.2539969603783,1,0.0012606503173586334,274.11949754889196,0,0.0018081694424773721,379.1635496017003,0,0,0,0,1,1,46.51722052047408,0
571.5270868240681,820.2868669151173,2,0.002737900605219547,43.72004155845774,5,0.001477739854867263,182.24076623683135,0,0,0,0,1,1,16.88529336478281,0
465.7467785757552,529.921380536973,2,0.0012126694384784159,171.51197859843575,2,0.0025458086083548423,508.7843891997101,0,0,0,0,1,2,17.224561317163353,0
337.1800105525673,151.51009526376532,1,0.5722442331704654,10.898619356047275,6,0.1007921403879325,27.980697477533155,0,0,0,0,1,2,569.8617823030332,0
627.8782536337762,870.7076207307985,4,0.0015780211259978898,146.03027439885236,5,0.0017226388933641932,248.67788413138635,0,0,0,0,1,1,38.3057685619366,0
423.8400289193914,459.63959485114265,1,0.0007202289385838571,260.7069683715283,1,0.0006304208377967118,185.46236279848728,0,0,0,0,1,3,15.762779732010074,0
725.9018366234515,1124.529809438632,1,0.0014382510806903329,205.96935996172687,6,0.0016967115444034772,342.91515352477654,0,0,0,0,1,0,23.319840695545405,0
1178.8927932888848,1690.7752415860564,0,0.005755225807595042,114.32521275146482,4,0.003181991853809768,142.37884718794646,0,0,0,0,1,3,118.12834535067333,0
1379.2533472891498,1429.0801932549036,1,2.31330561374861,229.19503846660356,1,0.2003716524149274,536.9760397736677,0,0,0,0,1,3,3675.5439953164823,0
582.1030670115126,848.3596962418611,1,0.0009303588147743859,180.42752232542992,9,0.002596438398183014,288.86991537990855,0,0,0,0,1,0,32.450246004174275,0
376.70451410184046,501.76076186475143,3,0.0009898764234583639,17.985126875945163,3,0.0004694200763181387,283.05192053593294,0,0,0,0,1,1,16.003330429344178,0
2446.944475920185,3946.5923348003525,5,0.0019182884111365618,87.96770763066176,1,0.0006920764439093982,400.0977256937952,0,0,0,0,1,3,15.56882551607798,0
454.3058213146887,473.96955992535567,1,0.0010019197479592672,24.915227173989198,2,0.0011754115383446348,37.10702056582433,0,0,0,0,1,4,13.457119534793781,0
905.219018149167,989.6010592093321,9,0.030273474817046318,222.1788497622907,3,0.11181420106282539,340.3600237347596,0,0,0,0,1,0,2515.352530222132,0
453.09058491656765,627.5546522010189,3,0.0007482695309076316,69.29291559047937,6,0.002330662431904036,376.17995405185417,0,0,0,0,1,1,10.43967886902251,0
443.0790499837407,591.0140029471241,2,0.0008061009183598128,17.97538507214218,4,0.0017405851263343364,178.69768921821708,0,0,0,0,1,1,26.36782318625487,0
407.6999204780261,300.88222656066284,3,0.004235550318470659,115.90103409241132,2,0.007931882704277759,243.55961805254816,0,0,0,0,1,2,265.10324276096776,0
1191.1571468802292,1944.793328506508,5,0.0008092228779042077,179.44550572701155,3,0.0007734108321220077,424.38544252241104,0,0,0,0,1,1,17.818667994662036,0
439.6871962540289,515.0235246737603,1,0.0009422675759247865,265.59621356291717,0,0.0011397102429568304,446.4315031479057,0,0,0,0,1,2,5.319362599319167,0
558.8116396644624,868.7047010361767,1,0.0008285656162807372,82.51700893793931,1,0.0004260509364159103,293.0940235144045,0,0,0,0,1,0,4.521395083607275,0
571.5710850934047,716.9444881976937,5,0.0026846946545641273,275.56314674996077,7,0.0006614033615042126,530.2687539249563,0,0,0,0,1,3,0.5206178794155547,0
904.3103966601318,977.9344393053625,3,3.347204752354047,228.7455417099267,6,0.5957620296484719,175.04660897241044,0,0,0,0,1,0,2509.68977651347,0
3625.7848202436194,4622.701233749225,3,2.7370119709708507,77.53237322797436,2,1.90107876240484,210.04254777814117,0,0,0,0,1,4,11476.942012043875,0
2055.737008585716,2156.7975742384097,1,1.846133704949398,369.4122848565436,3,0.25814177187976894,407.30280068456597,0,0,0,0,1,2,5445.269227583331,0
933.8705734876623,1346.7415309145456,2,0.0019013341345093663,181.91777676483116,7,0.006483237600095357,153.30521726953504,0,0,0,0,1,1,95.80197170397318,0
819.6819973626162,693.160689973149,0,0.008615855830605392,499.0251486585058,0,0.04790906451049107,476.4479314141654,0,0,0,0,1,2,1178.4476087516578,0
819.1695532090765,826.2661845372813,2,0.26268731271306955,10.093488128943253,4,0.15581672063593113,236.18836917645018,0,0,0,0,1,2,2225.3934540030764,0
3652.1055613104136,5658.179522208037,1,0.05004840576179745,199.04287378855753,2,3.1842775362804585,262.4046658889346,0,0,0,0,1,2,13442.175705763124,0
3343.4485012705163,4684.729331837804,1,0.962468103621511,23.84517700095772,4,3.3849309312735185,269.38508883841405,0,0,0,0,1,1,11414.130368602946,0
959.8530674771367,827.4249911207189,2,1.003185338414085,11.16979026414197,1,0.059731915625265815,212.16203216038613,0,0,0,0,1,3,2178.9950752380123,0
2552.1175077776434,3776.7620145106825,2,0.13150721247379027,182.92381984914906,4,1.7032892293498487,365.066290291149,0,0,0,0,1,1,9073.561559639691,0
4071.877486588798,5571.169456134176,2,0.08528620424056314,145.75297733523476,5,0.013577527049914695,183.75781431339246,0,0,0,0,1,2,2411.455552847692,0
2400.5823314023646,3208.2562745496025,1,2.541990361312129,236.69356311743667,2,0.83781247143125,289.1975690749286,0,0,0,0,1,1,7873.77750520978,0
509.48202827613085,576.425417602694,2,0.18557605313465178,268.16641939089067,2,0.007364315394495139,486.1008233918286,0,0,0,0,1,1,288.4715572723317,0
420.90234631090755,368.57952136788083,2,0.0005894412727545741,161.56898426022283,1,0.0007258050548126069,289.9678728752396,0,0,0,0,1,6,20.23157282681514,0
555.8177507661962,642.8784611352031,2,0.01194522451789249,23.579821342428616,2,0.0047122939532695095,194.69842584367944,0,0,0,0,1,3,134.75429566559413,0
1101.3971666598027,1105.5598261514754,2,0.36770261315962716,429.0433335736067,5,0.09363876367664042,157.76847112168633,0,0,0,0,1,1,2746.6999413647977,0
1169.3616926180746,1090.6573144163028,0,0.012837453409649792,210.13495122384006,1,0.2034641922537008,226.03192908868215,0,0,0,0,1,2,2798.613211920895,0
539.9956940013932,647.2074395220891,2,0.009661630118875759,70.19643469417213,3,0.007950152709037723,365.95916336952286,0,0,0,0,1,1,197.51228336180685,0
3591.787799794399,5265.286832684423,2,0.07564013489366707,286.42796633874195,1,3.75509439186084,349.2558638254647,0,0,0,0,1,2,12669.677112645337,0
320.8845364176348,291.7963116506991,1,0.002648426135093346,29.867644980134845,0,0.008245364633299432,329.98806277943834,0,0,0,0,1,1,158.83762027360416,0
341.126288574897,205.27170890897887,1,0.6527158178489364,232.46502212269618,2,0.00668241529325029,111.03015983825787,0,0,0,0,1,2,558.5782380166942,0
5052.601196592472,6631.629642243864,1,0.31313744112120556,226.57203492063783,3,4.479426272347592,307.6131871196107,0,0,0,0,1,0,16230.904097863699,0
7093.748675588779,10195.625403201308,4,0.14028814375549473,115.39266713723228,5,6.255031216564935,190.64322205896877,0,0,0,0,1,1,24592.330277858982,0
991.0613451484841,1566.7187983960107,0,0.0005294416551265729,165.59989036380597,1,0.0012719898315713364,286.2841708083524,0,0,0,0,1,1,0.2633558301100157,0
384.9766367776366,473.16369933388114,2,0.0005430291316159271,41.859128202689874,1,0.0015273383062900897,294.73542571195026,0,0,0,0,1,2,7.633177641742938,0
1219.1991769240353,1898.7301096297315,1,0.0004841761118426424,414.24848882186507,4,0.000393819355300191,145.4969478189357,0,0,0,0,1,2,0.08851469069814637,0
336.77913937487835,407.90819848041644,2,0.0006893760973305015,78.8107277334849,2,0.0009474967518660169,112.85013449692273,0,0,0,0,1,2,0.1586511272550562,0
742.3976338614157,751.3851042613579,1,0.06232986138311841,367.71497232979175,1,0.01834314460157513,420.30019494351774,0,0,0,0,1,2,476.0224304603635,0
765.7663511478866,955.5154872240191,3,0.0008639603141286619,246.19489044932075,7,0.015367005958082935,157.5795268568265,0,0,0,0,1,0,592.0234505871852,0
3981.424003070537,5601.960393761843,0,0.10692241859206258,289.46557367472803,1,3.5341385341231355,287.9787685686421,0,0,0,0,1,1,13590.402714091604,0
5310.000016903146,8685.665709321624,3,0.4051769270260156,30.243259457961457,3,3.1084044217570725,119.44913148976407,0,0,0,0,1,0,20349.00219242153,0
2958.2989218742064,4983.439708491242,8,0.0006097688352500488,296.69371927078646,2,0.0016830913290602314,401.3433534424414,0,0,0,0,1,1,0.989409584079536,0
486.4796772345155,469.2120907145786,0,0.009166644801126403,23.283927452559045,0,0.00642213987777404,145.76460434150601,0,0,0,0,1,3,186.88846324674108,0
514.7650051337222,695.447770285643,2,0.008846064665645076,286.493161108024,1,0.001376499808887725,413.27473902984184,0,0,0,0,1,1,109.84370018994086,0
1269.0781128885637,1185.1050850432944,2,1.129263290046601,105.04160871724189,5,0.25793117570119173,263.9387340588299,0,0,0,0,1,0,2541.10668144517,0
2185.660685489341,2349.075129139781,6,4.149290854704233,45.63035637803914,3,0.32186138285932236,404.5504666389162,0,0,0,0,1,1,5866.830544271057,0
1924.0649620345587,2620.0654745246525,4,0.011683944797019704,15.942658030204184,2,1.1809978706760889,236.9543571075049,0,0,0,0,1,1,6411.154299103006,0
1110.7078043710462,1082.5764799221668,2,0.04196552261380712,302.170448662878,2,0.12439879917330851,310.67648399176596,0,0,0,0,1,5,2936.9988509494947,0
383.9104497536478,490.45572283977174,2,0.0008303131690485804,232.4823862198142,3,0.0012930903771735053,66.74224111019947,0,0,0,0,1,1,0.75614061011411,0
1061.945236470129,865.8402860766012,3,0.0666593304911368,132.07807659836098,0,0.0019371572832538788,278.2920418262137,0,0,0,0,1,3,2275.181619432048,0
2164.0072073473043,3495.821554089975,4,0.006768656544185779,194.93986085237415,5,0.0059237033774949665,351.3209007306349,0,0,0,0,1,1,186.99035815969359,0
666.2012396182595,834.060771632391,4,0.0010449202211797477,130.9009532089285,0,0.0009468039476086458,481.3422007825196,0,0,0,0,1,4,1.203626733408023,0
276.9984171567205,196.74870463181105,1,0.0005085155635776416,25.517686008744818,0,0.0020504443546570336,266.784430448792,0,0,0,0,1,3,0.3662028211616125,0
1218.9683006901796,1104.2550680596325,3,0.03238773571545736,268.174475609034,6,0.051699590155785916,158.3875502829324,0,0,0,0,1,2,1472.5377712240256,0
835.2523836054429,1127.4889453139815,4,0.0004033485803256987,201.48148175410782,1,0.002247455122873435,98.70302076037015,0,0,0,0,1,3,10.561449823972142,0
517.1521309763241,346.71095838750387,2,0.02562548309548768,381.09623213893707,1,0.012036053411353515,319.4271743524398,0,0,0,0,1,5,335.4011157517643,0
849.7640727048965,1311.326525145154,1,0.00027218256580860347,517.1371087841239,4,0.0007870519118994151,46.89640942828024,0,0,0,0,1,1,0.8812537530853428,0
602.9612477217918,953.2889843898671,1,0.001411986374444595,117.43904162586477,4,0.002208376901586948,176.12994901705065,0,0,0,0,1,0,75.80549466429733,0
765.7206680245275,1131.147561214875,2,0.002373187393034662,192.71644648013128,3,0.0015961595646223207,323.9779820997014,0,0,0,0,1,2,57.75027711482173,0
533.844595502472,781.8819351690003,3,0.0008722446989715357,61.09008040164052,1,0.0028177685732395574,407.2078507817331,0,0,0,0,1,1,13.807504347646592,0
326.12268395245343,299.37791992252664,1,0.0011193436296623547,24.01676929022636,3,0.0016706034940699697,153.2168121937974,0,0,0,0,1,2,45.23870231276343,0
290.50981802056907,272.3634804212098,2,0.00884140625323186,114.72549955570729,5,0.00934828158365287,104.76149069725037,0,0,0,0,1,0,327.23957932598165,0
1703.4732329633566,2714.555975629029,2,0.0034327441347421213,415.5507721898117,2,0.007559230341658832,289.75210752388836,0,0,0,0,1,0,218.47424174195416,0
635.6107770961098,545.8038801573089,1,0.003993500711343005,305.39788634136835,2,0.01495302690407542,10504.125987435122,0,0,0,0,1,3,568.8958722054291,0
4588.097910821529,7045.434269123073,1,1.534684950058874,173.97759923596303,2,6.9349282167892,437.66215935848226,0,0,0,0,1,5,16782.080544094588,0
1082.0956060729861,1208.0308584380077,5,2.3801404374107826,40.64455441795579,2,0.21849941857342084,127.39544193864593,0,0,0,0,1,2,3129.305222660866,0
1566.29835738338,1881.6306232310853,0,1.7802106101244117,170.85333977832138,0,0.8281521945511184,57.366366620218216,0,0,0,0,1,3,4773.055373733114,0
1840.402544107527,1997.470569244227,3,1.9596212798294608,365.3301573323688,6,0.11507107254611915,320.71720033029413,0,0,0,0,1,0,4938.267832890646,0
891.8469363512473,805.3323728848673,0,0.17524890732394977,111.72010865792656,0,0.05959730148415,238.17132569037892,0,0,0,0,1,3,2187.420833475906,0
1579.3945895096558,1547.930303684276,0,0.042624224672516385,316.21832241607297,3,0.08534362036599996,205.6945204940263,0,0,0,0,1,0,2560.020218511225,0
2941.249450188354,3130.8597037537243,3,0.9084164694766343,131.4819871395491,1,0.17171582711387567,361.154704180502,0,0,0,0,1,1,3958.7248497492865,0
1000.9421366506756,918.8824022211866,2,1.8034439899299435,32.46294027530025,6,0.4254851474998481,328.16172330307535,0,0,0,0,1,0,1914.629008011135,0
1309.5226618168076,1324.2534361389623,3,1.2053235162078069,50.70526194475916,2,0.17757468388606545,301.1979876828146,0,0,0,0,1,4,3510.8452177979298,0
2528.9168880277716,3686.6267734673756,2,1.1580517957875471,269.51815219815245,5,0.3830030530546899,102.4690187395613,0,0,0,0,1,2,8901.400327250223,0
2076.781571649044,1915.042068673613,1,0.7480859259921516,162.9768977082575,2,0.09052588514741385,131.8633687387598,0,0,0,0,1,2,3834.8685982474426,0
722.4061329068533,709.2451895820843,4,1.330472467854873,21.272217371460144,3,0.7716468832394,128.22433152169498,0,0,0,0,1,0,1782.062254745613,0
1494.5557388443763,1316.2341765030114,3,3.094559311222365,136.05603214293194,4,0.23674805750415293,172.9115909474183,0,0,0,0,1,2,2986.6726692044103,0
1324.964650048056,1307.3768075181497,1,2.0464338591278994,25.53721618101816,1,1.2971961383097779,201.76085860538356,0,0,0,0,1,1,1747.1327738549348,0
1630.9519031627865,1834.3396074853515,3,1.0478291490515885,188.7028717410965,4,0.5408706274715922,266.9199990976417,0,0,0,0,1,1,4618.084630523059,0
2375.927898021679,2537.9241850841922,1,1.8864900713875168,325.85076482158956,6,0.21455264556446146,198.26203602439472,0,0,0,0,1,1,2976.39941665001,0
1892.413545242536,2561.3592393011077,0,0.49124636742753147,231.38741301211036,3,0.30803411059920965,292.81789928639245,0,0,0,0,1,1,6290.89965940859,0
2200.2354248212587,2002.7871575840188,4,1.0840852304723345,100.36010721544872,1,0.17341002232041197,319.9769305401039,0,0,0,0,1,2,4352.847865052461,0
1047.4413974674708,975.2530793857389,2,0.04478004540746172,513.6173883316184,3,0.16579446583597698,305.3012045435722,0,0,0,0,1,2,1363.0422557936256,0
913.8601682185949,872.6501946507905,3,2.1810466008216673,13.075459918313667,0,0.2894748643904985,356.7924527082079,0,0,0,0,1,1,2205.7032141142654,0
844.9877630062101,764.7483788086175,0,0.29204778507909285,201.9125788427124,1,0.029786008910975333,258.9053669395431,0,0,0,0,1,2,2084.718675684255,0
909.5779180461911,821.797491501771,1,1.6794729942010331,129.42968281971153,4,0.03627445506045432,140.9129827981543,0,0,0,0,1,0,1981.1744246004203,0
2156.0769325582005,2133.099662747681,4,4.558929458085443,134.0184941052564,0,0.1633492085103392,288.628492279055,0,0,0,0,1,2,3097.55030045674,0
1604.946493624305,1542.2278283242604,3,2.80443287538678,220.23684051816932,8,0.37174469244745967,295.01237931522843,0,0,0,0,1,1,3459.8935701990235,0
1005.2876180493636,921.2100587328638,3,0.42832970278457105,33.68064077724113,4,0.012333345221478447,295.5432133976761,0,0,0,0,1,1,1858.1625540935574,0
524.5332204252471,727.3104219537906,2,0.0018653440702631951,49.73994901448667,2,0.0029413486128688562,221.75768452067098,0,0,0,0,1,1,79.59625473344069,0
1601.9471143463302,1797.4901994576721,5,2.022801535497136,263.13250132939044,3,0.27210024428974805,111.19060195429925,0,0,0,0,1,2,4616.71565743957,0
636.8839506695439,665.1731453993699,3,0.533053701596184,152.09277167587442,6,0.19532412403444604,184.7827707232907,0,0,0,0,1,1,534.6724257343043,0
1606.171307902088,2073.147387177881,1,0.7183147413749637,142.47934565259357,2,0.16555095798132208,76.41894418190046,0,0,0,0,1,2,5174.556311514864,0
2280.9311171375916,2552.0641167314216,1,0.837306617845284,240.31194192622695,0,0.2496669213802076,166.22152506855082,0,0,0,0,1,2,6434.687152179944,0
1496.3408754332047,2025.7110723254746,1,0.46779234643675693,203.62791328139204,5,0.2547460253311077,233.81451010711493,0,0,0,0,1,1,4972.442853485765,0
1772.6849613135812,2604.8870851274505,4,3.130886024678399,130.08946263303957,3,1.5596884038508003,147.90704065451965,0,0,0,0,1,1,6265.996701950496,0
406.17163375615013,567.033655522878,1,1.500891504399002,30.789909705498122,1,0.2755867474630263,6.450908892602243,0,0,0,0,1,0,1387.5958154981822,0
678.9345746719165,848.4258981262959,0,0.07313699159684306,60.9103573577511,0,0.08605963267329793,202.4300294381805,0,0,0,0,1,0,2121.4852977168894,0
32.28572649590299,29.144892563818733,0,0.0013470992099769608,8.632631730819156,1,0.003035487550727833,21.898571265583527,0,0,0,0,1,0,0.6353864391237976,0
972.6718648984561,1197.791205732196,0,0.06205683760071373,232.92271146950785,0,0.13635141567174125,250.73247788214758,0,0,0,0,1,0,2989.6465547301564,0
560.0330319127316,537.1502727051607,0,0.041057730548116386,58.572142067147716,1,0.19086914134965585,217.43739453749953,0,0,0,0,1,0,693.8221684428459,0
1170.751946371697,1914.2265466858412,2,0.9332822195354145,16.75226117212795,3,0.2386484778586806,22.27583835758216,0,0,0,0,1,0,4486.096246500105,0
1320.4997822406392,1667.1415951634374,1,0.6995643598906958,177.71670926162864,2,0.17908556048173094,72.86421634840782,0,0,0,0,1,2,4164.407780326575,0
240.71838668446674,333.85888417202904,0,0.001820213865335648,31.576034543895123,0,0.0016627152641861768,213.99881209052032,0,0,0,0,1,0,0.7757456717152517,0
539.2074823792326,834.0911352078601,2,0.0013442275242149522,10.67046678102862,2,0.09751440986935087,13.41570418055488,0,0,0,0,1,0,1983.1969772025166,0
599.1832203048654,930.6160456747454,0,0.0010693569838474512,202.6830620156502,0,0.0004279221616948571,139.93276748554288,0,0,0,0,1,1,0.20493501370814726,0
257.8088720160491,344.7387951627798,1,0.0009866719023559583,11.21613382976864,1,0.0008374643414672659,140.47851904661226,0,0,0,0,1,1,0.3501634772430921,0
551.220818790383,847.5925404936849,0,1.0237608738750914,37.36347020861267,0,0.08567977621113819,29.073288006265948,0,0,0,0,1,0,2019.0634260276067,0
202.13178492763137,238.99082390157534,0,0.0015712775369707875,109.32724062154419,2,0.0011262374704612635,315.6715372878507,0,0,0,0,1,0,10.216247931986569,0
668.5065376727739,605.5056062225262,1,1.2694730084433024,122.39214351784054,0,1.1455822420489392,256.0949731869205,0,0,0,0,1,0,1381.4916911791336,0
1474.5802268992604,1381.7113939337871,0,2.7116305300841463,153.39824634993866,1,0.41144365927343207,41.10300000481639,0,0,0,0,1,1,2369.7637679521968,0
776.0020908428244,913.7626233316287,0,4.170121031600722,74.25621506189434,1,0.34644876311035977,186.1316968472727,0,0,0,0,1,1,2313.1262734362117,0
1670.1547171393179,2186.2117563935262,0,0.09820325390258544,105.41857668984414,0,0.23529468145608945,64.17307236458132,0,0,0,0,1,0,5343.265193306433,0
268.21944526668807,182.32894509305484,0,0.006823900143170299,192.493104013988,1,0.006469326627157333,36.810199779093,0,0,0,0,1,1,223.9765740836074,0
287.6773229213276,414.05665907806514,0,0.0036300971986413175,198.63030456519164,1,0.00106532825209258,259.16938358616204,0,0,0,0,1,0,18.478238376141636,0
1008.3421869639831,1665.6550421293862,1,0.00042197272085599485,169.61100990132738,1,0.0006452541074342513,180.36227337714644,0,0,0,0,1,1,0.33735768505046376,0
78.13368065751418,57.39274509334676,1,0.0007573798814769024,18.684517961804367,1,0.0020018060438232775,17.47192736052131,0,0,0,0,1,0,0.5117488605259534,0
1589.6430625204125,2305.3087715830884,1,0.2644937724552046,184.70346369135012,2,0.38868039053125125,149.93210022460553,0,0,0,0,1,0,5564.365857384117,0
2242.884998613602,3133.219009735519,1,3.5467641085357497,94.24223461630011,1,1.2848419653781342,276.79253120009685,0,0,0,0,1,0,7599.82963026638,0
331.0745623683221,444.05908339094447,2,0.0005493259767936212,18.052577377020185,0,0.001199918014196769,226.11034339281375,0,0,0,0,1,1,7.147972803342536,0
530.7169546334234,790.6475150540236,1,0.8167925857263418,88.21909213136263,0,0.3963880706197648,138.44824502427963,0,0,0,0,1,0,1899.7684664950996,0
345.5256377529192,288.50898976459604,0,0.04241414231253045,122.42701783381702,1,0.009488411971877208,150.36419452460834,0,0,0,0,1,2,277.9989176944034,0
214.39520710068103,235.24366608413408,1,0.0020178606705473978,7.0663919655188945,1,0.0013084096700177942,108.58869717838975,0,0,0,0,1,1,0.5423056718101124,0
976.7371886085435,1387.6520274625548,1,0.21692138987799772,134.9592013621045,2,0.1918850858542271,54.59391097548332,0,0,0,0,1,1,3372.4812924405614,0
1438.9501381827629,1931.901898750563,2,1.6291840895899656,230.0636245938416,3,0.10956912305726699,249.590427588266,0,0,0,0,1,1,4757.505671351015,0
724.3191883218027,656.9350820184587,2,0.20008365207178885,201.58714083535438,2,0.051106726354604906,308.46237938280916,0,0,0,0,1,2,1744.3999130511136,0
210.26412876353504,231.21629898731882,1,0.0010794008280588618,8.611600745245152,2,0.0008093521955289643,47.13236629984975,0,0,0,0,1,1,3.831357801127873,0
182.20716897590972,219.6097286217312,1,0.0008268939013553161,43.07665483349668,1,0.0009474967518660169,112.85225322331192,0,0,0,0,1,1,0.07456412061844091,0
612.1487349425079,668.5746206967448,0,0.04998423714898972,224.89468800488578,2,0.06734812485712166,10702.84698132819,0,0,0,0,1,0,1696.256823813409,0
251.00474526321864,375.58305391140203,0,0.0015388473050480893,47.61166786174139,5,0.001061449428563743,99.5163438984544,0,0,0,0,1,0,0.29766226106345606,0
113.79669978630974,124.37366844500977,2,0.0009792887980338367,137.48053359961722,2,0.0009589818702934695,50.48530084606719,0,0,0,0,1,0,0.9531177282345756,0
593.4296419703808,813.1418022439938,0,0.0007794332836192771,211.13367005483963,0,0.0012719898315713364,289.82890588984964,0,0,0,0,1,2,0.24268276160915442,0
382.93008644245646,585.2163309815254,1,0.0018073263488076316,69.69492557911147,3,0.0007050186487242026,186.89038363313594,0,0,0,0,1,0,2.701971252491219,0
305.6832271675996,323.76675963707123,2,0.0012843793565154077,8.878031768127183,1,0.0023800246468708404,248.07400992026956,0,0,0,0,1,1,68.68642522372298,0
163.22052441686722,107.68787605225363,0,0.0004588918967392332,144.72838502111617,2,0.001796487566973957,88.68544633184229,0,0,0,0,1,1,34.63639223850617,0
610.3904057540188,522.0933155604185,0,2.2411439388000844,62.91152399300083,1,0.1550730889444118,241.567732107599,0,0,0,0,1,0,1251.0187631762421,0
1251.3818176202763,1117.424484428424,2,1.9102136169823374,112.67694264994029,4,0.05101060538193947,195.09473660429524,0,0,0,0,1,2,2783.9459225344835,0
923.1423438210171,856.2871214229549,1,1.5419300732512198,6.729069669335794,1,0.24012812501528688,169.74957500442991,0,0,0,0,1,1,2205.309354248542,0
368.3128675723576,304.4906508354948,0,0.06219155710449169,168.52302293913004,2,0.030886565238135346,52.41099561230213,0,0,0,0,1,1,882.7605651548694,0
1097.3184029210213,1058.8079009395801,0,1.1081853429237398,77.42568164441846,3,0.167944250643295,154.33201640398283,0,0,0,0,1,2,2731.1671155208014,0
961.5527109672834,702.1293345292335,0,0.596240380440262,146.93256582951085,1,1.2335462933008687,98.45334896323473,0,0,0,0,1,4,1767.027186264576,0
930.5047429015657,886.0998766602982,1,0.80117600067484,30.5377952710205,1,0.0651703729223561,251.81088094821183,0,0,0,0,1,2,2315.1484296681742,0
644.8111324031587,850.7475740529818,1,0.46834944287640323,173.6624283214777,3,0.288190465396145,52.889221514846824,0,0,0,0,1,2,2115.9526266406874,0
229.71910406424036,252.4282404878089,1,0.0010799368203121766,61.39000607305043,0,0.00328632963476937,137.8622249022737,0,0,0,0,1,1,4.3923728008404614,0
16435.54788860506,27864.97954644415,5,67.32083944234613,113.86179430254975,3,8279.09104526995,60.8896506200309,0,0,0,0,1,2,64697.466737153925,0
217.90207805244765,177.30122387575884,1,0.024864520741826865,19.50277254719789,2,0.020575368894253415,219.53247835970757,0,0,0,0,1,1,519.5260227791579,0
274.7249625797688,172.18770320203882,0,0.014408112095898392,228.5570110760198,2,0.018890508124746075,102.68137181706939,0,0,0,0,1,1,418.2294941069972,0
272.2408947192042,218.84963640803585,1,0.017052355290230147,138.8935931828104,1,0.009302122912247846,171.2295001739322,0,0,0,0,1,0,311.47731499728206,0
437.897864282072,607.8653773075224,0,0.001816290138018371,453.4989139386615,0,0.0009468039476086459,170.76810997512436,0,0,0,0,1,1,0.4952921949533788,0
138.61202583252702,121.62439460464616,0,0.001255930056789571,240.69455317974115,2,0.0012912125779089506,96.79729063559361,0,0,0,0,1,1,0.20376519655712896,0
315.5219741376633,407.80253537697706,1,0.0002718093934073267,267.32486683261084,0,0.000628891473282818,192.61025864727998,0,0,0,0,1,0,16.5227383554778,0
864.5083868618955,1362.965218279251,2,0.0012097623772238683,244.42030466580482,3,0.0006663503054110196,219.1900294354183,0,0,0,0,1,1,0.9797757786592143,0
247.20994109985642,273.98303308835773,2,0.001111246862683146,10.099488255978924,1,0.0012930903771735053,216.4289957010558,0,0,0,0,1,1,0.6958680280966344,0
357.8765448254933,364.94088479275314,1,0.03460849178505557,256.69810434146973,2,0.03211808783115929,100.15119071246363,0,0,0,0,1,1,979.0548566521127,0
557.462485184402,499.5908568768614,2,0.2963093857061015,150.02612103080918,2,0.04628908187945049,261.10690817395005,0,0,0,0,1,1,1314.486441920441,0
362.31491337887377,525.129800820637,2,0.0008409653057763832,62.84347259910399,2,0.0012918557959817327,207.14698630647544,0,0,0,0,1,0,0.7379933880227005,0
252.43874589727693,335.2102575336633,2,0.001309032225456014,191.0725460708614,3,0.0012930903771735053,57.151668284843815,0,0,0,0,1,0,1.0018436105121524,0
305.7929388654701,250.6107301053241,0,0.006396377238364077,212.1751606154756,0,0.00714743578759908,114.3898481150622,0,0,0,0,1,1,213.1280487936355,0
300.743883588391,214.0583947577944,1,0.0195995554442559,140.90783733047334,5,0.01369927013839791,123.87893899627542,0,0,0,0,1,1,482.4243624928696,0
541.75235258913,797.0366380383634,0,0.000861699863925319,143.51294382867894,1,0.0009772331232499897,307.13888431116055,0,0,0,0,1,1,4.185441796417752,0
206.34487512686968,240.71495726321706,2,0.000987327879281382,37.07658626260348,4,0.0004922741941252388,37.55158707886474,0,0,0,0,1,0,0.23013324298504295,0
1235.038768973676,1983.0484313187903,1,0.0005645594700339448,196.18237230953184,1,0.0009121307574475454,98.27868272640902,0,0,0,0,1,1,2.0751738036981036,0
579.079208078735,432.3413754430645,1,0.006158343205905576,286.016850863392,0,0.02974898378507338,206.59070323138405,0,0,0,0,1,1,898.3963444061998,0
183.42962132429128,198.6530425021194,2,0.0014442472397515642,3.419292834264274,2,0.0006353689756328105,154.98954473291832,0,0,0,0,1,0,0.18776906562947382,0
62.29606155509273,60.43995356069212,0,0.0009601826778893924,105.30219864473065,2,0.001049933520339084,51.377838173951474,0,0,0,0,1,1,0.45633690877508226,0
576.9665784117784,856.9029760166077,0,0.0005565998182188593,114.54616021795434,1,0.0013963230411632623,356.90601716389637,0,0,0,0,1,1,0.5599495276646469,0
350.4123586543325,455.0426881523308,0,4.555716684204438e-05,190.1754547297199,0,0.0003272963474940584,415.5328350599865,0,0,0,0,1,1,0.03272219481119279,0
211.01240395890864,235.85387733764452,1,0.000639301380657747,49.912324900189105,1,0.0006663503054110195,121.6827990118165,0,0,0,0,1,1,0.9309418930046593,0
222.95859024897086,174.47518393122039,0,0.028794488980265185,47.5184880522595,1,0.011121685714510434,103.25728974115415,0,0,0,0,1,0,323.93898949643835,0
364.123234907395,497.52790311193525,0,0.0006653312438267443,242.3946434867194,2,0.0025188342679465306,386.88780547930196,0,0,0,0,1,1,0.24744950337915492,0
430.1531134302384,608.6626840433402,2,0.0004213047648324465,22.97882253559597,2,0.0017449306824290356,135.13980424842435,0,0,0,0,1,1,21.220477218630318,0
130.43333190400878,91.3605662649893,2,0.0008398765057129253,209.93016636051,1,0.004539650109164491,54.080605043553106,0,0,0,0,1,1,4.762425457461644,0
640.8191428574078,961.4106031771792,0,0.00032708709637074135,120.54276630769225,1,0.0007775080912806048,136.01440441357866,0,0,0,0,1,1,13.994636341843284,0
1550.8713957118543,2487.9835429604213,1,0.0009505863992985007,437.0274024085998,3,0.0006111919664457597,225.57786263948145,0,0,0,0,1,2,0.779579324294821,0
212.33559364199328,217.97151433962136,2,0.0008157902134559345,16.560625827969666,1,0.0017421025312627538,234.50016576554574,0,0,0,0,1,1,0.14059429014875507,0
88.29297606258979,60.91699248451695,1,0.0008758330281977533,165.35884090672428,6,0.0032522841712898866,96.3383260443686,0,0,0,0,1,0,49.83940711662727,0
350.14961079524846,296.7734506832276,0,0.00615965303124677,69.01232768405752,0,0.009126221025904957,138.2268983778936,0,0,0,0,1,0,321.4304663140776,0
320.53630417250656,422.5950924663488,1,0.000754722726058866,219.4782628236586,2,0.0009848986653864349,271.3703038812821,0,0,0,0,1,0,0.3995668920257413,0
171.98202655911348,133.4646003444163,3,0.0038191721919777944,6.859806087160778,3,0.004148641209404174,21.40570891995992,0,0,0,0,1,0,125.93160851276583,0
1322.494465744326,2108.8122080584367,0,0.001550157257542304,311.14868411604186,1,0.0014526374314652226,129.73482077077193,0,0,0,0,1,1,0.280467801733505,0
335.2279462328495,427.183766987131,3,0.004847622525711976,198.7280021024508,3,0.002571822983608118,274.76244655316464,0,0,0,0,1,1,67.25100883177804,0
295.23839519812805,390.51235305008584,3,0.0012292032484545914,27.017152116771083,2,0.0005283555221418247,111.56662501542682,0,0,0,0,1,1,6.283943566624146,0
178.7841980996842,139.95381235991337,1,0.0005962403474742545,91.0001030604561,2,0.001054604554260219,138.6505917634869,0,0,0,0,1,3,0.08477358663702843,0
185.43599402943423,186.48423388700215,0,0.0004914437734065207,33.872108958012085,1,0.0011353670603777392,134.76311499652758,0,0,0,0,1,1,1.0505394694122565,0
932.8601586535269,1483.2299321804157,3,0.0011731505828752955,248.32003843567625,6,0.002556664490599497,165.6361201880091,0,0,0,0,1,1,0.21196657981892675,0
245.7106297701995,313.3805596602719,2,0.0005196911418135757,5.217124992522169,1,0.001061449428563743,251.99972707137695,0,0,0,0,1,1,0.8230309379873183,0
223.49205797725392,185.25101200394514,1,0.00032996647249120036,249.92213790453098,2,0.0002695187768060677,182.9322288273866,0,0,0,0,1,2,3.4829764808568515,0
249.27985017661177,263.92714411018784,0,0.0008136014070488299,71.06476350374706,1,0.0008967126177036764,113.02355184560223,0,0,0,0,1,2,0.27577135031484235,0
439.86461955488005,657.2390149875154,2,0.0009036590147865963,20.41005250852539,0,0.0006663503054110196,342.8073399033682,0,0,0,0,1,0,0.8594754614435438,0
298.66998164917015,426.5821853769198,1,0.0004380546148002192,288.6104923365683,3,0.0005610794528469572,446.9767797303251,0,0,0,0,1,0,0.06809792540612164,0
289.9797227284023,445.1314085471302,0,0.000503529020468426,19.987363447219593,1,0.002264538141078174,227.48899236153653,0,0,0,0,1,0,0.7476397960375292,0
117.61410584846172,68.90756271482122,0,0.000286823114868997,162.6537976302423,3,0.0015234216722540405,87.07984835863189,0,0,0,0,1,1,0.15448258575526944,0
426.39704865989324,572.9485595375902,2,0.0016513543990915903,181.3275560687003,0,0.0006663503054110196,451.1940713978011,0,0,0,0,1,2,0.6106837336775975,0
274.02211353766006,401.6591417949794,0,0.0006386484429065359,74.35646875056347,1,0.0020187281490860465,135.93054667311074,0,0,0,0,1,0,0.30595519578574193,0
147.0495515066509,118.96736757236609,2,0.0018651385406373423,31.991732682948662,3,0.0004820245031806437,257.4854998183894,0,0,0,0,1,1,0.5108068850994237,0
243.98901778661434,313.69042648523896,1,0.0014375099227655252,234.72433964337512,1,0.00027000355555159306,186.21099470530723,0,0,0,0,1,1,0.46469209285166124,0
410.41878774681373,426.6001595006813,1,0.3262855260148305,105.52562367806486,3,0.14152334007198375,352.7949118196946,0,0,0,0,1,1,272.93391202619966,0
634.2708579428518,854.5820376696952,2,0.024067922103314744,20.31259603848473,4,0.017834538363393562,198.4644716684299,0,0,0,0,1,0,350.9367208910262,0
272.50679910445194,194.57007104739296,2,0.019812172641489635,24.261817910568336,3,0.010421551599987065,91.62179594138681,0,0,0,0,1,1,601.0780397029953,0
1091.3609551670754,1375.503463202683,1,5.4003225785670566,270.4340021968527,1,0.21464763630909736,118.93365172374257,0,0,0,0,1,1,3441.6359164086753,0
570.4487564757959,517.4046017525377,1,0.6625630811215564,235.9101997972549,0,0.25141349300792915,343.7168311746967,0,0,0,0,1,3,419.42646050399037,0
648.7372362969581,692.35869930473,2,0.013362870837557035,87.93047477092352,0,0.007092442644582676,344.25479547761194,0,0,0,0,1,2,273.08973396505814,0
651.8644756945288,767.2546881825887,1,0.0018378460988822565,66.3944717494577,2,0.003405895632446857,163.81823329424802,0,0,0,0,1,2,109.636370716644,0
1150.9716183216915,1428.691986042279,0,0.8595388035762687,246.760124852112,2,0.3087885158145269,48.92198340169733,0,0,0,0,1,0,3561.1565592594166,0
650.9260903249809,652.6791514916173,1,1.2998164414138766,212.55043514475145,0,0.1438264274546068,276.05116521486934,0,0,0,0,1,0,771.3676069138593,0
703.4902690395425,880.7746551846311,3,0.4568075147126935,215.84922274332826,2,0.024906063699760672,193.92508273902502,0,0,0,0,1,0,2201.4910619860575,0
188.84909836852864,172.00345433099037,1,0.0004633032894180957,15.79221645760007,1,0.000901147529093867,137.21349484026834,0,0,0,0,1,1,20.10720758326896,0
2772.52377801166,3279.2426450286307,3,1.839082787369803,525.3447752527297,3,0.002383631252002971,138.9707339860386,0,0,0,0,1,1,2621.804098228852,0
719.0304870803858,529.5318006031845,0,0.7443380296222373,247.04592105406746,0,1.2629777469129797,330.15421929589826,0,0,0,0,1,2,1336.9661238671345,0
999.6176972088501,951.6875686889422,1,0.006519022440151071,145.77559956110133,3,0.11344250200545829,612.0965558868188,0,0,0,0,1,2,2483.2381361181097,0
367.577756296391,414.27885693867654,1,0.0005202933586539648,32.74054128623551,0,0.0013133411172706294,350.1329872348224,0,0,0,0,1,2,0.3828345892038425,0
427.5003650981942,532.0185759684739,3,0.0007099528040326561,246.0132378923838,4,0.0014504937745561247,104.34228815630027,0,0,0,0,1,1,2.7116041110566913,0
310.65573696035136,314.19493900238933,2,9.663697090964066e-05,264.6528378623597,3,0.0009236943514858735,285.31888725209103,0,0,0,0,1,3,27.0292841774583,0
433.1750274886559,573.3025455586389,0,0.0031662021811199553,148.67932840562563,2,0.005924342170735487,306.04617441010384,0,0,0,0,1,0,166.47476282158786,0
400.27057293342085,422.87683600219265,1,0.008705237299895622,306.5055049134879,3,0.0032145961161668983,334.74397940804386,0,0,0,0,1,2,87.70152699180889,0
990.2605768408695,831.350156623189,0,0.42422258733200335,55.94936653241821,0,0.012290364434091714,283.2773555136415,0,0,0,0,1,2,2046.1489008881217,0
287.68413070361856,262.18120631783444,2,0.0016473957353835146,195.91731716136383,4,0.002725297262976754,69.73158943230418,0,0,0,0,1,1,58.23546197552159,0
1161.0271864093709,1377.8060972426674,0,1.17985120932127,16.168791634270647,0,0.12962402936412157,147.070219269814,0,0,0,0,1,2,3492.5053045644245,0
576.6537426473677,492.6136802816078,1,0.47879903825901754,239.96169646188903,3,0.3138730253516096,276.25302241773073,0,0,0,0,1,1,783.9350196254254,0
392.048566987828,523.4291482303851,2,0.0012930712982425873,13.393683370178646,1,0.001817794501246949,314.58817751058996,0,0,0,0,1,1,13.59453958081264,0
349.8213346064186,345.5268786128703,2,0.00021116710765825577,138.33084775637118,1,0.0006613197906045114,197.20478962707358,0,0,0,0,1,2,0.6569525108014891,0
644.5345632230423,549.1219453706642,1,0.06823479525989609,151.8827292119928,2,0.05001003681159535,246.2967609330436,0,0,0,0,1,1,1443.7845438846005,0
2824.9995246942526,4626.198802413642,3,0.0006376718496383228,192.1838571145925,1,0.001302663515393449,395.8853920200301,0,0,0,0,1,3,3.541797573220853,0
600.5763516017389,868.5518041940005,1,0.0006586774080278133,164.6032159254475,2,0.0006570718756663568,294.5503806383607,0,0,0,0,1,2,10.599840786523956,0
820.3257044137093,574.6028625637716,4,0.013064079157288,79.13986289098064,1,0.17070691904754337,287.7234418163423,0,0,0,0,1,3,1300.4671510800479,0
934.5396451670241,925.0493080769644,0,0.07980509778896944,122.92005739774348,2,0.14193982843542216,259.6238611376896,0,0,0,0,1,0,2340.5371463975343,0
314.59634219182647,363.67024072365643,1,0.0006606657846387985,123.91664542525334,1,0.0009585140482586557,250.19881623297894,0,0,0,0,1,2,1.0553608159479853,0
394.871158549909,566.1656979902881,3,0.0009204965507577606,296.85718338020826,1,0.001716878873959497,437.7679677061829,0,0,0,0,1,1,0.7583640871715749,0
634.8973021177908,437.34372811253843,1,0.9139775527781078,177.07761064564787,2,0.3069326232975936,238.60074245047358,0,0,0,0,1,3,1076.9065558074155,0
192.0772648549443,227.53110992638236,4,0.0008274321589488034,39.43360610321549,4,0.004582615455370062,105.93068949414825,0,0,0,0,1,0,49.520327489936165,0
347.1862213571741,438.0102649081009,2,0.0007033585359906493,50.781116613813,1,0.0013404354884922964,63.262146661534054,0,0,0,0,1,1,48.88227395167844,0
1274.6919409513077,1791.2110415139978,1,0.02789363191710386,203.07344150984503,0,0.2020262059619452,314.8619003568496,0,0,0,0,1,2,4372.9466279840635,0
384.8432489991393,439.4060378947568,0,0.0024440190938431507,47.727011654784526,0,0.007583556568764014,256.5959576657001,0,0,0,0,1,1,88.49743566817628,0
2479.202401232133,3232.70777790912,1,0.4848992952706762,423.5891933717027,3,0.041407900057887304,292.9598101711978,0,0,0,0,1,2,1605.9271606724321,0
1166.653251132328,1314.197568301377,0,0.24326502576725834,157.1613142400527,1,0.06695535614162786,323.132969330522,0,0,0,0,1,1,3319.3829854091264,0
363.5819578139256,481.0409519136627,2,0.0005458800068633921,24.820507487732225,2,0.0010520848910615505,27.091709630878846,0,0,0,0,1,1,6.615329764521573,0
550.2013800412199,591.6641313657988,2,0.1421479433289824,111.02579909512497,6,0.008522715960081764,115.76442261415473,0,0,0,0,1,0,597.9891980294099,0
394.6227498779599,338.56374152519504,0,0.4069505796317837,38.15759308003864,0,0.18188974699570065,101.95137094971751,0,0,0,0,1,1,416.76286592265336,0
868.9489480257313,713.7494456866921,2,2.6229799136332,193.20544368461748,5,0.293197841950648,247.88248631571986,0,0,0,0,1,2,1483.937984108405,0
296.3661278327752,300.6899637389851,3,0.0014706001531908986,6.1672455165196975,1,0.0012918557959817327,193.9753349074513,0,0,0,0,1,2,0.9273961910159734,0
1138.3572237709825,1494.102323704601,1,1.6840665766382992,38.276268409481034,1,0.13462861377909585,87.3769389723564,0,0,0,0,1,3,3723.0026289946077,0
932.9563850201991,1024.1770374301502,1,1.6573172102985265,167.24746524228067,2,0.3364296556822711,227.5973466246219,0,0,0,0,1,0,2640.1680478681574,0
1054.7343721829027,999.7949268575643,0,1.666924970760968,250.67707126052412,4,0.050329456417344036,235.4034251776768,0,0,0,0,1,1,1323.0115540677452,0
1357.795879462733,1732.804219433538,2,0.01968337469521663,429.1594657187784,4,0.005933266663337734,271.29139919765146,0,0,0,0,1,3,641.4663507561313,0
866.3856364833417,1024.3604884773179,1,0.00833124582896142,11.850891735942225,3,0.12210203320159455,86.16398484771408,0,0,0,0,1,1,2586.447222066981,0
360.65430607986957,461.48784203429096,2,0.0007417866492349924,100.16085385060236,1,0.0006434468616672365,248.77783121515415,0,0,0,0,1,2,2.3762848691349108,0
1213.071344103308,1055.5214214073555,1,0.10087846254295171,289.69214489982505,1,0.07917986793998788,138.09894700458187,0,0,0,0,1,2,2481.3806773171104,0
382.74290776255066,594.0787835438463,0,0.0015079027899976795,193.53023489355357,1,0.0009798853496904882,293.75379914878073,0,0,0,0,1,0,7.386732613280111,0
1125.9837105809115,1217.3394828505611,2,0.00925620005589631,30.225610997441123,2,0.1535774717600661,237.266233857727,0,0,0,0,1,1,3107.088457905217,0
535.7771675921123,791.6908329704161,1,0.0002984375405697076,30.287110814498842,3,0.0017379161383158164,99.78934048540745,0,0,0,0,1,1,0.3593588957488718,0
547.0762846046106,698.7581229789204,3,0.05683626663180853,232.8091772988637,3,0.006295386042249771,10499.857122506217,0,0,0,0,1,1,244.6957458773468,0
194.88125381072703,262.6679246250913,2,0.0010812214854830028,244.99552530643552,2,0.001086242576277427,277.15360624873176,0,0,0,0,1,0,0.166338397294324,0
763.101713491689,1202.4484279621422,1,0.0011105623130714933,184.02924145654947,2,0.0008374643414672661,121.275257762396,0,0,0,0,1,1,0.39486693701304626,0
446.6848653307495,695.6768465550049,3,0.0009947886861720171,192.5511209002465,7,0.0008280795990557179,262.64766544768423,0,0,0,0,1,0,2.787765719199918,0
556.093692461446,748.9333188536457,2,0.0011906466754846162,65.88614169768661,3,0.0007695829343171192,118.14973178116837,0,0,0,0,1,2,0.3868152696941272,0
470.3128139924891,678.0983473713742,3,0.0006384274694670494,112.70788307617858,4,0.0006452541074342513,372.26529246025126,0,0,0,0,1,1,0.40380616212770876,0
82.43639068234037,87.55852280752151,1,0.0021020225807153858,127.24403826500524,3,0.0006601154435221628,85.6906044753199,0,0,0,0,1,0,6.08691228784915,0
920.0011577498437,862.9240737241829,0,0.0034631499390351582,252.00426862660788,2,0.11371730961180283,277.02257023012805,0,0,0,0,1,0,1895.4997667215603,0
445.2047525841702,586.1884468625083,3,0.0007705840367186647,266.2948910444073,1,0.0004795201025051069,10147.53354951428,0,0,0,0,1,2,1.1350336476151963,0
502.0500068222685,814.9907098942622,0,0.0014386427083595713,101.05294029762265,3,0.0008119303898954077,313.4385749151302,0,0,0,0,1,0,0.43633287868840265,0
2537.81753543779,4287.590587086187,2,0.0010590580888724392,426.9836172908697,3,0.0022698311758285786,10784.215955654096,0,0,0,0,1,1,0.18960849047429112,0
170.00891761014145,172.3474408951774,0,0.0006859928359322084,200.52450084083344,2,0.0027191528437915113,77.69151885404291,0,0,0,0,1,1,1.2504559865857523,0
1029.913745292462,1660.1873314155007,2,0.0009078224579126456,110.22897757315992,5,0.0029714397867658436,347.9412693978801,0,0,0,0,1,0,81.04712934561701,0
610.5412548812184,434.7151112778679,2,0.0012912416087458817,346.9286625993714,2,0.03420041270046948,345.8467026690961,0,0,0,0,1,2,942.0910075920951,0
414.46789998593397,579.7644887085717,2,0.0008682046766731615,38.408511698473475,2,0.0010736965027480644,288.7261093658461,0,0,0,0,1,1,0.5857245590056221,0
1284.616580834062,1943.9411653769232,1,0.0007955614892209133,126.79172675943263,0,0.0012930903771735053,232.8903983512205,0,0,0,0,1,3,0.7812183350714553,0
379.07493274723345,470.89442602283873,0,0.001181912267980464,173.2760933426892,3,0.0006651201022253338,105.90983911727801,0,0,0,0,1,2,0.70642067265536,0
595.7483989429293,931.5331063083977,2,0.0010918433949442473,376.85565203475664,2,0.001989841081180927,312.9466397890606,0,0,0,0,1,0,6.284211041713619,0
390.8047740626096,555.8346986659343,3,0.0009016611387890026,250.34215655348308,2,0.0022961300587278763,385.16700088522003,0,0,0,0,1,1,0.1805672425149587,0
168.74197850238,189.04253752320085,2,0.0004248550449354745,9.183593864677078,3,0.0005441366321806042,56.288940681025835,0,0,0,0,1,1,0.731475795901528,0
356.44045013617995,182.15196889382102,2,0.029048788441231346,57.08382820054712,2,0.008537011868223771,111.54714382397793,0,0,0,0,1,4,330.4800092199939,0
3809.7226019212562,6418.747665408478,0,0.0038689386204707,490.38240155464075,1,0.003380202927720839,361.31138013416773,0,0,0,0,1,1,110.46335588188053,0
420.978414938699,400.3721170295451,6,0.31969127065504127,119.75467422905808,1,0.008240024440314572,316.9337639213969,0,0,0,0,1,1,454.409485123003,0
289.3239981419387,396.21429116718696,1,0.000324599840842678,39.565886837802495,1,0.001616937996374993,154.48773048050185,0,0,0,0,1,1,1.1890808444928744,0
176.3783439500283,178.45231700705088,1,0.0014153338519116918,7.3136640768126835,0,0.002080909454273309,38.77646001686276,0,0,0,0,1,0,0.4437716611410499,0
680.8107958032774,628.5726563899134,0,0.0005455441615295581,307.94320071916536,1,0.007780507599782242,259.70096007351333,0,0,0,0,1,2,645.699774062729,0
340.79272308404785,393.7149386068356,1,0.00707531882252857,93.22589565403958,3,0.005420481069405049,668.1366748453657,0,0,0,0,1,1,148.1389101866155,0
179.6027670740706,189.18723552376923,1,0.0008214495135788783,27.328553245533456,1,0.0011058142875447765,132.04596362365348,0,0,0,0,1,1,0.7485915756431584,0
317.2668999968648,415.4598483556177,1,0.00011026830423146864,172.03902687740123,6,0.0006415460999132273,190.52333334494625,0,0,0,0,1,1,0.32853225900118904,0
434.19530436239904,587.4576054031335,1,0.0011300298123848613,73.79528712438412,2,0.000393819355300191,219.3995018001218,0,0,0,0,1,1,0.2420924998437422,0
749.5172706547509,1153.0493299505301,1,0.0015564329196507405,103.71371855185454,1,0.0006464929981958823,301.9161108860103,0,0,0,0,1,1,0.8124027366345241,0
497.0863905219168,660.3404110466893,4,0.00036333463047545005,187.99585603430086,1,0.00030022902345194357,401.46992523359586,0,0,0,0,1,2,0.577173041649919,0
343.2808789398937,501.12222073479006,1,0.00026521662288225134,26.01243062079061,2,0.001108688855799446,147.2232561919649,0,0,0,0,1,0,0.74184336947177,0
1026.3409683402638,1019.0578601130117,1,0.009435324627034778,192.69770870821495,3,0.22653025471740595,96.03265748185257,0,0,0,0,1,2,2698.186694625446,0
833.0667470889738,792.9809180957244,1,0.03780392208258236,286.9637106955981,2,0.06806044201602009,423.3505776632517,0,0,0,0,1,0,1869.1470214830576,0
662.2972002361105,554.0727029587815,1,0.025623087692773022,121.39818672290606,4,0.0300861039890582,329.43795562939124,0,0,0,0,1,1,1005.2811598817799,0
552.9700311753799,494.25084339935245,2,0.018198084695555675,319.8357988584754,1,0.021349737784729778,360.271457310739,0,0,0,0,1,1,786.4110370666549,0
766.9382170224644,781.9620085274889,4,0.03102464007477325,10.908728612430568,1,0.06231154802782611,148.71441491290707,0,0,0,0,1,1,2069.6669863328825,0
501.1272430322109,474.859553552443,4,0.7487136722679455,151.5201921868267,4,0.07908236395048718,87.93412022462175,0,0,0,0,1,1,1277.5883929606148,0
2408.075790960648,3964.9121675665147,0,0.0014189990478630102,144.75378896405456,1,0.0013963230411632623,194.59619097508397,0,0,0,0,1,2,0.34260079765491636,0
12737.489273491126,19420.53621616586,3,0.0009843875419044625,236.7606377565747,1,0.001054604554260219,384.39000024341885,0,0,0,0,1,0,0.3077788583340363,9
483.2119419898969,675.8483953221983,2,0.0007630851395955902,213.2094932070132,1,0.0008967126177036766,316.95339534735245,0,0,0,0,1,1,0.2895045275515493,0
1198.3877399975745,1849.3201292484257,2,0.0007060707257820928,183.48844770126678,2,0.0011418979437467728,203.45762124123848,0,0,0,0,1,2,0.38177694053663414,0
1399.1749158489142,1705.6509367460296,1,0.06838588552851851,340.8091040121003,1,0.02367325347663016,10472.045809126219,0,0,0,0,1,1,897.7588179293962,0
163.36327815331703,188.4703476991756,0,0.0003544529565509168,180.59052223225885,1,0.0020412389159379742,127.52802804962808,0,0,0,0,1,0,0.3627261301887229,0
369.1233752485524,548.5964303493995,1,0.0010594153742141824,63.5497246015545,2,0.0009470225129639671,278.47609480475114,0,0,0,0,1,0,0.9497408050218956,0
174.48696276868932,202.22596378418874,1,0.0009820757506544162,11.440143160198897,1,0.0011353670603777392,310.69218984945024,0,0,0,0,1,1,0.668179015932413,0
495.5295447589177,655.3349939479169,2,0.0028483751477305246,154.82609712938574,4,0.0724490784150321,55.911371061331835,0,0,0,0,1,1,1628.612261347079,0
581.7389684707459,839.2280334712215,1,0.0018096164542062167,66.68682793747774,0,0.0014106999475651028,277.1176699837917,0,0,0,0,1,2,0.32817769652855777,0
350.2508267468086,502.416876180357,2,0.0007229231073568968,236.2089716771285,3,0.00045955585133013036,166.01874066985314,0,0,0,0,1,1,0.33932129741460537,0
181.9289723036621,210.03699924491082,1,0.0008991886339683522,90.71123986567467,1,0.001115411481535242,266.6546845084414,0,0,0,0,1,1,0.2567626090856713,0
433.648222231123,378.98886529400215,2,2.9379911923608284,53.94726888962714,2,0.2985187485167784,174.91297804557504,0,0,0,0,1,1,969.7771518120398,0
435.2435580459048,420.99622687181574,0,3.414338501181369,206.87375263157014,3,0.23309132034878308,117.34963329478256,0,0,0,0,1,1,1135.6289929470017,0
653.1755692375173,940.0680290819685,0,0.00044509720741158854,327.516596250122,2,0.001899247278865679,186.0093633750617,0,0,0,0,1,1,20.993856260135527,0
615.7002993078825,532.0953853006192,3,1.6141339845613654,30.689308117649666,3,0.0018608068813266035,146.34573763179958,0,0,0,0,1,1,1252.097848615433,0
488.96804424510634,512.8887750565195,4,0.001975514779473618,36.74581361104409,3,0.019466062245237073,201.78671829269254,0,0,0,0,1,0,587.1725820629872,0
159.8393899971425,168.76889707662903,2,0.0015287917360015668,235.4141010171865,2,0.0017950393774862948,90.37753981147118,0,0,0,0,1,3,0.10956526315779005,0
1063.2692675448807,1705.12619395604,1,0.0005131373279946647,158.74676968428912,1,0.0011058142875447765,203.24578390784794,0,0,0,0,1,1,1.0661848842908979,0
309.85668088566564,322.91912537437105,3,0.00048083419864328316,126.02155900385698,5,0.002766723643320989,75.61143712053766,0,0,0,0,1,3,0.7646083986253105,0
254.5597982855162,383.9404870450518,3,0.0012814681860541437,21.213415815971018,1,0.0014766991315206392,110.98542964904952,0,0,0,0,1,0,10.788261930613874,0
297.3449803003507,241.5647466929529,3,0.0008173334253365993,102.46523389291168,1,0.0012890439590270595,57.25298022896982,0,0,0,0,1,4,16.308018435665915,0
1028.9619670156462,967.2745316737884,1,1.023498576694922,267.89844236425705,1,0.21578127129531066,224.71914964999553,0,0,0,0,1,3,2564.149735036084,0
1323.0022986310607,1261.8149933692648,3,2.1128031784047194,131.07434386237097,2,0.12839673490117504,290.5552205378066,0,0,0,0,1,3,1650.5310020101072,0
2356.074845046223,3587.809665798175,1,0.006721521934936052,427.133785357918,3,0.00909942151611257,281.0827938717583,0,0,0,0,1,3,391.19024073964044,0
578.2627431033278,462.67799243752614,2,0.07094918974682797,49.70099816177944,2,0.040222107434395776,31.456700176374827,0,0,0,0,1,2,1248.3466930744396,0
1300.5569079713246,1703.399283873405,2,0.05844958315326072,149.29633853688387,4,0.02883439158425176,211.1456267227858,0,0,0,0,1,0,688.8705325048408,0
578.2845238046414,853.2488308279281,0,0.0013732463997581375,193.35821553325826,1,0.000603480631092653,261.2811987939674,0,0,0,0,1,1,0.5418459039192038,0
408.08777039602506,539.6126461470545,3,0.0006804103220743147,208.1313576644109,2,0.001404803450212912,452.75656330709836,0,0,0,0,1,1,0.1964624127427534,0
176.43421124397395,144.42704922983293,1,0.001900960558569725,37.24070276512211,2,0.0017988320551122793,231.4017930108816,0,0,0,0,1,1,0.555643099601169,0
177.40960120431072,174.41798527980137,1,0.0006530729194827057,198.55417997592727,3,0.0004922741941252388,83.43422085305366,0,0,0,0,1,1,0.21102200610650318,0
279.7784177668801,383.06253225770905,2,0.0008084591972705623,304.2631527184895,1,0.0004922741941252388,376.1625241205042,0,0,0,0,1,0,0.15337444439518516,0
1067.178269703423,1747.9407068471578,1,0.0004753650552876589,51.12129213843575,2,0.0027076271233142874,316.4198228648558,0,0,0,0,1,1,0.43398838933137807,0
237.74932816374294,248.48501836956333,1,0.0003881353720122661,23.137775465922456,0,0.001452759484490078,176.47505263899572,0,0,0,0,1,1,0.5943142261223516,0
272.4815123728207,296.3096567338541,1,0.0006374102472936923,173.17556948555514,6,0.0007284710825808119,71.38438467910125,0,0,0,0,1,1,3.4819420171114617,0
779.0296836971531,732.9843853910804,2,0.014495928204742442,269.4820176761267,3,0.09456310659030373,248.86482114055744,0,0,0,0,1,0,1055.5924219801295,0
571.648280950273,794.3193235451405,2,0.0006149078858716797,14.882825293206153,3,0.0005479131268600143,253.16457873958865,0,0,0,0,1,2,2.632420429836897,0
207.66135391204168,227.54769956098937,1,0.0010376872844286243,11.58957580369954,2,0.0015656789048090526,140.47391647481655,0,0,0,0,1,1,1.272139582311127,0
1798.3317489978992,2823.4103480148233,0,0.0007050977133213106,166.46493743983544,1,0.00035168533957154007,120.23675379363769,0,0,0,0,1,4,1.6623987064306334,0
421.1284017294319,295.79353235407723,0,0.0011907625083801316,116.18481732296912,0,0.015217814171824542,241.59191624006485,0,0,0,0,1,2,560.1455277753098,0
503.3754862663567,539.1708146431923,1,0.0011504598916904692,164.844293772499,2,0.0028076890898136096,213.4214045181078,0,0,0,0,1,3,47.23158415451296,0
196.84077825740613,193.83082820865363,2,0.000216992110519956,24.449795650057304,1,0.001964743190429048,113.2113745537956,0,0,0,0,1,1,9.541496928217205,0
410.631445444739,373.55600412032186,2,0.0012065284825869336,20.02332911105556,3,0.00074044202646087,58.23960495924891,0,0,0,0,1,6,8.139601165759675,0
1250.9033756776707,2032.2016363402302,1,0.0010748148395010608,300.73391124373165,1,5.449450362872339e-05,177.5699803000789,0,0,0,0,1,1,1.8242681105238523,0
1430.208733277936,2131.775497490588,0,0.1295822772372869,88.64541250157892,4,0.008955322480183684,236.97301211064854,0,0,0,0,1,1,286.4440298318442,0
1104.8432500041695,1263.5603307529861,2,0.014251528279119898,16.260325257966656,1,0.15147416472229536,172.33508105154598,0,0,0,0,1,0,3208.519050071337,0
265.31730967029324,229.20326533608113,1,0.06647835827515397,193.95055969234699,6,0.017489443425753936,122.05622470518023,0,0,0,0,1,0,627.5836796354206,0
1638.9453933208913,2139.118628023184,2,0.611731692428382,206.91694310454065,3,0.25946548808384984,247.0534653761113,0,0,0,0,1,2,5308.591859474205,0
1015.9789328183704,1019.7015497524488,0,1.5875373034666191,67.8977490023706,1,0.0833707715075671,317.08706172112454,0,0,0,0,1,1,2585.205546526742,0
621.4820607328959,769.8222810638049,1,0.21800732567629422,56.500994531870674,3,0.07450192542487308,100.00889607435397,0,0,0,0,1,0,1933.2481496104674,0
223.8913911846782,264.9656178483065,1,0.0006051060377052266,114.52671023355316,2,0.0009010767240163284,178.91605584410019,0,0,0,0,1,1,33.945489241096496,0
741.6225637772698,652.1609936443159,3,0.13002587484961844,157.5048472895791,3,0.00659041426502669,187.0838408461865,0,0,0,0,1,1,1707.116236971037,0
294.75568618189084,382.5330296689638,1,0.0012698070625101947,59.58405768006318,2,0.0015278873492776774,170.48090589641035,0,0,0,0,1,1,17.890529068896367,0
1771.8103350306208,2901.366427745812,1,0.0008825708476274042,100.40701761702537,1,0.002893479699595942,75.24513364756736,0,0,0,0,1,1,66.17485875125723,0
288.77420169706147,390.7550794488368,0,0.00019823668791082094,232.4863763720308,4,0.0005820073758339194,308.7778654937946,0,0,0,0,1,0,0.9573007023167471,0
353.4188567223348,481.5792384038917,1,0.0005112012543330096,231.69196486475028,2,0.0009474967518660169,194.16618444803126,0,0,0,0,1,1,0.1599608715454227,0
491.19642371265473,428.745952916239,4,0.004678361514184591,253.46093812820843,4,0.04990899864009105,240.62700615535965,0,0,0,0,1,1,1082.732930505923,0
161.2585476636426,146.26402099922495,2,0.0006232600700694256,86.09833502051698,3,0.000825919747274697,12.816535075402278,0,0,0,0,1,1,0.5132958845972811,0
263.59951245832053,244.71631233905796,1,0.0011977894096127433,74.6640619462402,1,0.0006862249726809592,49.317040409815185,0,0,0,0,1,3,2.15171511089835,0
505.8569146042248,455.31885491696096,1,0.000651641212271337,239.41125226623203,1,0.025339062799063505,244.9662747356627,0,0,0,0,1,0,752.0075687680427,0
394.26312922386023,549.7489136352017,1,0.00831897060668654,184.39566305215556,0,0.0032266274081621913,362.6795633648612,0,0,0,0,1,0,86.7878508027636,0
205.46056868220555,243.77693502546302,2,0.00033878498548065375,32.8288780551666,3,0.0025188342679465306,132.28792341911662,0,0,0,0,1,0,0.35140272792988114,0
745.501674570563,690.5656441668181,0,0.8742965266585058,310.00942245794454,1,0.16281826244511222,181.73397061967808,0,0,0,0,1,2,1819.4421049595767,0
923.9003026816106,879.3632527258741,1,0.005783113700817849,262.4052372799515,0,0.05054499194732395,528.7798366156542,0,0,0,0,1,1,1192.8920455060586,0
383.5546326612084,227.5616773475353,0,0.19350665420323848,35.46885715703364,1,0.0016403206739451451,130.57786403196525,0,0,0,0,1,2,678.0980581693683,0
202.60572665262464,223.05880715275612,2,0.0003697746860920493,266.5601366052446,3,0.0011421112700336642,60.942079026341894,0,0,0,0,1,1,0.3477887234857506,0
1002.2608714962118,1591.9026936485218,2,0.0009457861562165277,71.54210727429744,1,0.0007552242703220023,393.60709866460314,0,0,0,0,1,1,4.674907938911308,0
495.49831522105865,673.7986116157981,2,0.0015148357707924578,126.01586238982426,1,0.006214111680122701,447.2190625645835,0,0,0,0,1,2,81.63653642559025,0
178.17772106282925,146.57999940036927,5,0.0017133847330857573,33.872168660160796,1,0.0015398644610253945,67.87252413960975,0,0,0,0,1,2,0.21908276041427366,0
356.00476154024227,246.35266878620314,0,0.36855599368635533,50.15763258071028,1,0.004394386523720728,106.47668141904904,0,0,0,0,1,2,369.64365641656696,0
589.6235896854914,462.1126649123584,2,0.4555746623624886,205.15104971034947,1,0.04124651192687358,365.60857958245157,0,0,0,0,1,1,1156.0833108690267,0
455.1526162023847,368.2332086896252,1,0.010384034573043351,69.744886988748,1,0.012202513313850482,80.52080559778236,0,0,0,0,1,1,433.47351763304,0
328.3777149740972,395.6881217688894,3,0.004732863677434586,180.3279164331805,1,0.006279765071891775,175.74765922792605,0,0,0,0,1,0,176.154438237857,0
366.4270489650378,310.5856754608821,1,0.0012724136891641112,36.376467270979795,1,0.0005854177697195973,122.08703330104123,0,0,0,0,1,4,2.229429642679106,0
1437.8052113235183,2151.5454457440806,2,0.008030912852267381,191.63564050733297,2,0.008867440488918606,131.59058592151715,0,0,0,0,1,1,415.81772033222956,0
1219.3656147784961,1163.2233932240088,1,0.007895087339303991,150.46382113739617,1,0.1325970071813215,106.35961187651824,0,0,0,0,1,0,2204.509756676758,0
698.759436211381,891.9058364618624,3,4.864674815542466,136.1357846700983,1,0.2365179540838297,117.85299728608229,0,0,0,0,1,0,2221.9899193043148,0
264.374441664701,172.57152169853174,3,0.004653193347888418,65.23802349202035,3,0.0029809802500207175,105.38144747981687,0,0,0,0,1,1,92.7433065683561,0
1528.995338096794,2387.0107590391076,1,0.0057028516588688285,237.10655388524773,1,0.0071743330576335244,190.18162342853543,0,0,0,0,1,0,309.1247236950879,0
249.7291681367844,281.2121761242325,0,0.0029100747039229155,147.75742463072126,0,0.0018573394825783635,197.08167492426819,0,0,0,0,1,1,12.762891730183483,0
148.53631663625703,136.59913693119373,2,0.0021989302674322265,22.48543459963616,1,0.0009330618609098859,108.11309656183636,0,0,0,0,1,0,0.45731963726731095,0
293.6424133421196,434.561123348307,1,0.00030520466857729704,24.302933357272362,1,0.002958486826793739,121.40620609994644,0,0,0,0,1,0,35.06193753833997,0
276.7796572131777,278.9421758421978,2,0.005417702441091513,157.1916246582851,1,0.009023647876340406,169.62404088175197,0,0,0,0,1,0,265.6391709315646,0
230.43873671839148,268.7237111544805,2,0.002676692742345796,26.949374759500685,1,0.0015484057020430494,244.81624154410085,0,0,0,0,1,1,29.57564925295553,0
94.27766409435908,72.4025865301834,1,0.00075966959038029,150.25964140311376,2,0.0005304630367244968,58.33790594111397,0,0,0,0,1,0,10.738095919277354,0
820.354149467092,1304.5113765457704,1,0.0015031551759071343,118.29349742337791,0,0.003371255724708264,272.5008059311387,0,0,0,0,1,0,60.608442099452084,0
369.93445751792285,546.4892327886288,1,0.0008265984127780032,28.954584918132745,0,0.0003315417843240834,176.83473525922946,0,0,0,0,1,0,0.8834434867873366,0
218.07332796120798,245.55755071253566,1,0.0013288399398377845,212.65521733683678,1,0.0023040306395864206,54.58685259371631,0,0,0,0,1,1,0.36060276520412066,0
532.0730734063771,776.8502643611691,1,0.001700840067155972,28.93285470122505,0,0.002628617464165034,190.41009596831782,0,0,0,0,1,1,0.44661446513032627,0
360.72621779906393,507.78005903708396,1,0.0009491936563079927,116.60376490609653,1,0.001892084119809156,329.92185734274415,0,0,0,0,1,1,0.7942276744598484,0
262.39725878904653,322.2423124828046,1,0.0007933774650636141,41.376900312375824,2,0.0003207430229060796,183.29238736437418,0,0,0,0,1,1,0.20682359834269903,0
714.0709234383298,610.1621408996418,0,0.09766383219020175,272.586658441772,2,0.05188360892758995,63.136674226735465,0,0,0,0,1,3,1720.006155209894,0
256.9820811933428,260.5934449455993,1,0.0007093803316738252,115.27639265273872,3,0.0031754983996649926,145.16887198027007,0,0,0,0,1,2,20.410787385879146,0
283.1207432477596,346.52376837579175,1,0.0008839103396293245,58.01457103138908,0,0.0020669114628448677,174.38445984234755,0,0,0,0,1,1,0.19910037734331115,0
288.3315565939065,303.44499962118175,0,0.0006121087307091609,220.94948782581668,2,0.0012682774916683778,92.62173126827261,0,0,0,0,1,1,0.19471935104725147,0
418.09497920455675,425.18721159791005,0,0.00011026830423146864,211.97197241790846,0,0.0006415460999132273,460.8271027220586,0,0,0,0,1,2,0.3285322590011891,0
839.2898727639921,1135.5228117945887,3,0.0003910896837914644,295.01062546796874,3,0.0034201182799964464,225.25990150800573,0,0,0,0,1,3,0.5053472270146928,0
325.3399478774249,454.8783713970971,4,0.0007831293763768942,21.569404470462057,4,3.4689367679919185e-05,57.34092105617226,0,0,0,0,1,0,0.8909632021240702,0
494.39443644401365,587.0032011566711,1,0.0015162160166381205,147.07750767617995,0,0.0032362551470200905,257.920387314486,0,0,0,0,1,2,91.08817579770647,0
139.1818938707375,101.84570760045428,1,0.001043856240104512,80.98376393105949,2,0.0012930903771735053,101.81751169745401,0,0,0,0,1,1,0.6985266373331784,0
543.7494019032114,822.873402663297,3,0.0006185099208752434,305.97825052738784,3,0.0017950393774862948,284.2288549834764,0,0,0,0,1,1,0.5900222473348086,0
424.5184051046444,670.41914714349,3,0.0003918621260847042,80.39708861844217,4,0.001573740247521666,93.75690904028414,0,0,0,0,1,0,1.069562585216014,0
280.8664299969796,284.7300504054419,2,0.0009422498224153201,57.74817967543174,2,0.0006353689756328105,145.63424230063566,0,0,0,0,1,2,0.07342127810703744,0
710.4940556870921,887.67600860375,1,0.0019245130233408654,45.588881832577144,2,0.10296456150652353,103.15343938570969,0,0,0,0,1,1,2229.228407579842,0
323.4726275875485,371.019793131737,1,0.000949914212844821,104.35814584828458,0,3.838435524306327e-05,144.97697079967878,0,0,0,0,1,2,0.9390170638875839,0
299.64700151674697,365.451191452673,2,0.0010524835829439916,69.57527752369572,1,0.00032655826817830987,10173.263677595049,0,0,0,0,1,1,0.4326843865652764,0
219.3100030250844,213.26771671075596,3,0.0003451762679932232,14.205270830793989,2,0.0009131510740930959,195.75057799800408,0,0,0,0,1,1,0.32115807108614775,0
86.35313956164165,58.810907063928354,1,0.0005181319714545056,112.48980013791865,1,0.0007583988585461676,94.56208516864206,0,0,0,0,1,1,0.53962954757298,0
296.22350563080863,320.5782632604548,2,0.0012252226087099728,138.05553517206158,3,0.002347626269902505,318.4225091168432,0,0,0,0,1,1,55.54431406012666,0
306.5173074586818,406.91447655590514,3,0.0011885673880514828,82.7164762602459,3,0.00105262353426366,198.52499393483023,0,0,0,0,1,1,8.271012816563474,0
403.8949444162295,383.2348709284209,1,0.0006529906894063981,24.253045255508432,2,0.0016925151348315469,222.99758901702737,0,0,0,0,1,4,0.334900833076351,0
485.6889183731686,365.6216499670667,0,0.046342026687504805,140.22782917480598,1,0.020048219507504742,51.81531491805711,0,0,0,0,1,1,712.815295703325,0
369.40703281308,526.2510995388322,2,0.0010221936893979853,289.7569515469004,2,0.0011510360841576845,325.9403639346415,0,0,0,0,1,1,0.40423936348297973,0
266.54821683043724,314.4369098586487,1,0.001102241925873519,177.78518298300474,0,0.0014572488026163872,344.23016594171276,0,0,0,0,1,0,28.78023940195469,0
290.0588156579141,358.03983723198155,1,0.0009089381427653696,64.40834325272789,2,0.001273233054714902,175.80732431204754,0,0,0,0,1,1,0.23877688070516845,0
75.14729351969699,87.25188004416222,0,0.0009619050663388286,148.01063487990118,4,0.002628617464165034,64.0876510233725,0,0,0,0,1,0,0.14581768963609415,0
309.50866998819293,392.58206376657154,1,0.0010984688684320906,69.0482330877971,2,0.0016131399135642663,143.5134472265536,0,0,0,0,1,2,0.32397038789461313,0
289.5577655505308,421.22782741822857,0,0.0009713620720597712,68.94400565589422,4,0.0008778050445548643,148.67508539073796,0,0,0,0,1,0,0.36187054251903794,0
141.5346718880213,68.49935201967249,1,0.0032827791541138935,70.32195017209989,0,0.010453000615071529,34.780747803342344,0,0,0,0,1,1,203.36404641894268,0
217.7632136991766,298.69045988101664,0,0.00045060719352162554,118.06798190163107,0,0.0011588388170431022,181.52826818115363,0,0,0,0,1,0,10.636525934144451,0
305.1746865998463,384.1741228245381,3,0.0020126378567644873,18.78430818117762,0,0.005157324709976396,349.74218155090796,0,0,0,0,1,0,113.80617035998563,0
744.8279530173181,962.3602972808243,3,0.12417295602744878,228.85740116721826,4,0.08998727386314498,24.858568165134933,0,0,0,0,1,2,2406.9581167454603,0
922.35854992129,1124.1380966813865,1,0.06766242097368906,159.61587563884586,3,0.09274262997558157,126.25306342437077,0,0,0,0,1,0,2826.427562445988,0
1519.8126571461803,1824.8034941438193,1,0.10614833018763391,115.20336756966296,0,0.18109801941497686,195.23335447998673,0,0,0,0,1,1,4605.664486370058,0
903.5215322523541,1197.2140164845064,0,0.16284621953195505,15.241692298241837,2,0.10454968223534182,122.00470182069454,0,0,0,0,1,1,2965.456879217495,0
1165.7217859004663,1574.03097823063,3,0.9704749750207733,42.61661308735837,2,0.1856757899758345,91.10801258855899,0,0,0,0,1,1,3882.197474765726,0
1363.1461015077455,1698.4972297576062,0,0.12582373260495225,22.44218857322831,0,0.19543189630040123,208.70952263726312,0,0,0,0,1,3,4267.3502628339365,0
956.6545801782198,907.5924929273132,0,0.8671343408002391,323.8075620652864,0,0.05159673569828524,280.5521392645594,0,0,0,0,1,0,2187.7465426544977,0
434.9742413768107,374.55164609210465,1,0.008682011482675323,33.515192604625256,1,0.015291298237431328,136.2249127895253,0,0,0,0,1,1,450.15441935464287,0
1797.8852614492955,2791.8744875402967,1,0.004966677565375214,303.5007794027889,1,0.009503278476168461,121.37773426610097,0,0,0,0,1,1,357.0855005732577,0
2537.7821541700723,3765.0519484267807,1,1.9871645285862036,310.6309969799965,1,0.38608796908038345,259.0448222549619,0,0,0,0,1,0,1013.6320464035874,0
1053.6676713640627,1004.9627317174393,1,0.056081542739653246,81.52755620682748,0,0.09022976385941896,424.6884708436575,0,0,0,0,1,1,2552.1919742787068,0
1812.7584702718477,2959.741632874503,2,0.0008646637354946421,208.72637103044067,1,0.0022973303336814624,147.4366260044991,0,0,0,0,1,1,82.50231655536422,0
237.811784611478,162.21509650387338,0,0.007811014276241212,156.26317495062793,3,0.00927108406003334,148.92879063936687,0,0,0,0,1,1,270.0550367363227,0
986.4575708528685,875.1985062241339,1,0.011735686408670223,54.51878265644265,2,0.07469412319224453,190.46137943587607,0,0,0,0,1,1,1696.0937994164715,0
1033.9699603103954,1268.9114850746112,0,0.05699650256354115,3.770332382507363,1,0.11712132425247272,227.11240826953068,0,0,0,0,1,1,3190.6847034498132,0
341.0878305932802,449.09374102668505,1,0.002312742011668714,96.79058617687355,0,0.002243124237491623,334.31341743820127,0,0,0,0,1,0,95.50654563649022,0
624.4938560510408,574.9771237252137,1,0.007675456587280152,224.99631027826743,3,0.046374465162619206,70.43438202826628,0,0,0,0,1,0,1299.6217588021857,0
330.96424498838473,292.20568492314635,2,0.01102972437406512,139.01796803483418,3,0.012078915920465904,244.02382164562974,0,0,0,0,1,0,333.545805467083,0
490.085080900355,377.86635923040313,2,0.011113408799026035,114.584587888528,2,0.018148987597661523,186.80649757552402,0,0,0,0,1,2,507.00579705274936,0
353.00366386856047,189.6933118270303,2,0.021258016114403835,21.6054858890088,5,0.015393500139409851,54.936517395539994,0,0,0,0,1,2,530.8903252925254,0
1712.1940477532733,2284.6155746092977,0,0.14878643007089482,43.260993117893634,3,0.20228365663411466,230.30628512437883,0,0,0,0,1,1,5615.29131992937,0
1525.306686734659,1393.7798008238901,1,0.15477603892838593,115.0896534322169,3,0.07153515315642706,279.5363685192202,0,0,0,0,1,3,2130.310053233452,0
974.6591520785635,1220.5794235136582,1,0.10035707933753073,18.96684892088013,1,0.12893043290269118,237.91092941192292,0,0,0,0,1,1,3059.312488571586,0
568.7092371646523,869.2351468789714,0,0.015263253652394714,130.37398173320682,3,0.09398275206494759,59.64023895017403,0,0,0,0,1,0,2073.65409992841,0
322.02142173054375,274.1897773287595,2,0.007175428051179298,209.29742091180174,1,0.011379061264478544,193.55650976248086,0,0,0,0,1,0,360.6350056149384,0
1902.8077317640827,2623.3983096713664,4,0.01236959842428078,191.4167284138683,2,0.03426731231663016,268.47852459227545,0,0,0,0,1,1,1049.0001782982777,0
245.72459733421968,253.13173805501057,1,0.003825651214943757,28.795588433838756,1,0.003407452468628313,195.6618766319025,0,0,0,0,1,1,106.20560593868525,0
185.47316135104765,110.0991882338391,1,0.008612896479674411,40.166196583989326,2,0.004831122451314606,153.72045612178164,0,0,0,0,1,1,149.46345107593964,0
349.2484671266741,331.30301299867983,3,0.004318751657722318,112.01928096059447,3,0.004098592405094342,164.0594187866176,0,0,0,0,1,1,269.73023715987466,0
453.0217877310039,473.1919365523803,2,0.023857160638748695,13.550360066899398,1,0.03883979059731791,110.83025467889367,0,0,0,0,1,0,1250.3188810077827,0
176.31242726307042,110.70615146236547,2,0.0030320934670028474,29.625677287508502,3,0.00444144597463446,65.98467965182286,0,0,0,0,1,0,160.99095339370157,0
302.5191892689683,410.52250983176475,1,0.0019186456178649203,225.47889927290396,1,0.00185760315142907,224.17216845076808,0,0,0,0,1,0,37.15944545018747,0
432.4282946587958,541.9791150955475,3,0.0018050569666850941,37.7906193001858,1,0.0018279924537067188,238.58502580614095,0,0,0,0,1,2,35.445606893236395,0
631.6795512640323,500.5343487786468,1,0.02358277127895361,39.10008617864301,1,0.054556272213376764,241.5380709909586,0,0,0,0,1,3,1407.1532034578443,0
139.1490438807121,91.16016855442291,0,0.008276912634581383,124.18149639776567,2,0.005728365307013662,100.7775907873673,0,0,0,0,1,0,284.97223126695616,0
146.08674186413828,214.3267799097598,1,0.0018861009003779436,152.75956377460884,2,0.0006573591503539564,150.40447001499368,0,0,0,0,1,0,5.535832629392629,0
205.16819902419704,203.15492756431382,5,0.0006824398368833017,32.67796414176607,2,0.0017662852036649918,144.58140220705968,0,0,0,0,1,1,0.7029683238686898,0
404.583944401512,490.48027371234207,1,0.001943178488397194,171.07322100137807,0,0.0017772769050739372,93.15116809734369,0,0,0,0,1,3,0.2358066500143935,0
228.4086844917551,250.61782146926916,1,0.000692340506629118,176.5504610572191,1,0.00032004153864137366,291.5998739668356,0,0,0,0,1,1,1.2344153138564735,0
606.297074306025,599.2893730407461,0,0.049307066775440125,36.40560434980564,0,0.05704037084121535,183.92249955963896,0,0,0,0,1,0,1581.5567670505502,0
1533.1374858764175,2148.6829648127323,1,0.11333405595838505,104.75271350629947,2,0.20690859038472048,95.2515277153438,0,0,0,0,1,0,5231.62230735447,0
1350.6120414069424,1230.0615753890982,2,0.1249910362400664,238.45372419346833,0,0.09508103023078485,11232.48124992206,0,0,0,0,1,1,2730.3581739620295,0
1729.8030858795103,2247.883711697391,1,0.6134661907748513,87.69305104079326,0,0.1958753073712895,299.42718786253545,0,0,0,0,1,1,5547.084057284773,0
1355.194637593404,1955.169255550827,4,0.6148409985726603,25.138590671282603,3,0.19714892580870186,145.43199082112974,0,0,0,0,1,1,4727.962222826876,0
1149.8721283142443,1663.2554540809463,0,0.16806282421267074,103.42676350078644,0,0.15061552179516827,95.82659347371794,0,0,0,0,1,1,4024.223616370965,0
257.12713352989664,334.0942365594348,1,0.00022009416072219851,234.89217894865163,2,0.0019162871484586191,279.80550679789485,0,0,0,0,1,1,0.15792624767451052,0
394.7712521450031,552.0185646026715,0,0.0006387085032409811,55.91754634808327,1,0.001989841081180927,150.1323204569536,0,0,0,0,1,0,7.2657348848181,0
216.05331113074965,204.80099452603503,1,0.0008969887029626066,226.09461894529403,1,0.0011661112859580635,63.095934601113115,0,0,0,0,1,1,0.059560572089585276,0
186.126266658856,273.8753296416169,0,0.0006485761031773075,99.80765653404976,1,0.000837464341467266,68.86088889033323,0,0,0,0,1,0,0.8164794497040876,0
236.91750583520403,339.2225724392168,1,0.0014015002131153886,57.206809051977224,1,0.000818436784266409,226.528630313756,0,0,0,0,1,0,0.3043047360475821,0
79.24024077464794,59.59113885467391,2,0.001030628439742876,20.266079117419316,2,0.0005393308950131248,11.49027376785843,0,0,0,0,1,1,0.4592320920436287,0
1543.3138643206369,2426.958520290269,1,0.0011752227494275756,240.278880105849,0,0.0014144318203764329,169.71382457043742,0,0,0,0,1,2,0.49844293790419486,0
424.5035182021505,550.0062356512361,3,0.0010461864153898115,203.72022912514444,2,0.00043192037246344753,62.8350264805081,0,0,0,0,1,1,32.290927143112704,0
1497.4626709536237,2159.634152769285,4,0.17338872072146982,34.54200219679151,4,0.20967183245289256,58.487933345140924,0,0,0,0,1,1,5231.033733626999,0
1203.1543606477042,1774.8425417103244,0,0.08894961574112445,132.48335337660856,1,0.17866916129056848,99.69028501488782,0,0,0,0,1,2,4275.09862844525,0
887.8541408939626,1218.6565883416913,2,0.002976406575695709,114.97543228560068,2,0.005483742088307094,115.47443744758664,0,0,0,0,1,2,246.5605999417014,0
924.1718589822146,912.7140851150762,1,0.05173164710103815,52.45160247896716,1,0.07502683282777944,232.5272485162839,0,0,0,0,1,1,2379.545814636308,0
443.46971806004217,641.3666409816273,2,0.03419218930850812,97.2710192121408,4,0.048394304687223805,52.15282453250643,0,0,0,0,1,0,1553.4714704522912,0
586.4970411130334,484.02738792379733,2,0.015692068355267406,121.29314871764555,4,0.0568394183506479,198.39804369254813,0,0,0,0,1,1,1362.2691792922324,0
497.5930873574601,719.3050541703165,2,0.0013477099212672666,220.85604599876137,2,0.003351851999114067,295.58793857411035,0,0,0,0,1,0,66.32222480420052,0
178.51596755123467,240.37542143312717,4,0.00048293288672604024,18.68409507529433,3,0.0002698385569602359,150.44056566756075,0,0,0,0,1,0,0.34793179782789097,0
113.47845293981844,81.57963266111413,4,0.0007346407506830303,112.56413712247378,2,0.0017954255618590595,46.72151839313511,0,0,0,0,1,0,0.30825381923699013,0
674.8682867698503,1031.175081308065,0,0.0006789261666256287,272.8916360780794,2,0.0006021843627248967,257.1141945131157,0,0,0,0,1,1,5.308948346585834,0
454.9102996228499,609.0679537810751,3,0.0005616234500704592,193.4324805851813,0,0.0002864376795590779,388.2488847726614,0,0,0,0,1,2,0.6357820509431051,0
1062.8928262869388,1649.7759921715249,3,0.149652017040571,21.526339306253725,2,0.21177213845056986,24.389115324605186,0,0,0,0,1,1,3919.4257025276065,0
928.6320224413307,1054.0219897657068,0,0.00898896874660381,99.38502948591594,1,0.12390285884309693,120.86782693609851,0,0,0,0,1,0,2655.5980376369275,0
1606.9321092593377,2058.9620706627793,1,0.14563841157133633,46.01514989682122,1,0.18813143327826393,262.05204001487084,0,0,0,0,1,1,5088.758981028948,0
606.3779557143465,846.1955165263271,0,1.9523677323944018,157.5022278153196,0,0.1537643537192231,68.66099622981248,0,0,0,0,1,0,2067.8957992000815,0
687.5564686526695,682.353306918777,1,0.5295073080946562,110.48384820806322,3,0.11349215464691781,131.00211124754674,0,0,0,0,1,1,1777.0252653660148,0
1022.9878133963714,1248.5048825573115,1,4.116975247607124,15.863742810314658,0,1.663443473041184,189.6791889731824,0,0,0,0,1,0,3131.6597488559187,0
381.7417683507356,544.0890966206138,0,0.027102961751830787,93.76086090139005,1,0.0027060229125832067,52.74272327154652,0,0,0,0,1,1,1321.1560896126107,0
354.30518797084335,525.0400171528314,1,0.0008551466892110693,281.04917799720437,2,0.001390638058305647,151.4807164120491,0,0,0,0,1,1,0.6208844791718989,0
222.6935420122926,251.93661120268052,3,0.0005889214094665548,3.3035515403534466,1,0.0017598454256377422,176.67449907209286,0,0,0,0,1,1,7.858950155240951,0
297.1470921038986,251.16158761428582,1,0.0010470625367027012,198.12578188932525,2,0.0014876468180785906,69.30371064181756,0,0,0,0,1,3,11.475556173435741,0
379.3475708503893,543.4238373628299,0,0.0003831941871716108,199.28983333211264,0,0.00107900054578446,358.6942784187267,0,0,0,0,1,0,5.591518500721689,0
330.98517124804033,461.4544835260317,1,0.0004387508018267902,162.24774530657555,5,0.0012430923928674576,326.8812455579233,0,0,0,0,1,1,1.1688911350670232,0
191.51548132900072,179.40109713379553,2,0.0027664623712501737,36.69770975690766,1,0.0014218073012107527,156.67521609144197,0,0,0,0,1,1,48.705250595275956,0
205.5481460443551,220.97885635446107,2,0.00044987810971763886,21.72834378225617,1,0.0005393308950131248,64.35272807654756,0,0,0,0,1,1,0.6162235718984573,0
280.8872829327987,297.6984442825308,0,0.0001605319465385298,73.38733004674262,1,0.0005441366321806041,192.15766236637648,0,0,0,0,1,2,0.8029635300526003,0
242.2403438218316,330.4078154152665,1,0.0014992508735672838,29.189077447677857,1,0.0007441390333491157,262.6664871304222,0,0,0,0,1,0,1.168048304135932,0
475.5952882095431,641.212682350517,0,0.001172679888861652,103.25678721781074,2,0.0015537538032978364,43.886285609630534,0,0,0,0,1,2,0.29992520478501145,0
309.557355216799,368.79817707090336,2,0.0015670379916268439,179.14160695849083,1,0.0019186001925244334,514.8897757071584,0,0,0,0,1,2,0.3564284190638083,0
351.6288139334459,472.43294132739953,1,0.0028955468578937644,154.44594690042845,0,0.0006453669652609836,341.34117156129605,0,0,0,0,1,1,0.4978042247888137,0
127.33390794116656,100.70970794439052,1,0.0010051777585902864,9.651778282839961,3,0.0009474967518660169,58.44224809847535,0,0,0,0,1,1,0.07327213698984711,0
342.77627085200163,202.5572837237438,1,0.016105501991755495,144.67663768921653,0,0.04267881922212089,92.27529289253788,0,0,0,0,1,2,619.3090952317318,0
599.4404247606348,566.1183441722245,2,0.005790594570201693,17.527439796067718,2,0.0212228381692785,77.77784266604738,0,0,0,0,1,1,540.521013307708,0
522.0607338650793,352.0459236714136,2,0.018215342472271173,11.130322196698177,0,0.02568023321890142,176.32028533337575,0,0,0,0,1,1,826.3688700709672,0
232.40469411081523,99.40531165209688,3,0.012477014801415588,36.959302675854445,3,0.01382259860157506,126.19501613061476,0,0,0,0,1,1,394.4087055347763,0
309.1332372333485,267.1878879829637,1,0.00954914291783883,207.14587833776926,2,0.013404482258345521,255.00998100632592,0,0,0,0,1,0,359.68878558368044,0
350.9053567231691,459.6693874591954,3,0.005818778625962643,184.88989394850736,3,0.0028276433884520938,81.62011421879737,0,0,0,0,1,0,123.27022606497042,0
545.1007795867197,410.7041258222346,3,0.012350541269422376,76.85356857693642,1,0.023628227732089817,245.80120678391626,0,0,0,0,1,2,678.0792264168563,0
340.4437881761612,309.1161947788269,1,0.006514688608641427,113.56323583366846,0,0.005901351782256633,14.318895709688219,0,0,0,0,1,1,163.9956598608846,0
43.05845461598835,38.814676857689946,0,0.0004382472275069212,2.6476282201670354,1,0.0005624858876818013,8.2019934453903,0,0,0,0,1,0,5.990546293840429,0
240.42275990890508,377.4422658888762,1,0.0014125111901635826,149.89586547760945,0,0.0015184672632753767,181.00528399788166,0,0,0,0,1,0,20.684610953240092,0
131.47490035429092,155.72940787866443,0,0.005850813805976509,10.133723738801821,0,0.013909801437079258,16.061414317583292,0,0,0,0,1,0,400.5039300382052,0
210.02558158189768,168.52379158242454,1,0.009084221881136917,12.665113917640685,0,0.010497816483362643,126.49572406508207,0,0,0,0,1,0,306.8250251775276,0
131.03253533689212,181.33246164135392,1,0.0024939361169540077,42.06876270551301,1,0.003072846474830212,21.94808358868744,0,0,0,0,1,0,18.56241512814885,0
62.56925467549827,59.821383490134686,0,0.001104754956346823,90.20864212831682,0,0.0005151132204198993,72.15241175468562,0,0,0,0,1,0,0.5378299584546364,0
396.3159832248628,393.30778952554414,0,0.031021322116608605,8.816869286739104,0,0.0356650921618321,134.5852524120907,0,0,0,0,1,0,991.8745831208116,0
679.7763008385701,831.7413171466709,0,0.00692587800025624,126.80773844236407,0,0.02069722774231375,84.53921048122898,0,0,0,0,1,0,590.9469610740364,0
718.5303310186498,886.8465119861346,1,0.04518826306757828,14.093349174982292,0,0.06293615561200248,62.49824849857455,0,0,0,0,1,0,2207.8025910403235,0
984.537647382479,1152.018000509075,0,0.07884217472749046,87.11200285346327,0,0.09697622070532114,55.97170712649826,0,0,0,0,1,0,2853.828470561615,0
428.35388408888673,514.845636264174,1,0.0364716816089351,17.855730092210607,0,0.0419259129137607,77.70163979078939,0,0,0,0,1,0,1294.655742201514,0
893.4082133552176,1477.880235360132,0,0.11051376958170145,57.33009767655689,0,0.12718063844796704,75.40030618226278,0,0,0,0,1,0,3453.055515844862,0
654.8954114457871,832.27916493869,0,0.05173008605939417,13.59969689837352,0,0.07478323580367296,100.12826712679197,0,0,0,0,1,0,2068.572405958708,0
356.6127101441814,578.7627286217562,0,0.02400688446375457,13.226352127444446,1,0.04516350356200402,8.849037405889378,0,0,0,0,1,0,1358.873363341201,0
911.5563470555351,868.3837438297713,1,0.03955551664971209,113.79904097532045,0,0.05062266671534392,284.6107738502896,0,0,0,0,1,0,1690.644511628927,0
318.0680869665205,405.4267882290005,0,0.02365100766566053,12.00411657121516,0,0.04638565656988265,28.949569397369363,0,0,0,0,1,0,1009.3425910320486,0
476.17076071715246,465.0228588337526,0,0.03493432135181232,77.8522173431224,0,0.04565980480311466,174.95683556731083,0,0,0,0,1,0,1127.8787909997122,0
461.7026142834436,380.255072219271,1,0.02601345113969831,8.159919795138157,1,0.03876740629157184,128.02345443364098,0,0,0,0,1,1,1038.4838900970653,0
328.9811950801911,499.1637202762079,1,0.026286522183563053,79.52784304240564,0,0.03994817850445263,42.763890973649325,0,0,0,0,1,0,1193.2261173974593,0
863.9989676807622,838.6945921987922,0,0.03712804231418733,91.06979879341901,0,0.06091221581953736,377.8078658599815,0,0,0,0,1,0,1751.030854780992,0
734.771516264344,1176.8599127955792,2,0.5814284336993563,10.73732554543468,1,0.08080769116610653,31.192084668736314,0,0,0,0,1,0,2772.1746419510637,0
422.5305764380722,389.53721022378437,2,0.007951926928414411,53.12652534508315,0,0.03202811968888851,235.86746265416596,0,0,0,0,1,0,736.5643468354376,0
753.9687081815615,976.3137199710948,1,0.042910224541671996,19.176705032859463,0,0.0904078185111028,71.12393335940465,0,0,0,0,1,0,2418.669688332829,0
1095.072586974524,1271.9901973018896,0,0.06887566179788673,145.70860856238684,0,0.12205705931946828,119.98165723960985,0,0,0,0,1,0,3156.284662745097,0
913.1076164341079,1172.6870880938593,0,0.2257401346631859,74.64271029345502,0,0.12736778272820773,194.38054990026959,0,0,0,0,1,0,2886.7400167222386,0
1432.622118587557,2398.915414459369,0,0.3408060774010442,33.061449993794916,0,0.2150831061518259,14.21717612052034,0,0,0,0,1,0,5587.49511950254,0
1130.9708753177686,1530.2675681993487,0,0.13640937026806077,65.5941329961319,0,0.1253531275525792,241.18088837707884,0,0,0,0,1,0,3739.8186817191454,0
675.8694134925764,962.8018113957023,1,0.05090191013626962,29.52574009282629,0,0.0865948906227881,72.79578410478844,0,0,0,0,1,0,2332.684472161499,0
1548.966306508842,2399.4135176152045,0,0.12739495224613495,121.05889624845412,0,0.22772638556076552,75.47931557887019,0,0,0,0,1,0,5698.141666532001,0
1035.2725593476332,1624.9475557749656,0,0.7684351156627799,28.396152518675756,0,0.40096341251704304,78.4597389862652,0,0,0,0,1,0,3845.52265756437,0
1705.4002760412286,2725.041351550822,1,0.7332104621024225,29.39877763936809,0,0.3152793822336626,67.73292545319944,0,0,0,0,1,0,6424.845368871336,0
2186.576398180767,3201.8596565095113,0,0.34076671931024943,80.25271320119936,1,0.3428415091519599,304.2501231819713,0,0,0,0,1,0,7695.5472207335115,0
1091.131933782941,1549.7344921661036,2,0.6808723067137952,62.65405750155874,1,0.18360380272435783,90.63802790309136,0,0,0,0,1,0,3755.6307293505324,0
1690.4131857678371,2519.078859078875,0,0.14790402692850874,85.7068949935832,1,0.2239743383663222,72.68102382654062,0,0,0,0,1,0,6032.382494862553,0
1103.125458676449,1618.7362633513071,3,0.10704366169831803,46.181392440640494,2,0.14341554606373547,210.24329026865303,0,0,0,0,1,0,3899.8888567495596,0
1199.4875417958374,1781.7234258758142,1,0.10090315452657456,11.584003708004605,0,0.16265984200675843,192.11189242486827,0,0,0,0,1,0,4275.466773891542,0
1257.8923479482166,1979.0716943289883,1,0.10896327603295666,36.47025160836086,0,0.1754407665928041,52.22542358360901,0,0,0,0,1,0,4682.37099759284,0
738.1096818815431,794.0803447304545,0,0.07429444978368042,128.8061812258596,1,0.08473003324439082,206.4005398338064,0,0,0,0,1,1,2044.9363224938138,0
992.8793392384467,1406.313123076693,1,0.07217777627012847,16.604361114110056,0,0.12844746495916268,62.811574473745125,0,0,0,0,1,0,3414.2544784642164,0
1135.357823584969,1855.7710102648284,0,0.09943136964594156,27.874566084236477,0,0.1655766054926059,98.49586763551056,0,0,0,0,1,0,4349.414761994989,0
872.8954898854731,913.1663740451011,2,0.061561626788801775,74.25086581139634,1,0.08267418759636616,116.5556773493388,0,0,0,0,1,0,2240.2904887832506,0
761.6034881127241,1117.097189028279,0,0.03736760212327342,59.9434371099398,1,0.09274162724031382,17.931489228731607,0,0,0,0,1,0,2692.9907041581428,0
959.133030337466,1222.0955451379307,1,0.0431414803388211,78.27625244892825,2,0.1173383494077126,292.5719108032943,0,0,0,0,1,1,3037.017684448717,0
727.4293369791177,699.9338589023629,0,0.053472412012236625,76.04235483174381,0,0.05299474832410458,158.20120404888164,0,0,0,0,1,0,1755.987960870334,0
1301.338886539853,1291.4330087731093,1,0.09322470245305232,172.96614070115655,1,0.11519939830176879,166.9872253388313,0,0,0,0,1,1,3246.955789680286,0
597.6380205648234,949.6034719090643,0,0.0005516594883275671,140.431889586256,0,0.0021811936609919093,206.4616200966654,0,0,0,0,1,0,8.035073391190569,0
148.6888145024106,163.87253798924053,1,0.000750475914367911,21.840472698238372,0,0.00030634845113240185,120.27175784840416,0,0,0,0,1,0,1.1588871304053403,0
629.2083900880398,850.2939404605293,0,0.03923127452125777,78.0160922172416,1,0.08049056303519861,99.94111720457475,0,0,0,0,1,0,2093.4993001294715,0
465.53362393117004,492.92271305358673,1,0.0614289315264333,126.73388497384514,2,0.035883163545292626,147.70567535595143,0,0,0,0,1,0,1267.5435207097971,0
1075.2521052049392,1533.1663954150001,2,0.08421208215698549,16.35657180872731,0,0.13700229156475754,162.0703560728502,0,0,0,0,1,0,3721.9726143750204,0
1465.1735048377745,1712.1100319197838,0,0.08735718067834633,82.837382215312,1,0.16504766257083747,105.50394909038813,0,0,0,0,1,0,4252.320490155842,0
755.555681612259,865.8027166368312,0,0.06119995324144087,40.5064062753724,0,0.07989730589908337,192.3701973810325,0,0,0,0,1,0,2168.222284123506,0
762.0355808584603,1141.2032948145018,1,0.06609778192208231,36.409733082678144,1,0.08755014895556179,22.818418404238916,0,0,0,0,1,0,2738.0389336528633,0
852.3361821861937,992.4442206725382,0,0.053005688489152526,90.47915121558256,0,0.09217909355154214,225.13211434589113,0,0,0,0,1,0,2493.3568646584426,0
960.0388096535264,948.2404851276438,2,0.05706266337238711,74.18405497055701,2,0.10215853834762807,146.46012737935348,0,0,0,0,1,1,2362.6937064526433,0
1149.19511289632,1470.378733758123,0,0.08701190446266346,14.816174085429575,1,0.12317032878514493,137.20382533316476,0,0,0,0,1,0,3642.0841643131744,0
1277.0350968126872,1719.2373877270209,1,0.09583156466002826,26.128597464152335,0,0.15235517195289444,70.46756310823766,0,0,0,0,1,1,4220.629325386255,0
861.9783680892523,1187.156175722241,3,0.05949583717559069,173.7859801556315,2,0.10697082770675231,212.95770020331008,0,0,0,0,1,0,2900.747248247598,0
787.764482480642,896.3018985294696,1,0.04849693655141085,18.898840152225382,1,0.07909789104082071,137.15139496396952,0,0,0,0,1,1,2305.5120847113603,0
790.1937054190571,1173.2560109258716,1,0.09817045398922535,48.553924253447725,0,0.0902355602429184,58.04517509138418,0,0,0,0,1,0,2817.868260713042,0
766.8826840037833,736.78312486538,0,0.039193716779940976,21.914578636789418,1,0.07562479891860033,207.22504414656083,0,0,0,0,1,2,1958.3648756842044,0
569.2332484405713,923.430489251335,1,0.04762758414779578,19.5506727864445,1,0.06661976010460335,11.860553622472004,0,0,0,0,1,0,2168.375508260934,0
689.0151459910446,866.3218092274992,1,0.05392079111933197,92.87007435626425,0,0.06962974106128315,146.98208267069595,0,0,0,0,1,0,2146.6149484372527,0
683.6895056415932,791.970711315063,0,0.059054352001010495,3.5842329349348256,0,0.07149399534985676,210.6992083084166,0,0,0,0,1,0,1992.8342915947283,0
1426.3429131806809,1406.72432404517,1,0.08777064834558004,159.83356982956235,1,0.10488078215943783,151.7259419921889,0,0,0,0,1,0,3098.749598217012,0
736.8555510594093,996.5155527643474,1,0.053777829888860096,141.13500879083784,1,0.08311030660626889,90.59774196136213,0,0,0,0,1,0,2456.0821666610464,0
214.1420867638072,145.87952694224182,0,0.007414122139568796,30.474961533707486,1,0.013741788791026128,11.48115062880553,0,0,0,0,1,0,385.18656849554986,0
420.4479928374241,421.6650627291642,0,0.006902878678597377,94.25123828672767,0,0.007330628838256312,109.86854580270763,0,0,0,0,1,1,315.0818784872545,0
291.3502976889564,310.8823265618982,0,0.004749673533362079,114.05328235991466,0,0.010717636783990367,58.531080127217464,0,0,0,0,1,0,357.89874710689264,0
595.67735010666,754.1988111520205,0,0.03661341731987107,53.14381638392775,0,0.06217877857315541,258.8941383514662,0,0,0,0,1,0,1888.168166836736,0
370.5962702039374,347.86127443685007,1,0.02100501620044022,6.551303061875361,0,0.036025218638160855,28.420275314755948,0,0,0,0,1,0,964.4447367949922,0
492.85913137726294,384.0482801955829,0,0.02401030599128326,102.22764447317078,1,0.03646396682550583,336.8923129026663,0,0,0,0,1,0,900.4611113443132,0
317.35162602141713,358.3787566416033,0,0.007169063102868011,17.938178251186248,0,0.011325560171298292,166.54449229909775,0,0,0,0,1,0,230.3565000479672,0
498.0764483327251,641.7235500951368,1,0.034939486115037124,78.87203463797172,1,0.059037149225078966,81.67303995226455,0,0,0,0,1,0,1590.8804594805008,0
459.41321252622157,409.6718216178981,1,0.0166455171268188,146.31399099556654,1,0.030373591103175637,186.630366012641,0,0,0,0,1,0,959.2468997133385,0
312.2054092634734,347.85981994961986,3,0.020155868299762403,7.321224025232589,0,0.025431195171724007,27.51368804335724,0,0,0,0,1,1,910.0361030009474,0
479.82066791820756,327.12090817773293,1,0.014880742118393723,203.64851157100958,2,0.02036512138587879,134.37160928019387,0,0,0,0,1,2,771.2138676980771,0
501.33496433036663,528.8991395230936,1,0.08132438435358298,47.33969266797842,1,0.007618317275532693,84.88807333345625,0,0,0,0,1,0,416.39117907296696,0
178.04641830785258,192.57180683323705,1,0.0005639560836054808,18.931624546811925,1,0.0018182861554596175,245.6461802941492,0,0,0,0,1,1,0.5379284937024091,0
279.01077930600206,223.74707418041461,1,0.0019392543707247123,215.0138130806138,2,0.007149048018112558,164.20945421352428,0,0,0,0,1,1,140.25920304995716,0
520.0809555767746,568.5249131785171,0,0.026749070967293787,76.50835069618627,0,0.02373952359360511,220.9843936885906,0,0,0,0,1,0,539.5596069796266,0
156.07707526505064,109.50152642910265,1,0.001102748698489202,37.47508476412312,1,0.002137030340098749,130.3928076391062,0,0,0,0,1,2,0.7042067079689835,0
252.46142283146818,193.51784348723902,0,0.002749434593085856,40.64489045059996,0,0.0014636591170747745,32.54384165769562,0,0,0,0,1,3,20.197268535299468,0
1684.6582455232751,2600.3525624834992,1,0.000624121204774662,150.50289812935588,1,0.0013963230411632626,263.5728754814844,0,0,0,0,1,4,0.5572986515423684,0
374.11812820524773,443.0988594837071,2,0.002847533181299615,208.63076254786958,1,0.002312607431800567,292.1316176510783,0,0,0,0,1,2,34.69625373789466,0
200.855730047051,221.36687584179904,2,0.0005489325234962722,10.774922467288917,3,0.0021665778403559734,11.880176017383963,0,0,0,0,1,1,0.09805511354683709,0
612.9309758273195,505.8708131569795,1,0.0011227111201225302,32.57996814723373,1,0.03716328880786774,96.13806878441716,0,0,0,0,1,1,1003.761815118155,0
343.7020065570152,378.31205393647167,1,0.0030825591928809997,122.19840786585564,1,0.0029885304073443736,275.54332501138526,0,0,0,0,1,1,114.03786965271222,0
892.0506084324523,974.1879457644359,1,0.044276052598021115,44.751178702319585,0,0.09687706565674947,380.7467241439959,0,0,0,0,1,1,2502.21460649781,0
239.05981664932696,211.2124404321773,1,0.012154021958809456,105.00686190614725,1,0.021159404181800824,92.69796284021382,0,0,0,0,1,0,604.3309196266094,0
540.726814755654,521.9699758628162,0,0.0128065673159669,94.53058060958669,0,0.015573351896680358,307.5559866283933,0,0,0,0,1,2,471.9915781488551,0
1203.6523742363656,1420.8535182512328,2,0.9584230860715202,28.451373842745703,2,0.30670673433220697,213.32662476531743,0,0,0,0,1,0,3546.7323266046023,0
1188.578695992834,1930.333648328855,2,0.09535644637298563,92.14650731666663,3,0.18693651978356945,30.64427600321359,0,0,0,0,1,0,4531.901836137804,0
1179.4126169383346,1313.0563131692418,2,0.07029635316154624,253.45786160083068,2,0.12070678597062777,302.5808965415058,0,0,0,0,1,0,3326.477678858288,0
791.9722899100356,937.3018626755087,1,0.11502548048395456,50.265465772516286,0,0.08138883656715658,308.3503114333595,0,0,0,0,1,1,2366.860819769965,0
713.2281835026746,903.8587848047015,0,0.051618811320920145,4.871134279117235,0,0.07588645836515544,52.91721479230846,0,0,0,0,1,2,2276.6530471819087,0
81.95972686535774,30.680904945419623,1,26.529964132045297,127.38103278452084,0,83.0112889579344,27.969284862555917,0,0,0,0,1,0,102.29876541620861,0
177.71328110710277,69.0687180565464,1,118.28233206179151,335.54618309229306,1,368.2690591324124,609.6074666707098,0,0,0,0,1,1,63.76017118665145,0
831.2965670113306,673.9705029820997,1,23.65510726310395,270.76455374248013,2,129.09277368929196,258.7399516583,0,0,0,0,1,2,721.5619050367673,0
4740.031755657963,7290.536102034178,2,90.46270400574645,389.50210616631955,5,87.05917237123677,380.9947674539409,0,0,0,0,1,2,943.5721531787424,0
865.1926027392,899.8967772935188,3,47.8793169834546,92.06376483798073,3,184.82102202538584,357.22582516607554,0,0,0,0,1,1,458.7509454516138,0
1329.160579800337,1186.4468663826933,1,52.37540662981247,492.9716479166601,3,223.83873446299046,10343.843858733828,0,0,0,0,1,6,774.1670036599013,0
824.7727846834117,485.99751779366085,0,160.32420565432432,96.31010354724917,3,642.5005610653044,9981.281910329002,0,0,0,0,1,4,1086.5162758461074,0
3536.588224831002,4885.956104907299,2,82.69287107249397,200.16804133366935,4,345.38344036583464,232.71313547269997,0,0,0,0,1,2,1429.6951893256005,0
804.746004542848,1055.3136657105422,0,7.964040874157588,225.34115211233708,2,91.95952871320245,548.9805719229913,0,0,0,0,1,1,114.62569466753908,0
820.6357536187687,896.9668785848236,0,76.36824164304943,616.1640756050393,1,254.9266159387699,585.7918989477411,0,0,0,0,1,1,522.9753863104995,0
640.5429264770472,605.1201127763162,1,191.62119868543718,99.26085220302177,3,418.22947535525697,469.44745268965505,0,0,0,0,1,0,516.0539472903308,0
1418.9079776465837,1695.7998018172289,2,245.15037404174552,630.2048733659065,3,599.6707495774464,823.4094341415591,0,0,0,0,1,4,188.60607806911383,0
7330.140326651927,11038.640281612172,1,100.9248820523696,305.13304531580775,4,11036.26917092457,462.68857712218335,0,0,0,0,1,4,1975.16813124118,0
5851.7945896850215,8470.298679614369,2,267.15605446362395,726.0982178485853,5,313.2063051326787,587.9790675808019,0,0,0,0,1,4,1893.560465284263,0
958.0718331393251,1161.1377348826609,1,139.472049373103,580.6659613216664,4,68.59222125762287,10090.891959941002,0,0,0,0,1,1,339.7597958838095,0
1182.4321721571796,1679.4224688613042,2,44.85163925964014,301.36354155892553,2,215.7198528660513,428.70670843583196,0,0,0,0,1,0,318.6060436086216,0
1158.6414454876358,1044.5668157443297,3,218.27483247874105,670.9787800083118,3,377.6004742952984,1320.7190673776868,0,0,0,0,1,5,496.5138768509966,0
1610.05703373181,1892.1940683647802,2,118.4832710456958,325.2482898268916,3,820.4348120602033,551.0086846168775,0,0,0,0,1,1,1340.4013323735999,0
366.83102788893393,172.00191905252603,1,49.32177390821086,526.9745137282162,2,101.84418742011079,651.7213674018406,0,0,0,0,1,3,406.63529689957835,0
1024.2031369469923,1388.0763298105608,3,108.64785385511507,243.98826383111683,1,437.87847990828413,833.9123759032467,0,0,0,0,1,2,196.24546023790623,0
432.8057703981767,197.3749498779754,0,81.88419178743746,52.40801279217156,2,141.28436737551462,403.5906452679309,0,0,0,0,1,3,467.3234174903777,0
479.2114783650392,420.44183589142943,4,199.44886451401806,544.4866291917848,3,360.543667794566,9853.362871165566,0,0,0,0,1,2,195.52956513774356,0
1385.0324893040386,1471.8922218841267,2,271.00337614073464,347.4825358461627,3,1046.4909263784148,540.8291771398993,0,0,0,0,1,5,589.9329663658723,0
1663.7152872136478,1730.9485357293377,0,93.0839415933786,329.2715175421276,3,773.6371841201909,519.963559320824,0,0,0,0,1,4,1177.4858143725842,0
774.9359156409776,761.8531447371114,0,116.9040052189176,585.778098839773,3,20.41607076449894,1036.5869370381363,0,0,0,0,1,1,534.2032891767251,0
609.3424514421579,651.3366191558673,1,40.59328144118979,209.02275998810694,1,379.98446306400433,292.8686103124945,0,0,0,0,1,2,182.5556994896396,0
1319.149727584905,2046.3883456033361,2,67.54311284375234,494.4500149512507,4,122.64882567715155,841.0598509767365,0,0,0,0,1,0,35.58637303794694,0
745.9832614148353,868.5898977286074,1,81.27190748439598,307.6164982061489,1,760.6174112118688,565.66664924238,0,0,0,0,1,1,300.8863220674773,0
953.3134857269988,983.0136456911096,1,97.5451995743378,544.8035268021722,3,174.1908393588181,1071.8201504036615,0,0,0,0,1,3,455.08496234148566,0
622.582283442409,683.5260535755907,0,66.91390680796661,71.95311790255232,1,171.8061467821151,338.6017591270663,0,0,0,0,1,1,280.3470101643578,0
1364.8994372430357,1503.4867375258395,1,129.16514635279862,546.064880675725,2,266.5227519902595,752.2866574108502,0,0,0,0,1,5,321.0463139650926,0
1478.9101248025142,2080.9001526208976,1,80.86769049830393,244.68750483016734,4,285.66124400800965,664.4993312654026,0,0,0,0,1,1,482.7642822297636,0
621.7446455226618,497.3366645195137,2,176.6471031249583,107.23113376575631,2,736.6659302850808,368.08180696001807,0,0,0,0,1,1,728.6008623517976,0
1164.9191584822502,1654.583057112893,1,188.73729636286808,426.8764060914465,2,652.8680774042709,589.9368993115742,0,0,0,0,1,1,214.70005656132759,0
604.4260202738169,538.6677727244061,2,128.74932056683565,274.494749992928,3,451.5989852356047,449.6220222544692,0,0,0,0,1,2,337.52457841844046,0
2186.456022749538,2840.199019488813,2,180.85876857731375,334.55799053548253,4,11396.61261079315,442.8286946598153,0,0,0,0,1,0,1222.978349749143,0
804.9823916623207,1085.5404780172635,2,95.64113179382767,556.2672567722344,3,128.56059682314057,10274.598844062086,0,0,0,0,1,1,90.08230178272584,0
1549.8709388358095,1878.3626625966685,3,142.72737069552466,724.6381231381451,2,817.2111026848734,961.7884699322591,0,0,0,0,1,2,931.5744967533619,0
557.3812400698941,255.9017193101018,0,107.58745313837153,340.0086738761852,2,383.36981246449585,910.9721824892508,0,0,0,0,1,3,298.4949375301483,0
2889.6976280925833,4589.081607158438,1,41.92284877757127,277.47081633917594,4,102.25495266211857,350.75632420206273,0,0,0,0,1,0,399.04794328307213,0
297.5746121675004,199.02676252153114,0,79.42309555711974,438.07995485195346,3,102.70759128105125,508.0191146311678,0,0,0,0,1,1,638.2428376878626,0
493.35959873109675,372.8177538794369,1,191.2892298907738,405.3337065813703,2,374.708460683612,852.4703892830628,0,0,0,0,1,1,315.62787055153456,0
1161.232364611443,884.3151047091472,2,148.6460021450214,481.95792711105753,3,421.46122308071085,735.2206614435593,0,0,0,0,1,7,500.58117265018717,0
1146.2722438174826,1330.4200020686303,1,80.7410112826471,466.330543278681,3,392.6120672183313,508.92137114050183,0,0,0,0,1,3,322.04646760616987,0
2103.484353890707,3338.9202393844453,1,110.09014506274278,278.09966014995126,3,146.54204398262573,10258.705668670545,0,0,0,0,1,0,170.52117546656177,0
992.7961438272334,918.8973585786555,2,149.263199939731,591.5094638239384,2,343.9602905710329,910.5121457596036,0,0,0,0,1,5,243.60728236130043,0
1180.4587944427435,1243.3318315103243,0,91.13596324722347,297.93628502124074,1,979.0054838403953,588.8664025429267,0,0,0,0,1,5,230.72312493352288,0
431.39130503898093,175.0425961024937,2,62.42257054749555,364.00263884953335,3,33.954481991691694,9852.124452300744,0,0,0,0,1,2,643.756023901967,0
889.6553708423306,1110.7727685738719,1,91.5784452192233,238.17202702673066,3,137.102821881267,308.9503992283978,0,0,0,0,1,1,180.09276619010876,0
756.0425722434219,775.589488745627,1,89.90460394346862,671.5790767853405,2,195.59339560827533,598.2249659736408,0,0,0,0,1,2,266.5330284829759,0
917.4290882396231,905.672275742204,1,72.67793813500863,371.6396138951026,4,363.3674167814646,586.9803133408992,0,0,0,0,1,4,151.9617208632008,0
721.012485047582,794.6673908399466,0,74.57658179833159,158.3357842247184,2,38.710447557365626,614.047440821983,0,0,0,0,1,1,294.98269759880463,0
474.44272829604427,413.5198651139551,0,59.62564480830949,590.7199863530275,1,87.6209089384628,495.5495259770617,0,0,0,0,1,3,88.32752828580288,0
380.38164605669215,491.0268694520106,1,89.13942638030264,157.07209135816265,1,395.91098212323476,484.5990408004687,0,0,0,0,1,1,57.598105370875885,0
3720.2564436435528,4535.836995111534,4,172.4469131633548,426.0779514475216,5,11499.77481561041,375.39348412599156,0,0,0,0,1,0,3384.3470491944163,0
10979.089089996478,13625.948135329221,1,322.3996467823023,186.17460714155567,6,8694.3182312275,432.88874424364946,0,0,0,0,1,6,33852.30485503265,0
2892.4332994373804,4232.673955303346,2,105.61364846219202,306.43573892351833,4,113.55406935769251,422.3671956118937,0,0,0,0,1,0,824.1052291056509,0
842.9020350632273,674.3002087556937,0,62.40348150612816,85.26474057788016,2,50.67749307862318,10654.509654140074,0,0,0,0,1,9,341.41358058649223,0
4685.733469419699,7358.05398819099,2,127.417752628308,167.44088874634826,4,140.27763091125541,10554.641419993482,0,0,0,0,1,1,547.4110237082225,0
3641.7732982745756,5575.482080686973,2,128.96750760807103,902.7731999687804,2,298.69964197010063,705.0541239351369,0,0,0,0,1,3,278.4009172080077,0
1224.0070623222268,1428.4303389075772,3,83.26121648793251,549.4332760856348,5,461.85267868421784,786.1725430926751,0,0,0,0,1,1,480.12672531627936,0
1403.0678532543566,1677.505963741151,3,160.57912364005315,546.7132647444926,2,833.7363057709598,715.0175450836983,0,0,0,0,1,2,674.948592175956,0
1013.008777239838,725.7996735456776,3,98.42896753577756,457.9226896206494,4,439.88229640606255,385.71782579932994,0,0,0,0,1,3,688.7633031167355,0
1294.452948141031,1280.9008023227427,1,140.42836998919495,233.87794709088834,1,1059.109563123399,430.0741848613294,0,0,0,0,1,2,1027.0956745790195,0
991.2817488322396,1236.2719365812998,1,44.63902514803024,566.4989319919181,4,220.17367433382447,1093.194414069171,0,0,0,0,1,2,248.05648352003266,0
2052.748132835059,1907.5057298824709,3,210.74377531442758,49.23971875749248,5,10129.815086348437,222.13162106261615,0,0,0,0,1,1,4628.913528987054,0
1323.257492635251,1461.4616782781034,1,169.28115657419514,658.3843318415304,7,58.96729373004382,882.8175124946433,0,0,0,0,1,1,895.9207831372206,0
572.0465040732917,533.7185215760285,1,72.77758703509289,729.0330696405665,4,165.481158799357,841.0249137028123,0,0,0,0,1,4,21.946471825955058,0
1839.5199143806342,2455.0484401795725,2,47.245277119161756,531.679814452302,2,280.70253410829787,804.424126510833,0,0,0,0,1,5,127.07930484301056,0
633.6692726572642,450.72258605395103,4,113.00300695741169,520.7163585791187,4,327.16788999372045,9824.229880797295,0,0,0,0,1,2,403.91893307313876,0
4339.417218600129,6651.489891496256,3,161.91832589941825,233.57589841074912,8,123.28742973620805,10353.618198196578,0,0,0,0,1,1,1202.4385980143088,0
1286.5516463533882,1676.5884289903577,2,155.50513080991962,612.7567669298692,0,559.2714269879525,734.124567425871,0,0,0,0,1,2,399.2723687891408,0
3800.565527204644,6197.847140752892,3,143.6186115837017,586.663029458738,7,83.38185312306,715.8014729344746,0,0,0,0,1,0,353.82801801895556,0
1027.0610870554458,1017.1121960385923,0,48.652755070146256,386.90927847224293,2,322.40776421420776,498.9450037233709,0,0,0,0,1,4,416.7351397125275,0
1999.2491563312096,2456.4859946365723,2,163.35304923671447,306.6418346854289,7,164.40933137545224,224.26725647014544,0,0,0,0,1,1,1531.383231843257,0
713.9629448111283,830.9946843201974,2,156.58380483434934,514.169496314638,2,645.593909078956,598.5344752796508,0,0,0,0,1,1,293.82614237337225,0
1506.726497770237,1192.1034030071821,4,305.6766944867468,490.45475784019493,4,138.55736606375254,421.90171578328943,0,0,0,0,1,5,1305.3862228127955,0
1168.8334564018505,1444.1786849809064,1,103.82877038985225,743.258031819285,2,389.200965939899,684.89725664306,0,0,0,0,1,4,57.6557977104583,0
1119.305066692541,1710.0313624873681,1,198.10486792805665,181.8180100522767,0,544.7089400150684,309.14955415598,0,0,0,0,1,1,58.048741497720144,0
780.5308495681317,1064.0808089429872,1,148.0124914390009,575.7259384186644,1,452.16306171155054,473.37028978003735,0,0,0,0,1,0,170.9838268793235,0
473.28041176491155,366.23798185689685,3,87.49890508244977,342.2845721691369,7,108.16587339007044,393.6412947842209,0,0,0,0,1,0,582.2609991579897,0
663.8678505796809,707.6060578884799,2,147.11305364732002,185.71986173346266,4,55.72522666072928,397.8521651283798,0,0,0,0,1,0,490.7830200114313,0
1114.899864499077,1403.230762748235,1,118.43768536379096,466.33205406333644,1,58.06343118999671,683.146513608111,0,0,0,0,1,1,551.4178411371892,0
2406.0613540160975,3593.1273304753117,2,81.87802388237972,196.3255878004066,4,490.53310104864823,275.10354904661517,0,0,0,0,1,0,649.1184265129126,0
1173.6127301404701,1059.882937147335,0,236.2938119391999,489.30540345742116,2,291.4262278553953,643.2688285731268,0,0,0,0,1,4,738.5529287646509,0
720.4937836875844,519.5353988944743,2,62.90947464945401,311.1974880729006,4,78.57835267142423,317.00027086486546,0,0,0,0,1,2,732.0872059101757,0
1089.973294915864,1114.4908439265996,1,50.645058547930915,627.4563068344847,1,617.300377140378,669.5559080741843,0,0,0,0,1,3,483.3057854908735,0
793.0126620347103,916.9306518725049,2,76.1737768896106,191.05275857420443,1,125.82216881479641,308.1126805538975,0,0,0,0,1,1,366.92965598557646,0
716.8335258900948,434.6764300778413,0,87.47848719359104,551.6191325155949,0,10632.718025244969,506.3058675628366,0,0,0,0,1,3,1003.4382528028963,0
420.3323015824967,372.88217928324826,3,202.49030444795196,482.1922081364782,0,739.9378819246614,348.1053657889849,0,0,0,0,1,2,115.57149673705837,0
2115.3452786803705,2855.8582813041676,2,183.7475657995751,659.9290459253982,6,17.56224073110345,335.4145472876677,0,0,0,0,1,0,1181.6223302732726,0
497.3509542549081,464.78122700148094,0,53.624053932897695,282.53144144734944,1,150.44558775974428,521.050192425027,0,0,0,0,1,2,267.3842701120942,0
495.7865753280751,318.47926673082134,1,119.41361556122203,369.8087195151093,2,349.83194008513465,471.3543194682584,0,0,0,0,1,1,540.2632195681833,0
3048.11721066517,4685.261151778158,1,15.729815549446888,460.23547839008916,2,66.36886239388443,560.655496818631,0,0,0,0,1,2,523.0459120620194,0
1599.9789868772016,1788.6576467546527,2,105.88959106315099,240.656807673342,2,234.85355781950977,109.9395224204882,0,0,0,0,1,2,1298.5577999071684,0
2819.714345638508,3955.0695287453204,1,112.82504241186936,1192.3963690564738,4,162.63169412345806,923.3817145751746,0,0,0,0,1,5,642.6224794741139,0
266.1934794702562,98.90929634108538,0,105.16368554641082,125.19260634067778,1,265.92132218545476,276.53812877546835,0,0,0,0,1,1,406.1609709676919,0
563.8483252571044,609.8092833648077,2,204.6013587260147,346.7121249700877,2,398.77386505117505,746.4699067594579,0,0,0,0,1,1,233.04282132085996,0
1276.9574679596726,1338.4351173881566,1,63.93541127239881,733.6839620963658,4,258.7139011765758,466.1220320283625,0,0,0,0,1,2,715.9460177430809,0
1109.2545756614888,860.7178241372842,1,62.1778274605831,644.4005589513856,0,324.46544101614325,354.31416117502323,0,0,0,0,1,2,1962.416006442036,0
2372.1154895816326,3778.220963308592,2,55.96294249831834,581.142369284241,3,364.55795805302205,525.983715325005,0,0,0,0,1,0,372.2518966060116,0
681.419322882425,590.944364919953,1,75.09416814948624,456.3105281898712,3,70.03186377938653,652.4893299204289,0,0,0,0,1,3,337.57416179367254,0
395.01544203565606,268.22833514466544,0,62.13749006630623,538.5957999205607,1,383.0227299336508,550.0616793191996,0,0,0,0,1,4,240.65396602885772,0
577.1848348355632,566.3327934433354,3,90.94922217719076,250.81122938053858,3,377.872233273543,683.8386823676086,0,0,0,0,1,1,313.38957021273404,0
595.9609837085712,590.4970187794555,0,93.88690858142438,696.6152852355091,0,382.4965510045322,9829.024387285745,0,0,0,0,1,4,139.2249433783262,0
914.7463709249774,807.465998887868,3,60.39432556983984,175.7696325740573,2,451.08989143539156,649.8635954124146,0,0,0,0,1,1,1111.3193251768848,0
1421.257213917907,1688.0471124905355,1,241.75767501424139,695.4428410935859,2,358.532826798402,364.6440108578236,0,0,0,0,1,3,474.1047045168079,0
588.5895899171189,517.6700404927893,3,177.18722051309493,447.8518134075115,0,636.8018601442259,487.2779079955551,0,0,0,0,1,1,665.3200949133875,0
3286.6665063844835,5430.869088022551,0,105.92938610977467,500.65017524795076,3,59.94958940664065,562.4275921590752,0,0,0,0,1,0,150.3062239227254,0
769.0818490361016,725.9021706369583,0,35.42435661138685,363.6723059434818,3,173.95564747486202,440.7877652990592,0,0,0,0,1,2,345.41782121254994,0
449.3674119243101,486.2429630365917,1,44.26611093064481,470.5545627834204,0,290.6103961407537,486.1380140217182,0,0,0,0,1,1,171.23642845382386,0
267.1859434433759,247.40532748351373,2,54.24338923684998,382.90014134589455,2,81.1346406888838,233.76759608858723,0,0,0,0,1,0,316.66660261316133,0
409.51528075127106,240.36025231890017,2,84.34473582966065,221.39256891675672,4,117.46975585365836,316.81358863925533,0,0,0,0,1,0,583.3950722857619,0
525.1570912999307,541.8415476945872,2,99.12532644450954,311.07100742947597,4,9.998196150994819,255.49826714689655,0,0,0,0,1,0,373.5043014748286,0
869.2672594557233,748.9019233987709,3,43.880852619293584,233.4865807964759,3,139.92672828846975,164.87404224890045,0,0,0,0,1,0,1085.92209349241,0
662.7367849248019,584.7409500405281,0,29.49051102723526,718.8326829212502,2,103.29958077311767,429.3625046511233,0,0,0,0,1,1,657.3631882368664,0
1981.4097503054882,2756.2124286286144,1,108.67809834501779,436.4610489057322,6,50.060628618587614,441.8294094394097,0,0,0,0,1,0,836.6791425310023,0
6700.983818266209,10512.21086821996,2,179.5517133583075,355.1778413029035,4,8837.504594154118,256.2455992259745,0,0,0,0,1,0,24881.374874399262,0
494.82013332336066,362.8794024300911,2,72.34440217233538,454.97731958193697,0,168.1658782789743,311.5072817120243,0,0,0,0,1,0,484.0728044697862,0
212.51161136919126,97.48144375868505,0,74.72820372875482,214.8015812630686,1,59.31912203187765,343.7751243936373,0,0,0,0,1,0,261.0093327109688,0
2201.1129392931193,3237.6166776032032,4,60.746398956199215,239.04836592447276,5,89.06437518989668,464.48634606320564,0,0,0,0,1,0,601.0338472227594,0
781.1225180240999,721.0787719022723,1,54.65188743040577,607.9639231100286,5,84.0194222775236,630.6754314277212,0,0,0,0,1,1,561.9659544575944,0
402.18533437431773,243.8203132348901,1,111.9116998733802,560.5326074054847,0,369.09787400187884,757.1731159216686,0,0,0,0,1,4,300.114597933107,0
467.5750732945577,332.1219505325954,1,99.88372789187596,550.2539667349489,1,380.08093554838905,712.2836751072795,0,0,0,0,1,2,343.92315926861596,0
449.6426793625297,402.41136353619646,1,69.5102266689984,470.0959001842959,0,472.5604382574972,922.9596327423201,0,0,0,0,1,2,97.82693190868387,0
289.83986361411235,154.70346296399862,2,206.13294734766365,143.45134804076974,0,640.0743917439303,350.4585755011125,0,0,0,0,1,1,465.11200946428403,0
806.6913359851429,847.6776432081225,3,42.39673244583236,276.94465923958825,3,405.8509410418068,692.4069330861007,0,0,0,0,1,0,639.6284555851487,0
499.8303871718936,334.7838776183409,0,69.72285899872206,645.8463838042583,0,176.5832996443367,565.2997378232676,0,0,0,0,1,5,316.1935800944128,0
13127.020189084933,21649.80136183729,2,130.82250812184037,375.66128498972785,1,9008.563871751416,617.0423447344587,0,0,0,0,1,3,50619.46795428255,0
606.7359299437121,690.176526942721,1,59.03756154035492,607.0082087483252,1,553.8381628758,760.9775219760791,0,0,0,0,1,1,88.83612594693199,0
1283.3027341115783,1850.6854341484734,1,295.66966263722844,141.36600100012092,0,536.5307692211707,291.6550613354313,0,0,0,0,1,2,182.05171069991312,0
618.4013030601293,562.8718572947238,0,117.14953652222357,286.08399966400117,3,422.7272694061726,208.22344855789981,0,0,0,0,1,1,372.623060823954,0
417.5371677952019,170.230306736285,3,41.0556130609841,303.925198773327,6,27.679847572696893,647.4013422535545,0,0,0,0,1,0,548.8469529422046,0
1423.1765998031412,2096.6263216526468,2,21.56739250807519,381.24247124145353,1,94.67699926042502,461.927604316578,0,0,0,0,1,0,324.0757442415845,0
375.0103611762371,78.99964655424172,2,154.98730891782657,415.3491252094296,1,464.4988818124834,276.62726227541697,0,0,0,0,1,1,417.89185797113834,0
1586.6432681422943,1827.7645671828093,2,50.92821178244756,306.2387706437892,3,456.5221279475095,1132.427592287506,0,0,0,0,1,1,932.4048237164161,0
1023.8770365008538,1366.2881160188879,0,108.50667274517417,751.3355756697767,0,540.6254159858903,807.1855909765187,0,0,0,0,1,2,113.00622313529628,0
443.9194900701855,248.26610647920475,2,81.45921906965383,118.85670253043223,1,952.2885931311079,400.1012678459369,0,0,0,0,1,3,230.95412817413293,0
640.1698822844298,520.7087131342032,1,59.504504238758315,350.41573519267894,1,229.1485926285991,637.1717059128966,0,0,0,0,1,1,671.1670714616713,0
652.5692917875181,773.3548133773055,2,48.13404395347423,211.1287662459691,3,21.640627500259306,260.93120747425917,0,0,0,0,1,0,392.0094864489142,0
1198.6772326114658,935.3443447917598,1,204.72651954604584,381.92766006632087,7,262.1961524167684,856.4353147877828,0,0,0,0,1,4,982.2284084313286,0
772.0162668194104,786.439896912763,3,238.66696115272939,444.34822604998897,0,531.026686402514,761.4197388806042,0,0,0,0,1,3,67.06805226941721,0
692.6186947623121,569.3371723801266,3,279.0963345084616,365.4339002141398,6,68.46219990184832,355.2761935621236,0,0,0,0,1,1,687.1339883082035,0
617.046946937686,537.4594913039518,1,74.91564941878254,754.3244047009981,2,462.2369489133791,1243.583049884976,0,0,0,0,1,2,226.06318023892402,0
313.3391004652894,216.1282337546158,2,128.0083224864425,486.55229438012776,0,768.048793630054,568.6879712359007,0,0,0,0,1,3,93.21109523519246,0
793.2943587597715,847.2301131452161,2,129.20158090947382,268.5591460042782,3,243.168722763252,242.60720994805047,0,0,0,0,1,2,184.6592874641702,0
740.9934699099109,481.2539336779495,1,51.09674804515973,521.3389204795084,0,499.18583579677363,616.2170715942099,0,0,0,0,1,3,751.9168855267171,0
3775.7522852095585,5931.503237290592,3,111.40603827331613,249.12047274505633,3,291.2891350748192,731.9819220821028,0,0,0,0,1,2,279.93407277702886,0
3052.074482966939,4150.738295718847,0,100.57720220805045,255.97075876409832,3,324.9402673508166,393.93657794799424,0,0,0,0,1,4,966.9973099222364,0
6033.25919750551,9595.048644250133,2,74.22783448539485,534.8662033461262,3,634.7730478332719,576.8150918134838,0,0,0,0,1,3,648.981119386218,0
5007.310541032984,6312.52585132687,1,68.65116684359225,713.4554837266936,3,9235.272814282729,1046.9314352794333,0,0,0,0,1,1,15692.094067294896,0
1413.0256296504836,1364.5137292632153,1,101.93358399032789,587.0697782926245,5,255.57769829930538,512.85128632301,0,0,0,0,1,5,630.38283667924,0
4044.8325920321954,6518.503286138486,1,305.6629957348888,672.1021727025459,2,677.7565411541988,690.6588820064807,0,0,0,0,1,3,110.81790242684659,0
5195.399933203401,8295.137146276309,3,44.11048329437625,479.0612580841391,6,258.3499495971778,733.6065355872574,0,0,0,0,1,0,756.1914839889621,0
763.3929966249646,997.2220739915871,2,37.23324836490699,126.54948749003252,1,288.7468275267889,11061.271192528686,0,0,0,0,1,1,86.6044277569776,0
1251.9059393180128,1135.6766036133808,3,118.70464662149872,374.70660818533906,1,843.5849401850151,631.891829684549,0,0,0,0,1,3,1114.499949262485,0
741.6389699459695,455.2675558205247,1,143.91049400887235,149.36247434055855,1,501.2572093726619,424.96006226180344,0,0,0,0,1,3,834.0791858423318,0
5277.360332382956,8147.604504199347,0,170.2289160059242,320.8779509905627,5,330.9153290878563,553.9551064028747,0,0,0,0,1,3,842.8149366840903,0
475.9274341354226,336.7933438121511,1,111.76317761603204,598.3144717199399,0,771.6756450217392,702.0261233568746,0,0,0,0,1,3,89.13186150400716,0
682.8136491115768,582.74863131984,2,83.45586697994969,115.07572979001813,3,202.21206476780597,429.9353236420256,0,0,0,0,1,3,332.43444237444544,0
612.1440241767856,646.0228681497044,2,81.55479006265003,678.1696250682002,1,534.6859591322134,706.136167826569,0,0,0,0,1,2,225.3836765995141,0
3747.7020193185326,5909.1791819916625,0,163.32587350996312,725.689155319878,6,36.84730051921352,722.8102653083856,0,0,0,0,1,0,704.8300752889245,0
577.2231535191527,545.170547748399,2,126.61824529948603,146.85144399789547,4,16.930754789987695,840.4838634047146,0,0,0,0,1,1,385.4154560273032,0
1150.0160567968112,1362.1289168226797,0,18.53455166750722,560.6682972782457,3,45.63311852401564,480.7879064149022,0,0,0,0,1,3,344.707321684244,0
442.5249923745391,464.9587824913592,0,95.4226745791227,634.4860283783803,0,364.2885837788085,615.8755992547447,0,0,0,0,1,1,177.58329260042944,0
605.7149480783929,339.2665971875437,1,98.69820249195914,380.3771822084182,0,201.17908356084098,68.02768772990795,0,0,0,0,1,2,755.6614204668747,0
831.0501999528506,1004.76209278465,2,113.43568192764084,681.7203422151391,1,299.03678139992843,361.7563837360931,0,0,0,0,1,2,312.16215660579934,0
452.8522843531663,446.09672620175996,1,39.90225176555719,243.7167897429811,0,115.39466622114078,677.9414229890644,0,0,0,0,1,1,319.82020726234896,0
664.7521211940309,596.8269564547696,2,58.3396086621718,169.92054141155828,2,247.01024183159254,471.1088615872161,0,0,0,0,1,1,620.109334601627,0
1134.9641151496505,868.2864859121963,0,144.54072373690306,660.4432093231339,3,125.28103207785743,613.3609807416854,0,0,0,0,1,2,1089.661013238141,0
603.8923178812403,647.9468194435816,2,151.82728652181868,421.4483576993723,1,727.7773822401776,400.38646142730215,0,0,0,0,1,1,269.8016645069069,0
432.21979395207165,407.9848982688241,2,116.56879377685559,102.7134165307308,1,400.1553526217731,500.82916699734056,0,0,0,0,1,0,281.41067384174744,0
787.9801495073697,901.0786448548564,2,63.33059535662533,122.67033742689843,5,117.77189223479978,601.0145752421429,0,0,0,0,1,0,473.60195073990394,0
689.3342665238654,557.9492522824423,1,297.47943672914874,543.4177873760283,4,464.92519942906563,650.8175910031285,0,0,0,0,1,1,595.1196060685252,0
723.7044043312669,832.1645519349428,2,116.17172686458659,319.983018908236,5,105.12784126589997,770.5318434734272,0,0,0,0,1,1,300.8060735799022,0
1462.902978891523,1773.3888117451056,1,90.31543474796288,636.6965331961135,0,575.4541513373924,490.26190247867066,0,0,0,0,1,3,485.0974657385176,0
1817.1442351916921,2755.714631368127,1,111.1754696323186,540.1197125870135,4,80.40770413391945,1022.9090753552703,0,0,0,0,1,1,262.67808661778633,0
983.4555810139364,974.6728818463951,0,86.74717663500401,591.226788043153,0,360.72079406611573,680.9271950204785,0,0,0,0,1,5,349.90306407596984,0
502.8826367835914,406.7051546389982,0,25.609910344523072,511.4096898618597,0,252.34655371876983,546.8093694406315,0,0,0,0,1,2,395.5691360432528,0
614.8104026896788,417.35208690504754,0,10.917328714661636,586.7857001559079,0,366.92257230406005,640.5429501367717,0,0,0,0,1,5,329.36589792136357,0
425.72843964634797,296.4857289958603,1,114.7719282328108,553.3624434274864,0,633.2322094780519,686.6337121137349,0,0,0,0,1,2,326.4903960497236,0
1967.834065909923,3082.69306196715,1,114.66250004709154,274.1759749535499,4,117.86837275531832,199.8965342564352,0,0,0,0,1,1,192.8061846071239,0
1144.8952676352806,1229.7887602508101,1,231.82880840757,311.3112837519612,4,277.38878068315785,645.7072808759638,0,0,0,0,1,3,510.1014092996983,0
360.574136232363,156.82994901142348,2,128.58745172013346,146.14163875846663,0,964.2480755828898,431.62020613581115,0,0,0,0,1,2,373.96452037699316,0
877.6592306406119,1195.0140338448741,3,86.9397284650288,259.62994908865096,3,173.71331990383553,584.8440095094918,0,0,0,0,1,0,208.8625292324992,0
598.7771689546562,483.73789170075344,1,128.7637096866098,370.0710183827407,2,303.81499439312495,649.0040392141536,0,0,0,0,1,2,238.6143693956162,0
3013.76065265248,4746.022394102764,2,54.31301536570008,463.56144659321683,4,142.70532022993484,633.1723340134746,0,0,0,0,1,1,246.0757495310002,0
1127.3144435333063,1097.7265562855982,1,96.80796609157852,544.6337553755857,5,121.37810715440784,808.7982895629015,0,0,0,0,1,3,505.13194366039124,0
1782.913263922455,2722.046360889628,1,77.37948856690863,295.28507005817704,1,167.11630951781558,414.24470491447875,0,0,0,0,1,1,231.09387739710468,0
1107.4393212256934,1167.235610121061,2,77.12843973024371,586.7366717157996,5,297.8686163053623,783.891215664687,0,0,0,0,1,2,347.33972777534757,0
938.5257792313712,1170.4018399759593,2,208.33810857064583,377.35954862129034,3,759.5105959496095,937.344405138377,0,0,0,0,1,1,294.6867163354366,0
3564.238830194254,5581.498024738809,1,137.84046764087313,264.29885426782755,2,108.86242584267816,329.1763504113456,0,0,0,0,1,0,469.32768683640705,0
974.8855638096276,1224.7072686950544,2,97.89266805078867,331.28499252014603,2,306.84511588975505,494.91055237829113,0,0,0,0,1,1,477.79410842326195,0
5340.807925056895,8592.747538017304,1,34.89709497994039,338.8661444333324,2,230.97363614736068,295.35035205819014,0,0,0,0,1,2,501.08343378176204,0
1494.8763243605472,1889.350809683924,1,69.01142394974572,370.98774968106983,5,284.20030186222607,395.24321580561815,0,0,0,0,1,2,614.2283582017467,0
317.75328767661836,262.67149218330286,2,87.96142123255684,467.6545547254516,1,317.1321830014537,620.1492695939145,0,0,0,0,1,1,182.1733609546516,0
2093.9540973229828,3182.2883533795934,2,55.69597386334997,496.9024360837303,3,185.87394085925453,627.8260840150357,0,0,0,0,1,0,433.4377809561393,0
350.6355654677478,312.7830000106633,1,71.75978255293222,119.94769463364169,1,134.49957452357853,486.41895045786646,0,0,0,0,1,0,268.6905376502055,0
1007.5710276986172,1021.8421417718058,1,93.16395433097713,230.3587292174961,5,38.77272176922053,564.9756433988904,0,0,0,0,1,0,865.3658700607234,0
480.54258286454996,350.8776762758786,1,125.72147742755271,338.1637404153312,1,548.887897829426,333.2560987747541,0,0,0,0,1,1,510.04854120431366,0
1565.3770940437253,1953.5874440383002,2,48.67898933465407,641.7000935832078,6,53.83632906485713,313.3974011510837,0,0,0,0,1,0,922.8575014257472,0
777.6361780193619,391.0684457765817,0,286.2720994525677,419.2234822110932,1,252.48707957118592,497.11735666035645,0,0,0,0,1,4,704.8831205036644,0
469.5621580309739,389.98549418478154,0,85.34423683414916,153.35992838575854,1,272.4734402277513,382.4588631521794,0,0,0,0,1,2,128.57400818710653,0
707.0651903609047,694.2143009457463,2,166.40628856075043,281.7875063066391,1,917.279478106626,685.0629197900021,0,0,0,0,1,2,370.2460342642438,0
756.7429496620334,658.3233289286686,1,119.08572802059517,781.7081068021384,6,128.16037654043913,873.9341861586852,0,0,0,0,1,1,682.5755443064484,0
347.737680133544,264.8907327921091,2,110.01608607376453,369.9882493232244,2,473.7200005328309,436.6346509006307,0,0,0,0,1,1,262.33654318629976,0
346.00231514940504,354.4833067573965,2,68.72637433391466,200.03930927992985,3,151.45483437517873,442.4281273771928,0,0,0,0,1,0,257.6794525875996,0
705.8572405353148,973.2767810819981,1,70.32036983607547,270.33332690039714,3,155.0753475630351,436.60957594683384,0,0,0,0,1,0,201.2498654643731,0
701.0715820312064,682.2022376228323,0,81.76924323945425,304.70748225643763,0,217.76223508467012,303.84846955996187,0,0,0,0,1,2,306.1626821535042,0
618.7921782660047,399.0537790610097,1,106.08849968664035,148.6772070619331,3,411.8533679608004,360.60091100850775,0,0,0,0,1,1,683.7929340591193,0
399.77727176091247,204.41969340330053,0,23.776782257482633,489.98526581769966,1,219.86156920564855,477.97691478553196,0,0,0,0,1,1,463.60789692897293,0
597.4216854875729,665.5410553626338,0,93.59386862204359,431.1759878269429,2,265.01443023305796,533.6995505651327,0,0,0,0,1,1,137.87157226273,0
412.804056371038,288.40257327067565,2,155.5619752592724,368.2253498045005,2,732.0763190272202,639.7110944885449,0,0,0,0,1,4,545.3639435848894,0
642.0666456951984,690.8440634311262,1,95.24775114811362,526.4971941076099,1,380.5707926445467,466.1578572230734,0,0,0,0,1,2,139.5894394595675,0
972.0742660771726,638.8809353386206,0,127.05436084604779,274.6117063078702,2,578.1073362438643,522.7506191725636,0,0,0,0,1,3,1226.1314619310701,0
480.9588094800928,503.26465862934896,2,119.79337120381233,98.39334847520973,3,265.97981127428085,430.34852790201217,0,0,0,0,1,1,154.46310714775964,0
1043.3467671345309,1189.1551271965175,0,104.8288234360427,694.9506331784097,1,496.0545953801328,903.335348044768,0,0,0,0,1,3,177.36190132653658,0
562.2689400684849,568.1174128708052,2,121.11246136442718,525.5930096966324,3,181.86866983159638,10162.379799860775,0,0,0,0,1,1,230.8961163471448,0
605.187724654797,615.9001622790572,2,80.26219603178959,993.9994649625216,4,307.6708649939676,854.0617306790774,0,0,0,0,1,1,235.94630934369326,0
1506.5955405556206,1491.9374777880912,1,112.61910517495721,673.1845430358684,3,386.22668023713044,262.5262814453282,0,0,0,0,1,5,877.2328966678326,0
835.4383015722585,787.0789341872971,2,58.449518067005656,631.1111279491752,0,155.20452936594594,794.2000619535897,0,0,0,0,1,4,104.75422502447414,0
993.6813042642776,725.3331699800659,3,130.25231332932032,70.58441419277237,3,391.1397077232083,670.7871018214777,0,0,0,0,1,3,847.2103887464987,0
628.8804420765902,728.0786500163872,1,204.86456702968815,184.99825768762878,1,618.1181434185467,652.8728223476713,0,0,0,0,1,3,76.70018091439842,0
573.2651315687478,808.2590986425319,0,49.96131079281945,295.86061371291646,2,50.800620038236744,514.536056382098,0,0,0,0,1,0,81.29867019302205,0
811.3227998955729,1063.708328120396,1,4.981268395024512,194.56543832078376,2,15.269322143178634,133.60347394527926,0,0,0,0,1,1,289.27608910124945,0
272.3807202957278,153.88313362262465,0,31.785106960644484,342.94655925567434,1,84.50160944487726,567.9852418784865,0,0,0,0,1,1,266.9500304929511,0
210.25175723463056,78.9298117386419,0,14.551753244848717,387.1898130384663,0,40.11960293252636,410.6602716819899,0,0,0,0,1,1,257.42179290891244,0
256.29677560106484,159.4003534864452,0,36.27452367935448,59.54873293943974,1,258.09186028965684,134.6999431140864,0,0,0,0,1,0,343.6519015523557,0
543.6332518430869,570.0919632094214,1,61.801138366595566,236.4784310471272,2,49.43037556042091,473.03480692375456,0,0,0,0,1,0,386.1607549889891,0
219.28373695636475,95.35219974526017,2,196.7138453970245,538.3681917526569,0,469.7579313458207,589.9539181196121,0,0,0,0,1,0,333.60157905503496,0
531.0261876959682,405.71905454288293,1,108.60962451874121,468.0677127161064,1,216.65818413611572,450.4984417220144,0,0,0,0,1,2,189.22906340148006,0
257.7684514440355,234.65258849116034,0,203.49928438732914,180.13589775023075,0,392.8302327107989,308.70091400873605,0,0,0,0,1,0,229.42758686967275,0
468.45763291142964,233.51291133954985,1,102.19582792394986,339.3244268211681,6,73.44093294497198,529.2655773257154,0,0,0,0,1,1,556.1425412414069,0
427.86578284321064,393.4610198752872,1,49.712422590241005,240.5377226315839,1,195.0415406504253,370.0803120884385,0,0,0,0,1,0,325.4457352557239,0
1586.7211372486834,2177.487138871549,0,52.70568599627428,404.5397364583295,1,168.2846601002743,555.5425775818843,0,0,0,0,1,1,588.2712717342554,0
944.1909077559184,832.6379319964959,1,96.75471750768567,528.0772372033435,5,40.2945559565328,665.5263554247213,0,0,0,0,1,2,731.469534894103,0
242.5079675015597,157.580352230679,2,58.040356744019256,215.93802014932186,1,241.46556583011193,522.9533454151998,0,0,0,0,1,0,331.04765831109063,0
801.6449285742602,1001.8806177959514,1,110.57922119494526,563.2949327084104,2,213.97237814988614,638.4723236727759,0,0,0,0,1,0,366.62729096833823,0
233.48476068754573,73.36998189989171,1,27.687999480829895,199.14178724262766,2,4.683912443171224,311.33161424950663,0,0,0,0,1,0,324.35264069243476,0
433.39772438462995,295.059396841813,1,87.54778680436209,398.3538167908663,3,49.852366000206366,561.2882240342888,0,0,0,0,1,0,643.9857161032439,0
1041.1476101186636,1440.186697904219,2,58.491681948122135,322.40108579347714,3,89.22261471825196,674.0140035371192,0,0,0,0,1,0,262.85334405626367,0
5471.281232989698,9101.0183216006,2,47.46365497707634,336.7281458331023,3,37.882086102635824,617.0453517246327,0,0,0,0,1,0,400.64743384640286,0
538.9744681041708,287.99728303860576,1,27.025418918323822,596.5678501553027,1,83.74146599222426,403.70344887439916,0,0,0,0,1,3,643.2209666760466,0
802.6419404197541,558.2928508010576,0,145.49419539048296,542.6828306790073,1,256.6506420332813,559.4642118005326,0,0,0,0,1,4,735.63561039509,0
610.806273853697,577.7634371167479,1,48.7297673988085,381.61048260694224,3,106.65502254467918,400.0417526456636,0,0,0,0,1,2,244.03588219600027,0
419.66759188829934,444.15833480386914,0,30.69395770822224,138.79151975514657,1,102.48773833322942,715.0230892055807,0,0,0,0,1,0,179.61699302611132,0
3436.727800102143,5382.552123845303,1,157.30565635346636,302.766511241064,1,611.7595148865184,298.2620415236049,0,0,0,0,1,2,426.23390914295817,0
975.5225149467038,1300.0897925082763,1,53.67795805187511,649.6832978410248,0,334.29192255860096,403.79861082831957,0,0,0,0,1,1,380.54837245279475,0
596.567438978269,285.70794836298353,0,119.34312671576889,612.6657679196281,0,327.25844460627866,497.26299741138877,0,0,0,0,1,4,612.0739489158033,0
944.8684533998254,1240.642480970006,2,85.47086594432807,313.39041648391395,8,40.32086656844639,875.4155870568095,0,0,0,0,1,0,327.1506488683026,0
1637.1057516748967,2354.672781894185,1,95.62912070710964,447.0812719228176,6,39.26571673325733,621.4295151233471,0,0,0,0,1,0,452.7552501660007,0
806.2181493685132,557.5296156789261,2,110.89647598446732,493.7540863409103,4,54.68180726054075,484.83101053640456,0,0,0,0,1,2,1080.8615638093959,0
1471.6071107947087,1694.1599020935537,1,118.81941893503836,467.5466492224696,4,47.8810536299932,382.48735890615313,0,0,0,0,1,1,1025.6543821973246,0
1048.8916104505995,802.7624782478262,0,21.511205343943768,594.3372350794102,5,125.28451314172582,458.2721899602646,0,0,0,0,1,5,734.8452945779793,0
886.503128729558,798.7109439778297,0,114.04342933369583,542.8923230509437,4,82.22633183165448,623.8519899623434,0,0,0,0,1,3,474.7092009692558,0
579.2986171128907,417.69680268750443,1,138.01375559732628,607.3145174960889,4,131.60825704726113,726.5708266089682,0,0,0,0,1,2,573.4002620449023,0
703.326758069369,760.5646185297641,1,48.47240908500504,663.34988925537,0,190.0488776513635,463.4805089558688,0,0,0,0,1,2,258.4135238167831,0
576.688846315167,359.354313485585,0,38.25626172045355,604.4373192341166,1,337.0760384897412,654.4389255008173,0,0,0,0,1,4,393.0120417485868,0
598.3837768077315,272.47801149860965,0,105.03761297017121,591.519554938448,0,423.4384842475728,867.6863095891199,0,0,0,0,1,4,749.1056717045964,0
739.9756699549432,750.6472604021604,1,62.99727350476299,532.2551823522826,2,79.78421327041946,566.4994075539402,0,0,0,0,1,1,467.30131095986576,0
1618.5006642799717,1554.5365833252201,0,47.763538566736585,609.0320493601913,2,56.334283582452386,10167.188215390266,0,0,0,0,1,5,1073.415317225163,0
1219.103108509371,1024.451750715146,3,72.86753504738103,507.1266087311576,1,234.76679088970346,715.3029225952272,0,0,0,0,1,4,800.2241667846603,0
1664.9685767910814,2269.8932747276667,2,126.50251492255674,155.00170491031153,2,470.3104444914371,336.01868671340065,0,0,0,0,1,2,382.6658852653926,0
3097.9161641513565,4886.113320786655,1,97.82174176396484,256.9069776706217,0,625.9256512016711,460.26606886550064,0,0,0,0,1,1,356.99432527605575,0
998.4711282701273,1376.6059831365505,1,195.87510108629556,129.1800067729257,0,778.657974254816,344.00996520029383,0,0,0,0,1,1,260.13946293237933,0
999.900912563263,740.6015292822854,2,178.07037575912776,85.0902763593921,3,713.4592376413505,482.1257832447742,0,0,0,0,1,2,1121.481175457776,0
690.4073468511016,897.2080784449114,2,197.89232939320442,795.3117075429841,2,745.1671141577551,844.9870490680917,0,0,0,0,1,1,130.62441524053472,0
2669.812324404057,4336.659006741336,1,130.42010637605497,183.31095351351178,0,588.8118271497513,447.58715827402307,0,0,0,0,1,1,113.45457492444405,0
992.9416796486271,944.0373559755109,1,82.20859271497258,114.26184276219945,2,310.09013063082125,449.4051706972092,0,0,0,0,1,1,1048.7036941146653,0
542.9652512395493,233.52545178087755,1,83.63238016639474,186.39050762353037,7,51.38416913715057,605.4312179545618,0,0,0,0,1,2,776.5892597745624,0
826.2358121584853,881.6619041645278,2,82.05215568377723,747.1325767027226,1,548.2691150516961,601.2391054972152,0,0,0,0,1,2,136.2995892454523,0
651.2386985313307,559.8790419928008,2,84.98389537854663,219.49645238913664,0,360.1015596977586,10766.087797261303,0,0,0,0,1,3,331.1910240505549,0
580.3521171626263,694.8152212307222,2,26.091777781836367,86.80204433204275,1,94.25256371921417,462.22334876420234,0,0,0,0,1,1,132.2767485077987,0
1083.009865190464,1060.6393001457354,0,58.728840952051115,555.4817289551739,0,294.09955995562837,468.2648359803817,0,0,0,0,1,4,577.2137879761253,0
407.48247896050464,242.96918832873175,1,96.79572199008629,72.80888682454594,1,367.11174748137796,321.5168001912444,0,0,0,0,1,1,534.0174082053645,0
865.3789210992641,1040.7395911912406,2,31.54793327746155,147.80126174351008,3,259.28062140956456,905.7426910544681,0,0,0,0,1,0,456.8510824096712,0
1798.0442028885175,2333.494792265037,0,52.636916495810915,339.0571547968899,3,182.45789726805168,241.9918718041624,0,0,0,0,1,3,522.1330517956404,0
735.9912156215569,635.3915348546601,2,56.28905168209162,433.1164591830443,2,676.760894285701,727.6030181609267,0,0,0,0,1,4,284.0103914828823,0
714.708887999079,700.7367512306048,3,55.1009342417702,538.0888739259116,3,157.67580934097919,1090.301924467345,0,0,0,0,1,2,199.84002599868336,0
946.8977724821924,1125.7659930620352,1,152.45374357604214,263.95009374202385,2,829.3605006040472,463.4657057616131,0,0,0,0,1,2,318.3831116231727,0
755.8078266513363,883.9112937771706,2,69.2621742319592,238.2202646507711,5,63.414371885314466,410.0900762968226,0,0,0,0,1,0,565.2220322599252,0
613.8819929953575,597.4179563212124,2,119.63683332646245,504.6314035547469,4,127.56188045651805,775.0165095597716,0,0,0,0,1,1,380.4196075207608,0
242.78842626337786,48.95075981468676,1,123.23411410282876,57.58419157933604,3,51.86892037088336,226.07334110496953,0,0,0,0,1,1,280.2347447851546,0
597.5134362972939,678.6940289895241,0,81.22529589100768,306.08637948360047,2,82.34701082329823,491.959068771906,0,0,0,0,1,0,568.6824464511342,0
843.7523448621083,752.299302056119,0,76.39410255705414,611.2762217413973,1,219.54491405454704,418.2556371892356,0,0,0,0,1,5,283.05743316270707,0
435.86744074118036,380.59801526556913,2,115.89014885993531,497.34000953967063,0,717.2457803293729,692.3919527713078,0,0,0,0,1,3,98.1877452218758,0
314.3194509085472,100.15941830458732,1,61.70181118421298,251.14474758659517,0,522.3084401472145,401.52026557073384,0,0,0,0,1,2,377.3973476481479,0
961.4324732787284,934.9666107300251,2,101.89263091493329,308.7429569817306,3,240.20710681491732,403.4307568039056,0,0,0,0,1,2,669.8310007107405,0
703.7623004934981,788.7460394616004,1,52.82821067726596,593.8901087646941,0,495.58481382540475,706.0232910577984,0,0,0,0,1,3,179.4491631557051,0
525.0329993202447,514.3465242641636,0,199.96949173748555,255.7852042189601,1,693.8158998847014,427.40859156280067,0,0,0,0,1,1,319.85205331199916,0
3881.102677513847,5872.565039777018,5,35.30569836767436,213.9319526828015,4,248.1478627986482,656.2094994950904,0,0,0,0,1,2,845.1124876336813,0
620.137481518073,311.8015500279035,0,121.29838573677827,568.526059754287,3,372.303905795403,710.9615102860363,0,0,0,0,1,6,402.2091992907074,0
486.5719278421402,270.5670574725593,1,76.22142077782219,298.57203314986225,0,415.68583503482654,279.7847739498896,0,0,0,0,1,4,470.25219580714463,0
705.2563078211442,550.1323874031581,4,110.26465108114948,216.3274126361503,2,317.35766888049636,457.6289967732683,0,0,0,0,1,0,976.858891139861,0
760.176300879737,840.1175472494414,1,122.2628985100776,475.27722305548974,6,94.90468355265213,528.3976678497985,0,0,0,0,1,0,557.1519940244443,0
728.7697521667336,514.5914077694728,2,103.4258442354229,511.0777625354302,0,412.78476122653205,398.9641418541432,0,0,0,0,1,4,473.1970860977714,0
639.3894856004737,768.8615092352785,3,163.72043558657467,490.4385757673767,1,644.4187144409364,400.3869412203916,0,0,0,0,1,2,145.94489747579246,0
754.789032493196,591.8206307382925,4,62.95316982761862,359.6082023192905,5,226.41488261424618,620.9901676165839,0,0,0,0,1,0,774.1558591084388,0
434.3250146579096,314.4768579867581,0,18.277687493326894,132.52953950557648,1,116.84291266536465,342.40971105118143,0,0,0,0,1,5,149.04857983399177,0
3142.796661383779,4623.295005018941,1,118.95887728974492,452.43811123984574,6,549.8275222454615,387.33584823020567,0,0,0,0,1,3,557.3067258238864,0
641.5607968388507,599.2807554166991,1,51.26339245758464,59.46315141646235,2,80.60801352889155,358.24747308531744,0,0,0,0,1,1,318.5092841619313,0
1072.6828082007994,1168.9481957736732,2,137.5023319514688,496.19505758675433,2,730.2331113824863,697.4733104878476,0,0,0,0,1,3,508.32948416976546,0
771.7890983643746,941.7856206671621,3,51.80582108091845,571.8262428410236,2,239.56883768944408,405.82195124661393,0,0,0,0,1,1,414.81900858475086,0
3201.8541656983202,4471.22506381879,1,113.69836257904677,416.66289720509184,3,270.76326272349587,725.2386915056688,0,0,0,0,1,7,388.1986929074304,0
542.7860488057613,306.9814872164324,1,208.36039291600235,443.84879376569825,1,788.1656930735156,355.126379340492,0,0,0,0,1,2,592.6097569425956,0
537.5224383153235,581.4130146053437,1,107.21949750962882,530.1293134175028,2,357.63836504649436,10989.976619459818,0,0,0,0,1,0,126.25776025108803,0
3756.9570640931424,5994.565263524546,2,134.05194039026156,472.2219005993253,3,260.36202512122173,581.9962723640848,0,0,0,0,1,1,316.673250801051,0
977.9980479581616,894.5615536229874,2,80.89665827515852,474.1630854299522,6,29.652535849056665,307.6439669528095,0,0,0,0,1,0,1165.316473277157,0
669.5993707607579,577.3414179053007,1,24.286830071552266,627.0170739189011,2,64.48194852445374,484.77239636660204,0,0,0,0,1,3,327.38009049863604,0
873.517281275937,969.7081963082737,0,61.6919002929382,626.3622453611194,0,186.4150320463382,433.35198225235325,0,0,0,0,1,3,308.3880851950543,0
567.5937394331813,325.00881357854416,0,67.4103506526566,540.308502743443,1,268.961794005915,634.5974077938631,0,0,0,0,1,4,438.6339840254107,0
476.4688081823203,366.1728808218836,0,105.51262393960711,478.8721056539182,0,307.5679130014273,481.1361754130505,0,0,0,0,1,3,213.70366397264445,0
650.9923046205624,507.726716510533,1,25.321633873208135,720.6347186045178,3,97.88190952489819,580.611592886672,0,0,0,0,1,4,209.82789232686844,0
689.303524815015,499.7936514697967,0,45.19264569851163,688.0714830371853,1,225.9729162769804,380.65037362446486,0,0,0,0,1,6,268.7265903673385,0
447.43955038767683,381.73723204523213,1,37.960507043179675,541.6052233152654,0,627.2902531213908,521.8910363951226,0,0,0,0,1,2,171.45205233897153,0
280.4162604813636,124.99614467144026,0,39.89025718244983,482.7738846395558,0,189.3412443090679,395.5740830325788,0,0,0,0,1,2,249.57136785231674,0
307.1542748045753,191.8968217693771,0,28.529448298455502,454.26861767531426,2,52.597697228150665,386.52810725052586,0,0,0,0,1,3,301.6018484348807,0
619.8280039288649,251.68167608573398,1,50.804434563468135,598.8104206445582,2,215.80013550568682,490.4286225420871,0,0,0,0,1,4,623.6756273992992,0
869.6666815419352,749.8385785259093,2,49.473249828298705,343.29114349995035,2,114.85568528861363,469.3890459819081,0,0,0,0,1,3,518.0483229713295,0
4256.881584702589,6888.69107348081,2,42.985895968797884,1087.5072621157042,2,288.20613363720537,596.7651168377822,0,0,0,0,1,2,315.9220318617678,0
445.66782672144006,237.11700942901408,2,66.48879482852924,108.0829946356468,6,57.14157894058645,267.06394729976927,0,0,0,0,1,2,409.37215994308923,0
868.7658035205122,746.0620252767798,3,97.51181628889347,404.5674017256832,5,175.59716533164783,544.238446456022,0,0,0,0,1,0,738.2273899797046,0
1383.0358257441897,1976.373927495579,3,62.383309090733704,306.1769692998909,3,163.6214361734028,393.8089737973986,0,0,0,0,1,0,492.58519221866817,0
296.9334501317271,190.71762683002507,1,197.60085610826636,402.9887148621035,0,423.76842694414887,790.1266778171378,0,0,0,0,1,2,171.70729670756668,0
411.79055404993255,353.7944697430526,0,97.5566016240727,387.40348760291175,3,63.99693380528487,152.78585754696385,0,0,0,0,1,0,325.7164460089984,0
989.8325922172336,1077.4728793961344,3,30.67354860048573,351.2391865475681,2,143.1636599862246,307.46251465923643,0,0,0,0,1,1,637.5408628653705,0
1769.4435726515915,2449.5780531873656,4,144.6988917754435,545.1164596128671,5,178.53514492192468,304.88462052228067,0,0,0,0,1,0,512.1508187059144,0
610.9977148941038,551.370859418205,1,176.93659667617243,549.1604509558035,1,415.93518851358886,735.2448130040846,0,0,0,0,1,1,651.6136427403394,0
415.9350342706624,250.5240483142606,3,52.01487292995167,364.43156281296626,3,94.56455851347782,170.39044818826733,0,0,0,0,1,1,334.3577576517263,0
531.1139815824494,642.1759088209963,3,18.44504506411726,81.32473758556442,2,70.17858746905819,327.63701094689173,0,0,0,0,1,0,300.7401776103072,0
419.4374185238589,184.59962498035412,1,25.093213175056384,104.81987058258107,1,72.22777076181254,283.2089576216799,0,0,0,0,1,3,490.609287087533,0
479.5496395973486,344.15453678805443,0,108.62260527603287,535.8042850378544,2,104.1364081449853,417.97967257820665,0,0,0,0,1,3,258.60349699996823,0
1041.485656344395,1536.2131072665313,2,80.87888845355354,387.960874826512,4,33.54008281363159,497.0964977558417,0,0,0,0,1,0,174.51529137701368,0
299.08017812887067,223.21559681508742,1,24.938773657189735,160.72833576648483,1,54.1228050166061,452.734959604038,0,0,0,0,1,0,240.89409280567654,0
446.99146288022604,437.3124341087637,2,65.956447209636,129.73753132843862,1,126.66770819554604,575.6640750807093,0,0,0,0,1,1,239.83484418251604,0
689.6772893165086,678.7294366344578,1,130.38425839322073,599.538269650731,1,574.5733443124287,9924.098585229034,0,0,0,0,1,1,299.4413568161736,0
3818.263290764168,6211.954823506883,3,53.051835726474145,745.3109768515045,2,222.6879490625396,491.88622168682804,0,0,0,0,1,0,429.10707801810713,0
1685.051077683071,1946.490115214017,2,207.7162089360797,382.7579687368492,7,201.5810020090846,573.5236156290702,0,0,0,0,1,3,652.7357699788007,0
498.6987170009112,280.97569505810185,0,77.24338801658624,637.4150856455756,1,427.09783313500793,850.0012663271523,0,0,0,0,1,4,271.2493239273913,0
852.2290616596504,706.5609450567541,1,15.759159992430206,325.16306372456785,2,248.97762898673028,482.98371780294553,0,0,0,0,1,2,1006.4275239747759,0
428.8599576192378,221.31114632747583,2,108.77777985828122,435.28180432393503,0,646.4201527902414,816.4794342174582,0,0,0,0,1,3,717.0472314765175,0
1394.4066518913712,1853.2093472228464,0,205.25462807978096,145.29599908042246,0,456.8466233459477,351.82417465301523,0,0,0,0,1,2,456.1700784336518,0
304.6185830067439,281.37277336251725,0,50.258888783452456,349.6462491516417,1,141.93273197008853,261.4131955862129,0,0,0,0,1,4,209.23880305811764,0
1043.0330798701634,1048.689876954606,1,59.83589872144954,379.5047091369268,6,39.17009230260608,189.39855740234333,0,0,0,0,1,1,919.3271768065576,0
599.5603124568191,540.0978618029224,2,22.597834680223933,396.3847411224664,1,128.40156745373508,414.69202401293785,0,0,0,0,1,0,356.3045136747671,0
742.0151352865591,596.1369886103439,1,41.83709510810865,676.8447724360556,0,374.53685036409166,545.8696049442635,0,0,0,0,1,5,319.7978313478252,0
445.3965580416553,375.1777639281254,3,86.8014956950907,525.1649776847927,0,626.3545965539031,528.0218501935544,0,0,0,0,1,2,244.92315977703544,0
508.19182031810124,349.54000877840707,2,116.25950639031574,251.39211116974639,3,232.08595743988286,587.4714582467648,0,0,0,0,1,0,521.7084244621944,0
745.3642215426029,465.81091964445005,1,334.3326992438097,319.75141163067786,3,824.6527607734931,349.84061911727326,0,0,0,0,1,1,1130.1863907465686,0
2097.0495826681713,3346.6928699901246,1,111.38820456790364,603.320781443934,1,369.8341683440161,531.746059201027,0,0,0,0,1,0,313.5870826266339,0
567.220997102338,592.1489733449769,1,244.88739006007225,416.9616551557898,0,884.1246300443313,453.1867848352647,0,0,0,0,1,1,262.9402076807386,0
3490.460616174054,5708.838110798536,3,116.34118334001437,679.8746562171902,2,167.27784935642765,477.04374321509255,0,0,0,0,1,0,158.58090513072162,0
462.6918297952395,328.32818094729714,3,134.9740191682618,450.54640332505494,2,204.1304075528957,566.6308228283195,0,0,0,0,1,0,419.0860685313685,0
479.3836243329869,372.1180918210086,1,79.25052369974935,307.1262415095528,1,397.0149986169132,550.7300449034408,0,0,0,0,1,0,500.825870678048,0
459.6901867260869,490.0514536932981,2,178.6865071449347,457.7091439369953,0,693.1573659726067,720.6333704739202,0,0,0,0,1,2,104.53960889263506,0
518.454897559556,459.6721114627096,1,70.52141560992646,347.8882374458486,1,64.38177141945494,519.1915205125629,0,0,0,0,1,2,141.01256174657544,0
866.8693627162554,762.3802108097057,2,110.36942528889557,595.9441188312471,5,95.3676738026627,495.8540022674249,0,0,0,0,1,3,456.43911817157755,0
369.55566023858376,178.03437199193638,3,95.99393658834143,586.890980472326,3,205.0084727099349,678.5160757779622,0,0,0,0,1,1,257.21276101778926,0
789.3229969117918,843.0451051091352,4,237.54256911563192,495.3152821959583,3,944.8715704622673,250.24836297017993,0,0,0,0,1,1,583.0687216582211,0
614.9684836815476,517.9723440748726,1,250.80676920757108,357.79381549540716,1,751.6044611246058,184.13924172036397,0,0,0,0,1,1,670.9147842265527,0
475.2545952866615,410.18363388019645,1,97.3094154093832,457.8389644599701,1,170.48571861928303,1082.608107165818,0,0,0,0,1,2,226.2057302016919,0
466.193017651247,381.0169345787062,1,33.74050248782421,308.3679200761013,3,245.07862099200605,317.8521932632482,0,0,0,0,1,1,224.18717504068132,0
641.3461861898642,916.3206914193462,0,147.1220740958455,481.77589199563073,0,426.26538834043185,687.4057538798035,0,0,0,0,1,0,80.87694825163013,0
513.4638421796284,413.1770738405018,1,93.92065433064568,320.6404170026054,4,19.70214758383581,275.7259825254284,0,0,0,0,1,0,304.72222531049044,0
1199.671977736755,614.2591942686564,1,16.87022913583136,601.2876490920589,1,172.09688963278572,464.4871479742457,0,0,0,0,1,8,1602.2510046461234,0
358.77631293437935,260.35701118268054,1,37.66339869698666,371.84643756603293,1,42.40262494658518,661.0816036576159,0,0,0,0,1,1,160.81272068372058,0
752.8382018552678,1040.5492719938013,2,95.70178681362867,302.66386749605033,5,47.06155245537435,392.8638784406473,0,0,0,0,1,0,242.7394554395089,0
1436.8175327941722,1809.2950558198643,2,71.45438723341239,815.3510999620898,3,44.744343281382235,309.04413030750817,0,0,0,0,1,0,765.6720839647128,0
529.1027629425623,544.7109667741173,2,137.88902010653737,692.8048950021887,0,699.6019050157025,956.4911834521847,0,0,0,0,1,2,131.0861660568456,0
327.0840492281212,315.0103255025407,2,85.6519561421973,397.24652834197195,0,864.1541862099255,459.8641820265384,0,0,0,0,1,5,303.26801234780356,0
322.6271922193822,165.5855803350962,1,26.072218370415843,270.1963138687372,2,69.06138502911226,615.1117060860321,0,0,0,0,1,1,493.30894334850785,0
1122.0473444806644,1089.200884492445,1,22.193320596359886,414.6353283584076,3,126.7662472378072,458.6556293197692,0,0,0,0,1,4,577.0916945851056,0
250.81916454488498,283.39021757561693,1,73.62947174193368,264.20116571583895,0,155.81617794238392,295.1501143573736,0,0,0,0,1,4,163.93636728919896,0
318.3805700402795,218.108665177807,0,59.36966570744939,209.4540489814251,2,90.30945525680602,758.7495975768582,0,0,0,0,1,0,644.7521316601101,0
752.4243883233482,941.0786494590467,3,63.80646211968107,207.7577967491846,5,49.92115809752858,349.0718145365014,0,0,0,0,1,0,427.09362364924357,0
787.6932411323365,848.3851449281906,3,61.72270045860254,134.99526650587364,4,147.82171334447509,654.4541588742427,0,0,0,0,1,0,583.0432821659582,0
532.0053586531832,293.31144544846205,1,56.39316083809553,356.2206254340193,4,65.72701761417238,719.2221643772089,0,0,0,0,1,3,416.1555192446705,0
930.099964530178,1026.9598858338868,1,55.7852952338535,524.1933908440876,4,51.54779104224211,521.0425739320481,0,0,0,0,1,1,556.4014445726501,0
527.7393567935102,429.2479597261874,0,91.90069691937481,445.14922658184463,0,607.9068129323296,775.9223010018553,0,0,0,0,1,1,434.6301277165629,0
818.7973280833132,706.3645319058948,3,141.34110890911944,135.37421083141106,0,893.6632617257682,604.8258657766489,0,0,0,0,1,3,561.5921602262704,0
3650.163741161793,5846.4745139678025,2,24.015770647449706,398.7215924508604,1,95.19597167401511,330.2965095765968,0,0,0,0,1,2,288.78313538026185,0
5066.143842799675,8351.673854515495,4,161.59380836486113,454.71840934446624,2,323.56876384077407,574.3920227323483,0,0,0,0,1,0,409.5879188519611,0
894.5225617879998,576.9739448634515,2,118.97657344938031,740.1837976124826,8,200.42762435469882,598.674917255818,0,0,0,0,1,2,1031.643159358767,0
975.7573439638462,1065.2955071099807,1,157.96606533912896,235.29383830601466,2,954.5848104615084,322.3999866359503,0,0,0,0,1,0,774.4859004249602,0
1214.7774121661519,1709.691966885827,3,73.87311952256849,169.805728871633,4,153.83706468350744,394.1345502790735,0,0,0,0,1,0,461.21419452725706,0
1526.8181082532085,1959.2970913101615,1,71.3881075191995,440.97349228946183,2,126.59006813229271,427.3346689565526,0,0,0,0,1,4,199.1375202039037,0
568.7045879802844,500.1557989234331,2,184.83751898757657,267.12878234982554,2,1134.6558885449738,519.7469926562775,0,0,0,0,1,0,500.8787337950358,0
777.286647420983,1059.8874012262072,2,104.78297389905657,110.71643813997278,4,87.25923793584758,362.22594473831026,0,0,0,0,1,0,224.65272787448984,0
930.8931956966173,693.3067916134953,2,91.02510649517139,660.3022745910496,2,364.8762960226215,592.6750410324289,0,0,0,0,1,5,575.3396530544214,0
778.2358235642871,764.2763662831514,2,270.0275980273005,105.0889349029187,3,760.8601060441471,434.4401839944568,0,0,0,0,1,1,650.6146866846083,0
882.5681487318732,981.6815883667132,1,179.77603816051106,186.40508733267794,2,1023.4703840769656,10021.57405878731,0,0,0,0,1,3,139.7757267048732,0
2123.9825187333217,2690.438646948406,1,207.7941364810964,319.3803268073547,5,141.20121395543447,345.03259895486883,0,0,0,0,1,5,393.59303308908545,0
305.3191168380905,57.70064883351305,1,151.05146198303842,383.1680961653919,1,476.06119284364706,662.0545655215196,0,0,0,0,1,2,319.1538646754005,0
657.1127919502321,654.7999805791262,3,141.91708035732339,93.5690599397159,7,114.61639912641604,544.7694282672182,0,0,0,0,1,0,409.85373948015945,0
827.4608935530092,1029.0197809340223,1,97.08830343964495,802.4464981447034,0,571.1155357669944,829.0852373726476,0,0,0,0,1,2,116.48397487422017,0
3798.3763952103386,6143.638462379442,1,90.60307893848022,366.2950467039664,2,346.55320408427224,485.76125070895785,0,0,0,0,1,0,429.51301788857677,0
999.960493627038,1028.1015212798613,0,164.7499695182858,409.89800916578463,4,239.84725171814358,723.6291059825916,0,0,0,0,1,4,275.11549727968463,0
910.4907055790379,846.5796630129654,3,69.81873555839208,575.8752021845133,1,351.6220436134201,664.2285953622156,0,0,0,0,1,3,592.8483099430377,0
610.8552002260201,572.9335607264782,2,107.2958740090032,287.74388116259894,0,381.65544276749614,266.68562428458614,0,0,0,0,1,3,320.9204091878739,0
978.2248855395862,793.6705295507771,1,63.998570110633544,746.9830550133506,2,150.88025703224503,879.146962362268,0,0,0,0,1,4,711.0662789857577,0
542.3565009152077,539.5892291257619,2,97.27480776707488,336.08396127815035,0,726.0945069043601,466.5059583821548,0,0,0,0,1,0,538.1079078897405,0
2613.0560671522285,4098.612543227426,2,117.3024556782399,567.4643469323742,2,553.6224426233107,578.7251292049307,0,0,0,0,1,0,438.92671374576423,0
3687.001627145977,5797.791846274479,1,164.68119415194735,410.38945361272414,5,200.969740699274,673.1098534725058,0,0,0,0,1,1,560.133498218481,0
709.7151978164886,568.5411132598543,3,152.60199633134772,631.960886943803,5,110.65128939052182,471.6941858554437,0,0,0,0,1,2,341.75942446932163,0
1223.8198586027802,1359.8375832461754,2,58.49573172554332,513.8015263428786,1,200.21856517626554,618.7365579478012,0,0,0,0,1,5,409.04692446650597,0
483.08202431541565,555.0644902055801,2,106.62548435419043,88.67261409949334,4,254.84517976167086,647.6340855362577,0,0,0,0,1,0,239.3803058780882,0
838.8041167015176,923.3606540752545,1,154.45429940229533,461.9435014607472,4,90.61316071315409,578.4434038610264,0,0,0,0,1,2,470.00266800226433,0
322.2888606812327,192.82457104773835,0,93.3470087842283,178.4246992721691,1,151.85429663860077,278.3243481874463,0,0,0,0,1,3,232.13040099214578,0
991.4921557094999,1005.5905371850982,3,63.93749085264384,445.7255988892623,7,268.2971812189962,457.68436369157837,0,0,0,0,1,1,577.7143042180769,0
1089.2427412799505,1099.5007471115484,1,123.21002861145841,676.0660097086369,1,328.75883125584863,416.53111576086224,0,0,0,0,1,5,343.80422377093635,0
730.4314225899191,830.0036774935511,1,132.1313457538269,479.4177444459989,3,230.77064280835836,547.8071564521838,0,0,0,0,1,1,346.7530977516776,0
447.57601574868823,328.8109205398492,1,88.12991817974525,376.007890666329,2,156.30755002934924,835.0044114608033,0,0,0,0,1,1,315.603251780262,0
907.720735196973,752.7338879588089,1,134.07545023046,632.7305806140405,7,214.65775809161084,579.214022055199,0,0,0,0,1,4,402.58318107884645,0
865.7771268857878,1122.2019980971477,2,166.00729774974576,285.08918930444594,4,35.47479523452279,539.5901347237702,0,0,0,0,1,0,364.40455439926257,0
999.3468952897254,859.5309002904711,0,99.80230842669582,447.310975704995,0,1214.9508016667924,468.6760354341708,0,0,0,0,1,3,682.1485777748487,0
757.8935213569353,739.2421025849009,1,213.55506409578823,232.22881568973247,3,403.581666351983,659.6265031666767,0,0,0,0,1,3,280.5569855634403,0
995.6850254132922,1043.260276344854,1,79.15379529982894,292.1249280394326,0,248.04219936677924,673.4879806895283,0,0,0,0,1,3,521.7939689209193,0
3418.9028206910566,5395.5850872588535,2,217.3811479333021,240.83399611867634,6,104.16483567633648,327.47318719184517,0,0,0,0,1,1,390.17883314037215,0
1432.911011596658,1990.5921225495977,1,168.40504380815025,686.8475586755281,2,736.6042203275608,844.4062310859977,0,0,0,0,1,1,358.1396134675548,0
506.0481507415631,273.8315359611562,1,157.66475495636635,730.7407251042025,2,141.6579484601031,556.7938076327539,0,0,0,0,1,4,306.15245293385556,0
327.1400562225216,164.90524581734638,0,122.31562870141727,364.9159831278296,0,239.39088419271758,9997.808332568104,0,0,0,0,1,2,121.7007504138772,0
532.8731593146084,495.96032676157785,2,49.61527466229403,356.335909499595,0,198.34037520566716,274.4237170386775,0,0,0,0,1,0,242.0423515447261,0
1065.444893456381,1534.7234898250324,1,164.40707979013746,250.8321780903476,0,277.40424982471245,539.5152507391603,0,0,0,0,1,1,88.69699966254969,0
344.22320034394863,296.4967440029026,1,115.33032148723731,67.72776812813255,0,479.9729872169221,281.3780921337789,0,0,0,0,1,1,250.12158009851248,0
1281.8825422063983,1883.9737078486378,2,219.3302666934551,282.5541299722655,1,526.8870065342124,358.738517625509,0,0,0,0,1,1,204.28589206312654,0
680.2659975913388,543.479093491077,1,64.2918507681552,672.5632847954079,3,237.07457315902172,491.28764868592157,0,0,0,0,1,3,286.86565261950545,0
497.23312537126526,374.8812810007543,1,18.74181103578343,433.623705297637,0,191.27375602381878,511.46852429872405,0,0,0,0,1,3,276.77977077526083,0
283.91700280575054,283.2314174191426,1,165.89697468335333,320.75428718163255,0,605.556971366919,406.11028698761106,0,0,0,0,1,0,95.61746614169579,0
408.00722687022744,398.8170706593642,1,157.09811742168833,273.3666704218156,1,374.06058315772646,377.1713941866858,0,0,0,0,1,1,163.2711271726066,0
615.5265697504472,768.4116015078695,1,50.66338223947638,297.6291282304029,2,99.55625671688313,593.1493188032854,0,0,0,0,1,1,272.04403638258106,0
457.4774556718613,413.7868787924967,0,182.9286960825769,329.2574445248432,4,64.91219743263387,538.1606660469427,0,0,0,0,1,0,493.44916720719897,0
741.295800277761,733.4783868333483,2,211.77886985371077,515.4125356378294,0,409.7649669815552,555.2165621975456,0,0,0,0,1,2,354.7447810061975,0
4416.561493636185,6906.275656309795,4,99.0962191266304,365.16696760493534,6,83.18723028535811,344.2644619626788,0,0,0,0,1,1,353.58581902842184,0
724.1183840456008,616.4099634651552,1,82.06946799358288,190.60837623555702,0,238.82587145127246,338.4948875497257,0,0,0,0,1,2,135.3869842335151,0
1496.3254617569958,1441.656984381968,1,264.58935297590716,538.577129029601,0,476.6325135662204,307.8411364288597,0,0,0,0,1,4,1237.511027209052,0
333.6508492713174,293.5273121923433,1,66.01601142386961,523.0342681491908,0,683.2258721068911,539.2958189578796,0,0,0,0,1,4,135.1235551131416,0
407.7700368250052,416.4233813011575,1,163.2956719261967,507.3175312889177,0,655.0644860859722,479.2783693422756,0,0,0,0,1,1,122.86333649275286,0
465.1660505887535,421.80135246980916,1,26.61342977199427,378.2138643244967,3,37.2818308442715,859.9008641187773,0,0,0,0,1,1,270.55594652365545,0
393.1295628875898,300.6823822507236,1,74.03920354140253,450.0380097464907,0,596.1238579882001,625.0662271286749,0,0,0,0,1,3,126.64485029490515,0
682.756657607793,810.0765567158891,2,120.05848813427423,223.69235415727564,3,170.66170041515807,436.32957562753785,0,0,0,0,1,0,329.36479512422386,0
2521.254329200339,3811.4840961805376,1,65.32794099815992,627.79901100918,3,497.7869029716881,520.3347022603086,0,0,0,0,1,2,330.97406301726244,0
386.73876480626313,206.66609778810354,2,104.71608603800875,164.3659048232216,0,414.4170987839441,521.6550359124847,0,0,0,0,1,2,238.60653309378995,0
652.7727270419161,594.1392577462406,2,108.97984174294149,57.21389573158632,2,262.5960358938837,316.6185878786167,0,0,0,0,1,0,511.5217780786518,0
1404.2927423589165,1716.7351534871418,4,140.8862570768846,588.4338756135345,4,101.9283211255329,724.0944335059338,0,0,0,0,1,2,726.1975035609764,0
725.5148392753307,431.80314367584657,1,74.96541261105182,599.8942813945034,1,277.59997845244555,516.2203135964504,0,0,0,0,1,6,643.3273163936242,0
603.9654561528939,446.6438043691271,0,67.54137331361852,436.82263197323726,1,90.5459313999086,791.4689827041074,0,0,0,0,1,3,422.89497670678236,0
1083.050612732475,1398.5402652104656,2,72.406946343758,454.65551788629807,5,181.96129797517807,486.2507300312874,0,0,0,0,1,1,291.55456906080167,0
726.722071783295,845.0878731635577,0,169.2506753653081,438.6662476562648,1,663.7752579129576,497.8086674028526,0,0,0,0,1,1,290.0168182836071,0
531.7673879902051,486.2305388516558,3,120.52077717759991,499.83015173621504,6,139.55344058518904,489.35233377703514,0,0,0,0,1,0,444.68913134292006,0
1063.58688742382,1078.0057384505471,2,25.108149961696597,177.97603695708847,2,132.96652606978859,612.8450861532142,0,0,0,0,1,2,725.6292598413235,0
4958.528793058076,8312.014222255171,1,128.0899298243452,286.0661678782765,1,84.99702825522579,505.6166997568998,0,0,0,0,1,1,79.42508323921972,0
544.6255679246318,458.73248316960587,1,59.34436649997332,214.26997148548216,2,126.3377213481662,10936.14773405677,0,0,0,0,1,1,408.14898914537457,0
642.2250633938677,666.2369754299976,1,93.69360276082291,558.5807728504448,2,399.52018212580913,660.9361805627161,0,0,0,0,1,2,254.88733967077138,0
1583.8178391919735,2407.924588588002,1,132.8238749822809,180.13577639274598,4,210.9432997942265,231.34450436463857,0,0,0,0,1,0,204.1420726626943,0
3226.350281971646,4790.138203366422,1,102.08730657841566,444.8081762140371,2,510.5809008817895,674.5689505993255,0,0,0,0,1,2,798.5558364880499,0
441.7450864120308,281.69329150006166,1,68.35965597241427,110.15858006730377,1,222.14897686534505,207.94362398368287,0,0,0,0,1,2,428.7677840724456,0
1483.8259721654638,2268.2986531305787,0,82.25910477434668,447.0070793168175,0,7.046299739783476,34.78674648942337,0,0,0,0,1,0,170.60663642441412,0
313.2621598226714,259.1001185255398,1,24.246212873833557,91.3172526693784,1,44.18888599975171,5.149437105614032,0,0,0,0,1,0,378.14858399121147,0
411.534985527292,254.8706940146649,4,143.5247787709024,96.62605045991722,4,306.00292091438547,173.01829975388736,0,0,0,0,1,1,271.3027912107206,0
241.7325842986235,92.15078678278219,9,141.67112667062005,10.781396138023995,1,26.272341810896837,130.91014026328085,0,0,0,0,1,0,360.06145308056364,0
1006.6269287072893,1439.7782223255315,1,39.33970328479885,608.7218304576965,0,42.679692193802666,36.271758621076216,0,0,0,0,1,0,399.43532277926835,0
280.97884575613244,117.39933816527082,1,21.874233769616513,170.40406318885707,0,168.65944626930803,252.93643302839047,0,0,0,0,1,2,418.6467357201423,0
361.77328737709627,428.8131461324557,0,233.5698429430676,75.48177287817896,0,33.17896986238222,171.47151052606185,0,0,0,0,1,1,1097.1798207158492,0
0.22244116982321532,0.11194500356868291,0,0.1392411885630505,0.02699497428154618,0,0.01540837619156648,0.021159952159547746,0,0,0,0,1,0,0.1364513842031983,0
0.4443286777972108,0.2906638725695429,0,0.028128341453327693,0.0354953524595113,0,0.08216794854110121,0.019798937415550187,0,0,0,0,1,0,0.3059221279301826,0
0.529810994088229,0.26639380915929656,0,0.06791663709674291,0.0005064649910422461,0,0.0639951319297104,0.02127953221515798,0,0,0,0,1,0,0.6267613615346197,0
0.26561465959647157,0.13161529530036714,0,0.01697396608534897,0.01465936509201665,0,0.015692888367452036,0.06222826636631089,0,0,0,0,1,0,0.15643020305518363,0
0.602486284492064,0.38985782245839495,0,0.2794282966210092,0.026099623295264142,0,0.053604834300248906,0.04383625992392267,0,0,0,0,1,0,0.11137264446668424,0
1.6183743505225103,0.25117090838078543,0,0.25890661717004027,2.1831148251379586,0,0.46402079203763635,0.21439202450589878,0,0,0,0,1,0,1.2323303152470428,0
0.3193488229423157,0.15793971810464363,0,0.1851483674606071,6.649324015866766,0,0.06259409119910762,0.021818148808426228,0,0,0,0,1,0,0.05865881908041653,0
53.5377558466967,35.57231766404118,0,3.8985444327942576,38.60362532880137,0,3.3128785103006932,59.64211102681274,0,0,0,0,1,0,57.94361080627793,0
460.9006893504916,494.26020611279597,1,22.972356857027222,242.82628175805172,1,145.8311459640405,586.4829351189246,0,0,0,0,1,0,443.10767973547013,0
330.2720700341486,254.0414827389657,0,86.28245264783516,459.9345356354794,2,96.45689082038072,443.8279943039184,0,0,0,0,1,0,298.80777485062214,0
672.5516200233246,691.9650780804661,0,85.78487253514885,496.5096399669882,1,416.4834479287077,330.9335326661356,0,0,0,0,1,1,308.75514838531535,0
432.42688626782,243.74439017181757,1,52.56158684133463,545.878812358928,2,188.01588010330943,396.9203901331592,0,0,0,0,1,1,376.48837434467845,0
585.1471525586242,436.6942966328264,1,115.9390703296014,446.40799661809444,1,321.9577795512426,621.1602408630283,0,0,0,0,1,2,289.87222329870275,0
686.4102075883072,814.2245587215268,1,117.19874453756793,587.8552506718294,1,519.5648194171571,536.9405191373244,0,0,0,0,1,1,130.76235926140305,0
656.8685787323244,586.3414370927389,1,65.56704366992464,158.10690947908176,2,337.9227313490894,334.63567850544985,0,0,0,0,1,1,690.3128052869836,0
1810.478005413122,2879.322007556166,0,37.56624331534321,574.3169442242772,2,41.52601904445274,822.5489534566548,0,0,0,0,1,0,46.77231763349799,0
677.8578088180227,848.3354934005118,1,76.72951303981665,405.71214072735404,2,263.4438327620932,605.9648819767564,0,0,0,0,1,0,239.60210278496552,0
599.4053179553507,319.6142269100065,1,55.13374735481385,563.2029927919428,2,143.9049856044353,620.2236729153014,0,0,0,0,1,3,575.629801860175,0
4882.286353858387,8090.880922619923,1,60.64750220420401,644.8432556410621,4,77.60791494162157,567.7596062476159,0,0,0,0,1,1,299.5312770313771,0
2013.5425109764838,3152.1624783268867,1,54.6713375168072,204.14417603873784,2,86.91138931162521,474.13485807223213,0,0,0,0,1,0,338.0824168380578,0
562.7115831930796,468.51625475868457,2,64.30903797203642,639.0954090827188,2,110.7562186003662,690.3093656351114,0,0,0,0,1,3,228.7492243583822,0
1213.0199334731115,1090.9276705525824,2,56.53260819364044,474.23205880636124,1,96.19506060506123,946.3107662090895,0,0,0,0,1,0,1617.3407462989362,0
2033.9936193922847,2897.600358266849,1,92.29441066216978,347.243597393487,2,518.3954682011048,461.6999885663239,0,0,0,0,1,1,420.4753448571619,0
550.2575396787482,586.6006944206837,1,91.4802521386879,238.82569883982677,2,172.61091179795085,472.22680637646545,0,0,0,0,1,0,332.3658337667732,0
571.3017469132153,490.7282785666017,1,72.45617387743687,421.7494310018509,0,180.75188787739555,729.3686671741116,0,0,0,0,1,2,383.2048378951653,0
888.2074133158669,1066.1028219214088,2,147.5331601721574,509.57313923233437,4,164.7822816954748,664.2488843531246,0,0,0,0,1,0,535.8640268687546,0
530.3203197859922,233.96711292326944,0,104.32475533178288,161.03062181502705,4,49.15068159625295,191.80329818914612,0,0,0,0,1,2,682.8985331548263,0
388.0581295470564,287.5075057358375,1,79.52641514703879,391.73590045107585,0,424.56778883224376,602.0035293334964,0,0,0,0,1,1,221.44071460564467,0
2549.617965276771,2995.789912286154,1,214.74890753108295,347.79577995688015,2,9489.898236506122,433.4435947282109,0,0,0,0,1,1,7554.692788876488,0
819.2877808975971,694.9602080838877,1,211.66625329507303,438.51513540559336,1,593.2060144647605,430.0698195510156,0,0,0,0,1,1,1195.559698268826,0
699.2695970317867,901.4061229252386,1,69.99944540206451,413.3894419249194,2,281.7575426255905,465.2417387018622,0,0,0,0,1,0,347.44154486817087,0
657.9510809735652,717.3967250065388,1,93.62673052687506,542.4372623205492,5,238.18372993222735,499.65675860175554,0,0,0,0,1,0,433.33392716690264,0
396.4079311224999,336.77831874340876,0,105.4124922849829,222.14436120485388,1,330.40897440552203,565.5777850815784,0,0,0,0,1,1,180.7675458350294,0
382.3364126697079,328.74503499435633,0,42.02162181309362,344.7669040496021,3,103.67310459450952,540.8709820853245,0,0,0,0,1,0,461.7293048637945,0
292.70817258367634,342.7754414220797,0,48.647772163479026,201.19028193153318,2,73.11607063641875,507.61946781224754,0,0,0,0,1,0,191.84172495718184,0
442.947589204168,383.0540048469303,1,86.16367331254551,252.20906159122083,3,45.31227534422827,499.0457227879639,0,0,0,0,1,0,671.9256098508222,0
455.3331020554792,319.12485025191114,1,45.92069652266912,624.807006893629,3,139.6223026879628,340.5957651142038,0,0,0,0,1,1,521.5860370035475,0
675.7684475180226,382.1206940907967,0,159.09141665462883,534.7443096413,1,782.1126940578405,10215.876691199719,0,0,0,0,1,2,988.8717496263398,0
700.721710269047,608.5873374727562,2,31.40754310026526,140.07116338174066,3,302.51822334603963,623.0929294606334,0,0,0,0,1,0,947.6775570675497,0
424.72532132793066,415.60755803543304,1,209.95478629646857,186.68772852301169,6,45.018027967136426,75.42638604916826,0,0,0,0,1,0,349.7906615178656,0
828.5994409837435,546.0707500218734,2,128.2198788553095,196.44011309980488,1,417.6380349631198,651.9882776721525,0,0,0,0,1,7,258.9918216193897,0
626.7459172056526,647.5208305435856,1,73.84820594136039,317.41184485353585,6,63.84324119431069,540.121437226252,0,0,0,0,1,0,362.4349599574807,0
1160.4364176964787,914.9491597535156,1,213.2178126048358,599.5245509245681,7,397.6744423503436,484.5485854264929,0,0,0,0,1,2,1298.5420277462479,0
3498.561670991627,5647.083841852021,0,104.97489478043843,229.66744007967208,4,144.19331125261454,401.7248601665016,0,0,0,0,1,0,358.2924228381552,0
733.0388498982113,592.4929954630472,1,137.21645002558773,675.4095627603957,0,720.686412966049,832.3002943496393,0,0,0,0,1,3,295.7729680816039,0
864.4299881095578,425.2092819799573,0,19.08610831665562,250.50146796725488,1,59.506702411246,467.9828270163837,0,0,0,0,1,6,630.0148320904618,0
1085.8157186953833,705.8467919351198,0,107.02171622569524,497.2806164921086,6,208.64805638567094,528.179391513701,0,0,0,0,1,1,1617.9372271823286,0
644.5301928102365,418.4997954371538,2,75.92116714709961,743.8858775050322,2,214.1704546715727,624.2376743430754,0,0,0,0,1,3,367.2804723456948,0
1869.0481806600453,1684.9443226063152,1,112.13657217813456,274.33038061511337,2,9867.059167635645,324.0530481549453,0,0,0,0,1,2,4331.590294013452,0
586.4080987001937,644.2121158635379,2,44.80941550631611,234.23809326779335,3,106.07593527961296,546.2214275680242,0,0,0,0,1,1,239.980937219782,0
572.677148676971,304.67065643918926,1,163.32150978292853,449.7579427462115,4,110.3433158449674,729.2705761187323,0,0,0,0,1,3,476.8785779836196,0
918.2571433813887,1082.1509142650664,1,129.91112472841183,304.47276783107054,6,402.34351129803906,558.3154965971191,0,0,0,0,1,1,418.34863614203596,0
959.76191840779,1401.7724118430176,4,106.75438916035529,239.13053525911744,1,463.09327106614643,10998.577039670266,0,0,0,0,1,1,142.82903918076767,0
673.452956103843,654.0539088683156,0,82.4397266303427,579.7591009311564,3,128.28763692252252,500.35002726021384,0,0,0,0,1,1,318.56958920010277,0
2809.950165384571,3717.4646210330775,1,120.24977777842884,278.47976344749986,1,184.8899881192656,426.3875564853116,0,0,0,0,1,6,744.579240271594,0
670.7609659928654,535.655159575916,0,187.81917485485187,481.6876562236061,2,905.2792637407026,595.5523503606936,0,0,0,0,1,2,348.733541416992,0
6132.300267319449,10119.341006194354,2,131.12919283238358,640.5202428363092,3,702.3385403006528,634.7598810083945,0,0,0,0,1,0,417.1149825459752,0
917.3511765350305,1226.751611183492,2,39.81455950582049,550.2462412600856,4,299.15487483300205,615.8740656853445,0,0,0,0,1,0,309.3700114673983,0
1207.994792305495,1717.1438676061073,1,175.9429332049159,584.2506143624177,1,495.8167890055597,418.52001482698427,0,0,0,0,1,0,376.6817984310876,0
767.5569335753947,693.7932643746071,1,45.251034868096724,388.56314082826054,4,37.045259282535355,904.4387661331222,0,0,0,0,1,1,572.3962745080519,0
607.2909910721505,714.6826980995475,1,64.18830791360848,344.0579516583948,3,148.44436792810342,497.506518023529,0,0,0,0,1,1,243.48507554678025,0
611.6900430222931,444.9933363112586,0,44.388568167658285,686.6755174025234,3,90.71056548676111,533.2953384928879,0,0,0,0,1,2,585.9679158871763,0
620.2640095279618,706.2829892813559,1,75.00385123043547,210.2870236098613,2,741.6828228231999,1135.7567601769183,0,0,0,0,1,0,217.23614587571785,0
734.8846997039083,604.2664559047071,0,66.48406401749183,336.97910740997924,4,166.48879537498772,872.8180346876472,0,0,0,0,1,2,389.12588448466926,0
692.9899560738028,511.88061997861473,2,31.017390707786095,111.99399634371927,2,244.51398900103183,518.9537918492084,0,0,0,0,1,1,924.4667468402354,0
772.437065369177,778.1011397034415,1,118.494492102437,66.56158230402407,3,112.21188150731588,374.25184340934504,0,0,0,0,1,3,188.97850373655314,0
2939.139851769586,4617.693025027433,1,83.97358014081763,667.8081773926926,3,74.41978007868468,348.56957256436567,0,0,0,0,1,0,388.41243437039225,0
430.6790914888889,551.6991721125489,0,23.20226482271495,658.2253184577884,2,12.702253344295425,589.8864608980914,0,0,0,0,1,0,110.8713513572757,0
671.5130011202748,696.4273310435041,1,215.35113391679343,475.03754533282796,1,191.91562378953023,436.92321166811706,0,0,0,0,1,0,571.4543148264768,0
149.2900517198794,45.40872715874901,0,77.57170469136165,264.6309075378083,0,776.2893186173749,164.79816626314755,0,0,0,0,1,0,187.73721952823203,0
439.93415286429223,455.3329091450752,0,52.770215496549625,453.65167598777987,5,49.683434861653005,387.4928609834069,0,0,0,0,1,0,347.768443247902,0
610.9974352491259,754.6156452007815,1,29.74823004142945,378.0274279580095,2,44.92820767824767,466.8969359788999,0,0,0,0,1,0,317.91804865978406,0
261.0238242612687,119.37474662097344,0,51.43134845946675,444.86785258704595,1,91.90893324966389,467.9101285122623,0,0,0,0,1,2,246.6409463836131,0
602.1689865590424,312.4868757487135,1,159.74411944627178,489.96803918121077,1,654.4982802828993,712.3969087404723,0,0,0,0,1,4,844.7242734145764,0
348.87507509627136,197.94742719574364,0,18.57086939662618,369.7870057832123,2,58.64545287567705,589.8734600368628,0,0,0,0,1,2,255.18755276462002,0
750.7499136878871,812.0579558831095,1,125.3772207996229,532.1320368838303,3,52.86462854660993,471.34281445413467,0,0,0,0,1,0,633.7228943189921,0
491.53601604245,465.0414148064266,0,66.9298531263992,609.1585690438085,1,206.6266260059497,686.1050843360154,0,0,0,0,1,1,195.92462442611242,0
687.5257142475651,715.4112075963009,0,194.19107370096827,603.3905929694386,5,201.9111196402621,485.59248519762906,0,0,0,0,1,1,292.04953932838663,0
471.03108827236343,432.52836833055756,0,53.29419039110948,675.3361370028098,1,131.24920018185404,559.4179648061207,0,0,0,0,1,2,265.06812731566697,0
586.9844511669794,385.49234818255195,1,22.342549554259477,497.515355613323,5,61.600249255298664,539.1925044806712,0,0,0,0,1,0,1098.820634800185,0
548.5526156148964,651.5837769314114,0,84.83303115020139,826.2056966487555,0,201.5463303532411,446.8978965961967,0,0,0,0,1,0,143.94231745096576,0
460.19501191344915,374.4007638865159,1,170.27919531761165,393.21662051316974,0,345.686255618274,387.008367188138,0,0,0,0,1,1,264.26638618481724,0
292.6672659172791,124.67846717942926,1,160.0498891729385,536.5028858351122,0,173.15283603795274,473.98979074359966,0,0,0,0,1,2,235.0541967873898,0
573.6361020547808,393.3244100434177,0,10.136413282432141,574.357418922876,2,82.30711346306018,655.8820457121893,0,0,0,0,1,2,282.9741571016606,0
491.88955918620144,435.343649200867,0,39.891364285395085,305.2815373469608,5,68.47398615758445,397.1039541045889,0,0,0,0,1,0,453.9706349616267,0
406.9793641193047,369.34306645574003,0,62.01724654435462,522.3935966107531,6,65.60421550716565,349.3393779074489,0,0,0,0,1,0,182.22281887854587,0
339.4091347038868,286.06943644944096,1,93.98764791311932,489.63846566481243,0,506.53438455059376,541.0949048834921,0,0,0,0,1,1,117.9547431190648,0
459.17160613245943,456.5437200778806,2,111.6061394786777,343.9619581257655,0,367.74216109241354,440.540780542242,0,0,0,0,1,1,177.98636419062575,0
439.1482274479622,343.04736522087217,1,45.15401418698653,373.38487277345047,3,97.73601386720615,493.9686477679785,0,0,0,0,1,0,324.49528219759065,0
452.5525835215658,450.45685194247517,0,77.93989248643663,534.6826800129627,2,61.26590745734562,582.6680914083609,0,0,0,0,1,0,370.61051760490227,0
330.01739742086886,247.27027405648346,1,126.4475143336804,263.7792688580255,1,20.579244921488087,422.42550590659573,0,0,0,0,1,0,293.284025240191,0
513.2707282607932,464.9174015980902,0,22.50702631328153,509.99979933416176,3,107.07150131859754,404.5607733246719,0,0,0,0,1,0,543.6523340223811,0
497.93418318379855,418.81900982422786,1,46.263955423384175,461.2022458183631,2,129.43109494041212,465.49052336234683,0,0,0,0,1,0,453.03268948143784,0
485.01876744934043,378.1269490052525,0,238.88611707435058,355.78906785061463,1,744.6357145808325,301.7625807572097,0,0,0,0,1,1,522.9867915634608,0
369.04692216834803,273.6429834030318,1,45.481253607637186,166.46442217819478,1,484.45901763753477,315.92918282673975,0,0,0,0,1,0,302.6766197059432,0
1080.4607883862302,1390.8880058599113,2,33.473928819015526,671.6679651916506,2,86.07795228820306,176.03846947475174,0,0,0,0,1,0,536.8604549388401,0
408.4601523298148,334.87555088689703,0,50.802146876526244,558.751379069913,5,34.13403797494617,407.9863321838369,0,0,0,0,1,0,309.93593031631036,0
425.92221111410004,310.2286353831762,0,148.469001267773,172.9428219095206,3,72.32810708238203,374.8690179684828,0,0,0,0,1,0,447.5620410568668,0
616.7773951395853,460.54397450504644,0,97.74746178509696,447.43378573984444,2,73.1244418849568,598.6512988322645,0,0,0,0,1,1,516.756189572487,0
469.8658679131198,309.9443271305973,0,29.6601442545281,428.39678776326235,4,101.60213006571331,350.31446323430754,0,0,0,0,1,0,683.3397039333679,0
545.1062778204472,408.5178081696545,0,66.97026359163675,535.3241998007352,2,249.75528191492523,602.3472938284041,0,0,0,0,1,3,166.18481093590066,0
353.3994872761582,132.19618665465825,0,38.694555976425704,442.551403971235,0,103.41220679654299,609.9147879376154,0,0,0,0,1,2,276.32767825273976,0
645.3273915513001,610.4439920874672,0,68.73803258259301,649.3849710605306,2,331.3004643232918,614.4008050549287,0,0,0,0,1,2,361.28325169236336,0
383.9466614378855,256.6845272219622,1,64.33653727225034,131.74211028584844,0,284.1001763293225,405.3771484369247,0,0,0,0,1,2,158.56011118759585,0
372.8160263131177,166.96949991016587,1,105.0977382105009,92.11501816069378,0,209.11277625238938,330.27677242690123,0,0,0,0,1,3,260.95922699789196,0
935.7158458316571,1026.564260573209,1,32.59305414192641,309.582141347965,1,157.96124821247116,295.23473361143016,0,0,0,0,1,1,556.0594975001691,0
568.2579900289759,357.38037151019597,2,43.746773130229016,404.2114167433923,2,45.13836744155377,567.9965082779656,0,0,0,0,1,0,634.5278236936665,0
474.9553551455882,344.9630469809129,0,54.38976968204246,571.2161774897982,0,248.71610019363436,614.6848200713173,0,0,0,0,1,2,421.19699359373953,0
5004.7171444533915,5387.315320659352,0,112.90850897206893,584.2411540303373,0,113.20642983086138,415.22531187857,0,0,0,0,1,0,474.64789249389054,9
3513.5511644824323,5624.666170955487,1,32.519079370336826,414.2218866488347,1,156.0323842907348,294.7303082804685,0,0,0,0,1,1,371.29926422598885,0
2956.1725350842644,4594.814150936297,0,50.68137788329502,487.1055020795864,2,437.9217825352529,605.8537999493524,0,0,0,0,1,0,616.9532113717293,0
2325.428569450194,3593.88938070309,0,45.81278546793668,674.7310615645567,3,19.854004908636462,390.46927455376766,0,0,0,0,1,0,324.53825859137476,0
558.0540315064658,538.2352000336833,0,55.8988290862821,482.07172722878573,1,278.46249722242186,735.6877891906131,0,0,0,0,1,1,304.01793336737774,0
1862.638850483522,2683.7438551032556,1,112.325578951985,245.50056300648743,1,391.77142588373147,247.70653205450574,0,0,0,0,1,1,478.84639267761685,0
286.4631703342487,209.70413117736325,1,109.6343815404572,484.0391964407959,3,226.21017557217675,498.2925258494778,0,0,0,0,1,0,199.56020997701447,0
863.7567665424975,881.3336234837981,0,133.3699557060991,473.7382891785217,5,37.989328572867734,465.1909919715016,0,0,0,0,1,3,325.41211760870175,0
782.7643006215282,995.6333447945979,2,61.1088359217521,126.86500088566098,1,317.94477275113485,356.706474612743,0,0,0,0,1,0,311.7556081149838,0
743.5401876420619,879.1364934228046,1,103.46386183014931,502.0179375657882,2,192.4245577252988,608.2362194648738,0,0,0,0,1,2,138.4587713675714,0
735.431487572402,906.1964105318784,1,67.17809763162201,46.01912651379006,1,83.86361763793622,147.41770496954314,0,0,0,0,1,1,322.59804878527075,0
696.810936197336,796.6452716274817,0,60.36180281500251,442.76863929077683,1,257.31282166420107,287.2044852945622,0,0,0,0,1,1,374.3750627078204,0
558.8159257137561,484.064743466315,0,40.20647052104216,392.5214609331053,2,184.41925272126397,726.1575835544463,0,0,0,0,1,1,434.348335427935,0
932.7764137273098,1313.2472857591367,1,67.81580090821811,627.6428774066217,3,67.46805341366769,452.44822261362896,0,0,0,0,1,0,251.60301926228803,0
303.8938426796809,87.7346890586117,1,9.007513305424007,353.3415321579412,3,106.05342150866642,473.900221404058,0,0,0,0,1,2,392.1156251735259,0
311.82902684164713,273.13309096000415,1,66.51840017942521,343.55225970800745,1,293.3502880994819,374.7449954156058,0,0,0,0,1,1,64.59946305253698,0
899.679422403983,1379.6263981429918,0,78.06509267382171,489.01934669119544,0,118.41670602888155,262.8729472659171,0,0,0,0,1,0,106.19167757793092,0
388.88513689816983,295.57377561343367,1,91.68502680331876,261.2513058583573,0,233.00583279476146,355.89753789719066,0,0,0,0,1,1,275.27131853094807,0
384.96596816006524,303.68137854047205,1,87.37949780986875,316.62599235842026,1,39.14050609956198,403.5062594322305,0,0,0,0,1,0,435.1981506571813,0
319.8329908346503,144.17073312403699,0,34.553853784683795,107.96829555583926,0,338.0908208687321,145.46058219304936,0,0,0,0,1,1,543.1398244273169,0
578.8938682807035,813.8745269345405,0,7.013151569659643,485.0782387971689,1,39.760079828943034,486.5734563370179,0,0,0,0,1,0,262.43939952196024,0
90.13096714221706,53.13066286479542,0,32.063438617520674,26.98316654742633,0,45.14002485156416,33.76800646721381,0,0,0,0,1,0,166.9114727990313,0
244.80968944943734,182.9075896150157,0,100.98957436764415,359.7219548421805,1,524.0139547610438,222.03183663013084,0,0,0,0,1,0,298.99523006387585,0
159.73989536197428,105.71325045246836,0,13.255496585266636,46.613254218244876,0,22.20533402347307,18.254765745123628,0,0,0,0,1,0,202.18755671273385,0
722.7121393570599,1062.2525043810624,0,47.740495862076465,189.45967232510435,0,90.61486413773594,244.02140879847127,0,0,0,0,1,0,168.5509745368796,0
457.3129671391993,552.3453275114256,0,9.167596828892446,257.09182848637465,0,93.81116807353429,244.0136652973648,0,0,0,0,1,0,211.46051482103874,0
209.0062061341446,117.56162015880399,0,63.86675065628425,203.7807669824436,0,10.64036610180339,253.91374429412662,0,0,0,0,1,0,334.99194258166153,0
316.3514419117961,395.4459795802418,0,60.25796782358074,549.9922724176362,2,24.558033488019205,328.9602320809332,0,0,0,0,1,0,52.80018720434603,0
336.00108608094286,239.39619157226403,0,133.72523595864305,450.1511164708129,0,184.2464459204903,277.02679261196147,0,0,0,0,1,0,482.68347735421037,0
193.83601067810653,107.07944958545734,0,57.6050083854075,188.19731739675137,0,134.67419464642677,256.29762760868226,0,0,0,0,1,0,301.58291939341575,0
255.31572374826865,160.3427081869706,0,38.61454986457302,164.3222765985015,1,113.41354744458769,153.53436978356223,0,0,0,0,1,0,500.56146422785395,0
809.2774097554301,944.2657959900865,0,74.5823134172516,583.3332091174177,0,192.2114169015034,49.976236934474294,0,0,0,0,1,1,606.677800169078,0
310.39882746730535,264.0441836424798,0,19.1178667146156,212.08411566747313,0,159.36220398679527,170.303661988477,0,0,0,0,1,0,339.5176053835516,0
350.31396027650646,250.36523067488832,0,20.891967898002832,703.223169645199,0,35.75829398653556,495.4430514050507,0,0,0,0,1,1,316.60206786669096,0
328.79178563173684,319.7101166722849,0,27.04653244860245,466.52993102092194,1,26.682021141685105,110.46997902066555,0,0,0,0,1,0,122.1992112606403,0
363.1384042586353,130.8945557537492,1,22.96639108988326,421.91630184225266,1,38.486425432297956,357.8093168488694,0,0,0,0,1,2,522.8574743000381,0
961.1787199235268,1445.1047429892499,0,45.50867909885612,137.0853546797352,1,21.28183653173369,174.69422372835774,0,0,0,0,1,0,201.79269205050096,0
251.24838116920017,207.33646642317515,1,72.687190432025,232.24145477810868,2,74.48358020891713,261.5372532755253,0,0,0,0,1,1,115.4048410891864,0
859.6624994649771,1030.4648332266859,1,47.752877480959256,393.81945782151445,1,256.0347266044018,417.4265897077122,0,0,0,0,1,2,213.5024106138855,0
665.0570655266991,942.8890308806816,0,24.06723938995329,432.9362859396466,0,20.02831774848588,347.962026489794,0,0,0,0,1,0,260.3954183773796,0
278.9407513066282,235.98028320702278,0,41.606098907307896,170.3753363251524,1,250.96486813069245,288.3760261406748,0,0,0,0,1,0,322.44460728877743,0
300.1496775906638,208.64849063161324,0,11.269764582590176,586.5928560020966,0,68.02623003469498,394.31305952628986,0,0,0,0,1,0,408.0889418373988,0
223.71031415142684,80.11487935509109,0,27.63137149529933,340.0827885223814,1,69.59086679125974,389.89510333788735,0,0,0,0,1,1,276.54806638555334,0
712.8432897520463,756.9618769787236,0,26.60950575157404,389.17216689926386,1,73.83347960481944,496.7410166565693,0,0,0,0,1,1,560.4686639333027,0
446.7758707205786,351.0635977159779,0,23.566434952807434,533.40060496256,1,126.94407188622515,256.23756849117797,0,0,0,0,1,1,387.1227654740855,0
373.0233976735366,311.1386375065629,0,30.43486314551772,263.214799435676,2,12.925138999481483,240.90487078049856,0,0,0,0,1,0,544.8637520361509,0
147.0704122075114,119.90168078528293,0,27.452949875269514,51.57710815451893,1,51.889194035211936,51.57966601118373,0,0,0,0,1,0,345.0820394038675,0
388.5948095231362,248.08223124981225,1,25.170277644672186,354.9721831150135,2,65.01899086060766,459.0135261509279,0,0,0,0,1,1,269.38694894149944,0
234.55678712851005,177.64455262826854,0,63.12293526344208,374.26188021884076,0,63.532209077672114,313.66398774165964,0,0,0,0,1,0,492.3110292453239,0
409.09158157001815,279.5266268951311,1,77.42362233639719,192.69229499700504,1,436.85066163344624,292.04362216905685,0,0,0,0,1,1,253.13620429734252,0
1196.0021653695026,1621.7720515855428,0,15.488357769620707,357.7192826019616,1,263.02161287660874,144.69453589793105,0,0,0,0,1,0,547.1022008962609,0
164.2538758161598,91.07781399344283,0,69.86922624462683,207.6825003062155,1,86.58371084419971,251.23174897275504,0,0,0,0,1,0,163.08953334836752,0
366.6610552234181,402.1095964983566,0,76.65248764385358,224.03681636392844,1,193.15049824819704,341.8927041455136,0,0,0,0,1,0,191.02683645158328,0
384.6686300209697,231.46781898260332,1,68.34391295862379,508.5239653007039,1,39.25146829410571,392.84605688950444,0,0,0,0,1,2,355.85275798985975,0
242.93463787372758,137.30799389623476,0,43.20496857542668,251.85306551283225,0,78.05028220243697,200.45172031831495,0,0,0,0,1,1,174.52765122499395,0
388.9172963296203,312.57437375279187,0,33.36101614258039,559.3680972875513,1,21.6931869800523,547.1118574982293,0,0,0,0,1,1,167.2070082276302,0
378.86730287386223,56.68810891635051,1,31.74027725597255,285.29791471095086,1,136.5822744581164,322.3784357166109,0,0,0,0,1,2,329.95086168174,0
398.21281757496723,232.61041362999745,1,86.78816146207157,38.357545578911925,0,31.892767054468315,23.575347925875562,0,0,0,0,1,3,665.0500979771937,0
297.558260391593,131.2588679645219,0,131.550341490773,513.9981562170929,1,109.33950024529648,427.55798115493235,0,0,0,0,1,2,388.84872668235647,0
202.4528997759531,82.43485323254029,0,21.201979254807412,323.859285284474,0,63.079239902581016,632.9905887484945,0,0,0,0,1,1,283.5979849609698,0
230.2732018304308,123.80717062692088,0,66.65767551542635,87.33482651347353,1,318.2345477338733,267.02772758062366,0,0,0,0,1,1,404.34147723652995,0
320.9728111748972,145.383625548648,0,52.488980024631715,305.34534601660846,2,50.373231683056254,405.869707040721,0,0,0,0,1,1,197.67364584149078,0
227.9063816188186,127.22240935146901,0,75.6478708798733,91.4471754327972,1,341.91840979470146,134.5748513510394,0,0,0,0,1,1,444.38644377439243,0
284.55357885304807,200.0599617675051,0,35.0736614424056,241.065425257713,0,286.8280134039506,430.17090861606266,0,0,0,0,1,0,291.9160611326128,0
662.6722954872079,620.563538762453,1,93.77626418923576,558.932813380469,0,275.23137134428083,561.476792860093,0,0,0,0,1,2,480.57322152108884,0
308.40422787175476,200.1576433941969,1,20.318096662364592,262.0786050559179,2,34.340096484158636,326.01112134667346,0,0,0,0,1,0,453.37073223714947,0
1336.826739492599,2021.704765667122,0,109.7084960774985,174.0527054338144,1,93.49540538561428,282.4669340977613,0,0,0,0,1,0,259.6396165461863,0
301.92811836194545,206.7716417124043,1,19.760233754390036,139.40032552706262,1,158.4175969729087,236.19058592519522,0,0,0,0,1,0,507.99823102373585,0
361.6744731910908,186.43793856636222,1,26.076078583251306,323.32895365471836,1,201.9401719855352,365.24932912089173,0,0,0,0,1,1,571.4227374251439,0
355.22788651997996,319.70903028590044,0,16.84177060295797,339.4075509616533,1,70.4190233608452,366.4398047738458,0,0,0,0,1,0,289.42993440630335,0
416.0521777764127,457.6210917967493,1,57.62593897913169,160.37239557769718,0,219.09089409939045,385.46771267811005,0,0,0,0,1,1,193.93228561044083,0
412.35994019634353,298.1640947592424,0,20.956667932969488,152.93504782934423,0,11.709305008042472,244.35724080827643,0,0,0,0,1,0,418.7187841101484,0
558.7383503176441,487.742266938787,1,62.12842923041843,518.3865879170688,3,69.56577002526528,415.07779044456595,0,0,0,0,1,1,384.36375074317795,0
481.584920538387,440.0503284861276,1,60.8167659179855,548.2570040045748,5,72.00441690279385,339.39103580446715,0,0,0,0,1,0,485.8508876751391,0
412.0872090712063,341.87811384157226,1,88.78044802486504,164.43338522988395,3,94.38427691013888,315.0855968373477,0,0,0,0,1,0,586.623197281612,0
741.1704329966924,877.6123508358352,2,48.06306997164005,192.45697863104468,3,34.97515130637625,282.3777020210092,0,0,0,0,1,0,431.1131879703529,0
315.5239568891233,287.97024864368234,1,64.124354041473,227.29040087566122,2,26.11801656956904,378.89520788441996,0,0,0,0,1,0,107.18039150950734,0
338.91509954088684,312.2397741091095,1,82.85487862464821,463.8289269732232,0,292.9810462085501,642.7204738270301,0,0,0,0,1,1,121.63132493659431,0
432.45372675358846,180.5171488312769,0,75.30255779266359,438.00427212554905,2,281.85181206539994,474.47643063908174,0,0,0,0,1,3,510.7568287943377,0
8288.672922873,12303.786365899728,1,112.23072362661891,530.9307820301443,3,8959.641843552927,603.4154292398948,0,0,0,0,1,0,29486.234359362992,0
417.1572479526857,397.3828271461946,0,95.3271401092152,598.8583085167329,3,50.27338186153352,381.70575460389523,0,0,0,0,1,0,229.88507225608402,0
409.3178702655734,363.4757129896311,1,73.67193211927788,342.891689766043,3,82.92676506299262,362.42851847346435,0,0,0,0,1,0,278.9005076252988,0
8225.366604398825,13506.088417673749,1,133.3009656645689,70.95167506060923,3,9013.817489432346,464.0925696486411,0,0,0,0,1,0,31607.84441081849,0
1365.4263298298795,1956.6925139987727,0,64.65579638099393,581.0164615142938,3,48.06595935109491,497.30501892624034,0,0,0,0,1,1,317.761140441541,0
426.408286282121,461.2215377736407,0,46.784993252153185,567.7415369299563,2,277.92547271024637,573.0541822460167,0,0,0,0,1,0,281.83211665885995,0
430.871536766762,293.11474755537876,0,47.74843191979192,43.27092566657652,3,151.17578945733595,171.8661479180706,0,0,0,0,1,0,841.8532911969332,0
381.08794857236376,273.5120570887086,1,57.86800105748472,197.39698763625617,3,55.01681358273299,251.83072929240373,0,0,0,0,1,0,266.9039933980068,0
235.93348367904161,185.63566497386586,0,17.366405700445508,57.243444168510806,1,158.41367505644143,287.1718709717635,0,0,0,0,1,0,557.3445537842604,0
117.78647063495933,66.89226977375154,0,19.993272909856316,123.08731821476374,0,23.9590487786175,119.72254007067843,0,0,0,0,1,0,223.85309404356178,0
129.7166056852325,136.345808373067,0,6.775474349643311,240.95200969623136,1,42.293665474539736,103.58969732168006,0,0,0,0,1,0,20.297730949404247,0
133.37229151358247,102.07057854541334,0,40.31069743892793,151.05444275911856,1,78.15964489638355,70.0758556391002,0,0,0,0,1,0,274.15599779711306,0
834.2892683098917,1297.947141216614,0,52.126736983046015,155.353493428018,0,9436.668912342604,144.20706504288435,0,0,0,0,1,0,3082.2341672337134,0
178.15368353185536,74.49443967413777,1,16.363793360373894,36.83597591754071,0,11.604937270729042,79.60730458546168,0,0,0,0,1,0,243.75716607005415,0
215.81197565316322,93.60191092070936,0,58.78135888472833,427.0404928527591,0,96.55335786618102,301.2447813147023,0,0,0,0,1,1,369.7828570443887,0
1750.9550516769943,2936.1254967852733,0,61.68234564884145,36.84059969787672,1,9527.049657724066,32.917404349496614,0,0,0,0,1,0,6836.308231671172,0
225.81634633417127,171.78406694057094,0,28.47966014537463,110.8014154394975,0,77.9714297660774,105.93930314241818,0,0,0,0,1,0,255.30062053023255,0
256.61816019847186,205.92847819432416,0,58.16132205453868,261.94090620167094,1,18.07927352898751,166.21633856720726,0,0,0,0,1,0,334.22488777328397,0
545.6381440552673,555.1886606303054,0,18.472985857271887,427.42560043299716,0,156.337521092317,181.35850995973087,0,0,0,0,1,0,488.87829997866885,0
199.04549980161767,258.2012562690312,0,100.81291487995595,13.525210459359927,0,283.6777474753853,17.657299120377218,0,0,0,0,1,0,644.141424488856,0
219.17487293997038,251.40004339197597,0,44.04387818271918,88.17442485419593,0,91.4272724612483,27.181307789190882,0,0,0,0,1,0,654.0393616406841,0
160.28804346951236,156.9465655182613,0,52.44355947433072,188.30507173955897,0,11.149546277318574,90.10977895262386,0,0,0,0,1,0,122.14870433808888,0
485.0517256704808,569.5299739354205,0,11.834930792700208,237.48938561764214,0,88.858954638396,175.457900063925,0,0,0,0,1,0,343.36893636694583,0
198.86826663645732,203.1637703274895,0,7.431482790602658,88.70057799479797,0,135.46363283377488,123.96561744566236,0,0,0,0,1,0,547.8329205477353,0
343.84893887673684,370.54779848506746,0,15.190918440281441,561.1538697253679,0,135.84598870712065,343.3507917095319,0,0,0,0,1,0,345.14109478669775,0
16710.128460920605,28804.26764411424,0,294.76386496746665,30.699760847049205,1,15106.369611296013,164.48356580931198,0,0,0,0,1,0,66600.5366381965,0
132.23105530347044,140.9618857673254,0,17.80724936786493,331.1038641518079,0,20.36108455969608,211.21641095456928,0,0,0,0,1,0,61.862441133063314,0
323.23330576204467,319.974026795183,1,24.621436625774564,219.05449335698012,0,110.61122897300531,134.6539449259788,0,0,0,0,1,0,405.269321373641,0
221.3952359790386,159.81748508245576,0,50.30284685454599,31.697901138436123,1,98.00682315044116,63.35605067317152,0,0,0,0,1,1,493.33164556059813,0
190.35956027423174,246.8181511151293,0,49.978724990950106,79.84849242819266,0,237.947993797273,17.008784103129695,0,0,0,0,1,0,616.7079258380445,0
322.0492002510438,442.04986613859546,0,50.66803436181669,81.56936906121815,0,10624.303125538343,20.386433422674337,0,0,0,0,1,0,1086.1993012381602,0
7570.590661110999,13030.900176368506,0,85.94193422242265,19.548151167451298,0,8833.891423398374,25.031150366403182,0,0,0,0,1,0,30140.75739302931,0
106.55342168485622,93.2466764869575,0,7.88375192556169,30.821033825812385,0,111.25423697436214,36.85778690653382,0,0,0,0,1,0,267.04681100446874,0
121.50050688096714,86.84763668416619,0,20.558181804777952,30.281918134975122,0,9.554700951395507,15.575923849520148,0,0,0,0,1,0,175.40481979933293,0
212.02281470003072,132.890879547213,0,89.40366409734206,240.77503198922304,0,145.78491405621332,89.44310831218232,0,0,0,0,1,0,415.65169149336845,0
186.7835821164734,186.88345292801506,0,17.76563558471531,169.37949693372096,0,10.624150624631103,181.54963576855735,0,0,0,0,1,0,103.55896413780013,0
11466.999122301526,19726.95288206986,0,233.85760921769534,100.62544713843783,0,8720.619004481287,26.007625194268613,0,0,0,0,1,0,45635.04351022816,0
130.77557982469068,73.51166670591867,0,33.0629294557856,186.31087646441816,0,44.23023405500856,127.2583029587235,0,0,0,0,1,0,245.02250112707134,0
1839.6610676258,3028.300817098983,0,96.43927456750569,18.75062651579874,0,9395.855757846119,39.71839334852604,0,0,0,0,1,0,7084.218051248871,0
91.90848009599085,63.747394604837794,1,21.137581059046347,295.23507451963474,0,12.965004688809739,137.1863160832798,0,0,0,0,1,0,194.22639300788956,0
1141.7070432307632,1767.667361872344,0,21.687979221040756,244.55070838479287,0,19.921448829215997,141.94720009612075,0,0,0,0,1,0,232.87295781621296,0
103.15969077018624,73.07431204554806,0,23.111512231026335,28.47443305738242,0,45.48355376055941,18.900259778147102,0,0,0,0,1,0,216.9311966131271,0
148.11749028583145,53.26607693293215,1,56.175421595098825,81.51989062910005,1,63.54795159298699,56.833526587076264,0,0,0,0,1,0,213.87667402074595,0
104.77089724370354,57.46682188814864,1,4.716475756556267,163.8536822938861,0,24.455895137071153,160.64724846693818,0,0,0,0,1,0,127.13307334214728,0
114.18805982932533,78.68704616598508,0,29.239864589718426,55.80316809496322,1,89.60885735149037,50.95965420278626,0,0,0,0,1,0,247.71016329441548,0
177.68052960539708,184.80988664354706,0,23.700241334011878,8.067006523835147,0,76.76215707965548,23.810104949944158,0,0,0,0,1,0,491.2245939631915,0
10844.704873830151,18644.35553994731,1,73.67026109336459,103.52015570862498,0,8969.017678549044,60.8313078615992,0,0,0,0,1,0,43137.53382436927,0
197.252804997449,136.94055060646195,0,28.133665645744887,78.25253011811242,0,21.755123780884716,172.78891754159903,0,0,0,0,1,0,415.78230773908683,0
206.4317765199475,164.48951255311812,0,66.02623788419896,171.79151185278917,1,34.86485523419386,80.11373240177082,0,0,0,0,1,0,484.333504599719,0
113.07226538406687,59.35940045612018,1,20.770848111109967,130.09162191929946,1,90.58214172241651,93.61179698429083,0,0,0,0,1,0,195.94286661163534,0
145.70938844270216,157.48984979545,0,16.883589094763927,60.477217075005925,0,39.08146050519232,74.31835303542562,0,0,0,0,1,0,416.5304117617833,0
261.83583758036275,101.6351692077769,1,103.15260579945883,52.95356305551409,1,639.525908510705,20.150698651268833,0,0,0,0,1,0,393.3377743584741,0
365.26733793048476,323.6015865882136,0,27.594671636800157,370.5898361294834,0,135.14019484744125,102.16453674188557,0,0,0,0,1,0,502.51318388776616,0
74.21448720190091,51.702917490156395,1,4.760420794905606,178.886009819082,0,17.69207473710828,23.942675539365393,0,0,0,0,1,0,60.88716356764115,0
10270.296573542895,17700.397110470018,0,99.88880440013229,20.512961165333813,0,8497.072456878599,19.99916410015188,0,0,0,0,1,0,40928.28292688315,0
15253.876817936598,25860.371422792014,0,155.01155710697566,224.35419741551507,1,8348.46695105074,49.82856051266523,0,0,0,0,1,0,60040.91370716809,0
18083.020298374482,30969.188522483837,2,154.43225724438926,193.6545332949205,0,14538.079965231856,202.85388987899753,0,0,0,0,1,0,71722.10856412302,0
281.19234439657595,132.37168811549927,1,37.146719631718355,24.552824361684614,0,65.00870419783531,68.62973050984063,0,0,0,0,1,1,444.3278442852622,0
84.09314021535158,41.1017517863745,0,39.90585721961959,213.56947128169045,0,7.892684843437042,288.30489337358244,0,0,0,0,1,0,147.96205669872973,0
592.5208546734298,827.1282962269834,0,72.8737844611586,644.4773207906807,1,42.628197034160124,473.7815161453025,0,0,0,0,1,0,98.09141158008103,0
185.29801774834428,99.57497539265779,0,61.188284330161025,426.2006324813044,0,21.15322581019784,494.501345272876,0,0,0,0,1,0,238.5731761458101,0
193.37578003059377,94.47463495188008,0,80.05126285334913,147.77797319642596,1,9.438318707246953,144.3154396474278,0,0,0,0,1,1,312.66053103389265,0
877.7043717473628,1088.1538332939742,0,60.86042607301512,456.6963532330517,0,67.34988292712879,227.7437790559879,0,0,0,0,1,1,395.3042054030931,0
228.2317574766289,129.38414221269002,0,38.05979810366961,350.0040599001341,1,149.57878480113783,349.42199671361095,0,0,0,0,1,0,365.09791635022737,0
21584.132242709824,36804.05547193592,0,187.5250167222457,434.56957653134253,0,15537.13802777577,138.92440698886568,0,0,0,0,1,1,85329.80693214251,0
601.8522328727429,379.79959901021056,1,32.1473224907362,149.78418951965256,2,57.30570300547685,253.97180982324892,0,0,0,0,1,1,943.7687941701965,0
14967.141742341395,25493.43572791185,0,103.19029901595434,101.24524871498424,0,8637.333609094581,317.86980602968146,0,0,0,0,1,0,59121.84185801434,0
862.7703322041375,1128.9043660206337,0,26.52849813925271,292.7118486996,0,77.46204327052243,133.00823234715625,0,0,0,0,1,0,474.7391735862574,0
3964.7412796755443,6371.770241051664,0,144.48732805765735,348.2529892063904,3,8336.878143208136,201.6121360009037,0,0,0,0,1,0,14999.704229034225,0
378.68050786393616,435.57100320493146,1,104.83726438004011,227.3373960786154,1,63.16042730891145,109.60042191014907,0,0,0,0,1,0,206.28279435680184,0
163.56988135815647,118.13854957734914,0,43.71440942908286,199.07462703034213,0,157.69300920771587,215.31434706139353,0,0,0,0,1,0,269.83017507952206,0
166.82408069107518,87.50705490685354,1,30.914275378123428,71.63922481330683,0,23.549798364391716,195.73350988536663,0,0,0,0,1,1,125.57874738511192,0
206.73672174379067,221.58011096168812,0,32.95947525456783,182.34667997409142,0,27.637244982099155,359.002068653061,0,0,0,0,1,0,143.5713864595216,0
285.36612088568336,256.74442220825,0,35.90034284463523,328.659744212601,2,96.61093577339582,360.7907007367368,0,0,0,0,1,0,387.0947558881154,0
822.4348746755252,1113.118508867355,1,165.54637840132574,328.1370671300174,0,334.7781541091742,501.116486648487,0,0,0,0,1,0,323.4454048574162,0
2697.244353533836,4292.4829759155755,1,82.52215714499731,110.08476581401581,1,9642.900466162208,38.895222977213606,0,0,0,0,1,0,10129.944641273236,0
403.359678080286,345.98381571812075,0,21.95841497291246,97.82196438146352,1,68.2753527092638,133.75712945089495,0,0,0,0,1,0,491.53700754020434,0
565.7055033641024,512.3923391789642,0,147.46957481154885,261.2954067583385,1,11057.303278160063,241.31873557557117,0,0,0,0,1,1,1421.8652215531401,0
10466.55478183185,17990.71453245999,0,75.57239495087565,243.89165508295915,0,8815.7567341711,355.45973473019166,0,0,0,0,1,0,41627.2858192229,0
11556.66283747284,18896.633312583617,0,78.30771954902258,583.1845787590595,1,8488.765387534173,320.48461176811645,0,0,0,0,1,0,44265.95921492395,0
9943.895862184352,16747.080710796134,1,100.78401363631141,433.8079930670234,1,8740.174907810951,294.4682602343527,0,0,0,0,1,1,38949.70862628272,0
162.87859691882983,85.54860600657031,0,49.048316265219455,236.3826007720048,0,219.53429299133182,232.66295087584712,0,0,0,0,1,0,205.5783598331303,0
690.9861024688996,526.0927589827646,0,79.20608528865715,522.5108945262656,2,158.83208194461116,373.95113375993304,0,0,0,0,1,2,790.7120871426923,0
169.67756626037698,109.55151682266612,0,17.56981022505311,98.58468280607828,0,30.682898381541566,239.12484133981013,0,0,0,0,1,0,341.58229821136274,0
373.97796254176393,114.55007498732039,1,87.53054001920198,318.1770616385111,2,29.65895524916686,516.2129924848459,0,0,0,0,1,2,314.55132977623964,0
2184.4860488662525,3001.8919001785976,0,32.44548341056259,541.2870712177055,2,10737.02453820753,403.7031107797255,0,0,0,0,1,0,1270.0571636027644,0
5619.220709925806,9108.339718143347,0,78.48130006604836,131.89398087770417,1,9018.033698102914,272.8846402709647,0,0,0,0,1,0,21385.301601679203,0
278.9730256440979,237.65988881362404,0,28.245999158023025,554.5201250158663,4,37.077293816093224,356.1114591641862,0,0,0,0,1,0,239.2059845297619,0
729.2943833361415,986.1780933181427,0,67.83086436993503,528.5222369474802,2,311.0006619840605,616.3328171410936,0,0,0,0,1,0,294.5335269670258,0
255.08557506805113,134.64342638979957,1,70.4574713593148,332.3831613264857,1,94.633143262266,330.44126472280647,0,0,0,0,1,0,403.22949328639646,0
216.86602518043986,95.79827485193724,0,71.48896077196522,441.79461691612084,1,52.82183933480236,411.17621214014974,0,0,0,0,1,0,308.84195887487056,0
544.6700734130108,800.8939028895992,1,92.42846965902451,437.11444092661384,3,332.6538585570279,308.43269310708286,0,0,0,0,1,0,81.17001535667593,0
302.396948182339,171.34899493019796,1,34.483856135935596,250.5989331140364,3,274.3148197472989,288.2086111937374,0,0,0,0,1,0,373.56201213004096,0
191.6123165898453,90.31275968776879,0,71.26009549019739,274.2592103963598,1,102.02973191867517,224.70736521119088,0,0,0,0,1,0,336.8751632593595,0
209.74305939006396,143.5882043339358,1,77.31919137803163,38.685419498801124,0,155.02049350481417,171.0059948650244,0,0,0,0,1,1,203.28822393640255,0
373.9992598786153,410.0792614693978,0,20.958504673872316,570.7593059181249,0,37.202627458790346,362.5936328167114,0,0,0,0,1,1,101.2458142800524,0
152.407351382164,82.07947962839705,0,19.138852639212466,125.59427161216419,0,5.540294432515178,209.80967658589,0,0,0,0,1,0,293.77454245552497,0
345.7210383279948,286.1679200976569,1,30.168925149587764,425.72023365510347,0,25.42740345635765,450.36703559261804,0,0,0,0,1,1,291.0637150141115,0
352.9903813788631,414.104761185276,0,136.3813085590741,78.07332695198413,0,201.94486360532528,342.1490309118223,0,0,0,0,1,0,109.06695312662265,0
269.77438419095506,206.89326970955344,1,65.07051070614685,147.58418214724833,1,17.283908890402394,340.0070412446011,0,0,0,0,1,1,139.8492958431729,0
265.6636450752882,165.5391873772801,0,39.17519371922679,17.902275332958634,2,29.685055797771177,144.42701762255868,0,0,0,0,1,0,506.1117862192208,0
209.14803619031863,230.8717393454983,0,46.587469986386516,339.9349772363549,1,89.5539282986382,483.15815830064963,0,0,0,0,1,0,609.0201311673429,0
241.54500106779255,84.20473799613801,1,20.476225963877326,271.24442414628186,1,30.815105100980634,306.93343459865304,0,0,0,0,1,1,384.37005350435317,0
240.38698330495876,159.53715071951868,1,78.71886539744732,138.29321351256436,0,159.5708135556698,266.90174524410713,0,0,0,0,1,1,488.3113578538909,0
319.58786829749243,203.08198621300195,0,34.46700504672332,509.9588211426205,2,45.083440510254825,302.9793133248086,0,0,0,0,1,1,215.94082629064576,0
244.18014247440843,150.38220946483267,0,77.43658217308258,239.81610063018024,3,66.38739242757002,252.9994130434034,0,0,0,0,1,0,387.26963547705554,0
204.59053728484412,45.028877986451924,0,36.60037830559984,417.04043550381806,1,56.13841900111585,323.8160621422155,0,0,0,0,1,1,192.46786806670252,0
1634.699481121547,2600.9758470792276,0,42.451522496184445,257.010798816001,0,18.332581513972766,261.2226362210113,0,0,0,0,1,0,169.926595879657,0
2824.306968603625,4241.224393579085,1,111.06496912050437,283.9604177332247,3,9405.815816473088,362.1536005116639,0,0,0,0,1,2,10164.906250886761,0
133.19135799661416,49.811566684557654,0,44.39016118934996,339.6247070699282,0,15.331803635697412,287.8742802832121,0,0,0,0,1,1,128.51391082801655,0
179.7803125250785,77.36338956089926,0,39.962477565017174,386.7271124375868,2,29.180533163357413,329.55036078204836,0,0,0,0,1,1,206.11240479753417,0
6994.434789515509,11606.51311246866,0,75.22922668090874,327.8986040035062,2,8824.830606345873,504.11792894836447,0,0,0,0,1,0,27092.66445349303,0
360.5462812865825,290.45570770171355,0,124.39991147262398,413.6959777262192,1,131.50512622888212,359.02156010040625,0,0,0,0,1,1,154.94614350151593,0
260.9502128616893,128.823927937217,0,73.43095168309561,301.42665771164025,2,58.392771850184566,435.3428171520079,0,0,0,0,1,0,173.64622060778413,0
270.91037837197297,124.77872362660239,0,103.08916433705326,188.69825537532938,1,43.04896148785288,78.53994587737041,0,0,0,0,1,0,361.8378033226327,0
288.2447434557963,101.32197786245943,0,43.064127316023836,210.43889110977517,0,88.86362813493989,254.0932651877057,0,0,0,0,1,0,292.43072007374974,0
256.95720884046966,169.0933818744915,1,81.30556426147218,44.89142845763543,1,20.37774136306161,82.45687455379098,0,0,0,0,1,1,541.6575660266667,0
589.1632960778576,588.9982227485212,1,75.37939782598771,107.96293785331784,0,276.24208241889767,353.46659507284437,0,0,0,0,1,1,378.57202432310635,0
326.00492320569634,183.80832418086018,0,24.65693434011783,471.0131500318552,0,158.11076745648376,415.37406684555003,0,0,0,0,1,2,534.7065230186216,0
253.08865381749854,264.1882348166968,0,52.43298910313583,253.41744740708214,2,26.326623345741528,489.2801247598242,0,0,0,0,1,0,76.62331967200886,0
394.87126949974765,345.1557629108047,0,50.49228557572057,226.94955030211088,0,176.18606966121362,411.0849028666351,0,0,0,0,1,0,354.17219715891156,0
1023.9218768166169,1291.2093774955713,1,84.84383805349552,258.7794309260489,2,9881.502117900614,255.04779235780427,0,0,0,0,1,1,3239.0233364874675,0
341.63668271641257,191.465185577087,1,50.387187907314626,355.39672419271704,0,316.4924008094644,602.7448131160836,0,0,0,0,1,3,504.0004993283377,0
427.9306725990167,243.21758910003447,1,37.21509540176896,377.4303323586495,2,51.655654683168834,551.4360802881578,0,0,0,0,1,2,388.4427167556219,0
340.62186430791377,178.36993837752942,0,62.54008240383811,5.575573737073527,5,82.33723257917126,138.9921701208902,0,0,0,0,1,1,458.6508816339706,0
219.91960067041015,143.25555013164254,0,185.9793319135236,227.5832166356517,0,378.7410037860753,464.6863874463479,0,0,0,0,1,1,142.41871371138635,0
252.71054260796737,193.83947918652177,1,64.80914936083944,315.89743465167857,2,38.971537169300944,486.87480250842344,0,0,0,0,1,1,97.68132047121509,0
543.5905389938625,747.6550161007635,1,164.6206568664474,151.25632794107275,1,235.25790462304755,540.695541226471,0,0,0,0,1,0,153.84426165575474,0
178.10803512448805,114.17078146936025,0,137.90300758323093,393.3148136497767,2,69.4500557212941,559.5526888473864,0,0,0,0,1,0,358.97255633418484,0
316.7560050665531,277.38887992095397,0,74.07019672111441,440.452159914631,1,42.302312634566775,414.2981262262348,0,0,0,0,1,0,283.8786927372987,0
397.0041094411324,265.23264116964276,0,24.82810467285109,490.9389624331535,4,64.7705172352358,289.82220038759505,0,0,0,0,1,1,396.92847500536794,0
639.4215248628213,708.8390424043432,0,24.329441234131632,188.30533236173807,2,191.49823129521138,125.10491037197687,0,0,0,0,1,1,347.22196406188374,0
303.74848141222213,167.49964706608682,0,20.20163515012032,474.07447071375753,0,128.72245902788,519.4636185447456,0,0,0,0,1,2,541.0898966858416,0
211.16398302368358,240.94527584884372,0,11.626493106817493,25.4549217606504,1,190.5644189667957,47.43405054045113,0,0,0,0,1,0,628.1280114588055,0
290.486485570323,288.743215695305,0,20.542011077702654,261.5800703693937,0,29.237957326070003,343.3215870386213,0,0,0,0,1,0,140.54040073455286,0
346.6970078247134,312.6171272314202,0,28.6337732734639,410.36861664444706,0,41.53652448785819,541.308968138755,0,0,0,0,1,1,147.9366703098721,0
288.13070389519646,172.8854655490527,0,15.26336036341949,108.8905471429425,0,66.23919431879354,306.16734910206753,0,0,0,0,1,1,377.8227966812379,0
244.23302259606692,106.21773687591103,0,14.726359162220643,403.6877145255316,1,53.331426688245486,429.87987105004925,0,0,0,0,1,1,367.5703803400073,0
1061.0721239685263,1511.555429441038,0,87.72189663974763,228.70323508748461,1,84.78700100223476,234.87158391027648,0,0,0,0,1,1,202.72894788465265,0
275.9590254250546,88.56167883740572,0,163.50782532294946,342.559936818007,2,206.20914198102977,309.2134204863721,0,0,0,0,1,1,270.39293884766255,0
331.69631642554066,232.10508183668318,0,69.99351426285196,58.02550638865826,2,48.78955713787579,211.60985448220916,0,0,0,0,1,2,148.24427381049853,0
355.4539690103674,237.31384962752048,0,147.31763543088854,333.43651282658504,4,68.93096090107002,415.4109660838291,0,0,0,0,1,0,250.59136894900053,0
306.21013539731445,177.34455605301005,1,32.251793694564824,38.288177698220935,0,81.14096143701394,164.66181372068723,0,0,0,0,1,1,470.07656850037745,0
455.7449737075331,224.77558396651258,0,54.746443983919725,325.2707314674095,2,83.9790838051106,327.03487159399583,0,0,0,0,1,1,637.6745938600069,0
595.8273819794397,263.3309353269742,2,71.0683001464812,484.4647177166389,0,244.33386048894693,370.4180552740846,0,0,0,0,1,4,677.700780979501,0
558.4396173754085,437.26702951532894,0,149.06697640925216,225.78758542743412,1,301.96622972671935,195.62102045526598,0,0,0,0,1,1,571.3074170558832,0
494.17464080533756,422.5265804376966,0,93.5944386947559,611.311335621747,3,58.43591978235146,688.4812155512375,0,0,0,0,1,0,520.835710892614,0
348.0102024030047,231.06863382392,1,14.690793390503757,225.62065065630173,1,23.42269546639144,151.24686629001636,0,0,0,0,1,0,391.81390159619195,0
656.2036003510343,678.8933597533335,2,72.09256878086182,225.24850426695457,4,59.323378489911306,624.4753432762066,0,0,0,0,1,0,399.9444195949628,0
10657.85455756393,16378.688148652815,2,103.93094889112552,233.21085994489852,2,8527.583812743604,214.48087290648138,0,0,0,0,1,0,38943.14271041468,0
547.7247985195329,589.9345306085912,0,84.57301729039986,625.5950323386802,0,427.13624464664986,256.33681327157524,0,0,0,0,1,0,306.45337879825945,0
486.40207455371814,344.61681531733024,1,54.37002617106802,471.76011622221284,2,41.532512428326804,719.0826582011814,0,0,0,0,1,1,273.9495295251035,0
437.7579473382818,474.44847505398724,0,54.1141459517258,139.33724086516435,1,195.9270325277943,390.5539541886145,0,0,0,0,1,0,167.05872440696018,0
384.41627255791866,207.40797265920213,0,59.876701865509524,480.2211499902318,3,45.43178359652544,460.2763223434052,0,0,0,0,1,1,222.97753298712254,0
790.2417347121162,610.9603032643781,2,71.20745255349749,79.30750919107865,2,11290.620078021102,279.9833564048513,0,0,0,0,1,0,1445.176910752466,0
475.77919991876666,389.3521133843609,2,11.021285641241015,310.54549454033963,1,60.89373239657634,460.9435951079927,0,0,0,0,1,2,291.79550032182715,0
7875.3891693316855,12414.32991814991,1,144.57496028431694,443.3227236767941,2,9015.9132775228,474.67852881606973,0,0,0,0,1,0,29335.590613640157,0
669.6349966894047,731.2133366714905,1,93.81288507197644,529.7094512021349,0,128.52694875710506,362.147679764968,0,0,0,0,1,1,392.5395597366375,0
365.1732748139275,262.16109763224847,1,39.73772216160759,389.14412133723613,4,46.7725119167708,372.49658244634185,0,0,0,0,1,1,424.52144838188974,0
400.902405371894,224.58597222426212,1,51.537051559736106,448.36291889539274,1,53.39533526668832,402.75814247602636,0,0,0,0,1,2,398.9654610694788,0
603.7213139138403,868.2458985598453,0,91.60504788293208,184.37518606876256,1,12.614093840344507,205.24088394507524,0,0,0,0,1,0,121.91292746475595,0
275.7928379351086,125.62826206473176,0,56.27105319319246,151.47421508828825,0,256.00931155783064,44.20157725556486,0,0,0,0,1,1,476.0615444389289,0
13029.750009440475,22070.51444350269,1,130.46191197546852,219.53914561185633,1,8849.19873769716,257.1789650433784,0,0,0,0,1,1,51256.29190856371,0
499.5756380351586,484.0191883067443,0,117.15801642438022,541.9099285825673,2,304.33110077754,324.32717290252634,0,0,0,0,1,0,473.03834029262816,0
195.75071979281586,50.906859171963994,1,35.31844769664,64.55956410644362,1,19.828919566148446,229.4619624129945,0,0,0,0,1,0,168.54540598477723,0
168.91014036491993,118.51574918957971,1,97.99017659762082,290.3142152642225,2,61.6466436400947,284.74814592893847,0,0,0,0,1,0,363.21511336614395,0
341.7380553335891,224.52754739568195,0,100.21880210031347,315.80077414542006,1,344.83221461825366,500.18911364913504,0,0,0,0,1,1,313.69224581478943,0
521.6203575274869,489.6913778758244,0,133.29531060372403,319.5214568165046,2,58.41250585073089,627.747153013787,0,0,0,0,1,1,472.6636646022523,0
3760.884253376114,6046.231838090663,0,189.04373434801522,301.0926290724626,1,9366.179883979457,489.00247120312645,0,0,0,0,1,1,14229.433241638038,0
621.6228584711806,617.3686611645057,0,72.4454071411077,488.43547422610806,1,289.6727672563902,612.6329340177723,0,0,0,0,1,3,199.37860865394873,0
519.4763454756805,544.1533384086678,1,42.78455077601367,296.0776785548037,3,62.6544766169543,185.12866405861325,0,0,0,0,1,0,240.20650636567532,0
892.3947956261209,991.9860343390309,1,133.28865152761395,155.47219174120642,1,159.39490918051817,227.91900183489523,0,0,0,0,1,2,475.64939688541216,0
383.8234724431482,367.7117198149761,0,40.69631226374302,321.60861785208056,1,53.146797300588034,337.6524652792688,0,0,0,0,1,0,401.2492558584926,0
1389.1062324263291,2017.438189181721,1,66.09487610117797,561.9079913902532,1,130.37270207517463,515.5442188035322,0,0,0,0,1,0,299.55025876326766,0
902.0399233941472,870.5368153927067,0,50.73937987174641,420.12824677642516,1,89.72783924788128,356.9373568356817,0,0,0,0,1,3,538.6362949586933,0
381.42791936637315,442.7423399598503,0,53.52537082366317,90.1805331561226,1,17.063035107893423,347.469153681977,0,0,0,0,1,0,146.09188328920692,0
413.6336956934717,378.3230303617378,1,41.96474675994411,511.291200624511,0,410.01712130042006,735.9513420799715,0,0,0,0,1,1,102.11972630636907,0
521.3772198177629,597.5127320249661,1,88.07517140068511,107.32693201372393,3,26.523179670509688,460.3322274866141,0,0,0,0,1,0,307.2087153210309,0
1899.9100433064802,2855.5649189370133,0,65.75389139923827,615.8634589246487,1,351.7187301717356,436.09540955675743,0,0,0,0,1,0,528.0610145040969,0
566.669382542556,737.7709712631838,1,153.63753139027426,624.34627817143,0,640.3496736497061,527.2847827356924,0,0,0,0,1,0,232.95201380925457,0
422.48835226703375,422.62065184909136,1,72.10570169500292,197.26781807989377,3,33.92818721617606,544.3653535127594,0,0,0,0,1,0,414.2700473976349,0
512.9961410106398,451.24499788728673,0,42.459921347443185,479.2300631599177,1,257.17114561794153,401.4651982267734,0,0,0,0,1,1,438.28591096337277,0
271.7103782729185,176.1102937328512,0,20.43091155029659,100.09286996500124,0,52.705496328061635,289.03655758524206,0,0,0,0,1,0,491.9619831202358,0
255.7648534443081,151.3643740614709,0,120.71619721989305,275.56574483178645,0,197.4997789831318,136.05984784723185,0,0,0,0,1,2,319.8905329907709,0
1167.982367665385,1229.0174366337149,1,92.1262236310958,334.19750723471407,5,10298.098479953338,284.4655345187041,0,0,0,0,1,0,3114.296528832656,0
354.6202711851147,212.01629694526136,1,99.10247641323022,101.1710753976068,1,140.03495161357057,342.1349883886253,0,0,0,0,1,0,430.24628934389284,0
1729.2334107355118,1813.3887503851981,2,91.13530822646598,207.70130392798328,1,10415.035209936961,216.9267863803205,0,0,0,0,1,1,4696.143462500131,0
601.122980010346,581.6792307151256,2,84.46305069677399,308.71506437050607,0,351.02772891093105,383.0873249102669,0,0,0,0,1,2,373.3838087589757,0
703.3770594994395,803.0765657560042,1,32.899208549021715,557.2526390933494,3,41.253834636632305,478.0589689889524,0,0,0,0,1,0,490.0043495101496,0
572.0551668222122,680.6846943943842,0,64.52485505159237,515.3127545871987,4,42.24840896371144,361.90433202291285,0,0,0,0,1,0,303.31976395409094,0
585.762568301089,588.094221798615,1,47.79688103204078,249.0781708731021,1,721.1598558625507,524.8153720887236,0,0,0,0,1,0,484.706053192173,0
571.0901980055459,565.68330794186,1,22.682172594560615,579.357678123691,1,75.88956267337535,364.37476048251307,0,0,0,0,1,1,303.0482401542033,0
394.21484709059473,526.1554578455552,0,54.26405803817836,337.11596095665107,2,355.2069304560576,649.0408006096164,0,0,0,0,1,0,184.94230072840602,0
405.54326007317303,353.7923809396021,1,32.598880476030736,224.37940151153754,2,118.77476447715317,483.86181982161725,0,0,0,0,1,0,409.3854454349809,0
647.0942851501476,608.6793160765944,2,84.61200595084621,458.89050634276026,2,97.57358238527347,449.6428981246507,0,0,0,0,1,3,267.8757374572742,0
185.91668251434044,64.28815122172867,1,50.55287577471708,110.01265676982173,1,52.78631359166693,138.2260899792962,0,0,0,0,1,0,295.8057763588638,0
9575.994351507268,13812.377243439469,2,111.05282545005977,260.7018637946449,1,9153.868463045883,332.1848704443809,0,0,0,0,1,0,33265.64586987911,0
284.1001726738244,258.69944670072323,0,99.044246184367,232.81338004085296,2,115.72282067838405,471.7707281121818,0,0,0,0,1,0,176.8974657699572,0
271.94396424206127,320.18588892892166,0,20.079863162072844,338.1457722095592,0,20.004667593046996,334.15134157930845,0,0,0,0,1,0,150.14733087202703,0
495.3559273649624,745.0455138829377,0,24.770226859129984,296.73244822782357,0,15.99731937993058,50.64875620527201,0,0,0,0,1,0,96.59023821297856,0
15.513409911506827,7.172962972165285,0,0.9378765759572028,0.06796069793019835,0,4.629218808185383,1.2589659600266392,0,0,0,0,1,0,24.901431774546104,0
10302.146228330925,17692.654290586914,0,69.46823525567027,61.559091813389045,1,8887.536025831947,40.15700281359464,0,0,0,0,1,0,40946.666960906965,0
245.1390232425846,141.50563738004368,1,65.79887286704273,355.8505501753601,0,311.3880368436544,280.94998303884955,0,0,0,0,1,0,287.8796081413226,0
268.62109920514115,218.2167489644746,0,23.203635140985437,168.45280230543085,2,162.94339879707562,347.784400954908,0,0,0,0,1,0,303.902504051383,0
407.28217105448886,330.5793626117446,0,60.901343458337024,288.1347944065974,1,332.52115842501115,560.8298160563533,0,0,0,0,1,1,344.05474404790635,0
576.1627834585316,264.70873900801337,0,165.8757054645003,457.771525243836,2,180.46920735833595,608.3238268073877,0,0,0,0,1,2,576.006365178042,0
305.4455430729822,244.33896476123553,1,108.76764692412215,11.531123630847764,2,79.31490285924124,311.8272548744511,0,0,0,0,1,0,564.3906173802998,0
546.2190890110267,307.7293212283488,0,166.74454321593544,107.44009447615127,3,324.0940930406182,231.9441832216022,0,0,0,0,1,2,379.20799556948043,0
352.8358181133524,166.7170107495332,0,125.56219058625499,341.5092584354406,4,31.219436831983934,608.700858814793,0,0,0,0,1,1,322.58855512518346,0
321.0743937864747,273.8629514235648,2,19.085914610107228,420.13111836334485,1,191.2295328434729,606.2016211243474,0,0,0,0,1,0,316.32956546357576,0
384.7221889875412,205.7330147100393,1,62.20229106987169,173.53037837918475,3,89.5400761415824,747.4069860998145,0,0,0,0,1,0,640.348404147001,0
280.93094700489337,186.0215011480012,0,66.07232747796118,30.162056137997126,1,42.06951700908113,189.14253524489945,0,0,0,0,1,0,499.2291794521754,0
494.16400518173634,453.1588477758272,1,141.77198029591065,38.32032759148824,1,212.08227658989924,383.7679182839809,0,0,0,0,1,1,333.6263019809379,0
429.1557313732289,405.8586557913112,1,27.41150113765672,320.16690237755216,3,75.20261215754404,480.5825325655498,0,0,0,0,1,0,347.97665501637437,0
5839.042582110832,8042.509608547856,1,175.47777445425407,309.8031050064493,1,9628.736984777024,789.3450798685049,0,0,0,0,1,1,19586.12258789369,0
316.1149097203559,224.1883260404228,0,143.41895906429065,249.72751696936783,2,49.23829351682724,790.6884484287351,0,0,0,0,1,1,664.7871359851715,0
298.98961133356784,367.29987163133757,0,32.22145686460886,221.94268947588984,2,51.71736349664785,672.5666032931994,0,0,0,0,1,0,160.36298504177245,0
11562.49068712759,19124.421817292066,1,130.08844272157572,181.69319416552327,2,8911.407645235211,728.543205403859,0,0,0,0,1,0,44674.86040546012,0
1644.5746682400234,2362.115824888872,1,104.3857591585887,467.3916401268384,2,441.5476481299097,761.597967601676,0,0,0,0,1,1,364.4402484605321,0
429.6692377210758,327.0206370577641,0,42.91968819855825,388.913774956653,0,116.42262651476605,655.413687749225,0,0,0,0,1,2,217.74044940262996,0
530.942399877312,454.83896240474195,0,188.6696310955395,618.8915498726064,1,285.9650706499796,696.8567895318099,0,0,0,0,1,2,347.3727743470781,0
253.29759351348486,128.4644314796581,0,162.92258293503335,400.391194830249,1,391.8462005687146,506.33010582304803,0,0,0,0,1,1,231.34698989662596,0
565.3737360078449,418.71166690152506,1,52.08448930335139,503.6395756063764,0,183.32129052371826,1274.8479169550974,0,0,0,0,1,1,508.0598807654816,0
2019.1453270621164,2092.2805165379,1,185.81084587279526,184.5398837402454,1,10022.993029432815,405.6286223801464,0,0,0,0,1,3,1923.5244900661091,0
3640.5173971795653,5673.648092127547,0,130.09953911926775,414.559402567049,3,285.4495902929269,548.2962333641167,0,0,0,0,1,1,419.18123307960997,0
1769.585741204038,2657.1645757134934,1,77.63274200213556,289.31011981227107,2,205.45794168652884,745.5545263421884,0,0,0,0,1,0,519.1485597622222,0
955.6609100397363,1371.0024830686962,1,126.76925117333576,188.1275048050416,0,363.8273658421568,415.6443936779142,0,0,0,0,1,1,157.37842149436898,0
228.19775914307002,88.45341992556678,1,175.08992814705545,346.9046338977158,0,424.5658741536041,530.6976194917758,0,0,0,0,1,2,147.35519236863792,0
414.7912091913879,354.3432167317028,1,32.27638542836844,363.6171556544904,2,55.9284105911583,603.516733868727,0,0,0,0,1,0,497.6162221061195,0
2034.239513905498,2166.907908721853,1,87.47107519227076,163.43379948535335,2,10398.08979352917,722.5781453751542,0,0,0,0,1,0,2246.9383524646623,0
441.52612670074757,413.5281949521993,0,82.31109998363672,433.5481967717057,1,68.81299204385567,912.224863218479,0,0,0,0,1,0,392.2398404350443,0
363.64852405812394,348.18237358185706,0,64.63980655722501,264.2615953874318,2,57.34990214098636,490.818278193128,0,0,0,0,1,0,240.3114848233836,0
641.9938004670288,550.2172841226885,0,42.0668934007058,264.97510242346266,1,102.8397378280381,818.8971473989361,0,0,0,0,1,1,650.9565836584003,0
320.08415484026193,262.5080723500691,0,81.55272231971044,254.36794490267647,2,34.469397841622246,618.2154223524432,0,0,0,0,1,0,250.88957916790156,0
293.97391625544674,227.80357910637719,0,87.56288197362437,266.62575361742756,0,214.49005529082058,753.4155593653318,0,0,0,0,1,1,678.3814938305115,0
429.9897106591858,248.90024904377697,0,122.10844723902981,249.5275422463427,1,235.1263942001631,775.3572955060198,0,0,0,0,1,1,385.938267769547,0
383.23936805952826,320.0139736270148,0,70.11910028235756,344.9686394527362,2,71.53975775859577,617.0373141349087,0,0,0,0,1,0,259.7281962388299,0
227.1233438936739,182.03956216426425,1,48.20731794734546,5.266388813097265,1,271.4665978689583,8.104547490632207,0,0,0,0,1,0,528.6453437893547,0
6182.000238528186,10172.324104178228,0,85.55378361013848,130.74610522875133,1,8982.729861290607,431.8849776064431,0,0,0,0,1,0,23796.502053822936,0
434.85450998757534,371.05591601972714,0,31.89522365348774,396.7204292757881,0,49.234492234673766,867.8394570285127,0,0,0,0,1,1,180.71299277778942,0
323.8924609540047,246.10278233289367,2,46.47873797635125,152.7030296448936,3,34.64926377019227,652.2945666211249,0,0,0,0,1,0,600.1176888887246,0
2192.51692254776,3321.665708196296,1,51.72901028152859,427.9125477196805,2,122.37244875994186,827.6909360799166,0,0,0,0,1,1,383.3273348117089,0
2065.742936710945,3350.4419604274426,1,55.10306969168819,222.1134547314774,1,211.2773745788376,572.1621866878598,0,0,0,0,1,0,216.44687370326426,0
333.4779993324771,282.12165580934527,2,3.452426998900535,215.98846901866835,0,358.41242373570236,378.7895737375618,0,0,0,0,1,0,236.75934685469866,0
483.1229039186951,256.64415779921194,1,85.02671862103708,172.15244064360897,0,364.5330933099086,971.017784516533,0,0,0,0,1,3,362.2010395241066,0
470.44897318017735,406.35471207215704,0,96.9942481571074,379.97268643520204,0,358.7585098326763,667.6028843824736,0,0,0,0,1,2,261.6991690959971,0
486.040689738819,321.6281708159031,0,114.46450789193706,196.20521298265675,0,330.5214958790303,1149.8980385861514,0,0,0,0,1,4,281.7313477761651,0
1182.8539517108145,1744.4097885096458,1,17.10728836499838,390.9425188368074,3,61.153723720929904,642.0226387346579,0,0,0,0,1,0,258.8686774848817,0
380.49562797297915,338.4270966169792,2,125.50118657351621,217.848452214467,2,248.93080352802542,507.3933539418787,0,0,0,0,1,0,227.47171040155376,0
3651.047697524558,5827.85298646678,3,80.48257010645658,477.0822151887576,1,107.3218964906258,749.9067145805938,0,0,0,0,1,0,619.5655806779655,0
372.30108135122066,148.0900583644652,1,48.06212784421062,213.84801102391515,0,411.0920738738402,652.5047267827689,0,0,0,0,1,1,265.1471582373344,0
723.456349725387,580.6175306464628,1,95.50404975299784,303.07916190675115,1,393.9298085359829,661.4705197971577,0,0,0,0,1,2,595.1964567925347,0
408.6203990113583,310.6675425541727,1,185.86599612103888,474.6250207157137,0,325.7446440938972,775.5751967219069,0,0,0,0,1,1,225.88687508417058,0
708.3707744613657,566.1011327943954,0,31.22235781642803,580.9793399357089,2,78.76785459967633,778.4008820150374,0,0,0,0,1,6,282.2451779419459,0
685.7627988016079,605.2421224284592,0,35.0915880866326,549.337586426489,2,88.35206325291693,855.3835919458522,0,0,0,0,1,4,313.3879888613827,0
363.0308508700152,303.76464379014806,0,137.70619148735653,389.73461206001446,1,231.07568127528376,795.1917588834017,0,0,0,0,1,4,161.96861315719386,0
461.98102960605877,299.6658291001368,0,73.90946129768703,424.62925662868105,1,333.90024053924174,769.1695459629011,0,0,0,0,1,4,162.72123132951788,0
823.0773328791453,1143.5054526230274,0,93.03293608334126,162.43877527382,0,427.8960824624503,334.16930264520124,0,0,0,0,1,0,345.88999714196456,0
408.17963504930844,322.84481868368306,2,86.51710429806141,294.75797016821275,5,227.60935510066653,454.93180723189266,0,0,0,0,1,0,362.3840952458746,0
2552.54830557795,4124.394239474272,1,27.91604743008134,265.5096996977903,0,196.19400946640448,542.8214485783285,0,0,0,0,1,1,180.2951041412991,0
1039.750223766132,1520.6821260549075,1,113.83946921709737,402.2435530005346,1,586.4523219735308,767.0865756896848,0,0,0,0,1,0,293.3697823176766,0
1772.5612384624994,2785.1186343244344,1,123.46450080106362,439.86036412171325,0,793.089102385601,687.1727125110107,0,0,0,0,1,0,224.2581294508562,0
412.8753919523449,522.3302599172007,1,73.79197693828964,150.27187654598768,0,595.5019374042467,417.91396757730075,0,0,0,0,1,0,164.19216767689738,0
1874.4161570217134,3020.18149193152,1,33.769594758780855,349.7460702086696,0,341.59259234878584,613.679436902819,0,0,0,0,1,0,125.63163839109177,0
1167.3588253126593,1721.6077999022752,1,143.60246635353406,176.43503618954185,0,411.46128024154933,540.61161246026,0,0,0,0,1,1,162.6869856904641,0
3531.8526659302834,5687.579105701917,1,146.83388320063875,243.73502356118956,0,499.8874884855369,457.5581430324173,0,0,0,0,1,2,164.74716686075433,0
676.6437752843309,702.704058355527,2,71.40603121728921,62.7469594579386,0,228.12253111881276,599.75452643281,0,0,0,0,1,0,565.9929186796633,0
4352.5102503620055,4427.944582152852,2,166.02878028375068,161.25643378336054,1,9071.074249353234,369.52211318766143,0,0,0,0,1,0,6973.332178232439,0
801.5334855038468,820.0898797426862,2,80.56212620250258,424.46122689037793,1,395.7831817048529,422.333377931771,0,0,0,0,1,1,746.3270361745501,0
379.1645369476281,302.2589029204071,2,59.33965681848452,116.18285594725806,0,417.15402467487434,326.6388500477012,0,0,0,0,1,1,268.10149087471626,0
928.2705771221005,943.1151716209312,1,104.62545092243299,389.64910733953036,2,277.19480863148124,682.8537662815845,0,0,0,0,1,3,309.7114397357642,0
1482.3253139340889,2179.004450562867,1,40.053680521293266,436.57468180366703,2,207.391074859843,559.2613327500354,0,0,0,0,1,0,326.2623726097961,0
248.2971263283602,184.23552687177758,0,31.747392532072297,174.7887661840572,2,33.06921952358738,343.6482051572484,0,0,0,0,1,0,367.89003108194254,0
261.02998063438935,164.15088628430036,1,47.373441387022055,285.11457322351134,0,264.23097553599524,805.3583050890779,0,0,0,0,1,1,270.3839011609527,0
295.4533341646761,350.5560099279773,0,27.84663392117251,208.9272819390515,0,34.28345068031872,285.666948462457,0,0,0,0,1,0,151.74578087386902,0
200.52024022445406,183.44963319138964,2,95.1585223147155,84.09633095212371,0,53.72822231191514,178.2630867525617,0,0,0,0,1,0,152.3760307393321,0
134.25457288605648,118.16714864278104,1,45.25774110845917,19.924741432823357,0,24.93673214021836,125.22344864163594,0,0,0,0,1,0,220.62801180864363,0
229.96110255931907,152.10298962072156,0,28.596323309219564,190.20388176716955,1,28.852924700112215,356.9337793061118,0,0,0,0,1,0,185.07672690628968,0
274.0404178590148,111.08258418923603,2,76.11752587814321,342.05388629623053,0,374.60901914286467,841.7339341717267,0,0,0,0,1,2,197.13168517808603,0
441.6944300153061,326.2763257592779,1,54.37960385504577,241.32484073009368,0,191.1830092847693,774.712996702806,0,0,0,0,1,1,220.36628674693083,0
400.77043275138817,201.3377698780974,0,23.49376716657136,442.93064243439613,1,89.2287605440493,949.7557429647554,0,0,0,0,1,3,551.9790729942501,0
369.39102008916745,255.39855665684593,0,75.48813882209629,282.2246863580598,2,26.292235276121666,831.3480706139005,0,0,0,0,1,2,251.68622942308272,0
6047.191571011591,9774.683754658905,1,77.19609765384169,195.80779024454426,2,9560.994562718739,437.87797957450704,0,0,0,0,1,1,22972.43503365166,0
3062.25956956915,5053.907660132764,1,127.7896499381767,371.0587148745013,1,216.117639553335,856.0488432385106,0,0,0,0,1,0,123.42487339327745,0
294.5794145319394,81.37909227202697,1,101.68246181784716,142.19661221651077,4,40.9346469751124,402.76326707964193,0,0,0,0,1,1,253.67575076349445,0
9995.251063548172,16123.963366088912,0,122.02358040104964,270.8517546622781,4,8906.037527489836,897.0517970363985,0,0,0,0,1,1,37904.459919659224,0
3472.032272673664,4748.573441889424,1,182.4730088230868,113.04615081908335,4,9383.74905987303,644.9734208677843,0,0,0,0,1,0,11557.778301734585,0
345.398663677105,343.4139047344839,1,163.4655958655945,138.87644678123303,0,275.16927574381134,725.1471769263076,0,0,0,0,1,0,137.87710699856683,0
483.9847163661562,554.2432732134545,2,136.81280892225016,191.69080770677357,0,515.8422410815109,1216.6496456355844,0,0,0,0,1,1,129.15096954238552,0
443.82754441847766,223.6173928667135,1,227.93794956550332,439.4260648765071,1,131.42873742857682,836.7125796401981,0,0,0,0,1,3,680.7103054239047,0
510.7201164148653,239.92465379985322,1,44.179449938581826,369.3895083352666,6,41.764064239569116,648.0820829242284,0,0,0,0,1,2,470.34156962151593,0
17012.08941254151,28972.577053733818,1,214.0137637310289,204.68301530604413,2,8838.656677196808,659.3553140012913,0,0,0,0,1,0,67193.06342422614,0
309.5832297941203,241.83350618536682,1,38.403410964139134,76.06441071961845,3,32.92302844212313,704.079092111154,0,0,0,0,1,0,266.335335651406,0
402.07749913713167,399.9357027926925,2,72.24898731249318,72.56258077991495,3,34.521338066234655,653.0558349240816,0,0,0,0,1,0,281.19402518805236,0
1055.2763762646896,1239.0142049635483,1,120.1111592880342,306.6023018422444,2,448.18881312509285,804.6412141716536,0,0,0,0,1,0,883.7967545987341,0
1754.7044602392284,2533.0334387863777,1,74.70386610665507,298.862638399195,1,136.051607121495,801.9906471499233,0,0,0,0,1,0,599.3964882728272,0
340.86443878277436,142.98682369141846,1,119.71737869685563,298.88589663263167,0,624.1974458099897,884.6589172018395,0,0,0,0,1,1,478.48617538947553,0
295.44626489853084,168.42278562396712,2,128.18561676292137,285.4654348941372,0,743.4988107119748,890.2307327405238,0,0,0,0,1,1,265.6286423864135,0
470.69336210694433,379.92643814564036,1,55.28765400011626,372.3938997276911,2,252.74052226309553,1083.205683243358,0,0,0,0,1,2,198.61384125808434,0
591.6341661824697,470.55726060129354,1,60.52320827907407,473.84006097760613,4,139.2159813654983,833.9373967125993,0,0,0,0,1,1,731.0279431073645,0
690.4732406068426,850.8656983469878,0,83.95220625292839,479.4557556162429,2,142.67760422266522,988.4232576565482,0,0,0,0,1,0,270.8763586433549,0
2953.3807934419365,4858.431404554101,0,267.5862819377926,429.50326454878126,1,885.8264473029011,652.177094292475,0,0,0,0,1,0,204.4305575621235,0
299.25464966180454,239.23684591305962,1,37.56351901628689,207.15281440667644,0,390.99062873856224,897.8503221404854,0,0,0,0,1,1,184.60509022762471,0
816.9436472949827,862.5179113525477,0,73.97692540465405,102.71307840341773,0,438.7328555033894,331.671749707672,0,0,0,0,1,2,428.9811876773517,0
523.1033134154463,582.2145378846448,1,76.97740195837564,399.3895841973439,0,517.9514339383809,970.0795019606966,0,0,0,0,1,1,123.50848608706727,0
578.1729383221973,329.8880657885339,0,26.96182207943491,401.6211173375459,0,253.88645506155578,992.2304455332144,0,0,0,0,1,3,622.525755464191,0
816.4232503431165,646.4231256661833,0,178.54727743611983,452.90411109907774,2,257.67513919487453,962.8764350492743,0,0,0,0,1,5,233.51131915196544,0
727.9589560597514,537.1547829507313,1,57.69840102445221,277.66351491139125,4,237.27636137917483,817.1688109686036,0,0,0,0,1,1,1233.6467183176028,0
730.9099108643085,834.8694815219254,1,47.241840736512295,251.96460012984932,2,33.642461682605564,524.2533720408758,0,0,0,0,1,0,585.4307144449897,0
532.6919075254051,397.26029089795423,1,194.15946397011072,286.2192952845127,1,451.5418898558297,900.3546423167572,0,0,0,0,1,4,173.7210314314927,0
423.2112863534546,277.51868537269075,2,30.628910739921153,193.93185109059175,0,335.24900615866375,826.905808730499,0,0,0,0,1,2,488.4399308415813,0
607.6086352493173,717.4927451400229,1,127.1521690079093,546.0974732394516,0,253.64563014537404,836.7018772446497,0,0,0,0,1,0,364.999634196095,0
149.67285192003771,130.35972992896728,0,63.2679365529472,69.732661345351,1,29.660998553772643,186.37149859997982,0,0,0,0,1,0,374.204635806196,0
162.95667298134947,109.96716442140749,0,52.561146025455386,23.42678039239216,3,33.512587633839196,76.54302516736598,0,0,0,0,1,0,343.45898652493895,0
211.2471031777951,100.70557638082498,0,9.217996474729578,288.9077772131658,0,23.35532259084832,777.7076938333055,0,0,0,0,1,0,303.6079692107257,0
1244.3398901020857,1868.283796808886,0,3.7306110028787645,317.18150696407383,1,52.67891159876176,671.2433457966979,0,0,0,0,1,0,324.3574106579214,0
235.6034964575377,148.61326849830755,0,85.3064994360011,118.1445667182385,1,44.17803234691806,387.22827360487025,0,0,0,0,1,0,471.0393891800928,0
237.32970692928026,129.3958504914204,1,39.58728986918184,8.294897861099225,3,155.23764025833248,67.2971540969416,0,0,0,0,1,0,437.4891391336952,0
413.59525973034044,472.90759207580476,1,77.7657790377831,10.365655899576137,3,297.14076313312324,70.58432375990708,0,0,0,0,1,1,1224.399538776829,0
199.03403833596272,65.24630399846777,0,73.27184758648227,265.6870707492309,0,119.1871400186297,727.6676360788933,0,0,0,0,1,1,243.150034336835,0
169.9254590658351,94.997189151441,0,25.17300283063015,277.1817100756747,2,17.22867390194957,696.1769158683221,0,0,0,0,1,0,60.91736786988014,0
204.51753170008635,115.00054879919225,0,52.06892661476492,371.9952137557707,1,137.6948443813502,521.9498899684645,0,0,0,0,1,0,393.7882522494275,0
202.45836081330742,151.76365706754348,0,39.18035728060845,52.4018445334919,0,89.80311459493959,90.29797839806851,0,0,0,0,1,1,451.31728933049203,0
177.3684916449743,33.79896171197657,1,25.18499456539685,140.5640500041894,3,108.74016001415514,285.5280287831849,0,0,0,0,1,0,233.08728843094187,0
278.74300552073123,296.84214868413727,1,57.25158684506993,260.4021485831525,0,38.23108558178662,661.331842056438,0,0,0,0,1,0,198.72587708246348,0
246.1172688686599,89.83811373210523,0,26.134960655668397,351.1577045486087,0,17.16743927609285,671.3144320994044,0,0,0,0,1,1,284.2986786055578,0
9978.92943997404,16770.95721434241,1,132.9045905588854,56.530645872437475,2,14777.278075096025,177.44548763380487,0,0,0,0,1,2,39026.075616082664,0
298.65006135724855,252.85354136350577,1,22.11186244699756,40.50051589296179,1,222.2227694890326,221.7871364214225,0,0,0,0,1,0,347.8928767517189,0
707.0045652208581,915.7133063597377,0,20.211119693256713,168.12138266406632,0,94.32111755088303,228.37251798452624,0,0,0,0,1,0,295.0731689814862,0
326.2798507497949,308.2242994437441,1,79.57139762702197,27.241273005336367,2,222.2049377161115,117.57494122818736,0,0,0,0,1,1,854.0614161562089,0
323.87059741662193,180.06829311952674,0,12.285135754992336,246.71170346808373,0,70.52409525896168,748.6910629741081,0,0,0,0,1,1,493.1966585072997,0
238.52561328388495,246.87400540918014,0,58.158087349329804,423.98660437424456,1,181.8305108278226,269.219834530079,0,0,0,0,1,0,176.66286068152982,0
23114.1025628565,39590.581667527425,0,170.11131649183955,383.3829623150915,1,15126.28735249961,804.6851470806691,0,0,0,0,1,1,91686.63720210589,0
185.6738876063721,32.80240650618303,0,96.80224557736042,176.6214927170492,2,42.83012216420525,529.1285086788616,0,0,0,0,1,0,210.48344513126398,0
257.3550965713346,141.23447976440997,0,69.93102600212805,291.25966285249876,0,16.2104452812151,504.5892101481417,0,0,0,0,1,0,304.325506791384,0
429.78308731282624,359.8347743717075,2,56.03480544235473,153.53519154052972,0,122.35925548062804,359.00357541429685,0,0,0,0,1,2,174.69610490015387,0
198.27659381587785,125.19661359063637,0,7.365915456834239,64.1561541448825,0,80.71628578067163,48.889235880775296,0,0,0,0,1,0,414.3233217136064,0
237.5220187750036,186.83768728809912,0,55.72433605326337,452.8875473752973,2,40.69217041329735,585.04246766795,0,0,0,0,1,0,269.4161843807782,0
188.86829141661426,100.50942032815517,0,11.218828098329812,163.34750109994087,0,73.96479543665899,215.06537240764123,0,0,0,0,1,1,339.72233922249524,0
284.07026086614906,317.6286700650958,0,78.18711475588475,63.26898770604664,0,11138.923098858286,402.4518212992055,0,0,0,0,1,0,822.5449728247585,0
125.52578199935206,25.887898245133236,0,12.208581923771124,369.87688618921106,0,14.06677006181811,704.2862982247868,0,0,0,0,1,0,113.1103350960735,0
235.2861726243142,144.97194864075527,0,25.16218929253479,310.46477596961745,1,213.3305876876517,663.576106606728,0,0,0,0,1,1,437.6225806532656,0
380.11387909885127,353.0664709465291,1,89.61194306239098,48.775617558194504,1,265.8263158077863,226.22513086424243,0,0,0,0,1,1,143.42441824201705,0
190.6800542319456,122.79491854087048,0,28.72775183086328,112.95535956062018,0,9.26976694879178,361.1292445551986,0,0,0,0,1,0,115.30941754332247,0
249.43617562948214,132.18281613652042,1,24.91263637858943,335.6124838269823,0,138.9401516558405,681.6817920813057,0,0,0,0,1,1,364.4017512029277,0
310.63303455778777,196.7019282783934,0,36.49075892001477,335.4039687489456,3,19.85123734300358,606.4489998362267,0,0,0,0,1,1,308.5786384719154,0
569.6337045583642,520.0676982374043,0,43.35863322462863,154.537954108929,1,44.91651473103734,146.21981920190288,0,0,0,0,1,1,402.2424571139329,0
975.2990186606503,1402.5906283860757,0,79.2417937372832,497.63662078288405,1,92.22458614556099,810.2516308933447,0,0,0,0,1,0,288.93865628809175,0
442.01242346101174,307.18907764206114,1,160.0470672614544,104.12336290219,1,237.34663598304275,480.6563118835695,0,0,0,0,1,3,215.00115874873543,0
535.5463659249302,682.0180634536786,0,26.031968394155534,321.8095950416414,2,146.43787060491832,627.143179754233,0,0,0,0,1,0,189.3997900701919,0
2072.0674468081793,3140.007104885607,0,36.970489232358446,185.78346224051586,1,60.56914800968847,311.5736711831745,0,0,0,0,1,0,549.6931344480992,0
193.96878439743645,128.77151869259683,0,86.22064836671319,88.54498587888327,0,38.358902292466624,213.89383034522004,0,0,0,0,1,0,375.8252155274588,0
261.66333716004493,182.08407509484465,0,26.550902272973218,220.45821700994526,2,46.30062960040118,634.595266048084,0,0,0,0,1,2,407.72589698822605,0
400.416388004568,396.95454076012913,0,21.330210722020862,121.27138067924263,3,48.980700460859154,422.3925769782598,0,0,0,0,1,0,314.9756873957588,0
259.601525449989,167.6425804215923,0,98.83568494655735,43.30455201257713,2,43.58793655398774,239.13582956366363,0,0,0,0,1,0,285.8188480521665,0
246.12384975123308,151.90614093764677,1,74.2354535607219,25.659494558125154,4,38.96214597460775,179.28836370932368,0,0,0,0,1,0,409.5668377514951,0
323.4603672717436,382.02702662641656,0,51.3420447207135,327.814113045732,0,27.787889426074898,554.6142980071928,0,0,0,0,1,0,141.44733856079105,0
282.6522515972159,144.7204844555662,0,15.608404068246253,205.58767566234533,2,187.162030299383,470.7451207450699,0,0,0,0,1,0,351.313046678002,0
428.60964772996374,513.4123982584736,1,91.66231923960004,175.89584453158878,0,83.37186525188511,462.71318134534636,0,0,0,0,1,0,287.367007769156,0
463.0604927287345,421.41315015178327,0,109.30918665498967,71.43692975478042,1,219.54737013678476,453.1248673344705,0,0,0,0,1,2,187.4678704413943,0
213.3966913234176,220.55078345673923,0,22.717626496822216,216.82661630706073,2,306.5879419563592,859.581743352654,0,0,0,0,1,0,83.07201509700613,0
480.0690111097205,491.79945207573434,2,99.33642508238177,344.3271751279,0,139.5883093489637,741.6800063167263,0,0,0,0,1,0,329.34954291272527,0
443.5090582400072,302.13783290837347,1,121.32733350995052,115.12017679879328,2,27.405847698872524,367.0032677446352,0,0,0,0,1,0,728.7492334432262,0
208.92810441254892,127.50734376177772,1,93.24168347167763,365.5637394831689,0,415.2408469904932,849.0267851146147,0,0,0,0,1,1,93.4450740068531,0
201.90474747631413,168.989300779461,0,41.42750884531627,7.790938168430104,2,21.11488678328212,205.34455581445246,0,0,0,0,1,0,143.94608427272442,0
274.9126575258301,158.91218494699518,0,88.42535169922907,71.12669768625781,4,21.720356710374126,212.92343627857073,0,0,0,0,1,0,471.7223068094749,0
1852.8158276975828,2839.406401925919,0,42.999455035230156,118.82792458793831,3,8.914063716466572,469.88616206471227,0,0,0,0,1,1,175.70790512081243,0
353.2547981758996,356.2279769557106,0,11.35051917757563,422.48155960194185,1,108.28868942469106,800.3039246090007,0,0,0,0,1,0,272.9494658633757,0
245.82329355844828,205.52942734969596,0,144.1731921432908,63.502022992589076,2,330.736743007906,218.98731302645535,0,0,0,0,1,1,84.03574887066202,0
1206.327668340766,1730.9985437233788,1,116.79977183269074,171.22633219281767,1,406.6634197741044,153.58635525931604,0,0,0,0,1,1,375.65677194631525,0
450.1292061129791,414.4140896108089,1,65.14251456385387,385.25702359155946,2,58.394563632953684,837.0635158365691,0,0,0,0,1,1,309.0334595629518,0
472.64670301977407,670.9118396107887,0,129.23928972600626,85.01158931932102,0,422.11159737670914,226.90736410488833,0,0,0,0,1,0,96.88605745259925,0
281.5355226255502,147.25564661201324,1,62.06123207577066,305.465151119367,1,44.8677630658287,1077.951684475308,0,0,0,0,1,2,300.7188727707802,0
312.69299739579054,314.1499729825079,1,133.78152926700344,57.581242077644234,0,426.90321594113317,894.4656070500157,0,0,0,0,1,0,172.8963738352834,0
179.02939573048468,63.79715057298543,2,55.96336294470555,251.36345971674854,0,96.04873077063708,827.047903812258,0,0,0,0,1,1,160.65139408454706,0
321.0336104153946,304.798577500522,1,88.29435712582801,55.82609522929507,4,253.36904337165225,633.0020544731597,0,0,0,0,1,0,85.30375837975387,0
455.2292067442271,389.20375927466955,4,79.46627675731737,321.0190423504368,0,283.03727287432514,954.3971867327897,0,0,0,0,1,1,469.0124207378358,0
385.66990397155905,210.08327662851818,1,92.60200357444964,75.03980927530799,1,239.779401390429,389.0090229035544,0,0,0,0,1,1,450.9172472029783,0
232.4619630383498,121.11575108430019,1,131.47316414158948,315.79201124663405,0,358.3845244359124,924.8534533720725,0,0,0,0,1,2,127.48157382385446,0
203.25454325524723,131.88470856760125,1,36.25050280383017,246.88895362132752,1,106.94877709389587,762.9677296472861,0,0,0,0,1,2,141.20348924720682,0
665.5011292847691,907.9042252925532,0,64.5391409661794,131.59645600829347,2,8.268624163987045,544.8635365334843,0,0,0,0,1,0,217.71178823585103,0
579.900841253453,493.8107649088046,1,57.49365942558295,185.75016803443623,1,208.5820382408515,619.0632399787423,0,0,0,0,1,0,637.8046738539871,0
1586.25723905489,2509.595510606733,1,198.18133745879265,218.35367628416003,0,530.548682660789,279.0454918401151,0,0,0,0,1,1,87.79367781400003,0
441.5888155681586,367.44181225958425,0,82.44252417480735,244.43817975729215,2,204.26066360449457,846.3826098829079,0,0,0,0,1,2,264.21537202814983,0
644.9645129997022,602.8975559743492,1,71.16847078123234,243.23512433231565,5,58.940937504314256,495.4692226404788,0,0,0,0,1,0,777.4428932097384,0
308.4752613195802,190.44491248837443,1,81.71967302775774,264.7007245507905,1,291.70156858108464,707.1180531562945,0,0,0,0,1,0,350.8303152516539,0
404.35417193853965,292.9984172616518,0,79.97065756078027,337.0841345622834,1,366.5050764893836,863.1315434711626,0,0,0,0,1,4,175.1366811382248,0
402.42845931596815,272.26671221042267,1,24.32840178937911,343.0810147565256,2,42.337867695595804,651.1322971983378,0,0,0,0,1,1,400.0408200105227,0
546.5211431558835,423.45480555622686,0,133.12864849541327,14.77426327868106,4,128.5577044069544,116.88750665614828,0,0,0,0,1,2,321.6909032147347,0
1338.4553968716557,1315.75959746946,2,131.5401942943617,198.36072583033612,2,10637.057558179955,561.0662142356537,0,0,0,0,1,1,3355.4053202143205,0
706.0366961530763,519.8320721086127,1,131.98467967708422,337.2417868014945,0,200.59186276640963,619.2523460972185,0,0,0,0,1,4,468.153664046,0
369.59633471074903,105.24692846040925,1,157.0259173710023,259.9046728774406,4,161.1184950570957,766.703259132845,0,0,0,0,1,2,443.1517608006833,0
1104.74870572998,1543.6363613439626,4,112.52456125277459,289.8678183097321,1,435.9097151994113,633.7189669260547,0,0,0,0,1,0,354.0513356553425,0
485.83033868986536,343.22344484986814,1,41.75562725565678,356.54532108039746,3,109.7309273212399,608.1006401371086,0,0,0,0,1,1,482.8621800066855,0
143.67674426035884,83.72655607916181,1,51.751493667507404,17.995945312452896,0,56.70528958236454,138.22825505606448,0,0,0,0,1,0,288.437361656425,0
643.638182852534,970.1919537994107,1,21.518377178347748,244.45517274894246,0,35.54815291088903,559.1580829696602,0,0,0,0,1,0,120.385209942079,0
103.81705198064184,61.9671231934932,0,33.2629244250357,111.55122581874106,0,16.77806925708146,99.96384926456678,0,0,0,0,1,0,196.5675270097357,0
208.79080565754555,218.14273699064762,2,57.35577067953928,20.004760095301584,1,74.62117738843183,175.64949359947084,0,0,0,0,1,0,581.4511027254852,0
142.34724672342665,172.86263215598473,0,10.347878644791372,400.57423501348853,0,5.026040873044018,425.90730468016875,0,0,0,0,1,0,29.30919097980442,0
262.47414097177597,211.70548639288333,0,26.957783294065926,396.70116933718646,0,167.79948741642482,758.5636345978037,0,0,0,0,1,0,495.78875253072886,0
232.3668261961647,137.4451130379352,0,28.71507831915453,104.10263767288838,0,15.924065894333587,11.77077857341602,0,0,0,0,1,0,442.4655748127969,0
6482.396361720418,10831.106894534574,0,81.91363346376377,152.13441616212668,0,8966.847177024976,135.51805048618678,0,0,0,0,1,2,25241.333818027022,0
129.28435508725897,103.5998173858374,0,21.275916309449123,294.9327141312407,0,31.29449927633484,475.6369181763938,0,0,0,0,1,0,92.87097280965409,0
99.87988320170963,107.89023836882713,1,18.12673947642292,89.83526104686834,0,39.97888261511351,78.97491198600089,0,0,0,0,1,0,283.7532723037565,0
10878.837059620682,18717.36775519799,0,121.549581799782,215.81169972558598,0,9179.14858645775,323.67027616091184,0,0,0,0,1,0,43298.261503875234,0
551.5385791070784,821.7892442285381,1,21.0645369389441,129.58344636749948,0,8.597468969497884,57.431506545880026,0,0,0,0,1,0,128.69405575401797,0
233.77682468944084,146.71948415604317,0,4.508930740243321,329.7191749864151,1,248.08282934679255,482.8861230656281,0,0,0,0,1,0,235.1408066288107,0
165.96429377803082,115.88876020129874,0,36.164156813112456,59.40904847384812,1,15.54424001724777,77.08245014311044,0,0,0,0,1,0,285.7437434000067,0
130.45997207484123,105.39190213074546,0,57.97989470407564,30.03504665355044,1,58.383775317833006,339.6348417915753,0,0,0,0,1,0,312.76486109075995,0
10306.445215638929,17520.91018907402,0,105.57367186867361,187.53437278535827,0,8900.232095492034,544.3967786930288,0,0,0,0,1,0,40653.057960847786,0
177.72458953037903,115.2694187162624,1,69.68719727889184,233.30795037589843,1,152.75196246627777,276.5138250625845,0,0,0,0,1,0,371.928515262496,0
15899.56263817765,27222.158518939934,0,284.8655535038984,10.132419686004836,0,8854.171586298386,50.14723386421732,0,0,0,0,1,0,63049.32959330841,0
13064.378603279802,22270.576752849265,0,113.9092288456228,38.844745407035404,1,16066.996561845863,100.66322785220692,0,0,0,0,1,0,51637.01438881458,0
208.40880289831935,156.2828223732148,0,18.768929935153345,349.29149481183816,1,26.589246515393192,539.9978832388906,0,0,0,0,1,1,126.94218545271605,0
197.2480817157818,103.66854523154142,2,39.346832385526895,135.13144457156713,0,218.69649028076637,288.4992150723755,0,0,0,0,1,0,371.8724910082391,0
168.12598121297142,115.01769458435679,0,146.86953129457947,83.17241015999163,1,304.54766416404277,184.10937288476612,0,0,0,0,1,0,363.6963625258945,0
261.16906194642485,66.22141214053532,0,41.889479875390776,286.18265119194155,1,41.73487933628326,475.66249433513883,0,0,0,0,1,1,329.2294260618052,0
128.16203058989413,82.27381011839732,0,28.977450993947084,13.281086189513408,0,51.73784454297929,90.71787219561583,0,0,0,0,1,0,147.12764979722294,0
187.95975529695565,89.95626226212988,0,41.30575962637074,419.8298151108925,1,31.78404054634801,589.0250348865932,0,0,0,0,1,1,304.2180421982592,0
183.77982775577402,62.93232458109689,0,25.684423551437195,372.06988762258266,1,35.55035555288806,614.384924378068,0,0,0,0,1,0,178.62861894014088,0
122.26382591798202,104.54864180596208,0,74.34159883870409,7.143672277420825,0,49.240352905737204,156.67238961864703,0,0,0,0,1,0,296.34508801146296,0
20875.126265959665,35874.63365541724,0,132.0092659754311,30.325142779927095,2,14846.664802693582,162.68033190613892,0,0,0,0,1,0,83011.58293254899,0
206.79402909563942,152.62982787249473,0,31.152424993875986,116.5162972301154,0,25.603328097077878,143.21855915303473,0,0,0,0,1,0,267.7919158248243,0
304.3765072153728,262.43506652830786,0,23.03773264406472,459.2374912377827,1,12.64211668061959,704.4069452249876,0,0,0,0,1,1,112.88034502107217,0
211.17318950182562,147.53342042617402,0,37.95315545880449,173.54736534912976,0,33.62487916570524,724.0620959523403,0,0,0,0,1,0,280.5740945348223,0
479.79408702194524,515.8640544550859,0,31.37402304597829,94.52584485989667,0,141.01789967362288,126.87146316457985,0,0,0,0,1,0,386.01276546622273,0
14694.760201567497,25186.099901087444,0,116.94497161138922,82.64457123978418,0,8669.741189003791,228.08887504589578,0,0,0,0,1,0,58317.827844193125,0
878.5462056618055,1159.0483361414101,1,21.6159830448616,385.40716886011637,0,79.17247727669454,527.5910780282248,0,0,0,0,1,1,366.833967765714,0
268.2806486798987,234.79000545193,1,21.830527300463068,81.17026056669667,1,25.941326164889276,459.7678781114381,0,0,0,0,1,0,132.9180096811263,0
260.0089584406473,191.81810879441554,0,43.27524063800797,106.38594283597996,0,76.94008821207889,206.52443155635476,0,0,0,0,1,0,282.1982821923639,0
174.17369733768825,101.60516666019228,0,93.21497088940988,126.46344579458885,1,14.109518070609404,211.3495357741341,0,0,0,0,1,0,322.2047481836683,0
189.4639741503969,154.54249252466587,0,73.13397694602335,105.02404592086144,1,228.52460873060008,170.70156837577338,0,0,0,0,1,1,444.33363371649114,0
194.278783758008,75.17638111035345,0,38.51925714521623,213.53169080490235,0,19.897524830900092,232.06351678466706,0,0,0,0,1,0,318.1473562434694,0
279.52380135918634,167.27188753384777,0,95.17304267255489,81.09271517891312,0,21.25108344842503,220.69803550220425,0,0,0,0,1,0,323.76247149772036,0
219.38202087842546,129.42878568725772,0,58.598526801801135,239.5749163053597,1,50.65638229006692,871.7109390589054,0,0,0,0,1,0,419.3844718164071,0
310.6196866492764,186.6463720397141,0,30.348740220457923,402.71988102730006,2,120.78075900556371,455.78621056055846,0,0,0,0,1,1,624.6570362998757,0
12363.471289464174,20979.270788974307,1,83.51570910682358,160.1308408492726,1,8724.094682093953,480.26368664528593,0,0,0,0,1,0,48698.842555503754,0
110.51687963002288,79.31160863402677,0,55.58716864116029,54.13789849487594,1,42.093706743578714,185.94172779821153,0,0,0,0,1,0,247.50484473518918,0
135.49700775864136,48.31070685311371,0,74.88743489304831,86.47169038737313,1,245.27802687814935,72.97677815039106,0,0,0,0,1,0,208.94405224528495,0
6180.525331508384,10104.350588645902,1,247.25408271933793,14.365248657428978,2,8743.11260426843,283.6542945356981,0,0,0,0,1,1,23679.15298844528,0
231.76229885309587,99.42031873882569,0,41.2594374164546,159.1197932564129,0,40.384459681492444,301.82264620707934,0,0,0,0,1,0,280.13150425357503,0
280.23204894578157,178.16392959448578,1,20.786898126903573,502.7781394877293,0,106.36755211683254,608.5603645854172,0,0,0,0,1,1,317.67155129690684,0
240.66254461676664,114.20550692187658,0,12.43611889330931,350.8223462554492,0,38.99530221490369,743.4555589873808,0,0,0,0,1,1,312.91772782539965,0
157.5585566404595,62.58485302180897,0,13.880011216428485,366.8655924222279,0,32.62675747307356,585.7028726851933,0,0,0,0,1,1,209.3987060639339,0
322.1211940169292,279.754561684603,1,73.73953062336722,139.91568867511404,0,159.0526776346662,471.65692088311283,0,0,0,0,1,0,332.83105330500496,0
161.33358534480564,124.43709386352106,0,29.29842588250921,184.21524289794922,0,7.696768163650128,456.9179733074294,0,0,0,0,1,0,191.0674826889557,0
206.1273496859431,69.61322907972205,0,79.82660025254329,126.05207532829868,1,130.05716094493306,430.7045563695672,0,0,0,0,1,0,309.8235670893598,0
232.2087835640014,85.12780473630022,1,35.3825831834518,94.01314537558817,0,38.62829513592952,319.92949713130906,0,0,0,0,1,0,305.4711840107043,0
352.48949570318007,224.99328796000594,1,67.0094564508886,158.94391110634908,1,132.0123534547622,453.51053711961674,0,0,0,0,1,1,319.430946016504,0
200.36573499497086,154.41528903948245,0,78.47983865738118,107.64452585122854,1,29.592105817371053,332.83696014984366,0,0,0,0,1,0,343.7627665222518,0
448.69094915983425,468.23684172596853,1,64.80704793825151,131.4255797409134,0,148.33240043606227,166.78621638546807,0,0,0,0,1,1,257.0474115574694,0
745.3009501291119,510.2860479725101,0,126.70709098865714,12.055389769363806,3,256.37593943452435,310.8917712428346,0,0,0,0,1,2,1140.788387104488,0
1665.570211224462,2428.9994208135026,1,72.10987078312546,263.4577243602626,1,395.0886110727968,1001.1051504937338,0,0,0,0,1,1,366.0287733342374,0
334.3640712196076,219.805093309054,1,46.89811365964709,210.0024841278322,1,19.461188379204195,540.6307104858679,0,0,0,0,1,1,208.47380943830325,0
273.84872758840305,211.94540975654877,1,55.18324900774222,32.24055665095307,0,290.36145117064575,229.72109360828352,0,0,0,0,1,0,422.9629814539779,0
185.05993900070482,96.52557914591071,1,36.30736402287906,270.97575399939285,0,66.7329148594079,881.3463250685544,0,0,0,0,1,1,190.81865446146497,0
5033.759382085278,7997.9172941140405,0,156.77322818484456,214.35973767962574,0,9055.618726701723,590.8337160098222,0,0,0,0,1,1,18874.85295017735,0
316.720077077007,210.1354041706118,1,96.98031142163214,57.021560245074056,2,28.689803911436798,154.01375376054975,0,0,0,0,1,0,371.6098003449025,0
1299.4365241097355,1221.620141756009,1,125.51054775864789,226.4136064120994,4,9773.905235461822,626.59573940111,0,0,0,0,1,0,3015.423946240561,0
3112.722784554911,2940.901629587125,1,89.04263902289048,280.0192315605154,3,9437.337028426666,834.6648144266954,0,0,0,0,1,0,6142.759089731692,0
323.61974992447773,368.6998859751159,1,63.52788604604225,146.18388414622459,3,269.03543538875465,542.8243959583375,0,0,0,0,1,0,52.694707796463305,0
349.346451401229,215.78836767525613,1,47.51493294944051,375.8915752225308,0,284.8743646387822,845.6212600694047,0,0,0,0,1,1,466.76137770510525,0
288.479522278969,190.1059738142659,0,31.471460106740864,28.15308600214835,1,22.18165904889467,177.52838332730474,0,0,0,0,1,0,452.27065168629673,0
471.48957183831624,198.39720298869014,0,100.30457056314518,135.49712199877945,3,94.29908834298996,221.43966365672873,0,0,0,0,1,3,374.3274644037209,0
370.5434117204841,283.15628337816366,0,64.0737776982514,329.698071693115,1,41.6718121058809,850.8494376524334,0,0,0,0,1,1,263.26813835214455,0
384.54590275049907,180.07284530068657,0,135.15377399993557,74.68687232075465,4,78.21346406228292,481.21719233674764,0,0,0,0,1,1,302.1531348311324,0
2160.07400726783,3369.3114048298785,2,122.49270682512201,222.62108619902003,4,117.15869759088525,400.0775382927755,0,0,0,0,1,0,347.5390100512924,0
1231.006196684482,1625.7370089808974,0,17.876618753508108,405.1383239630617,3,82.88883447104469,515.9683258251565,0,0,0,0,1,1,546.4349265500765,0
389.5076233570723,285.7738770744152,0,28.13739743506081,295.99155491758046,1,112.66502369126368,570.4727096053433,0,0,0,0,1,0,752.0651564797324,0
3212.3863566853825,4823.634766781361,0,88.87218645872173,104.16255495317492,1,9359.610609978485,405.19299894332664,0,0,0,0,1,2,11554.636905011565,0
435.82714456365915,479.10969637106473,0,26.127707634807187,5.90448760908382,3,12.975741598443117,201.87050679838632,0,0,0,0,1,0,291.40740204712523,0
341.63554087183877,214.5373730950153,0,111.41832636462132,231.95241958687538,5,88.51461099150731,651.7835496390303,0,0,0,0,1,0,426.36312574344544,0
353.9906868506033,285.4126642694876,0,72.98293786920925,12.16020888232422,2,9.015599051101606,238.47410872444186,0,0,0,0,1,0,438.2150105574742,0
288.5536120145436,199.70056271657867,0,53.385348951127405,235.47193084333944,2,102.9025143183668,411.52180885960433,0,0,0,0,1,1,166.03123723734328,0
3551.7932462465446,4069.1305116911626,1,107.94346198324527,350.52356986138375,0,10111.725441840375,767.1696517710432,0,0,0,0,1,0,10111.370720630466,0
343.7133290754048,321.01217617770016,1,56.03839471172711,267.7877120753104,3,259.3221214294715,473.1360336253769,0,0,0,0,1,0,241.96714340115108,0
450.1351527857246,348.3600148094413,0,47.964471346686985,120.90274384714874,2,268.7936247924558,467.8473835493259,0,0,0,0,1,0,478.3326063051778,0
445.7790563517947,340.0327062504295,0,55.211941773885314,209.9621470629157,3,64.83870613889584,663.937213084676,0,0,0,0,1,2,349.60608538357496,0
492.9974216295239,478.3308581150797,1,107.04985087317496,128.20711897803517,1,11116.193020235172,233.61205878704564,0,0,0,0,1,0,1294.6360437316157,0
211.36192026618818,36.70260049699529,0,27.55819269688604,196.43450244405608,1,29.70676705182827,313.93079221516734,0,0,0,0,1,1,267.12294904265326,0
15180.127449235613,25708.388815369944,0,152.6494449852416,401.11405044204565,2,9188.278707245778,832.59357659928,0,0,0,0,1,1,59707.380254188,0
14394.103905951408,24337.877595891856,3,127.58710979359458,236.16234945864352,2,9069.111984982572,121.08090061505234,0,0,0,0,1,0,56547.385177237506,0
30149.879230037157,51110.33775584419,1,280.66451239193515,138.75652043736005,2,19032.165778003273,600.1614071099065,0,0,0,0,1,2,118671.29263248129,0
304.16000108652884,209.21026806044404,0,31.42479532581503,43.11321673694499,1,43.94399782907031,145.6104722580161,0,0,0,0,1,0,398.79402802326064,0
315.62940279944587,256.5252790183672,0,35.897853436033,95.96352906642457,0,7.253100355515782,227.34150884231167,0,0,0,0,1,1,132.64553166025047,0
735.9847178695911,664.2235344008446,0,68.31784135313367,306.10087323731756,0,11367.318069740335,513.526663491211,0,0,0,0,1,0,1368.6967653093952,0
280.60830583507425,292.39913633596376,0,52.719287856676004,153.3116906033241,0,90.04601138002687,393.4114010765154,0,0,0,0,1,0,174.7304999572233,0
5611.911794210831,9346.729186238237,0,219.2649918574423,68.6498014514265,2,16303.139014224285,225.21936158183092,0,0,0,0,1,0,21798.322662520688,0
1609.8496590044733,1422.3716095134619,0,106.56698809321779,172.54843627342186,0,9270.02997204082,95.25258041648587,0,0,0,0,1,1,3227.610937530903,0
11828.967719700286,20365.29248966697,0,90.25651100222328,153.2566464015218,0,8875.41721227812,474.70915443106725,0,0,0,0,1,0,47102.6728720873,0
4347.115467638621,7062.459350863834,0,92.76350830499321,60.30167111700645,1,8887.605259114382,174.50276250216285,0,0,0,0,1,3,16576.357519043955,0
33517.69028665939,57915.206836241734,0,260.3086343876533,51.4177219239852,0,19341.298168064208,76.60204816377446,0,0,0,0,1,0,133829.7531193694,0
15456.912069892405,26117.328793702964,0,154.4397243729029,329.17666935785945,1,8769.318316049641,587.6855389736904,0,0,0,0,1,2,60691.97867280168,0
384.0220591668459,214.25706590771438,2,166.6821605799993,86.48161902889935,2,380.62721395251924,594.0875833814961,0,0,0,0,1,2,654.163090108301,0
271.0949748176004,145.88797546688855,1,144.80930333451616,76.54437621640912,0,293.38539758017384,415.5157577135479,0,0,0,0,1,1,469.31790113660406,0
165.05494632563108,116.10385434060854,0,36.48778928407502,422.73896873669105,1,22.193923800900034,579.8912721365276,0,0,0,0,1,0,236.81164376345913,0
167.7166342545837,85.5002749504393,0,22.2160624988241,53.306896842611955,2,72.62301296188022,202.2865916755928,0,0,0,0,1,0,211.17545264748716,0
6624.282444305779,10336.147513114038,1,85.65158296519789,335.39561187173723,2,8755.856903645643,825.3988780654868,0,0,0,0,1,2,24510.4189353383,0
8449.702748785143,14416.204467844402,0,72.33775300977982,190.39461145513485,2,8267.043247758345,199.99864700799736,0,0,0,0,1,0,33419.2564990078,0
1615.4962559566031,2539.156115158984,0,78.41992852679059,143.94540188640462,2,9353.539057296935,446.82749026181955,0,0,0,0,1,1,6009.384237757153,0
3072.4751430730116,3016.005534517004,0,69.16546793884685,252.3637511588902,1,9663.688921987523,246.77129699728067,0,0,0,0,1,0,6944.171575557695,0
9367.571892666152,14890.101066590065,1,88.24578320585444,260.71166350381594,0,8895.990489129592,631.2792273968286,0,0,0,0,1,0,35115.57077092252,0
170.3998558795367,93.84482940782581,0,43.85863878174904,171.95749591537532,1,18.81474751505561,235.46762524934655,0,0,0,0,1,0,153.3925792456272,0
440.49206619180865,223.09052193522888,1,139.8188869839961,375.0768460874686,1,243.24967990349168,673.3924176809822,0,0,0,0,1,2,468.3103150226221,0
979.7219362341399,1238.195011362799,0,48.23905157766647,223.42749823219188,1,123.25857659589288,125.77836786199197,0,0,0,0,1,0,520.6197972116317,0
5617.913490821124,9126.883335937664,0,132.20100014991297,332.05759672641506,2,15997.488528751972,688.7842545951463,0,0,0,0,1,1,21420.250158268165,0
564.5429951961498,409.42776685201153,1,23.190336571518305,291.92548912596897,2,121.21235036039005,657.4513920248853,0,0,0,0,1,1,587.2904196779265,0
2243.6847553595107,3364.250493554882,2,138.27523046024143,234.82291690378102,0,9458.49367320942,322.60657531173183,0,0,0,0,1,1,8063.863713691283,0
254.61286603519784,107.93368824345131,1,47.94412037215428,328.0256588100325,1,22.681186400498866,569.4472985523437,0,0,0,0,1,0,423.743037170748,0
12718.447244234903,21609.100584882646,1,135.0523361955238,59.92683960005629,2,8849.118094054305,141.80370576617315,0,0,0,0,1,0,50146.28050583513,0
831.1077992976326,1073.7115020675403,0,71.09900585538321,136.44848529758218,2,10190.624937775267,284.2692704035205,0,0,0,0,1,0,2685.45363770699,0
10938.773597151341,14854.565925522169,0,104.83413313389791,202.0252261035906,0,8967.180768202663,371.71179424236135,0,0,0,0,1,0,36153.95221089221,0
1235.3005329703183,1868.5060862030127,0,41.606110506971405,364.49361100661724,1,37.720070056772386,751.6310430968267,0,0,0,0,1,0,303.9699361540807,0
321.0000049738888,307.07344165781984,1,126.2648750080115,180.86398895311737,0,442.8408449082617,555.447602272556,0,0,0,0,1,0,305.70962780039724,0
680.6960841345124,754.1485893659702,0,94.86164195878013,415.6433029176786,2,103.29597323833725,590.6117944072071,0,0,0,0,1,2,254.22470297765028,0
266.7810619698575,154.15243309038124,2,110.59444126354802,27.80062410933987,2,80.96262958285713,233.30714056448338,0,0,0,0,1,0,419.5591126481048,0
5715.95733649374,8222.625271599718,1,122.37087936752467,149.07129056374635,4,8862.080081089349,233.27369872271362,0,0,0,0,1,1,19854.058727893243,0
907.743422807144,1121.3152342652756,0,61.150506020669326,155.1077472496361,4,83.96144489126573,405.4585849037649,0,0,0,0,1,0,540.7817851358376,0
11724.158058186149,19067.283238357642,1,125.66061532294255,123.42580074865066,3,8796.861178967745,513.3162036190458,0,0,0,0,1,0,44728.728074916224,0
15556.716791187271,23520.200881700755,2,142.69793527540685,424.30266968647555,3,8872.937139227253,385.309988131594,0,0,0,0,1,0,56091.15630024295,0
15139.836910398484,24328.611169013024,1,74.67287010779611,283.89921863245354,0,14076.882809299223,836.7975323681496,0,0,0,0,1,2,57236.605905267934,0
15195.980082860944,26088.1410340961,0,162.62285493972354,64.43128765311377,0,9246.253191359949,484.5547546154256,0,0,0,0,1,0,60381.932142197154,0
443.44354193126367,250.82832586389634,1,19.918617718154856,26.808333800845414,5,92.64851828432512,161.28904062979728,0,0,0,0,1,1,288.04286998199325,0
327.0296268141533,234.48955209970268,0,47.85423809241182,94.0291237317139,1,23.07556750453243,325.67984178583265,0,0,0,0,1,0,454.9850339740756,0
6441.346503478738,7948.535951303008,1,168.14553242460778,492.83702743025884,4,8970.914373025405,641.9215684466914,0,0,0,0,1,1,19665.75396143041,0
459.84461860648753,299.8418492788896,0,72.69037879081291,59.946198854411406,1,190.92899592387877,370.32541770806034,0,0,0,0,1,1,683.6476980263413,0
294.0007168161576,184.11962900172702,1,39.77653690319266,275.8776114579555,0,156.011568405635,438.90243086424323,0,0,0,0,1,0,463.4816867355175,0
17581.076459184864,30169.92528757205,0,238.64146916451404,54.92526246753559,0,8665.19080727779,199.9073253938951,0,0,0,0,1,0,69836.85972954954,0
10544.872983297468,17664.328026455492,0,120.7824052439789,358.9670279883652,0,8851.668991832794,674.0318026055513,0,0,0,0,1,1,41136.79775639615,0
252.55678268209968,45.90080581938535,1,51.56210640400654,98.54952360584942,1,262.6463853310545,224.8752138169831,0,0,0,0,1,1,256.93394797554936,0
2293.2993532942905,3480.8197026427624,1,71.45091941672439,328.0013925584207,0,9586.162546098765,648.8612414866237,0,0,0,0,1,1,8313.049649474333,0
1898.646489390621,2008.9009441514172,1,89.68809466714372,229.88133796381211,2,9337.18572082949,468.97046198176304,0,0,0,0,1,0,4908.832512286136,0
232.74007180765292,133.83807712119182,0,17.012000274771164,67.56602071411405,0,109.46633613282336,306.34354560784755,0,0,0,0,1,0,345.7400365679106,0
13963.595996604601,23764.780679474403,0,120.15324476162026,155.4988612852285,0,9185.511785797977,745.0152135350543,0,0,0,0,1,1,55125.25715438729,0
2947.8439431028187,4674.707425232396,0,143.49159783175162,259.47283385510997,2,17776.779084586648,786.2105084831879,0,0,0,0,1,2,11043.3520470355,0
8920.993826096226,14295.859054402896,1,183.96361384556596,410.199053322234,1,16391.459295785327,779.2426368830369,0,0,0,0,1,2,33664.27304673524,0
205.97931291972762,150.25227446352682,0,82.38877273023729,49.172870973431486,1,76.3319245988451,217.38141000955596,0,0,0,0,1,0,461.9710907891956,0
144.31977523946748,68.84929726293893,1,83.81800717107377,184.58173455708123,1,6.706446979016453,776.5737393500615,0,0,0,0,1,1,83.2792605751581,0
332.6757256437572,374.78631964624725,1,92.51051474772171,166.7321016195529,4,17.338197077849344,444.6351946790943,0,0,0,0,1,0,243.94116923746566,0
16888.687014789317,28348.723943315978,1,234.6150793065218,59.43544384672849,4,8623.596589549968,473.4519503677912,0,0,0,0,1,0,65983.25355877705,0
375.9858732707996,278.28117425550636,2,17.485290238612585,66.33465459610682,1,221.1133275028413,161.33335518951966,0,0,0,0,1,0,549.3975109271246,0
15888.812602434757,26638.823399389894,1,120.86024484891651,407.8486169479331,3,8920.570409205871,541.639835059553,0,0,0,0,1,0,62022.1613264103,0
16994.418528639464,28222.612443595983,1,259.5260808552722,406.64717484840196,1,19599.00421672292,637.4778832797708,0,0,0,0,1,0,65860.76516211993,0
14839.801604055107,24747.99952429096,1,112.5946132662157,74.12615764708798,1,8936.812457706434,276.4841199388741,0,0,0,0,1,1,57699.72173771231,0
5027.813130623417,8270.516818968577,0,124.7323329740537,289.31924784496056,1,16912.583298418394,793.2232884221901,0,0,0,0,1,1,19352.360511145755,0
15645.320297947965,26230.137567098067,1,91.8615179442251,177.32163598949302,4,8910.207490170407,337.3315905845187,0,0,0,0,1,0,61072.18450780658,0
10688.901355071543,18090.351869520822,1,88.67247599137404,265.36515787604185,0,8880.320666603036,900.7467592261075,0,0,0,0,1,1,42021.73355740211,0
8649.209385549833,14445.42795836491,0,108.1904854193853,337.556979765002,0,8961.46786690821,974.7229480082971,0,0,0,0,1,1,33668.365774252874,0
12001.551605183055,19770.96198755167,3,134.76398694890435,367.4195477062866,0,8624.6697203795,854.6464414701526,0,0,0,0,1,0,46229.743304020696,0
1362.228478331357,1968.3351916127533,1,121.73460741416922,271.1967256538391,0,10366.851420607485,760.8439153623252,0,0,0,0,1,0,4763.571400777879,0
404.19562567489857,409.27151689224564,0,65.89384735923349,104.00690603294069,2,48.56980942311532,592.3625207875151,0,0,0,0,1,0,260.7877480497656,0
387.0033664909964,182.89888789050693,1,144.50413030354878,75.88866932137913,1,382.7391442280913,344.1942795781569,0,0,0,0,1,1,615.5323968528928,0
14541.04623647645,24305.095833526164,0,208.77676905519286,94.18806403031431,4,9069.971827509122,534.8958060782304,0,0,0,0,1,2,56635.21332418749,0
9955.030878735513,16630.19414081985,2,126.30316366889114,98.4230751317327,2,8659.61330628982,468.46800468164645,0,0,0,0,1,0,38755.30214307982,0
4231.164206776942,6908.3744564924555,2,94.13012890813685,297.82795875021407,2,527.1753513269072,770.3549257839924,0,0,0,0,1,0,496.27177126732454,0
11481.450685805175,18837.563408902035,1,200.52554004354653,301.28072705138027,6,8760.161938062924,846.4414663974678,0,0,0,0,1,1,44099.51872378401,0
7971.9935678811,11257.535137347642,2,132.60945166162782,231.3875211536629,2,8882.395051890006,860.4760575324343,0,0,0,0,1,0,27230.98555174302,0
4134.626518139472,6619.747135713845,0,133.43139476431435,38.9602436244614,1,9359.361720340077,377.3745087690724,0,0,0,0,1,1,15594.820285400048,0
16138.930547531025,27152.914430221714,1,212.16202997858343,125.1837566332938,1,8730.627111749951,562.3576202546518,0,0,0,0,1,1,63165.86111817747,0
9951.273339985026,16021.254453425814,0,91.8688287310192,391.43330029603044,1,9041.981177719963,873.5206741010395,0,0,0,0,1,2,37689.69679847779,0
805.5656237817058,678.3340168079214,0,122.86836685427035,174.85924281284088,1,11383.571905135046,625.8668358418022,0,0,0,0,1,1,1128.3703909417163,0
2380.088689237961,2781.681754637157,2,302.79274507444484,405.8002850329774,0,22556.187729985584,726.9350298915242,0,0,0,0,1,2,7106.032021567758,0
16957.70863217215,28621.44809668189,1,201.3012266559997,27.062251399838694,1,9472.790527784327,314.4671350069656,0,0,0,0,1,1,66527.87331597667,0
971.5413938999392,740.8646433896635,1,104.35524139228909,374.42331470383584,3,10433.224547820544,687.8164297467324,0,0,0,0,1,2,2012.2370961716156,0
539.6096149295062,684.4327739433049,2,68.84241142039056,33.05573444480757,4,38.81160244694125,399.47401227876435,0,0,0,0,1,0,165.13112876685608,0
15657.27823808443,26350.083201123023,1,167.4167725840227,109.74644738475826,1,9095.340597055052,804.1154309747037,0,0,0,0,1,0,61291.41033133453,0
1809.1492553992273,2680.951951275713,1,193.4847812827736,373.7837053970267,0,9974.194538795155,851.3560691158862,0,0,0,0,1,2,6447.491764697922,0
19059.640771387723,32287.5358691961,0,180.18638632634085,266.8967716471363,1,14986.471763269394,830.2583089337811,0,0,0,0,1,2,74981.23382182035,0
17433.304834850893,29136.71682729088,1,149.06638962976345,72.06485436105115,2,8953.22664725802,586.77032543777,0,0,0,0,1,0,67889.56781365229,0
33335.777778667776,57546.94104883317,1,359.9512046822341,177.66443240789488,1,16149.89544663974,347.3364090944581,0,0,0,0,1,1,133009.95411197562,0
412.0762059577608,362.9964111761149,1,64.24971960680654,429.03624485302277,1,10846.029721388013,405.0976818028698,0,0,0,0,1,1,1030.9769202753523,0
480.22605202060885,387.5180051152756,0,64.52237316526433,297.0226474323622,2,11105.143683352699,999.3724034167434,0,0,0,0,1,1,1133.7682361925397,0
21181.97159471731,36367.24373337562,0,219.34735929927956,158.92714929625805,2,15964.02238995257,222.51461603222475,0,0,0,0,1,1,84171.84426789949,0
16617.553093837818,27656.444014808185,1,240.31190506733077,322.48621129761244,4,9052.446352395997,746.6454855070524,0,0,0,0,1,0,64508.742422817,0
4880.930320656674,8135.029410789226,1,190.78743863951334,213.58760045499048,1,9729.803613790005,229.57616378054868,0,0,0,0,1,0,18971.012770738183,0
3098.9802713535164,4830.704154451805,1,71.99751627239796,332.35653693443453,0,9516.912210415107,749.8882890791938,0,0,0,0,1,1,11461.079824350016,0
7802.889884519267,12835.85840831735,0,118.61459859823391,182.8172056952206,3,8930.550162052996,725.0228695279782,0,0,0,0,1,0,30026.95699343665,0
6382.909310223911,8859.167762780186,2,123.37702622739651,263.5822429998634,6,9331.325082971945,937.1345435630392,0,0,0,0,1,0,21519.850327620414,0
16787.149712715505,27906.90612639767,1,165.84579760611012,105.65601390519424,3,9227.51056309348,956.9908345895783,0,0,0,0,1,0,65108.171516549,0
5522.3293529766215,8873.23164527737,2,122.0536112080392,379.6016616930093,0,9435.10030885541,1049.3689785561198,0,0,0,0,1,1,20882.391262577265,0
437.64190353794044,471.16070719298415,0,105.15041064519485,251.16375669905855,2,150.82226756459622,495.86540651055867,0,0,0,0,1,1,144.05969932108354,0
672.8655647129607,549.9448365470776,2,41.75862017922134,86.09402361011139,2,225.05419864232934,605.5689135587909,0,0,0,0,1,0,821.545807089268,0
15208.505323127927,25254.348664803085,1,162.47897381214108,191.47882249287932,0,9236.02568242087,314.770036727679,0,0,0,0,1,0,58938.61708644785,0
513.2870746243811,366.6087174140071,0,121.17624795784022,270.28091520365115,1,11115.72256967073,700.8833057087625,0,0,0,0,1,3,1039.7938768310023,0
419.09792965178065,382.16014760351044,1,32.8700552860037,149.7818157447272,1,108.0917924868362,423.82174177277903,0,0,0,0,1,0,441.020976001323,0
13751.241179693548,22837.372385118342,1,178.81235682558753,439.1642878921219,0,16170.276914497956,936.5778975205437,0,0,0,0,1,1,53298.47075934835,0
1226.7401930231429,1581.4092893100928,0,174.71620681923014,245.11686673537153,1,10613.659284048517,535.7340770957874,0,0,0,0,1,3,3954.7206019719397,0
9974.967591446575,15008.728500330404,3,146.5179931278156,577.7797290976688,3,16549.537858381667,750.5683223792827,0,0,0,0,1,1,35850.94034451115,0
1571.5749727075463,2208.8364972070776,2,124.46235244182706,235.89091365150435,2,11816.833773873297,718.258526113935,0,0,0,0,1,0,693.5547760906932,0
17800.963195057753,28952.52185362103,1,252.95994352428144,438.7802967299361,0,17161.631520332827,971.1964146665107,0,0,0,0,1,2,67914.02563043544,0
1030.7510527011182,1096.2490531144067,0,106.03350055597942,398.27405919733644,0,10534.274407057295,1012.1126201200118,0,0,0,0,1,4,2887.7805391067673,0
23291.77496872976,39827.855205666696,1,141.78304731517767,292.5912764321244,4,15198.766742419646,444.37647903702486,0,0,0,0,1,1,92275.57486637284,0
14475.01003699177,24291.1345782231,1,171.0828642228983,273.38182953216494,0,17166.810561489205,632.8766966319902,0,0,0,0,1,2,56546.60488257361,0
2599.5941009327,3998.9241226977324,1,154.32961676514722,230.19918246199603,0,733.3538665488276,633.3146250013385,0,0,0,0,1,1,426.09338797581745,0
330.7787641135614,95.13106838411788,0,132.5548359476596,56.17821537969711,3,103.25196659812323,308.1042064156118,0,0,0,0,1,2,255.56349670611922,0
753.0384573767337,666.1969054203715,1,101.69433420427083,77.74229875532191,3,11186.828963518969,466.3864542173442,0,0,0,0,1,0,1233.8840239531687,0
3674.4082933170744,5127.77491202702,1,200.42083732287432,42.507762987901735,2,9847.842586014602,459.53751741830314,0,0,0,0,1,1,12491.282991760922,0
14821.866116858171,24294.991466031403,1,133.178427589518,547.8739297095842,2,8898.78692985478,756.7747030122059,0,0,0,0,1,1,56881.332046395706,0
23273.59574536038,40109.347229455,3,181.47640939569914,84.6550470584478,2,18668.995990323503,328.18682321146963,0,0,0,0,1,0,92745.00842790931,0
8886.625846805116,14331.514293655597,2,99.29806472264715,78.08653425753319,3,9312.29891735535,426.0010659342038,0,0,0,0,1,0,33691.54254959129,0
23038.214247374417,38950.25018875895,1,235.39836366787767,343.02137955915083,1,15634.2780934839,669.2218290519448,0,0,0,0,1,3,90500.69397382058,0
7348.633658175341,12220.365897266074,2,177.5061144130541,109.77226280813517,0,9393.739600476458,561.218732305824,0,0,0,0,1,1,28512.769525368112,0
1304.4155593015948,1785.4223106139505,0,117.36785881908996,283.15899388237267,4,153.5869399565835,563.3424075138986,0,0,0,0,1,2,235.80248469075363,0
9876.336583964396,16343.420668958597,2,263.50861193441176,289.1323303617603,5,9123.393579824447,815.2560450289079,0,0,0,0,1,0,38176.56319866309,0
258.86647703835433,178.01470548723708,0,23.062984915840087,28.373516476285182,0,239.3930993327524,277.3237012307003,0,0,0,0,1,0,184.2573831804816,0
888.9879142303384,511.02304743789244,1,35.58547227334885,437.7398413226775,2,165.28515790699828,549.2086005737976,0,0,0,0,1,4,1068.6800024890554,0
8096.2924572874335,13521.407976737482,1,129.67689710160346,132.74850327113194,2,16749.239922766053,474.7785708191162,0,0,0,0,1,0,31512.16714523753,0
939.2022105238337,1321.7684046026573,0,154.46444244765843,66.75717846776801,1,10387.905299909204,392.9064347366466,0,0,0,0,1,1,3222.069766730673,0
924.2211880926267,1187.092526004822,0,136.8727745022145,40.05266267269121,3,10037.127212935071,339.54219007838304,0,0,0,0,1,0,2969.4282657831873,0
1533.5098350659273,2347.385169261753,1,88.38864076781744,84.7994047805079,1,9654.671103444784,421.03917007876646,0,0,0,0,1,0,5596.246314839813,0
509.8051327446931,318.0608458452842,2,17.88333550694793,102.2679699575171,2,369.09162586454505,324.360638876792,0,0,0,0,1,0,471.57038843532536,0
12319.533032867035,20884.316510198878,1,101.13217075378327,132.47861125429253,1,8924.142709030277,859.07728819012,0,0,0,0,1,1,48491.52799598467,0
8244.413713016174,13596.960211875585,1,172.77779260846717,268.0479756306751,1,15674.593858092476,650.9142061402873,0,0,0,0,1,1,31793.997589410013,0
356.2715182362846,260.03422787525545,1,22.263379768447507,368.9856046621214,1,102.49335603341117,653.2972540597274,0,0,0,0,1,1,310.1257053019704,0
570.6594234033172,544.0988118161181,2,104.69421886227349,231.50049032866806,3,128.74047256654677,570.0145077968267,0,0,0,0,1,0,465.28750108061723,0
17683.08339785912,28798.716946044817,1,101.0487265843444,324.79511363656076,1,8668.680447753442,842.9166289242096,0,0,0,0,1,0,67523.92134984814,0
16291.683626463597,27658.070723177036,1,218.2405429700068,160.3424056635095,0,18465.33425341495,190.2078127922623,0,0,0,0,1,2,64196.718133160335,0
502.8291206039227,587.0483765720523,1,65.95488428682233,336.6287133850884,0,93.03971663495867,457.23505291422083,0,0,0,0,1,1,179.09816597100587,0
13400.559846710474,22606.565631372054,1,185.82532589636122,167.55508154988195,2,15744.477368634154,663.4177902427955,0,0,0,0,1,1,52554.99242930954,0
15181.771047332068,25454.142310778017,1,246.89548565631543,105.30742102194172,4,17113.749953801682,203.7032173793167,0,0,0,0,1,0,59265.47902520525,0
1313.3273557127486,1373.0422453732597,1,151.6197319537103,128.8238965653453,1,10594.679203797461,362.4462322684486,0,0,0,0,1,3,3650.558572666686,0
25288.902812056152,43486.3584965693,1,180.85489623804244,289.79574982473645,0,14859.139831898741,608.9194430522266,0,0,0,0,1,0,100609.2033838085,0
389.28106427304016,265.136111263469,1,73.7050114394681,120.45171292468545,4,32.78007379381453,391.9224511299322,0,0,0,0,1,0,537.9168962585229,0
2516.6041756912623,2657.474389838764,2,97.75420692135654,225.28928003066517,5,17507.239657205115,628.5776937189855,0,0,0,0,1,0,3070.8098987544363,0
11179.869397941009,18536.213861917528,2,214.2709715460739,326.8712808404756,0,9158.2100639609,376.5979743782783,0,0,0,0,1,0,43278.95661025672,0
796.9068510929211,748.8713685282748,1,121.62025667239912,439.71046457799406,2,286.57889655441966,964.6570811014049,0,0,0,0,1,2,523.8400788026365,0
1044.3797993937544,783.5344235268556,1,111.48376804427613,410.2922842442233,9,11003.180158255785,1022.9584838360064,0,0,0,0,1,2,1239.295908830093,0
1521.3950449005883,1392.441704929698,1,165.2756143827665,442.5643773364586,2,10315.144484026487,880.5266758462226,0,0,0,0,1,7,3794.4853193526187,0
12214.648369308552,20169.21173503965,1,181.5525380705527,388.96179871707704,4,9037.968695913543,818.197152794794,0,0,0,0,1,0,47140.839620007406,0
15493.383617633299,25843.00679048,4,199.7136920682841,63.76633815350767,4,8978.242821694806,577.1560009214584,0,0,0,0,1,0,60244.49170732737,0
801.585066407552,595.5435389198716,1,121.61913135511419,338.7738829567388,0,11488.55995936779,886.7980306303176,0,0,0,0,1,3,715.990645081522,0
10396.656335013771,16769.730490479567,1,232.9134391458931,435.48790266693004,2,16121.6026047405,801.7754745678483,0,0,0,0,1,5,39436.668722870854,0
1824.623991557739,2716.2697118894475,4,58.66596509943821,302.64230233118985,5,50.441391377977936,580.9365903663353,0,0,0,0,1,0,436.4368547025059,0
602.7481218201822,359.0321819849997,1,176.9804480207632,399.6435761066398,5,37.40383999553639,653.3129588838696,0,0,0,0,1,2,480.70590672608085,0
10709.237459838781,15111.866777647887,2,92.68459335179955,118.28510613933624,2,9119.933336533286,344.9629092337109,0,0,0,0,1,0,36528.69250670739,0
2422.082952781878,3589.114729976189,3,116.17534879781778,444.87521692713483,0,16220.628867095356,1257.557010220929,0,0,0,0,1,1,8632.94205965144,0
5254.813515832741,8143.17779669261,1,109.45542067874811,108.12218043868845,4,9166.236113903564,350.9479807459109,0,0,0,0,1,4,19355.10658993961,0
509.00361519413514,520.8186540996456,1,114.93412503571713,145.70956510736605,1,608.9600924575133,349.1333363893066,0,0,0,0,1,0,197.8075961457131,0
4494.815410188312,6569.25116246185,2,68.7430853136685,533.7076842744557,4,17308.68406145584,787.8246933875387,0,0,0,0,1,3,15859.635356732051,0
214.6421467204915,142.34627777840282,1,18.990658518177202,91.15046716471463,2,391.0691653835928,268.5720599158012,0,0,0,0,1,0,433.56553565059886,0
15908.762690156589,27157.132860184367,0,172.73332633615155,269.98109452172275,2,9473.704296412789,550.3897803242734,0,0,0,0,1,0,62945.07793928595,0
24500.162828428616,41564.494339749384,0,388.24143721246713,442.9840712052726,2,14183.933629956075,562.7822307958628,0,0,0,0,1,1,96487.82496044177,0
191.79044723815912,117.38694606538131,1,61.848438761631556,63.67707051210646,2,309.5274013570272,223.8217618877561,0,0,0,0,1,0,320.2648524166621,0
320.7168741634062,236.84189658195362,0,37.73472172477817,184.59167618469326,2,242.6502075159202,408.81255515220124,0,0,0,0,1,0,374.70347969764924,0
13802.91105259639,23666.82845297274,0,129.24516873460064,58.578027628925284,2,8598.567345324544,345.2781648100229,0,0,0,0,1,0,54795.03539659313,0
22070.356413208927,37881.76650863391,1,183.4958749807712,152.79292748104382,0,20782.434467647385,673.8056424139573,0,0,0,0,1,0,87683.16633694874,0
226.60611638767037,101.38646663432482,0,32.735949174191695,101.02362955952809,0,32.02370057406357,516.638256678678,0,0,0,0,1,1,298.64031654385974,0
8577.984184951838,14627.100140081511,0,88.49684248865083,156.86837781767662,2,9280.067114854692,206.66876723814087,0,0,0,0,1,0,33912.71172736908,0
4076.4611248495144,6580.965279318952,1,71.35087545985301,147.03446744435053,1,9391.498994678584,559.196044046752,0,0,0,0,1,0,15470.12880513926,0
19561.034287204213,31715.717041059517,1,110.62486916402527,443.0772697079933,1,14757.787528673935,746.1853714166366,0,0,0,0,1,1,74442.09614832253,0
484.0743041030226,426.2946716409611,1,124.31209925726608,19.49716068127634,3,198.78475544489226,329.33694209728947,0,0,0,0,1,0,662.8670222999515,0
325.20744266653014,96.23711479762518,0,39.96129872981665,240.19793007445088,3,18.24477807866495,401.6759483566369,0,0,0,0,1,1,214.71351894806256,0
15461.833742121584,26082.58126116124,1,162.8541261553709,326.9028344913973,1,8871.47803210438,706.3819175030454,0,0,0,0,1,1,60635.197235462925,0
294.3443111368798,131.79860200993207,1,103.85513050839086,327.73483429863415,1,33.001035647321885,590.3913740899966,0,0,0,0,1,0,373.9112165563754,0
3002.7745660019546,4636.29617295049,1,74.68074111035575,309.55040945144304,0,9574.331124015795,799.9971943704883,0,0,0,0,1,0,11024.643359063564,0
573.5802459143953,724.729031557869,1,29.19749525075718,544.0224917515343,1,14.956904332717887,810.349845931869,0,0,0,0,1,1,153.99589572839994,0
20939.934042374272,35679.39322669167,0,157.19159475489482,300.43159442592065,0,15218.53576369535,655.7206758605229,0,0,0,0,1,2,82738.2381798601,0
13009.406318452337,22094.39498113587,1,231.49866965659726,210.46938152247444,6,15193.678794575386,553.0246424027832,0,0,0,0,1,1,51277.87875071977,0
10992.706983692586,17923.44851272074,1,119.10650500962372,85.27682655965978,1,8690.939235565671,541.3252576965835,0,0,0,0,1,2,42030.45921827903,0
540.157128628521,384.6168622656721,1,206.60643215018996,74.5180311335302,2,478.4196850559107,347.5037576960417,0,0,0,0,1,4,209.39162635604364,0
550.0297854438173,378.776088084606,1,61.25052367790151,421.10393219831377,0,227.24886329148814,869.420695185834,0,0,0,0,1,3,403.7932579790314,0
10353.322010523043,17438.466384755615,1,149.11443818632085,178.83707678915786,3,8836.051562938801,723.8250550288586,0,0,0,0,1,0,40555.43537336058,0
8743.450688379298,14635.448125484123,1,110.58621875807873,254.67224207202045,0,9058.084467593626,556.313123659141,0,0,0,0,1,0,34089.54816200286,0
679.2051950557005,538.8944463040664,1,54.18540550507123,105.77291089642713,4,85.36210262503772,487.3021200459184,0,0,0,0,1,2,490.9330691622115,0
18537.46379728629,31896.253869419575,1,242.49495063494584,138.5187766784852,0,15793.707413760607,632.5805885797582,0,0,0,0,1,0,73783.34928848484,0
5421.857167460332,9034.044388824886,0,90.1540950556283,295.52216674180477,1,9309.874788923857,825.4516965350488,0,0,0,0,1,1,21069.164961478615,0
792.3269940849722,474.8340771087403,0,205.8642928725438,373.13390854441013,1,10729.43725924484,751.9526811785025,0,0,0,0,1,5,1425.6436295630676,0
580.3197135648546,394.32731115535773,1,139.29613351158812,363.3296175876948,4,38.65761489051498,895.3712973146601,0,0,0,0,1,2,609.5153828217105,0
548.3169850144974,575.3572590342474,1,64.30374983467992,305.3324503639276,3,44.74587213914569,365.8105840753119,0,0,0,0,1,0,349.70242135856637,0
504.8471505471719,461.7664946004122,4,81.0704159351346,282.73788688015463,4,45.853369412405556,823.5920262015359,0,0,0,0,1,0,494.4411571003453,0
845.8314902894018,930.5222616133625,1,31.721306182105202,220.8136770729381,3,405.3872953589858,470.0376673635502,0,0,0,0,1,0,703.4674504475734,0
6108.04245430618,9640.35282086688,1,123.7324597150365,284.7468380943014,2,9386.570638420979,792.2837751171992,0,0,0,0,1,0,22786.145607960294,0
15163.291419649422,24205.978808655072,2,257.2914679166712,444.2161876898107,1,9243.513899329622,423.04674976049677,0,0,0,0,1,3,57051.75054303311,0
619.72289381609,667.1526904531364,1,154.0322296280738,479.6738095868027,0,546.3850654518602,792.3186928691282,0,0,0,0,1,2,172.26880054963686,0
10187.784096272138,17251.450518659058,1,165.16944111936272,162.65916942867636,2,15280.873071450773,600.4791298141611,0,0,0,0,1,0,40068.02168046388,0
2057.005806843429,3206.6242850779176,3,34.05177702715028,460.0802438157787,0,395.87586107184546,762.7379224059414,0,0,0,0,1,0,349.4414754937708,0
236.25262647148944,123.24637381876934,1,13.927698867034557,138.4510148370081,3,32.278084079738754,326.64308067684556,0,0,0,0,1,1,424.84545771653706,0
25525.067256361726,43417.44393085545,1,206.3049865274678,235.76737649706865,2,14789.767283532521,460.09645642325313,0,0,0,0,1,0,100722.8344664301,0
29865.491139323727,51316.82502957395,0,137.09106235228225,307.2679772244677,2,14877.663280785699,498.910686681732,0,0,0,0,1,0,118748.69350551134,0
11860.233773689632,18902.843010764234,1,108.20580919082353,116.02424964334969,1,9358.482919342516,145.4831449184332,0,0,0,0,1,0,44550.025710343405,0
21513.40311941555,36953.85248098808,0,306.6517886845994,237.338596478991,0,18033.9369655555,793.577350627211,0,0,0,0,1,0,85519.14062659442,0
35025.41687480504,60461.912215773125,0,211.62502961354954,39.07122275935692,0,18802.228645122497,184.44063583600695,0,0,0,0,1,0,139748.47068189934,0
610.4584278120303,332.8034282048624,1,134.1221409356466,583.223560914917,7,128.92711649597544,516.3270557141789,0,0,0,0,1,2,638.7371389063367,0
521.5066521066312,513.743135095158,3,66.47316829361719,98.83550154769907,4,13.347085985599609,309.2621720705308,0,0,0,0,1,0,361.65412719155705,0
19557.699053006407,32980.85535964729,0,211.5013114146473,280.5073840131456,1,15809.551304574254,502.5779574633102,0,0,0,0,1,0,76677.28603146647,0
12617.224047371757,21366.24921594607,1,134.33426977376521,8.494940621879667,2,15809.803070812744,273.393428040937,0,0,0,0,1,0,49624.19986374421,0
248.24726729728255,81.75753823493876,2,152.74608500195998,18.292461339417123,5,55.55362195288646,337.17584595052153,0,0,0,0,1,0,276.0703251691886,0
7807.694966588309,13101.715595321512,1,120.89359746374267,273.38064649460443,1,9153.625272611303,478.1141676670085,0,0,0,0,1,2,30500.161107906653,0
11946.296521841121,20018.213370068002,1,114.32889583063643,308.4562013710676,0,9014.545670486947,527.6736099577388,0,0,0,0,1,1,46615.38656960597,0
26287.925312883835,45143.340488038695,1,234.6106184134725,277.1421412951802,0,19687.054046782956,845.227927023536,0,0,0,0,1,2,104478.27731001274,0
423.1218881171128,178.2191844613131,0,49.19566677925185,357.98827216248003,1,80.09922919682568,468.76405633148244,0,0,0,0,1,1,543.9723372505234,0
248.15630911887888,50.27549101146844,1,70.90513353574059,264.53203044585086,1,72.5858168627168,606.8324988457261,0,0,0,0,1,1,208.70079579964641,0
17488.27610489076,23539.816764309304,2,112.56196811686829,143.80633019760737,0,8888.23065690156,345.3791449852783,0,0,0,0,1,0,57286.148309022115,0
6404.329576629783,9451.015486966215,1,140.30785462292278,461.2963204436313,5,15943.832493850048,637.2399970758545,0,0,0,0,1,1,22717.009813645862,0
400.8296445830178,289.33874830668276,0,104.6886435924809,42.9973149816172,3,98.55675181878718,458.752616797007,0,0,0,0,1,0,523.970263531101,0
7023.25058650057,11683.877625684878,1,276.18987390605173,289.2127367688499,0,17104.394171674947,858.7022913874964,0,0,0,0,1,1,27260.303282131084,0
3020.1434120755916,4224.443548855529,1,73.83372660937545,313.2028442696147,3,9144.060319883045,962.4985340658487,0,0,0,0,1,0,10274.31105937146,0
17256.450645701716,29249.077159669734,2,170.03384425524155,49.66238499585477,1,8977.85597173786,450.39221319235514,0,0,0,0,1,0,67915.14908582807,0
525.21826418858,434.92321293497656,1,39.79743253356835,295.1104957440726,4,78.21984154066278,582.6456728305385,0,0,0,0,1,1,447.43641150420416,0
16528.702991775626,22911.33313468992,1,184.90199189747767,211.18051614194658,1,19686.82005498627,296.2516229780796,0,0,0,0,1,0,55570.02278285104,0
4171.379751366428,6367.109761793583,1,213.59295750662983,215.82278568145745,1,16321.84699065452,126.74550910822124,0,0,0,0,1,5,15190.006766847655,0
25271.359431817844,42526.46660730694,0,294.961944694735,423.17448093003526,2,19749.690721133,802.7162348488514,0,0,0,0,1,2,98925.52905952872,0
29869.31603101449,49943.364635485035,2,287.5130717974272,671.0210195077934,5,19075.228375097286,1116.1977731285406,0,0,0,0,1,1,116356.33398749464,0
18418.106131075863,30492.565956294202,1,177.35297456727508,219.32810293554832,1,8610.983119553068,607.3488126317881,0,0,0,0,1,5,71228.6926755048,0
14099.75311673456,23522.893066328423,2,336.5238367752419,245.85571295911012,6,9115.261478877652,1088.824393692273,0,0,0,0,1,2,54841.51915913867,0
29868.192285426107,50575.559327180235,2,245.22942225202243,318.926839453358,2,18649.413026350318,822.5095588311543,0,0,0,0,1,1,117462.09564532743,0
28925.60780110473,49346.39236328525,0,355.02250176117366,260.6438406865414,4,18281.616932313318,844.1426694755814,0,0,0,0,1,0,114393.59770744541,0
26676.04297369371,45770.00641697362,0,258.76848879136054,57.34428366344062,3,15197.294850442677,168.52707455946506,0,0,0,0,1,0,105951.69354612866,0
29860.27187061726,50570.1286482302,2,216.54957278739624,207.93585854650507,0,14442.343424931772,954.9136631669501,0,0,0,0,1,1,117445.12413252563,0
16300.301003263616,27675.742255719877,1,176.96056080792494,340.6872043284292,2,15371.171535562098,871.887731078538,0,0,0,0,1,2,64235.597262508076,0
9179.431068333113,14965.199596822646,1,145.5527151854046,395.48331808076415,3,17306.94270842341,735.6081454117186,0,0,0,0,1,2,35093.98424870008,0
1460.3696234285514,1556.143892510022,4,121.67897342667506,63.07120681424544,3,10316.27947874108,570.411061637647,0,0,0,0,1,0,3858.0923438304067,0
32446.070999794665,55558.3253165867,2,274.4707854423551,66.9134521377934,1,19207.970625404003,339.67624761624427,0,0,0,0,1,2,128675.2638869337,0
13043.9425808659,20121.518984357113,2,156.09215631025876,91.25793670710114,3,9338.140339282694,654.9165834197318,0,0,0,0,1,1,47792.268885744095,0
13835.828437057582,23138.153097220085,2,127.91270958793973,481.6634322364247,1,14952.40171129968,1264.6273222912778,0,0,0,0,1,2,53910.05066946193,0
9009.475515127098,14609.69767835852,0,74.21749905254961,382.67383441479126,2,9085.446600789928,664.8533098096148,0,0,0,0,1,0,34300.76022493666,0
772.9041365289606,1195.0176226434314,1,80.51797105006933,81.9794564370458,1,9252.680535995683,211.2425564075681,0,0,0,0,1,0,2841.109895200676,0
227.64988560396364,176.26341259119502,0,32.069645523008106,185.94745832109237,2,288.3086470463878,584.5533995632034,0,0,0,0,1,1,515.3969924605,0
174.13017492326708,60.61888410290475,1,126.71381848513181,294.0499095082897,0,121.9722781379723,856.9344787251204,0,0,0,0,1,1,160.9616512916542,0
412.59548848389886,412.9938765920329,2,89.69684672870872,29.90554744079941,1,142.87267931244472,559.0854190201585,0,0,0,0,1,0,349.5926056557014,0
839.9989583665711,1067.8787312959348,0,85.05500161846334,403.3303990704178,2,30.859422300309145,756.7920539759741,0,0,0,0,1,1,167.3910083019115,0
3418.1467183789596,4828.164986976663,1,91.0708775248679,283.2741092588917,1,9345.481506618757,690.8220041782885,0,0,0,0,1,1,11728.411181698306,0
342.9103550198518,167.48939929291302,1,22.093264374174595,361.6209263217645,0,53.51044235736312,295.5846957956545,0,0,0,0,1,1,467.11434585141103,0
650.8151462218286,591.4064380107756,2,82.8114979163976,177.93350137218854,1,37.18299945418036,270.22469095751273,0,0,0,0,1,2,404.9895060788391,0
632.4262689405472,375.63829669741943,2,49.52910078626569,311.8107718427167,3,48.88176020540078,482.3267066176029,0,0,0,0,1,2,657.6189154505562,0
8358.313303127905,13506.39461993668,0,175.27867647669626,151.15362005018488,1,8916.673985979447,535.6640677552384,0,0,0,0,1,1,31740.279726469576,0
15352.416360147858,22786.657448671092,3,148.3299982432795,267.219037315752,1,8867.927411904247,605.0421400842188,0,0,0,0,1,1,54563.43554487298,0
22068.993209887987,37287.45050890076,2,144.1678867362,310.11347098844436,3,20615.09333145858,850.3691071668737,0,0,0,0,1,3,86652.0332584981,0
10808.76391111879,11808.214353574826,2,232.07058335109528,283.4767112447387,1,16518.299046105374,896.1415735984941,0,0,0,0,1,2,28852.007678459202,0
10451.114496028442,17598.704206151757,0,138.38205935926624,147.41518322445052,2,8858.239506637674,478.0395396114924,0,0,0,0,1,1,40930.512799803335,0
28416.14264009089,48480.587764077085,1,239.16163008809758,64.15679241572886,2,19687.141727069105,217.56718879982225,0,0,0,0,1,1,112385.60312628337,0
433.6345163905109,368.6064714160866,1,51.80614337373273,87.421150494214,3,16.831374685399812,245.4823561815154,0,0,0,0,1,1,214.09901680221608,0
3833.3323727354013,5186.207664207091,1,57.95157525607186,377.50504146830394,1,10433.591019879135,798.3040996305579,0,0,0,0,1,0,2491.0212749836255,0
739.0220602565723,725.7883403208872,1,170.20042270791868,502.56331019638435,0,17506.676744465633,886.8610946364256,0,0,0,0,1,2,1967.3376841611366,0
389.7995547443018,361.3039442386213,1,106.79500313746125,166.35747192425225,3,53.08145855328833,761.1929168528274,0,0,0,0,1,0,357.0838527949517,0
610.6665812918427,687.1747767246701,1,52.32120678288089,435.49826771023936,0,74.81666096424703,551.984687423364,0,0,0,0,1,2,136.08379194800813,0
14298.54252856564,23594.499475998255,1,154.84771619154992,100.63385602694152,2,15751.376941619668,432.31580445947907,0,0,0,0,1,0,55149.94509838126,0
10272.992771930538,17123.546716327273,2,121.87015180939937,21.120090461927784,2,9044.64082924026,262.29682416216076,0,0,0,0,1,0,39928.21719756353,0
14809.964886134654,22781.27479268894,1,158.1498260445858,556.9184062738774,4,8646.098961288824,656.0001138974079,0,0,0,0,1,3,54171.33986532823,0
18983.491693663036,27255.699971763534,2,155.49561818824347,366.54198966568185,2,9460.130592835983,821.3042631997121,0,0,0,0,1,0,65699.10248690365,0
26512.62669349698,45522.41749136664,1,339.6355393679692,325.46217556249445,0,19178.64645994374,747.467968784968,0,0,0,0,1,1,105359.62096498227,0
12774.659191247763,21258.462097884363,1,103.12572837582158,431.6990413901754,3,8968.606858683195,613.9731880555971,0,0,0,0,1,0,49587.29659011918,0
15241.973047745523,25468.077552234463,2,200.2832633134716,110.69461448294584,1,21088.706746209296,407.9193969970469,0,0,0,0,1,0,59346.44876790601,0
769.840554439327,634.6525633553894,1,96.28228727529483,185.32037430177184,0,10848.75027325553,700.6693668373049,0,0,0,0,1,1,1359.9380937075923,0
818.4500159342311,663.8265156278093,0,181.39174672022904,351.0983488790746,4,252.3562680679073,730.4395594500563,0,0,0,0,1,2,562.8128317393991,0
12355.769751734791,20292.96932465929,0,152.47001046258268,310.4548714987136,2,8762.351540559284,755.7995019159273,0,0,0,0,1,4,47502.0619369305,0
21184.58041419547,35858.30250473869,1,148.21965773156748,216.14376200451713,3,15833.794937580438,715.6754415221912,0,0,0,0,1,1,83291.91391856053,0
30834.217164636924,49857.09296150125,1,253.47840041692925,213.38672703675178,6,14804.915457821364,628.7566148732026,0,0,0,0,1,1,117101.12415359853,0
7608.060617181162,12252.360809762245,1,189.9010982903005,282.2419932493787,0,16538.657872411648,394.0090157991215,0,0,0,0,1,0,28814.144574509584,0
9460.164538457922,15858.447943032515,2,145.7398405573539,243.57711448515485,2,9473.344958211062,581.0572021995075,0,0,0,0,1,1,36925.89746935617,0
7320.329009352272,11482.118163740312,1,120.13961496793672,178.03359894477327,2,17376.689462021037,423.976339313635,0,0,0,0,1,1,27183.455939514868,0
17089.16960265506,26834.2210071841,1,200.8024629853825,367.6131807231699,1,15262.862554849526,640.7823874385173,0,0,0,0,1,1,63470.050320495975,0
22521.167908416755,38618.71085513283,1,231.02218312623734,150.9333726534988,3,15373.665733477716,387.9687208374237,0,0,0,0,1,0,89410.2627599995,0
24158.045605243547,41146.556795893615,1,173.66265609796295,186.6274826735454,2,20018.46091909699,703.6365911873975,0,0,0,0,1,0,95424.04498325323,0
27100.93749696231,46375.755369671824,0,198.88615599931387,324.10155050217486,2,15552.861782517968,876.7054035923103,0,0,0,0,1,1,107425.47301013429,0
28205.652749110537,48430.89679677274,3,196.40253295403397,171.71371222288872,1,15240.974435772156,654.4628275487976,0,0,0,0,1,1,112090.28631656017,0
25446.48352463937,43542.14581785387,2,193.4257823144631,24.685479438499804,4,15702.229289476747,144.6801264272525,0,0,0,0,1,0,100862.02996493506,0
23411.159580988442,39289.85020659762,3,192.0670820327719,263.21518444592596,1,18254.942217363947,945.5626169733382,0,0,0,0,1,3,91457.66936476389,0
32083.655850792507,54679.3068842819,1,332.08695159934337,53.92598405429132,4,19317.33945246612,391.68460372414086,0,0,0,0,1,0,126787.30880821722,0
28387.649337817085,43277.63634071123,2,196.61557922442978,123.76290112450701,2,15351.118088677986,147.3594952326529,0,0,0,0,1,1,103010.0410572066,0
27865.57969020077,47567.820184055934,2,184.03998318570126,161.45041345090252,1,14923.211073639814,728.0063328791583,0,0,0,0,1,1,110253.61295025705,0
4417.241071384164,5775.344517453915,0,81.75055433744186,438.876745032861,3,9171.13887673304,632.8452873937454,0,0,0,0,1,4,14302.313537513637,0
16119.64322251814,22374.799106008333,2,153.1710014847308,194.1956902821507,4,8994.588734445268,847.3362354372465,0,0,0,0,1,0,54282.16104623851,0
4762.400364773862,7784.873567201347,2,79.12006078554583,222.42116022543658,6,117.43951898818725,691.3413647609601,0,0,0,0,1,0,410.5865507407661,0
13493.083774867087,21484.426044121403,1,193.04015014258357,252.0708668843327,5,8983.637673994746,1062.8971662698264,0,0,0,0,1,6,50691.774420848364,0
21705.06899076085,36656.90901493115,1,246.03217583049758,295.8538123923413,0,17843.563905968247,1113.3409408028926,0,0,0,0,1,4,85195.79741766167,0
28475.35738824832,48449.11888208526,0,265.5846403497813,543.192184890641,0,17627.30943084826,794.0810037368775,0,0,0,0,1,3,112390.70549394816,0
37086.53570576543,62228.348315627605,0,346.4599229348016,607.2180337961148,1,18979.511748352452,1066.1320105288546,0,0,0,0,1,4,144856.9679886793,0
729.071881249527,850.0636988009232,1,241.24298478499983,389.15809911531966,0,635.7592658879051,997.2914178679132,0,0,0,0,1,2,162.999559390285,0
16324.57533395342,26858.99430411651,2,234.45958940505224,437.26238395104815,0,20832.75769344455,944.6534162837949,0,0,0,0,1,3,62834.510198842814,0
2511.601206075115,3741.362523574143,1,152.10607769544526,149.9591102066894,7,49.46409907249598,656.8710570944372,0,0,0,0,1,0,795.6326218201967,0
2466.674135164751,3586.8396965227153,2,133.2105817046337,214.82000308279328,2,9779.53173324668,754.3965455332875,0,0,0,0,1,0,8659.664381041686,0
30771.296538457394,50863.174125095466,5,235.11077150938866,181.82344053125962,4,15617.143668902094,573.072691284866,0,0,0,0,1,0,118831.35534991839,0
31142.12038879489,51113.248107947584,6,227.27463340100007,270.77945437950916,5,15635.312850015029,842.1908278764529,0,0,0,0,1,0,119618.75600201261,0
30268.76124493327,51555.064716725195,4,238.70810529752168,208.31543540753825,3,15942.07963379533,689.4677951182798,0,0,0,0,1,0,119562.64885698733,0
31818.78160687693,54357.66286976499,1,382.52574249219515,123.59253504929741,1,19258.139284927853,396.80838690987895,0,0,0,0,1,1,125966.46534002465,0
23561.91952019852,39370.75488646568,1,346.1181609742637,301.7101823798383,0,18711.257006613603,1305.8893946756318,0,0,0,0,1,2,91744.98597076854,0
16959.600852650005,27801.16254746744,1,169.90355094266724,429.1193168076575,1,8870.65421496324,1234.892965339804,0,0,0,0,1,1,65090.06360492284,0
17499.7637206004,28794.55966135522,3,205.23515974366455,55.68771815159529,3,16094.345479811773,939.5403778478014,0,0,0,0,1,0,67347.11644938131,0
28956.543050704637,48712.45624282954,2,351.4030256592313,45.09264806234311,5,15206.279400224961,318.82299987289707,0,0,0,0,1,0,113318.50312369103,0
17029.28400322709,28744.889174957418,1,285.6864890216356,205.44218974417694,3,9460.667473898855,666.4214289510213,0,0,0,0,1,0,66810.56788767104,0
816.5394579155281,1086.251777426222,1,60.616778861274625,273.9767293737766,6,33.90459011094188,570.9128333423024,0,0,0,0,1,0,169.40095364285224,0
819.1302210902636,989.3321665831265,3,122.12484553838799,178.72099288952018,5,41.17597095632915,553.544315661981,0,0,0,0,1,0,492.2575562557016,0
8148.74069127548,11717.591790515326,1,87.79446007946912,595.7310533740769,5,8602.486307168092,1119.8492005788235,0,0,0,0,1,3,28331.534469039827,0
10746.175807065363,17068.1701644917,0,95.34744189603944,96.13007760898591,2,8697.343628314324,258.68319972142666,0,0,0,0,1,2,40289.91353059396,0
15583.610961399825,24768.34584380634,0,210.50686098824724,480.12716651822376,6,8462.630975867802,848.8429326520821,0,0,0,0,1,3,58446.89644052549,0
540.2144412960358,431.88451113732725,1,26.748498735277707,464.5963698107887,3,63.26466634862289,701.4648352681843,0,0,0,0,1,2,356.9674323769714,0
208.24363399126483,80.10233702848879,1,12.190769959046541,290.5208478878402,3,33.583263536439915,605.248802407215,0,0,0,0,1,1,279.0327261141124,0
179.43709938879078,90.6226201295967,1,67.33202657885168,93.00071679656952,0,149.46418831017692,144.5119383111926,0,0,0,0,1,0,293.9344239226723,0
462.4742260927441,323.34907225543856,0,29.59275963400994,234.03613176245818,3,311.4336578784309,295.014691724615,0,0,0,0,1,1,455.54088147536606,0
403.9073517486448,219.5499019330033,1,38.70778639854339,375.2262258715408,3,135.47641302699049,821.2982339552764,0,0,0,0,1,1,531.9110866325309,0
435.99504581573643,363.3086669391621,2,49.04157442804747,210.56179516278468,0,48.597858949309455,443.7356997304016,0,0,0,0,1,1,206.44026793835747,0
398.19456151214655,263.5210215804103,1,56.96675527609929,135.66895172800238,1,50.31393598060183,644.7405599155404,0,0,0,0,1,2,291.3191319090494,0
542.4342501083804,591.4715067402393,1,20.029148737678305,164.21408394759075,1,105.75000059758604,475.79831130304717,0,0,0,0,1,1,274.6070195290431,0
576.8970087276001,509.930421063144,2,14.9240663076034,210.76777798184443,1,90.20055474012004,400.3233977081605,0,0,0,0,1,0,531.5952990942673,0
498.17413922372367,482.17386122144416,0,74.79516679369779,202.07509730235597,0,56.80764311782652,615.4234381342606,0,0,0,0,1,1,241.78848782005224,0
928.5816356372795,1348.850139728419,1,43.88426162306405,112.62022522176387,3,5.368477305301967,692.0236011257786,0,0,0,0,1,0,143.63814536848813,0
1781.471583747665,2746.6519056193747,1,65.55981932452907,442.9664140763143,0,380.9785302443632,778.3045158862775,0,0,0,0,1,0,358.8918805521503,0
306.82542213129335,175.13115511904388,2,123.83369792535521,275.41436155653514,0,480.66855804236536,514.079210481239,0,0,0,0,1,2,241.64068885918476,0
619.7531066552895,571.0294095132168,0,89.10699509426303,474.85355506174363,2,206.7964831721682,1088.7026223183102,0,0,0,0,1,1,414.90141475156247,0
894.0753464542452,835.8349208502352,1,22.176519121140615,589.9135238826644,1,144.19082794148076,727.2138503912355,0,0,0,0,1,2,630.2664588523046,0
550.0337357338776,373.1157603133848,0,26.337701367698138,358.66498152112246,4,75.1575920906833,922.6830209690363,0,0,0,0,1,1,687.0453949779471,0
1007.1475015330228,789.3359975500124,0,54.073273568566584,422.50464465483276,3,193.91359315500335,800.3773832167506,0,0,0,0,1,4,739.0781130128934,0
833.6319760098955,824.7276926629756,2,22.5556508184223,197.72455975378824,6,49.50206321409399,500.7770051762835,0,0,0,0,1,0,767.8896977452309,0
591.5706756771893,427.6931604052678,5,69.42895047474805,333.14586618560526,6,64.87269406722504,907.10177726073,0,0,0,0,1,1,493.86447371382826,0
1325.1019699171725,1948.8829532211907,3,160.48220355600216,146.34704349832063,5,16.965487016696105,504.60111498364955,0,0,0,0,1,0,258.58787097021747,0
492.78273473003276,428.9140119358568,2,55.49463519342339,263.59685572342653,3,199.7378597939065,463.71002072229237,0,0,0,0,1,0,482.969075145352,0
276.0838641348117,91.54266224744984,2,74.84114110540706,252.76190487676587,0,370.9572709303752,813.4424513760578,0,0,0,0,1,1,361.2992242643751,0
341.39290627279763,239.6163150792629,1,145.280573657594,162.02349644107625,0,575.9875621329153,346.64116974026496,0,0,0,0,1,1,183.6167495636155,0
475.2019253098842,461.48332444916974,1,72.9695575304825,152.96870538484256,0,409.01147087236563,560.1680597674854,0,0,0,0,1,2,127.68054948294767,0
847.2636951806896,945.6279969516241,1,103.82811129263415,122.64308214322067,0,476.7239664112549,402.01070509766413,0,0,0,0,1,3,231.41639270652934,0
4517.069571854754,7440.684019743637,0,147.47968909508162,186.80390119823613,0,648.2985024030347,372.6149690330025,0,0,0,0,1,1,245.22375705769767,0
475.70681060003994,526.3379190283065,1,86.59943017590693,386.0859168609975,0,531.0070256588564,782.4921769812445,0,0,0,0,1,1,144.82960225810967,0
355.87244093974607,265.95569296570227,1,102.58084007525594,126.32835531511901,0,877.0609244936314,372.6790666004744,0,0,0,0,1,2,129.8614774662076,0
593.8918442448219,666.4361229522077,2,89.55688567229188,463.6515542617778,0,502.0139890678561,1153.3451310022372,0,0,0,0,1,2,103.2565893356404,0
250.86518999359393,132.4962527118761,0,127.27279115888416,416.1113616295752,0,609.9953750447717,839.2319132472744,0,0,0,0,1,2,119.36930114880647,0
318.91599548158035,133.35693941078483,0,72.76547872381279,444.0247772884364,1,468.6865911184078,806.9726777998524,0,0,0,0,1,2,156.83335587498505,0
610.37964044651,591.0701718535057,1,24.946736799729003,432.94326858085157,1,164.4117734775611,1155.552737128984,0,0,0,0,1,1,188.18833470883976,0
365.93051824429693,254.38974984131264,1,176.17343025463828,186.53690651880453,0,667.1814398420004,348.76511131594293,0,0,0,0,1,2,121.62117704111839,0
775.7597126821706,736.7984382171861,1,80.95939943787576,73.37373946149899,0,500.2362047153696,429.98645152489377,0,0,0,0,1,1,633.9548316323081,0
498.0294696324159,565.2618859822967,2,96.59127769129547,394.19391993361694,0,479.8189401876576,784.9983311529408,0,0,0,0,1,1,137.22858087088247,0
412.6994283414853,313.36001307122643,1,48.87761369506136,332.42628149161396,0,362.3122894430959,1137.3506356068772,0,0,0,0,1,2,193.9794815681019,0
537.1581586233792,465.8993522830848,0,22.9843541756708,387.8883490217183,4,25.918021442775512,688.880126765559,0,0,0,0,1,1,578.3864695118195,0
508.89702979864035,620.6276952110936,1,62.16009296766944,413.1526904387187,2,50.11647644663667,572.4903418133608,0,0,0,0,1,0,232.33943290431446,0
236.71956933769957,150.76325393776096,1,20.35001190922854,365.3744424453837,1,16.611691197279534,424.0652183507931,0,0,0,0,1,0,181.17640295199897,0
412.45250636517306,277.29066898441494,2,40.99259899781647,138.54577576201527,1,387.2789331365066,541.4450681769115,0,0,0,0,1,1,367.73569748058213,0
217.20809214168244,126.2340685230642,0,109.60547169351496,425.16316324460826,0,339.08205182667416,684.5291004950079,0,0,0,0,1,1,194.07162165167728,0
174.0308149717762,143.8982013185885,0,36.9954327154944,51.83200944415799,0,56.44162544210401,205.83112775409475,0,0,0,0,1,0,412.1914693196486,0
177.0592217297809,95.68864605298317,0,20.842964324416318,304.7630749531278,1,41.32410868126428,587.1792643762899,0,0,0,0,1,1,307.4473710577491,0
399.8279115993235,160.65910174821926,0,73.98137372903888,237.18602262385576,2,58.98874947118237,423.75599696200817,0,0,0,0,1,1,634.5661827258022,0
478.8486225766309,496.58200569874595,3,58.8015670805885,83.62131921950538,2,221.69105767953317,466.3381667638331,0,0,0,0,1,0,214.27994558478326,0
464.76457449966233,257.91866576014564,0,36.845209050928915,288.39220731337025,2,279.81507089257445,806.6268744647323,0,0,0,0,1,1,719.9269943594319,0
515.1208571669107,341.215168817745,0,71.66130237358156,219.84674323443346,2,145.4413585879775,775.0077207879858,0,0,0,0,1,3,326.62020044088587,0
260.3275777516193,194.4524423486801,1,18.47238549297166,251.1245678997778,2,173.03730076884273,762.0541989516664,0,0,0,0,1,0,293.5001883329623,0
1206.953218093325,1777.0054569423355,1,121.31174237189795,101.09272670286613,0,625.4188412625888,488.7445633148012,0,0,0,0,1,1,140.57108026711757,0
299.4709551769851,167.39522652481543,1,67.20587362069452,231.66949851847107,0,77.278958170641,1026.7370390395436,0,0,0,0,1,2,152.78932459964196,0
457.54641872909997,375.70757728840954,1,57.27631012723526,227.94413784727706,3,66.16967766206552,692.9689293210921,0,0,0,0,1,0,608.6293192734383,0
1820.7262710095326,2793.4222186122934,2,77.9325080855885,291.85538799889287,2,399.02134945378646,880.9444283976145,0,0,0,0,1,0,439.7657144297154,0
321.1625532428091,170.4402680800523,3,88.50976090066385,104.49530853156378,0,541.8004355271553,479.0437836024045,0,0,0,0,1,2,221.84907742691357,0
638.7856033464213,684.7111800804806,1,60.382997208743454,322.0363099304752,0,161.96941726289162,960.2133169260399,0,0,0,0,1,1,224.23051670199226,0
531.5529152049547,387.45580698503665,0,139.47293133460914,398.8781376205542,5,48.70304945973147,853.6468899825618,0,0,0,0,1,1,402.4595520476223,0
709.1632411494227,601.6315362700869,1,47.09011311003941,528.3911937153425,4,41.23511180218717,719.8522867476195,0,0,0,0,1,1,597.8799335253998,0
541.574941940987,292.5318948887832,0,107.35997016623679,371.77874875831077,6,59.75210159600927,941.7165612540059,0,0,0,0,1,1,712.6274260736645,0
909.781332266256,1016.0592265622162,1,32.108093387482505,433.25523015320874,1,90.42645120293822,809.5287569123724,0,0,0,0,1,1,167.4348279084911,0
420.17687771033513,261.1787807864906,0,151.6848990189318,257.18765527890514,2,334.4509123057603,821.7484608424363,0,0,0,0,1,4,334.64336861029807,0
878.3881027290448,918.6037287015312,1,25.98796407878137,597.9024512123503,1,149.96293937814994,746.2627671907177,0,0,0,0,1,4,200.51207785611115,0
891.3296447456739,1218.9727466620757,1,104.28541062337843,261.0929795842546,4,43.93387279639143,512.0283086975732,0,0,0,0,1,0,319.7195473070261,0
1609.356321088503,2086.1493226322323,2,80.43672067475237,515.5273643499302,7,113.44340358368855,750.4506639403652,0,0,0,0,1,1,742.8723947415849,0
740.5713229381382,737.6762843993315,1,25.4367185658599,554.3839392436322,5,90.7499389219307,710.1286921112753,0,0,0,0,1,2,515.548189183629,0
466.53630801586286,251.19527362849962,0,23.807912313806888,364.3822497194143,2,44.28495112310174,978.0531581326356,0,0,0,0,1,3,453.31459516374963,0
1191.2429218230307,1285.1720466799302,2,44.98818602637783,375.86845589130877,4,57.2479150981646,1026.6665143386508,0,0,0,0,1,3,628.3533290723665,0
876.2806035677397,863.0301205837295,2,86.53908230898706,155.72664002576337,7,43.49983489432868,989.0606432839209,0,0,0,0,1,1,697.1986182096498,0
829.0228360005236,525.9728551674962,0,131.47199280902998,461.37312526737486,6,102.22078653002204,814.6313456808793,0,0,0,0,1,2,538.1129116103925,0
719.8720926728126,599.4103842609916,0,65.4409658474263,343.25378924228437,1,210.87630533360056,1025.1570445411176,0,0,0,0,1,3,461.76231152121585,0
356.97472377745015,229.63129394498674,1,38.91954109653064,163.29075872504387,0,431.8797829622458,500.4252099090928,0,0,0,0,1,2,240.57533738263004,0
310.44372682969333,155.07569761167812,2,65.19859625794922,194.63672291182877,0,752.9439089736029,914.2850908854374,0,0,0,0,1,1,359.0887033951863,0
1039.3693955496049,1249.4342009116756,2,23.488674312424706,112.65722663764876,6,159.73762855629445,592.261953478678,0,0,0,0,1,0,671.0056106033996,0
3839.5258800595925,6318.032180480435,3,73.9481959856981,162.81651705392431,4,47.2454488866766,473.2779268045607,0,0,0,0,1,0,198.3598524112303,0
970.6398849406031,1320.2064656320763,2,95.19540463340928,102.9536657123369,6,55.93823135575957,640.0783693178577,0,0,0,0,1,0,361.5047202756924,0
676.8505945050283,745.9202953930053,1,32.404891613868344,347.3499398288146,1,155.0264128869901,614.9365889025936,0,0,0,0,1,1,352.7520991576418,0
2554.4595989151803,4026.576480619332,1,125.13871725160732,163.5900876935102,1,211.99736640449112,155.78299269932728,0,0,0,0,1,1,278.85710684222414,0
204.92982383696085,163.53826749709665,1,14.578711601646917,85.41962496357282,0,202.41150171545488,210.06155061738926,0,0,0,0,1,0,481.0794935490061,0
287.8420802937036,109.74672731625114,1,49.2063760670908,251.6076990182833,1,68.79749905769646,1060.2600647527936,0,0,0,0,1,1,311.8863059823776,0
1934.9211258498176,2807.9563879659017,0,53.33383545221281,162.81104590498796,2,124.06450881872846,369.0362190113067,0,0,0,0,1,2,491.44462157791287,0
317.9143479949801,285.8006403350673,1,21.21603687798679,220.24032857047217,2,86.29710112021702,543.3475642360563,0,0,0,0,1,0,305.4479594879476,0
1923.2866775406048,3050.4568719096605,1,134.26739118868034,186.1883228630582,0,342.2419345055875,372.46233696717076,0,0,0,0,1,1,121.90518030307852,0
234.19727243518503,60.3417060432006,1,33.72433095645597,348.1970862708976,2,71.23749012424216,611.2288271478376,0,0,0,0,1,1,139.51561186861267,0
634.308687514019,653.8632025734397,3,146.46520302683624,250.86562525546654,6,40.48262467615725,605.1710811656347,0,0,0,0,1,0,462.7183508176273,0
787.5613275670958,797.4874107144194,3,32.774314059231195,156.61315523468872,1,162.2645640394156,380.3503642202322,0,0,0,0,1,1,745.087215842042,0
5418.73903169646,8845.988502126133,1,150.51170608196003,66.05368089173837,2,8932.266496771483,251.33206022883772,0,0,0,0,1,1,20736.494555795158,0
647.4773241329182,427.25670527500955,1,75.61824713991928,17.014906804780427,3,70.86778922914357,330.413169413014,0,0,0,0,1,3,366.10130146587676,0
712.6570104720798,386.5017378579278,1,27.52882215264379,419.43158885743327,3,91.128575531174,741.7674241629923,0,0,0,0,1,2,527.8887545924188,0
650.0264808507545,319.6579563746997,1,51.76850165238874,449.4894256218504,6,55.16003797978806,622.2714434238308,0,0,0,0,1,3,362.3847905921332,0
3294.253121453225,5262.677628393467,2,104.73174993514162,156.82857271085234,5,30.13263410186926,597.0858217663929,0,0,0,0,1,0,420.7905480594843,0
566.3130401539138,455.53172039602333,4,157.69717219753912,38.63430811150215,3,107.71754317284481,590.5762259148457,0,0,0,0,1,0,743.012732947766,0
255.63009538380922,104.69134482061075,1,41.658143843535875,283.24338963538827,0,466.230027806498,789.591762128573,0,0,0,0,1,2,206.6567918008733,0
747.1320510118884,618.6205190007672,1,12.687473099096094,695.0837738007968,5,54.36019225787201,855.7729899621133,0,0,0,0,1,0,1171.1950540791183,0
608.7205209949311,701.9360573354016,2,98.92421394016603,277.6762753054462,5,69.60185391666798,929.0479722255627,0,0,0,0,1,0,253.21149412969535,0
3361.9830848707693,5316.797861862099,4,72.17353400819032,222.07572069469495,6,62.24209783466822,640.0914874386676,0,0,0,0,1,0,548.873945978487,0
694.2381253232476,402.36810682338074,1,191.4652333494152,355.7181194958595,7,167.35324288666052,789.5283521937248,0,0,0,0,1,1,1142.6087827723977,0
884.5635532026124,657.8530349199168,1,98.57263980186026,509.16782892712723,0,288.2826952786392,841.1008470177538,0,0,0,0,1,4,725.2601892792759,0
1602.4133778606022,2517.5109467621564,1,233.87346381837966,172.03850772105062,1,974.6708847983241,857.4944858189963,0,0,0,0,1,0,187.58189331301537,0
2889.1699707763537,4418.610578172673,3,129.54320434115408,306.5073215967825,3,257.76895825792525,890.5191487631798,0,0,0,0,1,1,622.7525315106179,0
2721.8664243953394,4081.786744507624,2,155.7000664125024,171.9404856791882,7,68.76243314143836,547.7442697394386,0,0,0,0,1,0,709.115132733143,0
734.9946993122807,546.0163776330522,0,108.88272005789278,317.60794603166397,1,251.12615609749034,844.3183287660374,0,0,0,0,1,7,168.49170173795216,0
1545.0056021680064,2359.2961022746154,2,127.03489196400238,84.30565149583983,1,302.5446030036947,388.4858702964723,0,0,0,0,1,0,227.68655899940723,0
3198.6328160262105,5044.285130032114,2,43.915182539608686,371.9261147987537,3,164.0216665205056,970.1100760472593,0,0,0,0,1,0,581.6110967201784,0
2342.2357050981504,3736.0792946810643,2,84.26735918301617,411.21465127814974,1,447.6458342283953,811.8680615915378,0,0,0,0,1,0,301.9710653803269,0
4327.529180867848,7133.170207702471,2,184.7090302433292,384.01285696983064,0,611.910389794399,719.0323971014402,0,0,0,0,1,0,435.6842078216334,0
435.2635782048349,396.543882976883,2,131.77669150939835,175.42480911094137,0,1001.5134414752914,238.50703180782028,0,0,0,0,1,1,357.57400403043124,0
12045.16109398439,20091.742255614365,1,84.91435714448463,166.99550478445053,2,8982.483151268267,313.3132650717757,0,0,0,0,1,0,46841.01545565949,0
632.9977945191947,434.6065102288949,1,68.48390585229258,482.4125146800895,4,175.8907725277139,957.0187034773413,0,0,0,0,1,1,487.023913632673,0
454.4958914137029,469.24382194433264,1,86.30926417795209,496.9089940257297,2,91.90446790396149,783.8879487697727,0,0,0,0,1,2,127.63807195126157,0
613.1816714895948,530.8513519865508,0,52.121557851559025,499.8558402835056,2,84.38871518306529,905.7213377561515,0,0,0,0,1,6,127.73935214642485,0
406.88579468818966,442.4255185476164,3,80.65943163356225,375.0678894462317,3,62.42421710931658,613.7250022569997,0,0,0,0,1,0,138.99863491113882,0
706.3043372160665,874.6832806647285,2,15.590152650488289,323.22734822496346,2,58.28642781137455,786.4473771777389,0,0,0,0,1,0,358.54168486352887,0
302.67948311927984,225.39151461616328,2,60.92911356366663,1.6035616865671718,3,59.72194657682872,125.31248821957925,0,0,0,0,1,0,451.0376354677584,0
234.33308193434135,169.87789504233712,0,108.24355841131906,345.183870038534,1,318.07034228151065,679.7038636942231,0,0,0,0,1,0,349.96078109945154,0
178.7774090828234,136.47574940860454,1,47.46483994676636,108.0138755562834,2,41.56316578517389,586.5478686860888,0,0,0,0,1,0,105.62600265628883,0
516.1495939622351,510.17710293883425,0,14.088552116205962,153.9391069172014,2,33.40793390097867,511.5867862868296,0,0,0,0,1,0,360.41381834774165,0
1573.3539377513289,2344.1541311376855,1,85.2211923783521,152.15001220691786,1,451.54261896225563,335.5009912731352,0,0,0,0,1,1,247.2233188517697,0
487.09565555360507,331.8534391447052,2,60.934984260524395,397.55727812722677,0,87.09378454940159,532.5515385724144,0,0,0,0,1,1,456.41740074666734,0
371.63053989525457,231.9753809425583,1,92.20327526904596,162.30342967153902,3,39.00724640462339,622.0044903068372,0,0,0,0,1,1,364.72488058087316,0
673.5591830257513,453.1915131451035,2,124.71559352210527,282.49581319880247,1,871.720321676692,472.6879860635943,0,0,0,0,1,1,949.7461566237679,0
364.24513581904876,182.35613605530287,1,16.203601321849593,137.27121370031765,1,170.95472762934344,449.9832861480759,0,0,0,0,1,2,370.3571679657449,0
412.07944915282263,276.99239031423195,1,21.099457728289998,213.46560155476436,1,60.65245195845377,550.2012875965555,0,0,0,0,1,1,332.5427636534402,0
449.46065048822743,474.9926437312085,1,62.49518451880668,295.2855765847438,1,124.94155929298888,935.2122887374959,0,0,0,0,1,1,159.89407634994944,0
5606.433204149887,9244.04693864506,0,113.69290630281935,331.94046503575004,2,9023.94885986991,893.3540272689027,0,0,0,0,1,3,21613.777866514523,0
424.9245083026569,254.6678956888744,2,25.40962151138713,98.48929154589808,3,63.197943406410026,851.1462334810012,0,0,0,0,1,0,795.8787299127675,0
681.5605583850514,381.938054437168,1,69.74435635385537,27.460059841900105,3,185.2067494650654,510.15501523688187,0,0,0,0,1,2,822.5865098684661,0
10575.143035139141,14299.422041143142,1,139.0153715083481,230.10024984337298,3,15016.270276690482,755.9192352536255,0,0,0,0,1,1,34904.283411440534,0
7690.9743945639375,10415.329708479336,2,56.40329428824032,233.86900640935175,2,8738.421870207354,695.3665364466624,0,0,0,0,1,0,25382.951560428883,0
282.5164994245317,142.64340215150767,1,48.83132330077698,320.8988910683628,0,155.14611997082238,855.2923851179995,0,0,0,0,1,2,269.75795302795956,0
408.722282199802,467.42537112650024,1,36.63016914812271,134.65113629184924,2,55.928845809420075,970.9545170648278,0,0,0,0,1,0,76.42799488957961,0
407.27638854899607,422.07069751022857,2,82.51587666259383,331.15224108216023,0,523.3876053499564,1049.8782256358304,0,0,0,0,1,1,101.31337454857965,0
506.9746710330925,313.11307763853495,0,73.33739615597729,441.14750728592475,1,306.9470955429396,1028.7336088394463,0,0,0,0,1,4,319.92893701096045,0
815.3310799469425,591.3623296677368,0,13.083595018832467,389.69881016782085,2,22.515920681793446,782.3420543691954,0,0,0,0,1,4,689.5374623146108,0
829.7611953792803,1176.1535584160831,2,113.96579123145499,99.48949326761199,3,100.82091445308545,574.5829416314749,0,0,0,0,1,0,251.45131125348723,0
383.46705534920295,366.7343672045511,2,81.29012332524826,380.92669774420034,2,79.42267843559192,946.8082539858358,0,0,0,0,1,0,245.6306047132341,0
456.8933350838367,481.40732000340756,3,40.80970590389082,55.32970560679318,2,84.69968653287182,963.9881947599897,0,0,0,0,1,1,171.77568744472876,0
3149.3259721172067,5081.3546395095345,2,78.11611899130267,126.03944025522162,3,99.05561855160903,544.8170436859167,0,0,0,0,1,0,315.6673005495571,0
733.5971828637465,778.9361820794849,2,60.014965166881396,67.27270507045499,3,146.2833964711234,258.0010574766703,0,0,0,0,1,0,594.1141040278643,0
715.2349507170105,746.9611170018496,3,41.758309944014144,183.1588405360695,5,206.35877301364735,934.8152011829383,0,0,0,0,1,0,542.837015031247,0
4961.025397046136,8181.294947798543,2,139.05867518345818,192.23613047430254,6,45.41582760957555,682.4555433691451,0,0,0,0,1,0,383.90772091428676,0
2368.964696022684,3607.2675381989484,4,141.88020544572768,245.644222213222,6,99.94385319357691,481.0596809968797,0,0,0,0,1,0,519.4222861769931,0
498.2910357642841,303.4084610477041,2,54.0158576513392,246.4136552630814,5,53.272010434025276,859.0711966980257,0,0,0,0,1,1,624.6059707352333,0
612.645070606133,586.209633651464,1,94.26392463067826,344.5270839002522,5,66.75295251939542,745.5240400801626,0,0,0,0,1,0,668.380980043424,0
1397.1958550711092,1674.1864527282664,2,126.62065964113918,495.3036120896037,3,79.35469036124127,1004.2226379635324,0,0,0,0,1,2,654.0679788372889,0
829.0851140737682,747.4570368738265,0,40.10016410645271,219.4616510144923,2,165.58204675893634,417.588264762874,0,0,0,0,1,2,639.638739980307,0
950.0845268777173,951.2560127609444,2,40.023828012494064,49.37653597102336,7,407.1848874405653,579.5055938790083,0,0,0,0,1,1,781.9636605982733,0
669.0589688111513,756.8409325454508,3,71.47229467401868,49.6264181667035,2,65.94749954462061,566.7790417157717,0,0,0,0,1,0,417.4727400894378,0
2319.7334834846974,3504.743218071892,1,62.353065301665225,151.7923210990969,1,268.86369480250437,490.94642405283776,0,0,0,0,1,1,558.3569370093894,0
12705.167595005787,21064.511425662353,2,130.96925052010397,345.7929855237128,0,8399.268354860289,1401.206668907361,0,0,0,0,1,2,49184.52689533385,0
325.10736450991016,253.9753016390063,0,70.74024024858,105.30176559860936,0,47.283448971768316,510.52038262300454,0,0,0,0,1,0,424.78691094717976,0
298.31047826992966,263.0934926337359,0,68.05290875885836,190.19071495360387,2,56.44748854265015,689.6170877318282,0,0,0,0,1,0,183.7146765732238,0
676.1085833298936,681.4479166711155,0,38.92254452813836,167.45005080317657,1,18.399141246801072,529.1739344107189,0,0,0,0,1,0,518.8944997191754,0
11168.468530450393,18985.523371251827,1,173.85019342013453,107.75466449017205,0,8711.489948880466,188.15761410310793,0,0,0,0,1,1,44052.34540881932,0
401.7587102317863,314.49173928974864,1,54.94138623878827,332.7139981869498,3,59.00814021942723,803.3579706706952,0,0,0,0,1,1,295.3797149105399,0
560.2205344307241,651.3768236865805,1,71.74856342817945,68.19284707961553,1,155.38674751964606,566.6956786356582,0,0,0,0,1,0,194.6526002730371,0
14369.02444181097,23990.670105801786,1,108.06132492292801,158.4358903570741,4,8643.772237396188,613.4066877287231,0,0,0,0,1,0,55916.343961122446,0
2373.552286525133,3789.372864961863,2,46.44113442888147,355.3507102397446,2,289.6351754722553,519.9040369569946,0,0,0,0,1,0,295.51125832074604,0
2478.0231179531893,3511.1578179662756,2,81.82866284100908,224.14844581975066,1,10437.887903261038,597.0005180249068,0,0,0,0,1,0,1210.1801603525441,0
6551.7827903601055,10636.6861380564,1,250.55420823500896,502.9895559789132,1,9097.87559534257,546.1824994535694,0,0,0,0,1,1,24970.060392427156,0
26209.64210977911,44989.236063616765,1,194.70065040393004,8.899827176692348,4,14189.676406267798,173.51815311204473,0,0,0,0,1,1,104133.25491533327,0
847.6549064425021,820.6219216120653,0,80.56365401050004,459.2908336445011,2,10252.640889323673,780.0450595768157,0,0,0,0,1,2,2256.560154075707,0
507.2533222968083,207.3209867659358,1,33.04491121080429,435.9061625030025,1,265.3077065339199,884.6774590803832,0,0,0,0,1,4,576.906079422748,0
19166.401535706864,32219.68393715703,1,162.0294246519047,455.6790100426112,0,15635.306897070017,1079.9768254271542,0,0,0,0,1,1,74967.62275954813,0
330.8938477795904,188.9857198083521,0,25.079117493918886,158.73799384258484,0,27.38188670525127,226.48837815383752,0,0,0,0,1,0,606.381261988035,0
263.57659076269294,123.65592458099495,1,58.79854196256992,127.02151539596117,2,8.80294301005397,185.46360047810506,0,0,0,0,1,0,291.38297468443875,0
768.5462019773352,736.7571129438325,2,171.4742725190397,507.8471496260384,1,324.1591692760301,962.0597004217248,0,0,0,0,1,2,570.3788523580906,0
882.6381703456893,725.8260900056888,1,81.63619049000184,250.91170218653667,1,528.5174547337789,510.9839936184648,0,0,0,0,1,3,634.4345112735111,0
18241.23256231235,30397.24850021821,0,241.0372775770532,482.37143145551664,2,15649.036902454498,875.1292691069144,0,0,0,0,1,2,70881.8788744087,0
16202.56615034569,26779.28545714476,0,204.07086856992203,136.56811859143397,3,8727.189584626429,253.43639650489962,0,0,0,0,1,1,62575.03228776088,0
481.2008168405059,426.4304571356671,3,62.88796761914618,358.47060919953105,5,44.35808526121894,747.8846340674393,0,0,0,0,1,0,489.5202627362424,0
553.8263724857075,582.3864350717752,2,41.83097635440444,212.1563512043025,1,223.29527113734815,468.50033101030033,0,0,0,0,1,0,461.07012494572655,0
350.41517854774554,217.23896587297048,0,31.71265894300045,432.8766182833308,1,33.18531965468892,839.8077812112401,0,0,0,0,1,4,180.99185027855106,0
776.600325677327,673.3954039802549,2,141.86603308815336,55.94972653729965,1,80.50916317117,489.46336878553143,0,0,0,0,1,2,605.3117115087641,0
440.63712449441635,462.96223473149473,0,40.42970920500329,175.4020250206488,2,260.6923836443936,159.59623447706934,0,0,0,0,1,0,1233.6984601043123,0
518.8652547930154,674.6737466598111,1,79.06373210610582,57.773248448018535,0,298.7089583623678,781.8148040173589,0,0,0,0,1,0,119.6596265880832,0
1689.8508307019829,2150.39370628191,1,181.59635471675242,408.3298733487365,6,9849.555822216502,980.4902337726238,0,0,0,0,1,2,5402.258609394245,0
1301.9840634901223,1935.4679817965036,1,38.22719921529968,267.99061480909944,2,90.57963092443707,904.3792606664435,0,0,0,0,1,0,244.0400041086959,0
513.2404352125684,413.29008446368096,1,59.70133280405608,430.59300511426824,4,57.58522166525023,1140.8926059618161,0,0,0,0,1,1,417.36892830040233,0
414.51555609949935,424.6657529952095,2,60.364545299752166,153.6358168021655,3,44.57219045462743,555.0617351288734,0,0,0,0,1,0,359.373791206606,0
1642.3600211122573,1900.8596939672543,4,56.95062789015469,107.38202900812016,5,9667.052341235127,820.2452766797595,0,0,0,0,1,0,4845.625252957613,0
4208.0025350072565,6903.286779261712,1,131.3669059973908,442.1655326252303,0,584.9390869794954,706.738761620775,0,0,0,0,1,0,390.1709284023584,0
7439.745592570636,12333.072025580139,1,142.1273197932574,430.73054118715663,0,9334.105993704003,880.5125613247772,0,0,0,0,1,2,28799.936201964883,0
29561.763604282587,49776.60355565423,0,305.9720325328827,181.43932675452592,3,15157.497108961561,517.0704713646969,0,0,0,0,1,1,115766.73652782958,0
224.058476073078,137.6198281121942,0,104.73049585560045,391.0998056230717,1,355.8965550443271,922.7981527945415,0,0,0,0,1,1,149.61694734458334,0
403.844003944692,506.0187007190644,1,47.39845940665615,94.7134385466136,2,20.5358380519342,665.8452391614953,0,0,0,0,1,0,139.57027691998593,0
14430.281631251264,24491.596159054818,2,109.16201953455108,292.9240027347035,0,8769.695528825629,639.0471830300102,0,0,0,0,1,1,56849.423230747605,0
165.96603811082474,42.347820797793354,0,34.53646887619022,473.27055629932795,0,7.623287442301397,721.1514371005363,0,0,0,0,1,0,177.8638181936953,0
176.1065814892499,85.0813103603944,1,47.80294042591219,343.5165156570549,0,27.536429743866897,723.7170715265369,0,0,0,0,1,1,89.40177945164874,0
13247.145917667947,21744.287413320173,2,175.38129115073104,315.0921260857831,2,8595.969094484077,768.9077027995774,0,0,0,0,1,1,50892.59222466913,0
463.806103949767,548.4225575462274,1,106.4031849815937,418.23152684762033,0,479.3490823436542,936.7761943318171,0,0,0,0,1,1,110.64627883495966,0
470.67091099303764,349.70019137287153,0,16.540375357706147,368.74841002029643,1,250.68144012465552,385.4719894570756,0,0,0,0,1,0,645.3864256935641,0
13809.02127750682,23607.732430413947,0,190.01598197442843,169.904636903612,3,8845.827808356786,920.7048942342146,0,0,0,0,1,1,54698.74466010875,0
746.2435990002168,592.7059589921151,1,65.99955695656365,151.32666608567789,1,11369.88825726446,612.1237708046215,0,0,0,0,1,1,1480.7995370697072,0
6686.371341388448,10836.535976104688,1,198.71883735759712,86.19617412886602,2,8949.07050426801,96.19040262132268,0,0,0,0,1,1,25451.06513650363,0
374.7677257491369,262.2442248474732,1,46.48279700291038,230.08155772215048,3,48.57653623908118,411.21739129065287,0,0,0,0,1,1,232.34188089834953,0
723.279543746079,658.2491283225709,2,58.15443716720884,235.96903054814942,2,177.99097423823554,721.1555317993763,0,0,0,0,1,0,740.2374500132374,0
509.07068592525667,527.2911456461677,2,93.25324535916558,273.2515382462479,0,554.653264743648,846.2396213454256,0,0,0,0,1,1,278.04481700039594,0
353.8204138925933,317.2779327965641,0,35.05032018495999,320.3468282627582,1,58.089056451320666,1102.9959090963528,0,0,0,0,1,2,130.35101087036196,0
3739.2374793274676,4008.0242591495908,0,90.2360455518785,215.33730983270647,3,9777.348440389505,424.16894612684894,0,0,0,0,1,1,4757.855851062072,0
849.9581959804649,787.421095227692,0,94.47688348645605,475.6610839576264,4,327.0645000486559,930.9764791291076,0,0,0,0,1,2,465.82764435278534,0
4618.660381377819,7614.841953164598,2,119.74458730572478,261.8756195352099,6,16.01201431115145,631.364859334475,0,0,0,0,1,0,302.1700156710453,0
779.8405565739354,478.66487732502196,0,39.153912172180554,418.38851397239983,2,66.97370381976694,1009.5071008162862,0,0,0,0,1,6,611.9530731333762,0
13727.550723196797,22199.213835350787,0,218.18605194367584,452.84352125906213,1,9013.639016905308,1029.9677270479629,0,0,0,0,1,5,52162.80785253708,0
17857.940056686537,22705.072505423617,2,134.5395701483971,214.7421061927202,1,8830.575175091228,663.8220462770375,0,0,0,0,1,0,55654.14667093176,0
26111.9735762436,44634.928191976745,1,253.62718414393396,53.94494422122339,0,15217.876352148734,536.8015219901155,0,0,0,0,1,1,103421.4159705992,0
23948.435116131976,39561.6872870352,2,325.5544736553479,577.6148642730236,0,16051.781799703032,886.0823758839165,0,0,0,0,1,2,92450.82082782967,0
17507.839005213973,28690.71252493033,2,147.97307713155644,292.8240767475768,1,8844.881178478918,1365.3459189558107,0,0,0,0,1,0,67169.53451398865,0
2482.657489580122,2896.878951388147,1,219.54951818296377,174.17754807099988,0,9975.017669641007,374.5688284932736,0,0,0,0,1,1,7282.547723130062,0
8997.774058523742,13705.28532142353,2,140.50052063272534,428.26635559687327,2,9094.069821503746,767.731010035274,0,0,0,0,1,0,32641.32086768516,0
1189.6071077567449,1344.1738931107045,2,111.55363220910289,219.20967833761748,5,69.86867190715802,896.2564364851646,0,0,0,0,1,1,960.6615010606921,0
11697.012389962205,18803.64610654912,2,247.63522025517432,280.8944666719531,0,9459.500177112895,1073.2715353502629,0,0,0,0,1,3,44255.82546946884,0
14742.741663734909,24711.78656421812,1,171.2105902195686,339.9729322109624,1,8626.453697610814,756.3566445966377,0,0,0,0,1,4,57542.74115874537,0
4998.687478003223,6000.205849394629,0,179.10526210429165,255.7829762125234,6,9020.85048149213,767.3245442387309,0,0,0,0,1,7,15262.789919803687,0
15266.508195355129,24886.667736567448,2,277.992666631928,352.6796473575838,1,9490.808158052643,840.0095016501454,0,0,0,0,1,2,58362.18940592041,0
27361.573548661523,45029.27940935805,2,190.16247198220273,227.84681198334127,3,14838.009214121137,1238.3396078697936,0,0,0,0,1,4,105337.92338223265,0
15635.258824593448,25453.79038693036,3,179.50499489208374,394.3769990148326,1,9322.02621673444,1427.711498576181,0,0,0,0,1,3,59702.02538862471,0
11314.99908754027,17978.475768328335,2,134.9162721414786,440.19863381936136,0,9336.072603745897,1393.8211981841596,0,0,0,0,1,3,42433.35617958618,0
16299.54107068586,26698.300711524083,1,183.1086486872967,206.45115281838352,3,9020.507826413888,575.8503836891913,0,0,0,0,1,2,62526.21780343938,0
841.7734955526828,828.4793129975579,2,79.69177828612952,498.0297495726624,3,939.2650168458426,1697.5104417310638,0,0,0,0,1,1,450.21283619222095,0
4826.201821920741,5649.535279152403,2,96.27679304754034,116.44775224695783,3,9954.094402459183,304.2632143664181,0,0,0,0,1,1,4482.873464532528,0
5805.722392321188,7600.683830349429,0,110.64350170620975,486.91088459405603,0,9403.51534344674,1050.7650838178395,0,0,0,0,1,9,18879.629354730227,0
313.76544205526585,204.70853577857056,1,74.28370860773661,332.18257190367126,0,238.32710181758364,870.3935114276396,0,0,0,0,1,2,226.12372741910525,0
873.9442750695368,1122.4885332709637,1,35.14397961413413,748.0939966943974,1,220.3952233530648,1019.8537374637158,0,0,0,0,1,2,209.22704442746826,0
11329.38060595644,18512.27966444102,1,131.71400214038272,296.175961559212,1,8601.59482077169,1194.921237548937,0,0,0,0,1,5,43389.23136695016,0
14639.980912882938,22209.872274794365,0,155.79151532193455,327.645060048533,1,9069.964998324258,708.6429963707844,0,0,0,0,1,1,52946.75640229924,0
3647.840169435441,5625.201481893127,2,72.72989854014195,344.84529355608623,6,176.5376738754405,613.0829026537249,0,0,0,0,1,0,878.3765517156828,0
13281.37553409132,21178.195882318727,1,273.63091758308565,71.23515570386873,4,8808.64149895501,397.762265120215,0,0,0,0,1,4,49938.39548113122,0
2386.3398194691395,2851.7133574322716,1,83.52625946260642,329.01570925653414,1,9774.862199708241,1055.2837086460074,0,0,0,0,1,3,7254.808097399611,0
4481.96572504109,7450.027598986512,1,110.4315098298913,164.83898793418726,1,725.5549009561062,427.2457626800843,0,0,0,0,1,0,317.0495009805097,0
16557.499082387407,27698.27559231554,4,132.53330082109227,155.07529065132616,3,9003.02304539328,880.2413679359298,0,0,0,0,1,1,64525.47909509175,0
3369.8851691164023,5275.59867619041,3,114.82692298630599,268.1421657766423,8,78.94681621670276,695.9766684248332,0,0,0,0,1,1,535.9351021284808,0
787.1488358741866,546.4164119815227,0,275.5167822837173,137.90398511854912,6,148.66420620498616,343.8269955751482,0,0,0,0,1,4,541.6835935288982,0
13930.945429888223,22416.11323233248,2,129.57555350409234,154.8746659391491,1,8823.214019870748,429.5300827515101,0,0,0,0,1,2,52730.46002889264,0
2194.788697685729,1951.8690334273294,2,209.8389478458284,456.8802917508724,1,10547.945147526796,669.1532657224691,0,0,0,0,1,1,4204.419692925212,0
1164.6159034812874,1508.5638270035208,1,66.00777386671703,473.0820286758574,3,11041.669265421067,785.4749117654263,0,0,0,0,1,0,619.0155220754871,0
954.1586948862881,979.941685144007,4,173.95685296081672,254.59224237976227,9,81.6592512441821,687.8693069411457,0,0,0,0,1,0,793.2047485162624,0
1096.1543462701386,1049.0924760514981,0,172.82471797639624,278.1024192555119,3,229.14389049729283,689.6326824201666,0,0,0,0,1,4,495.96480115610103,0
14725.52423251046,23774.99915857405,1,206.49864389343287,317.4024072937035,4,9015.420947520603,1230.812201884313,0,0,0,0,1,7,55896.57531813881,0
15768.431437377298,22201.791780272324,4,163.21616481884126,127.93860005485197,4,9190.312319750989,440.7397310232509,0,0,0,0,1,1,53754.14141996189,0
877.6348569245242,852.0302349992945,2,138.015587988442,185.4015645312918,9,54.71361585194738,1071.5730762126493,0,0,0,0,1,3,354.5968515326366,0
13301.602570942561,21079.721240073373,2,185.38070978750167,465.8460737672546,1,9361.323557992333,1053.8633077458076,0,0,0,0,1,2,49762.32929900826,0
1073.4105632340265,1474.2108901596962,3,106.15468627841665,55.92969916238256,4,81.61319123274677,573.7301634505941,0,0,0,0,1,0,284.2521405527387,0
1513.5097027438317,1953.7907570584114,0,190.9317994536295,376.28110038396613,1,944.8337065747794,1103.9060890900148,0,0,0,0,1,1,774.7965423811108,0
16544.548375250186,26206.041062904274,2,203.44127860489687,201.8427942252819,0,9380.22322808206,261.5226943682774,0,0,0,0,1,2,61864.508415867684,0
15065.096771014962,24380.26263942667,3,141.2699489985468,252.7949410962928,3,8748.100640433251,994.5498591201994,0,0,0,0,1,3,57272.73391820831,0
21892.43199592741,26316.67255172051,2,170.61977774297642,276.54841454097317,1,9218.610122655486,431.32319411252706,0,0,0,0,1,1,64626.481199848145,0
19375.818372758153,25638.174693558707,3,312.7628596045946,254.98607323948784,1,9402.208623277409,417.68225393297405,0,0,0,0,1,2,62645.062503003195,0
13868.777744513516,23084.724274801672,2,197.8095219595183,240.668476501824,0,15706.698580562024,639.1832563343734,0,0,0,0,1,1,53846.43571217809,0
929.6776467915337,1265.9544738653187,3,171.45519628907917,560.6922015803639,0,690.9071884448923,805.2476555320777,0,0,0,0,1,1,161.92336622588948,0
886.6027431017551,654.0910216568915,0,53.42645890863314,580.9410798883052,2,173.49744095460545,1203.752051930921,0,0,0,0,1,6,533.8808088441555,0
1159.9897013216578,915.6599694329558,1,91.56369829105198,499.65799864972877,1,11233.633906656803,909.3499162110425,0,0,0,0,1,3,2498.430213684282,0
14001.451705379119,23254.17012642132,0,140.55947886270965,490.666860828327,7,16856.93387431874,720.5553528477237,0,0,0,0,1,1,54271.79907010995,0
13087.564419514092,21288.401252852364,1,137.97417375362573,300.27314837705836,1,8993.255666398234,1165.0498714963126,0,0,0,0,1,1,49937.14628148089,0
8109.05200601371,11356.189845740155,1,82.86429348193839,436.02064307813475,5,8956.605316837436,783.8822314566696,0,0,0,0,1,6,27688.47492969232,0
14882.720096623687,24673.15676918632,2,158.1401496400581,160.4391810127006,0,15445.54618271206,492.2121467357406,0,0,0,0,1,3,57614.7378385983,0
4577.392398425057,6462.346658453142,1,269.67157457507676,483.9989152020403,6,9256.142007834862,839.7220424200498,0,0,0,0,1,3,15732.527544276163,0
1643.816886444677,1435.1956862165853,2,254.5541312146612,508.0095803358821,6,10039.403817636517,675.6370245683256,0,0,0,0,1,2,3851.2199125573634,0
14395.724641225108,21697.782827622195,2,149.41457638200689,521.6466375270884,2,8653.361998826138,1027.4634317194798,0,0,0,0,1,1,51807.1279549783,0
648.5811694135239,416.5013605299947,3,66.18620667653119,211.27069604866767,7,73.77747900310936,1200.9539124701541,0,0,0,0,1,0,835.0963069998259,0
607.0779668365133,446.10574911369076,1,161.69055566412294,299.170900942082,4,774.0671244660914,478.99329835892706,0,0,0,0,1,1,536.3044263078735,0
15935.09373624278,26208.236668880127,2,228.5086544465475,430.0501982764803,4,8715.028025132851,1198.068441955282,0,0,0,0,1,1,61322.13005793251,0
399.0159246295365,291.8478839731607,1,62.30981015496045,121.85725267854272,2,306.1770368944233,634.4436075976726,0,0,0,0,1,2,854.4108401959857,0
1006.2778568854349,1070.6900049730684,4,59.438247279618786,297.61567690804225,2,254.1947304475784,618.6609914080639,0,0,0,0,1,0,861.7727967906801,0
19303.00771094414,30489.268946364566,1,221.42323799315932,442.85390431359326,1,15101.24866083147,1103.2687614207293,0,0,0,0,1,4,72058.21127759891,0
3266.229272727195,4069.5576215903548,0,95.99578468755038,501.26234274161686,3,9561.725218955293,855.750749045606,0,0,0,0,1,4,10236.240643726971,0
978.0691550624688,792.9515881496208,1,46.34884324707963,220.84346184927014,7,133.84402851762283,994.5749871389869,0,0,0,0,1,4,642.6810808801836,0
5020.175583593594,7542.095019124414,1,276.95780067598986,180.8585110542236,5,9328.327152864502,1107.0761553247912,0,0,0,0,1,1,18046.732039487644,0
8235.314142475778,13366.86084173805,2,224.37544075608662,507.54331025004103,7,502.573672910468,1011.8298328349293,0,0,0,0,1,2,1044.6445885466676,0
15256.443472186469,25050.035845392726,1,232.14356641032455,421.2624634669852,3,8690.55761774185,182.57416376661274,0,0,0,0,1,1,58632.29960209262,1
13767.410231390017,21023.238546617577,1,140.2642744909303,128.36964544447812,0,8383.480024891647,420.5836425653408,0,0,0,0,1,0,50038.152811097796,1
18723.69043029852,31926.978412693894,2,134.62201553820069,341.09315757856274,1,13623.082973536846,771.2863049717815,0,0,0,0,1,0,74022.02020629254,1
34715.35842333534,58975.854760903654,2,138.63718317942738,393.2436136208263,3,19328.154162930445,484.1747231030242,0,0,0,0,1,0,136857.926694357,0
27792.271869282915,45371.78123533428,1,287.8860905544725,266.0192351299227,2,14610.779042686587,242.70257259300996,0,0,0,0,1,0,106315.91727596217,0
26845.747893691947,45219.532356102136,1,123.06795495981329,431.64247986841076,3,11206.66211629825,395.9711914836863,0,0,0,0,1,0,105158.62245923476,1
26928.16877954281,45498.309231684645,1,296.3241657962571,29.232012442525686,3,15028.751901137031,270.67691126693575,0,0,0,0,1,0,105725.6853700713,1
36563.37193586166,60592.00692290935,1,390.30922164726945,195.11469124343685,1,19454.954860233338,649.3452633187609,0,0,0,0,1,0,141465.84126383555,1
30044.049380980407,49379.96180644273,1,188.55655203172373,731.8229618547662,1,14137.348163405859,709.9732291590237,0,0,0,0,1,1,115530.224804103,2
29788.56634539249,51013.80685953581,2,79.85749008297634,88.59905169434697,1,15817.37864963995,266.58763635946127,0,0,0,0,1,1,118146.99133976082,2
32404.887051552603,54129.94489307752,3,606.2397440464404,66.60487222582611,0,13850.901551981402,351.8315176788502,0,0,0,0,1,1,126143.14119820675,2
30201.767920662784,51175.24391877261,0,225.0816756514698,111.7140325830133,2,16520.8370160185,292.5385922195954,0,0,0,0,1,1,118836.66763107495,1
23851.194358796052,37222.56567755256,1,389.9668337980613,614.3358117391758,2,16787.10391923546,402.9800917063274,0,0,0,0,1,2,88191.06928258526,3
22176.6051348121,36746.9112889337,2,354.5558486167549,734.1043760262218,5,20306.021681317885,405.19978932518825,0,0,0,0,1,0,85797.74047491126,1
28056.92159811496,46052.64754076881,2,213.29796796744944,91.7702379224276,2,19650.428599936688,341.0665680795285,0,0,0,0,1,0,107778.40407411379,2
23906.65214039241,39592.054632862884,0,97.70059662661984,241.34186182833002,2,16139.077348059058,125.57713200847066,0,0,0,0,1,1,92463.02219374989,0
29194.354674521175,49553.91240728068,2,303.2166850848201,157.5526028342387,3,17626.464881595795,344.68558309826585,0,0,0,0,1,0,115018.56694736569,1
29881.212493054805,50471.171955149686,1,254.21037216280456,79.41876906298448,2,18849.34570214421,694.2177432887953,0,0,0,0,1,1,117292.82470885653,1
25800.79332541176,44002.42907570089,1,322.00679056105366,299.5636838711929,2,14436.680896259379,295.4332878797371,0,0,0,0,1,0,102014.14854708216,1
26950.2023818785,45201.77649964177,1,384.9538966624412,418.39575990950857,5,12441.248705858474,326.8384832726986,0,0,0,0,1,0,105230.26376449093,2
31022.383104820543,52936.54979899531,3,281.93658178810017,65.26814466373368,4,17628.13039245877,192.75140655960706,0,0,0,0,1,0,122709.5117958902,2
37067.812103712444,62743.815185456486,3,275.637899330864,232.179924892551,4,18606.565398416067,373.7231353520987,0,0,0,0,1,1,145735.1569700442,0
25220.805764896035,41749.83358674795,1,262.5965064249883,129.40503573210694,3,18500.931711677833,196.42249341057433,0,0,0,0,1,0,97506.06058757534,1
30991.555041380918,52139.38699263053,3,368.18475874215613,60.528790983133206,0,14242.389274742014,256.01234329468804,0,0,0,0,1,0,121286.97710076587,1
28273.255416839685,48423.26878139201,1,536.435304529095,29.10222148341086,0,15691.264698767898,41.503811787714554,0,0,0,0,1,1,112144.68555069216,1
15641.414433440925,23607.36051586199,3,276.1922157322424,512.1010161575771,0,15003.335192697548,447.8604186718155,0,0,0,0,1,1,56347.260904150535,1
11173.075542479357,18838.326966870954,3,363.69712232132827,68.16484496138884,4,16587.27452581776,253.29354940801284,0,0,0,0,1,0,43800.79736598907,0
16437.634051501944,27399.849083336998,2,303.0044811198653,29.01840238823457,2,15266.370207844922,260.1841350397084,0,0,0,0,1,0,63882.83462621673,0
32235.816971187254,52546.392744847195,0,363.8438643411614,543.5691829238096,2,18388.869906313113,74.6367143539666,0,0,0,0,1,0,123176.89658424663,1
26747.06513768066,44893.72044893551,1,187.63584010206847,226.18703547716564,4,15451.195572035427,177.91964468384012,0,0,0,0,1,0,104493.58417720222,1
28790.879838679284,46300.177555771006,2,217.65037400032105,48.830717789984554,2,14468.279466053766,754.2319776270309,0,0,0,0,1,1,108892.7503034922,0
33845.56713610288,53732.124556874376,2,469.24754720426665,581.6942557776767,4,16550.57955789221,183.90685283642838,0,0,0,0,1,2,126764.48562601695,1
26616.62711725655,44029.61050934511,2,128.4024542988413,330.18523829781515,3,17760.66230024137,445.9012472860886,0,0,0,0,1,0,102847.66967181093,1
33411.63579477086,54199.188183229155,1,288.4361418981383,759.6000869264794,0,20103.79003211965,399.05430500152556,0,0,0,0,1,0,127194.28274792955,1
28565.932651411495,46534.128566359395,2,739.3869917247738,577.214865847789,0,17603.930055151774,522.9355362698635,0,0,0,0,1,0,109095.56122504892,1
35087.16871359553,59317.200448799726,1,246.22879304507455,149.84790152058815,2,15572.301125822125,884.4246996121167,0,0,0,0,1,1,137819.51254984736,1
30240.046335276318,51612.168481864,2,197.85143065974813,86.88994019588606,3,20344.048368781412,285.3031748446716,0,0,0,0,1,0,119632.50124195038,1
34941.31831609243,58643.13323298878,1,168.7799931324141,269.8536706292887,3,19261.743105214977,315.1985034746219,0,0,0,0,1,0,136496.45382245808,1
38394.7817979467,66319.20344894618,0,238.5291499224408,36.46974374590185,1,18876.703973688363,5.936144854981263,0,0,0,0,1,0,153263.00523098305,1
35421.731565812006,59374.191302603256,1,216.21943005607488,152.2164084291825,4,17491.75296739574,827.0815280044548,0,0,0,0,1,0,138241.6031342364,1
34260.798448983965,58370.853845781385,1,475.92603734441695,32.314175586235166,3,17263.156704510715,500.7257029365615,0,0,0,0,1,0,135357.9987414191,1
35065.73721453002,59792.61636838612,0,186.21026047654658,461.6898173324988,1,17422.51859406133,239.59294925970042,0,0,0,0,1,0,138624.80425407205,0
35213.63555601404,55353.22175024168,2,270.59434020402944,369.15418335784796,6,17174.8662158978,1366.3017087950288,0,0,0,0,1,0,130849.5494425437,0
37518.47190537658,64449.64918522712,1,465.3917166163801,134.15437206274734,4,19690.597924653008,930.4296017454259,0,0,0,0,1,0,149147.5625586231,0
33185.00139346147,56022.724967684066,1,260.52873230701687,414.5222375579785,2,17367.286799678724,595.9158176321384,0,0,0,0,1,0,130207.89094003272,1
34844.292755485294,53635.34495782217,0,705.2878720968412,40.92113569338588,2,17836.985993138627,1056.8709399367642,0,0,0,0,1,1,127406.06260674322,1
34972.830334948834,57616.611558007986,3,304.9097278790888,409.7620441753643,4,17741.946442947254,150.38572114501787,0,0,0,0,1,0,134714.71668078576,2
24951.441953123085,42308.90454203507,1,247.99981084186862,62.41623108919572,1,19293.35623541588,298.1500174611093,0,0,0,0,1,1,98230.47892841772,1
30671.20684791308,51290.60695126533,1,253.71193971829803,92.47326668823838,4,20469.058963660264,162.61987121833513,0,0,0,0,1,1,119494.02864130521,1
29476.496412146887,50437.32248296127,1,210.05940365702946,113.83107729028681,2,18608.33554674569,327.1349462195223,0,0,0,0,1,0,116834.51505665446,1
36564.022109953425,62110.33841908363,0,192.94619307834984,438.91435441925466,0,17949.090252702048,397.00714104834015,0,0,0,0,1,1,144138.92883917654,1
36260.006919088046,59083.28650767668,1,187.31472925278905,208.23408887056178,3,19880.90123834088,1594.5467916933037,0,0,0,0,1,1,138515.94084203517,0
31235.503947627854,52432.99309972941,1,114.63162340432301,432.3731764102101,1,17731.794651526245,438.2043352683707,0,0,0,0,1,1,122037.25188213147,0
24685.573857376163,40683.10223888543,1,52.298367348004746,422.96507365608903,2,13855.413796981547,173.78882325640242,0,0,0,0,1,1,95122.21268606861,1
19464.34473560302,33255.95672545407,1,196.79000783863296,130.87642303664526,2,21842.966226017314,218.55613749580684,0,0,0,0,1,0,77064.94537832687,2
39445.93007069479,62490.1491344198,1,373.06037087421714,17.034036601016165,0,15336.033865634028,1216.968344902126,0,0,0,0,1,0,147461.49572102935,2
27085.455303393315,45739.16649417095,2,294.8199262109991,208.20555707525585,4,13815.156063996239,383.84141572888433,0,0,0,0,1,0,106303.03901287015,2
30071.64024864828,51641.74946065079,0,377.01353088135977,58.5069176426731,1,13788.206712919786,217.28951132238416,0,0,0,0,1,0,119517.6049252589,0
28410.447755779198,47546.602860673454,3,157.2677726019943,258.7959478067367,3,14797.858921657993,899.0249112400729,0,0,0,0,1,0,110745.3327716694,1
29069.48401560899,49206.74481878862,1,136.37525326000957,103.69186858934778,2,21307.01939286859,775.15437274529,0,0,0,0,1,0,114290.92773639638,1
34356.02985164856,57897.249687492076,1,351.4372390665701,137.95969998463627,0,14886.648691266439,434.27590358213905,0,0,0,0,1,1,134628.6868112929,2
40843.21827167952,68772.39941985888,1,256.1743622324952,86.69579698883292,3,17649.48584732168,504.1670266802791,0,0,0,0,1,0,159943.7114648943,1
37216.46234025471,63828.030488858494,0,119.52329044167415,89.91582314011194,4,17269.70641254436,55.70817671622692,0,0,0,0,1,0,147769.10199682706,1
28586.387928487853,48885.26297288832,1,542.8501758396269,53.33111487249206,0,13506.235569558889,150.3908005130585,0,0,0,0,1,1,113257.75081219643,1
30288.504848648452,49672.34398049262,2,217.3159460141953,475.94268718583794,3,19076.395792293013,417.2270408465594,0,0,0,0,1,0,116268.78662473508,1
22093.365596526168,36654.523483394674,1,163.81463041137027,349.57369458591324,3,18383.40444550308,725.4537350187329,0,0,0,0,1,0,85559.41424596804,1
30142.643692993974,51484.795495586135,1,326.8321913375456,138.63854696410607,1,17159.376831706824,668.2392414786419,0,0,0,0,1,1,119316.10623199891,1
31957.8677861159,50637.31535906383,1,153.48841546981208,105.65465562790004,3,20292.011001408177,1277.490076539584,0,0,0,0,1,0,119485.55546729235,1
37354.21050086378,58260.43693597636,2,342.00013882713847,504.82401865673023,0,20273.399829584316,922.7581010276892,0,0,0,0,1,1,137998.13398282067,1
36624.64839256373,62220.24063989615,1,360.33853536331236,33.00313864614211,4,16425.911255986426,979.4927258705752,0,0,0,0,1,0,144387.38974786387,1
28184.66853370751,47385.665592286736,0,335.1486662065013,49.500060774670004,3,21115.77835955914,935.005576673309,0,0,0,0,1,0,110246.69622009358,1
27870.96831865623,46632.39391354966,1,220.9261271647719,304.9250021853302,2,12458.54619875008,416.6924016293316,0,0,0,0,1,1,108630.45547055214,2
33471.46539896315,57551.332050250305,1,178.04776811097764,122.96681013286755,3,20207.607421194334,199.79606406917173,0,0,0,0,1,0,133153.07422556815,1
34592.60132145287,59434.57791396629,1,508.0031678280796,110.48801171045012,1,17175.320046139816,374.7997975978467,0,0,0,0,1,1,137536.03156164073,0
35071.650779565665,59092.75441745603,0,264.62186213880324,208.2490101252245,2,18250.433496905138,140.25867555084574,0,0,0,0,1,0,137411.9133387514,2
28790.103023685188,48619.16848954394,1,436.543316829645,62.05306767654008,2,18046.934055992486,1077.8507792665619,0,0,0,0,1,1,112996.05057667854,2
37773.82604061886,60720.068797908854,0,115.01564568580777,290.635983196463,1,14811.140937047341,249.9562822799188,0,0,0,0,1,0,142802.00179677238,1
31895.223393936212,54639.37560597092,1,99.89377744647345,91.31656667116016,2,20981.85348174571,398.672453037842,0,0,0,0,1,1,126532.69557176557,0
29568.60722209802,50070.10221496015,1,360.62854912166193,206.965654313577,0,18094.93856884002,841.1595735103011,0,0,0,0,1,0,116286.41926220454,0
37367.219330220105,64582.81073300914,0,176.76932380936944,53.84087894562889,2,17100.637889253252,150.97316768505,0,0,0,0,1,0,149227.92661927608,0
35172.7165139278,59862.7899001029,0,309.01225352427844,189.87259884428482,0,19418.479687628293,254.39403420389044,0,0,0,0,1,1,138855.94456902315,1
32212.984831807466,54847.701122195656,0,367.8047587617497,98.8040545550233,4,18798.745761513324,642.112593971219,0,0,0,0,1,0,127207.8631190235,1
34156.761237899715,58330.21385138877,1,280.324832792292,405.5106126085334,2,17615.501617974627,300.2745570453536,0,0,0,0,1,0,135185.13294680213,1
31737.139867279726,52289.15332996887,0,285.4816865320945,250.07179026213075,0,18856.45040132445,602.6613235510888,0,0,0,0,1,1,122264.44005093127,2
24214.21292903459,40335.31590758341,1,78.84277311159609,523.3548585835495,1,11164.063515843665,367.14662395569394,0,0,0,0,1,0,94059.48265335083,1
28466.97075141098,45402.08183506408,2,95.26626009535882,325.34177254184476,5,15172.869958109244,517.958274348494,0,0,0,0,1,0,106978.12788566682,2
33644.21538016639,56432.9335148628,1,398.8400886445461,326.24200877227014,4,19503.27197633467,158.91890986644026,0,0,0,0,1,0,131371.6899292335,2
28926.29414202675,46835.17357391046,0,144.76232887003346,556.078991421674,1,20327.94013682726,215.78712463256016,0,0,0,0,1,1,109970.10646766666,1
35236.74488608351,60549.35082528436,2,254.93764807189652,16.496540264609337,2,17821.579906636776,255.24483404940904,0,0,0,0,1,0,140110.88290972024,1
32011.818328575868,53152.349588450066,1,499.7046432201749,37.41864523195593,4,17905.495403666464,233.3802695176099,0,0,0,0,1,1,124051.63344368598,2
35683.849270764644,59549.03697787183,1,263.3716599402767,28.230881623761697,1,19207.26228011645,778.6725716134074,0,0,0,0,1,1,138806.18295587675,4
29540.608776918107,49318.11643028489,1,112.56031063355226,277.0757568773859,2,14652.792385822722,497.8804945873332,0,0,0,0,1,0,114945.59010176019,2
39054.005283152655,66653.81974962271,1,470.63284463898646,492.6621389761391,3,19590.753905061243,451.46287221207115,0,0,0,0,1,0,154497.90852234844,1
41055.60516316778,65343.718306959265,2,140.99563067013744,65.42839806489044,1,16183.861707568918,785.7734285199698,0,0,0,0,1,0,154047.7119744646,3
39767.96947083758,67118.15774639697,1,440.5711011757045,312.6787816742675,3,17530.103045523552,692.6881121927629,0,0,0,0,1,0,156007.2181159504,2
29666.268109932553,50714.488973240426,2,442.17879141095545,76.67366089963629,4,17817.96223428246,413.5586281695349,0,0,0,0,1,0,117505.39217105738,2
34717.54264740234,59148.25198875456,1,423.958201082499,118.35897933669435,3,18711.518491410858,317.0828049515226,0,0,0,0,1,1,137162.69164548835,1
28363.913256023414,47546.85601893762,1,192.78993053390107,368.30314166384335,4,18636.249730428128,183.67480831258672,0,0,0,0,1,0,110701.98003486398,1
28807.54772025923,48725.24726543989,1,118.23635401391215,168.48266009835433,3,12232.772254133752,416.5718618392364,0,0,0,0,1,0,113194.24722286852,2
32871.355281683725,55970.36765599664,0,229.19139909029528,204.24939800041406,3,22378.387443988075,409.48077727650843,0,0,0,0,1,1,129812.46595452572,0
30460.933329416017,51947.71006752867,1,369.02270616611384,56.82953408709705,3,20373.510084153255,277.86872918983266,0,0,0,0,1,0,120434.3030431288,1
33365.91015196399,56657.57578946935,1,140.8200895938995,102.8250364940825,2,18088.884782665955,394.59940891380967,0,0,0,0,1,0,131494.54459960945,1
30296.559239741444,51978.43528115634,1,240.83681847928375,34.85994612512081,2,18189.901280192105,165.22637570371802,0,0,0,0,1,0,120325.64820047795,1
38317.749329342696,65555.13118123055,1,575.328176717237,43.88594293935576,0,17208.856628576763,99.38968374790429,0,0,0,0,1,0,151860.9586971958,4
20669.7449956829,35521.28397477345,0,13.47138118292415,122.50394104772435,2,6025.084860520168,112.24299179316186,0,0,0,0,1,0,82194.29234696798,1
34336.0673560387,58976.758285040865,0,250.81794173663368,93.18651949289713,0,19248.04654760767,138.0084215503328,0,0,0,0,1,0,136486.43574801856,0
30271.828864463216,51766.1012913723,1,123.52485167149987,105.41421342869977,0,14308.021780077346,98.0234179153965,0,0,0,0,1,1,119932.63865822244,0
21997.68265621718,37778.590092416474,1,279.63801396079316,38.508201327614046,3,18341.287767658087,235.01897750246385,0,0,0,0,1,0,87431.97066438333,0
31563.897554943676,52968.674255269645,1,511.73699331795774,47.66344093896416,1,17681.482619612136,101.47910966806293,0,0,0,0,1,0,123292.05413805574,1
34438.91840266297,55531.5714704576,1,299.4642460249245,716.3221757563949,0,16147.402115483474,367.48337384488684,0,0,0,0,1,0,130506.95064267259,1
30174.56534852356,50617.136590765396,2,152.0541007618965,268.4863226043594,5,16840.757982665906,411.57397962536066,0,0,0,0,1,1,117833.88817957924,0
32093.38561373249,54434.02878082495,1,241.28425658055264,216.28882041198554,2,18202.76594022625,451.53164604472204,0,0,0,0,1,0,126370.36868988388,1
36172.66319492479,57663.79855739922,1,469.5280796708128,177.40371046569754,0,19209.14248786032,305.26550460119245,0,0,0,0,1,0,135878.36300979808,1
28842.651753859802,48151.411589315714,1,305.4300631383062,450.4614564317275,5,17731.718159055985,477.52576325519385,0,0,0,0,1,0,112220.95942619565,1
32290.74400328587,54896.551254580765,0,316.8784638570371,266.90059256140444,1,19627.363236008852,297.01935832029676,0,0,0,0,1,0,127368.98152902866,0
15357.635455549544,26183.930054236145,1,413.59800586888764,107.16382060794928,1,9861.571704746191,268.80941585988785,0,0,0,0,1,0,60709.51213321695,1
33687.00885260658,57267.50830032402,1,204.67902363057868,285.461921501673,2,19303.77561520884,271.94580796316114,0,0,0,0,1,1,132873.9025319927,0
32902.50305463045,56659.08996053637,1,297.7721052375557,113.04919467176599,0,18775.915462965815,254.05189760600567,0,0,0,0,1,0,131038.90555911214,1
40137.74611382627,68499.7857356677,1,195.90896918390465,55.07383424627121,3,17113.54575318161,295.92257816920255,0,0,0,0,1,0,158780.47745303324,2
36660.972897501466,62164.320990439075,1,307.81835491303997,32.342607908603256,1,16706.54346027496,238.0249768711688,0,0,0,0,1,0,144325.23290090592,0
40220.43671758347,69115.64438302975,1,371.19947276743073,239.8112352961419,2,20309.389940855996,447.81287850068054,0,0,0,0,1,1,159932.07755309885,1
30169.124927940917,49109.993147005654,1,767.8330815338119,721.9481396286675,1,13033.328692206098,328.4906852270239,0,0,0,0,1,0,115166.50433825026,4
27151.280291683936,46293.88730937451,0,73.89392559893881,73.67413856092028,3,14595.255129341724,485.76473491128047,0,0,0,0,1,0,107331.75449373332,1
33054.01661680917,56416.424579076906,1,400.73385482301865,110.5835349188655,1,20127.699651451778,288.2366041734075,0,0,0,0,1,0,130768.27942840858,1
34588.60537439143,58649.045655641465,1,506.9129510894084,184.31339488226592,7,20617.796093454217,372.74614945913015,0,0,0,0,1,0,136163.70559182708,1
37065.72903609776,60610.50902287912,1,292.26916279158155,229.4475154946298,0,17134.978851572047,393.56139699080313,0,0,0,0,1,0,141964.3832763334,1
29484.557043271776,50404.93271932738,1,87.40943721882624,111.50178085948565,0,13696.16616540225,199.42306842290276,0,0,0,0,1,0,116787.8930864686,2
38938.01285290939,65111.88055646052,1,471.13604405258184,445.09887202816134,4,18766.90801059133,88.68278153443644,0,0,0,0,1,1,151692.43834231087,1
26886.846016468488,45423.61365699646,2,543.1956470428019,145.08888974011205,0,10648.763454708043,826.5563151394493,0,0,0,0,1,1,105559.92662655977,2
31409.977328505134,52771.10583071042,0,144.313766823167,217.45422572525058,2,15598.033125712946,432.8518720012283,0,0,0,0,1,0,122796.38728425001,0
41024.67959411318,63496.581118273025,2,318.9901109755334,262.33341226977154,4,18255.900613208196,564.6457333981022,0,0,0,0,1,1,150633.15064998332,1
38459.741640790206,63585.01089094731,1,427.32162212417757,354.9885618450172,2,17777.542048238553,439.08181708196804,0,0,0,0,1,0,148537.65473212174,0
31314.902020786063,53245.553895277364,3,389.72012664142017,147.62053695360524,3,18564.590556493225,211.21969644714363,0,0,0,0,1,0,123534.33002690233,0
29319.53024022223,48967.00238943865,1,395.67311223345564,234.0268267693524,2,15195.970845549004,568.0340147763209,0,0,0,0,1,0,114112.59849182644,1
30270.67469957087,45719.970254935215,0,578.2671031708115,451.2984691673779,4,20931.558036593582,204.38467608391935,0,0,0,0,1,1,109067.08926503155,2
16543.205355516424,27559.77841116226,2,160.88366893607505,47.76780646578234,0,8990.76300031855,403.88578771012374,0,0,0,0,1,0,64264.12026361988,0
33660.38563719022,55130.90282933946,0,282.63941685607574,449.1771455178416,3,21023.02728838122,37.627819336615126,0,0,0,0,1,0,129091.62474728141,2
31638.713935959273,53941.09693567979,0,218.7998497333141,403.86218552979966,0,18545.055073466825,701.8475901550084,0,0,0,0,1,0,125065.30644405638,1
35993.1241626774,60375.929072118306,3,253.36675070791927,98.10134568143567,5,20723.58785643754,905.618099409241,0,0,0,0,1,0,140547.19129553763,0
29858.090081973154,51051.006529654675,1,304.36389547573765,137.97629256628278,1,17417.89934826596,502.5581214511759,0,0,0,0,1,0,118279.51052224642,0
33036.16704639287,56449.402597313165,3,285.2046473617132,289.78106144319577,0,18776.31301528684,911.7226572691918,0,0,0,0,1,0,130807.6756597744,1
20986.08064647437,35088.675893728425,1,251.84595628190374,54.153289722566434,0,20906.06654358677,168.83616074090796,0,0,0,0,1,2,81756.484516811,1
17304.767119985063,28537.7576352854,1,192.87750888159567,228.70009386571547,5,16617.054886607046,652.6727035521346,0,0,0,0,1,0,66712.33726055578,1
23263.287389574343,36667.768742187545,1,438.1969996383557,102.99366727556973,2,14724.243979205905,816.5882932714683,0,0,0,0,1,0,86631.61443284836,1
28219.35803339446,47424.64385566104,1,296.15821684918274,37.96655636656959,2,15312.385652246512,73.7034930573626,0,0,0,0,1,0,110351.29881763624,2
38409.42682844148,64866.431920620445,1,409.55973136959005,203.16818531649474,5,14413.259781315332,418.1739135271599,0,0,0,0,1,0,150748.15207025548,1
24481.51482558272,36345.53904682519,1,292.8965300489564,694.8854681903968,1,19563.8612637658,270.19049704100456,0,0,0,0,1,1,87022.85560531507,1
1769.9132395401352,2333.951269723517,1,107.57677386666789,584.0052422095204,4,242.65124271059972,916.1320496675255,0,0,0,0,1,0,920.4435456205715,1
30161.01416267394,49807.1252259803,1,312.07629131907015,302.1499833467218,2,14989.23498424687,560.3921861483434,0,0,0,0,1,0,116391.26444925954,1
14781.844928400022,23550.244722585878,1,225.88425983027997,135.45570465281722,2,16634.911675303945,202.15508459252416,0,0,0,0,1,0,55519.47636279711,1
584.3945260602837,722.2557150091036,2,600.5673634045957,118.28851031722505,3,1395.954444049873,274.43965898439006,0,0,0,0,1,0,1834.0212661555556,1
11517.337934987336,18288.20826494777,1,172.4293992534502,20.930697854124954,1,8357.125441828226,435.6011525304339,0,0,0,0,1,1,43153.05931717586,0
30450.046242954955,50850.498427876635,1,408.22984867929006,180.30311999058216,3,18461.547244007124,441.8964374062284,0,0,0,0,1,0,118502.89706044285,1
21197.81030417323,34563.39571932739,1,614.0014025025441,484.17415669658027,1,12805.26078191275,338.82348385444266,0,0,0,0,1,0,81019.26759526331,1
27131.004489497314,45076.57708532242,1,371.8373761766983,113.51747503149062,2,13832.858910881389,355.5604487631072,0,0,0,0,1,0,105179.38168355156,1
24124.36694119394,40071.57044627168,3,305.20998036662604,412.0547701247134,0,13608.615951931482,752.3043824121869,0,0,0,0,1,1,93513.83240667799,1
28429.932895723916,44068.95835423622,1,488.059386167909,120.83709976258828,4,14312.492116782552,1413.6217422321035,0,0,0,0,1,0,104504.07380212781,0
16877.725400201594,28527.58965115246,2,210.22899661893268,223.93887715652414,3,8223.659257484967,401.30098443799926,0,0,0,0,1,0,66287.30224727714,1
17880.35270322441,28132.65673940183,2,292.14384378903935,474.2358331894652,4,8208.091484694456,511.9861890006178,0,0,0,0,1,0,66504.40152686427,1
806.1786112654805,975.7806461619099,1,232.87067654082463,50.77931158524897,2,396.23727949083167,238.49456851222953,0,0,0,0,1,0,338.9164566330448,1
15234.901810814405,24892.376556738447,2,211.2549543504623,259.42348552891997,3,8458.827753654366,447.7516583937225,0,0,0,0,1,1,58330.008730820075,0
17974.193515804975,30592.55562601277,1,156.88259193975975,70.263178174092,3,9278.534703629102,56.632374765636975,0,0,0,0,1,0,70960.35186065994,1
1200.2360295702003,1572.512173449421,1,156.97139921587376,586.4943421000979,3,318.2061512596707,590.4550988093445,0,0,0,0,1,1,263.9045644000277,1
1703.148428094228,2065.799647264804,1,55.61532200285628,392.73600715782436,1,1805.2442593472283,1053.5543079862555,0,0,0,0,1,0,1180.031569534175,2
33060.822476039284,55899.9623724083,3,312.6774158272708,80.55226115957065,6,17416.25564622533,347.6561557179199,0,0,0,0,1,0,129874.57799438729,1
29386.007124241296,49585.074766212936,1,484.607609947931,330.979864122501,3,14461.890650275593,815.6402294819438,0,0,0,0,1,0,115261.64599123335,0
34724.91369277483,56878.12030800831,1,423.30400367886295,292.6606090928064,3,17305.88536693535,57.10708405316275,0,0,0,0,1,1,133181.51073451707,2
29004.98013954741,49470.448421704656,2,315.0808875220913,78.5569189924461,2,14603.89380836162,380.45396130001416,0,0,0,0,1,0,114688.80108661989,1
35014.69535288906,57811.95153571113,1,246.97384926095276,187.38870975987962,1,19527.67500802716,1124.7506940080182,0,0,0,0,1,1,135107.10508421194,2
32721.779538547104,56445.844356818074,2,195.83868319511697,54.64781415906241,3,18469.248493407427,208.80642649637116,0,0,0,0,1,0,130488.81015528008,1
28189.94778940249,42431.83169009762,1,291.42852340461775,630.6819947984185,3,14477.48485424788,202.39308660488138,0,0,0,0,1,1,101304.51385306515,1
29690.904437656867,49462.51509759039,1,372.5298624470602,514.5864736761033,2,14885.780334724943,535.8290113813811,0,0,0,0,1,0,115341.62685962452,2
26857.910168666247,46027.87083044491,3,355.5258124121823,143.8830716698935,2,18207.669159106274,219.5108089010957,0,0,0,0,1,1,106580.39810021233,1
30179.01644465688,49317.001788418056,0,747.3875218328308,136.8922320790296,2,14357.1353600126,471.0174667709947,0,0,0,0,1,1,115550.47382131332,3
27958.351554035256,44124.03567451817,1,333.9369248198895,435.4939288853679,6,17568.859166628252,263.9726267979056,0,0,0,0,1,0,104226.60993010382,2
35166.45953694418,60337.87388044925,2,306.61406869881625,140.90335637918682,0,18487.047108681527,968.4975638057364,0,0,0,0,1,1,139674.5913853561,1
30798.932601447636,50148.531887028104,1,540.3486345488764,494.0101043140597,5,17908.278676395894,532.1069999144977,0,0,0,0,1,0,117583.32299645992,0
17176.586688965144,27961.043487470597,0,208.7217489707112,142.09483380153327,2,9377.20516788265,217.10582865384995,0,0,0,0,1,1,65586.21308354718,3
2531.9633273873073,3783.684314883934,1,19.303101622932324,414.5234567085045,1,285.3515643739586,547.5064272527827,0,0,0,0,1,1,606.2678567146802,1
8574.457465403033,13476.569419478748,1,206.6238200710542,312.6827439019484,3,9280.426379194809,344.27382040364904,0,0,0,0,1,0,31874.299115584407,1
5745.353746430542,9165.789446109193,1,356.43702558433165,21.667983398822606,2,9742.395174515425,216.25639353758746,0,0,0,0,1,0,21609.71379194475,2
27020.802304314253,45367.93357216491,1,271.0999319778462,179.0035271579818,2,20954.29741783128,246.36186084822447,0,0,0,0,1,0,105590.17320099619,1
18763.18185071235,31939.290925279547,1,237.03902347259776,28.636534580516674,3,19067.081179723264,56.407876647570205,0,0,0,0,1,1,74083.56619269784,2
37378.782546667986,63057.4977285436,1,336.1134948255012,73.28623059406132,0,17830.777107671413,252.7316748412085,0,0,0,0,1,1,146589.5254365604,3
34750.28484507987,54317.62997666607,2,824.9212396868859,197.02334465453032,2,18757.677018808172,560.092227410722,0,0,0,0,1,1,128584.37594628909,0
29624.92912940373,50910.010721141356,1,553.1435217482084,99.45744758097578,1,14252.720897937732,206.91214585662257,0,0,0,0,1,1,117803.43584188269,0
18482.96119531169,30168.917226086767,1,291.81018067304706,358.76898324724795,2,8691.740274507023,616.1253489176722,0,0,0,0,1,0,70699.51356242687,0
25744.601975826918,42333.761952423076,1,514.2185354868958,100.42610892369166,3,15508.668056593282,706.0982987218636,0,0,0,0,1,0,99024.57706519909,1
783.9971378884425,679.2947383908969,1,341.1975112456738,192.80545966127426,2,971.7395238331413,1040.9289097609626,0,0,0,0,1,0,1217.715314243788,1
30204.883738927118,51758.47304369084,1,349.54218932332276,32.91658234463776,1,17046.220397956487,104.95718068009992,0,0,0,0,1,0,119853.05796150852,2
30054.067068506087,51262.09967068785,0,408.24902675185314,39.0558132509059,3,19583.58338436397,313.76231698849506,0,0,0,0,1,0,118840.03582237198,1
1651.400553420946,1689.4874605773261,1,201.9372533864088,412.14741581441217,0,11737.459911568396,203.50883599524443,0,0,0,0,1,0,2094.471205116798,1
34792.76090648553,57925.74129554128,2,260.4786338580072,294.0588142931754,4,20290.947117856558,544.2618243452832,0,0,0,0,1,2,135100.46995799724,0
30979.30645694385,49480.46751607814,1,179.4569688229107,504.7628294000702,1,19899.47687801221,482.13265126202344,0,0,0,0,1,0,116549.84466621303,1
28677.604696221908,45374.8753727093,1,595.3817910692376,316.3367777382193,1,17114.201344907615,508.1925338174129,0,0,0,0,1,1,107112.80870219378,0
31414.228459017322,53760.99900015413,1,867.8651227134382,55.0653724543095,1,17694.616037605003,237.4216338312677,0,0,0,0,1,1,124530.592326207,1
29503.381266932516,49348.707559501214,1,380.09463356104175,321.80894922386807,6,19039.71083417155,323.2393454589434,0,0,0,0,1,1,114965.27813102085,2
33586.69670912394,57526.258849902326,0,248.13869983957497,306.7075976383,2,18735.957581834613,747.0893813469783,0,0,0,0,1,0,133224.41526314054,2
34794.48617577167,58997.25808455496,1,213.31552585875676,455.02049930533565,1,19783.53157220986,611.5267028279144,0,0,0,0,1,2,136976.96437512536,0
17442.673680501266,29369.341466524023,0,414.28341978484366,235.25899598630576,4,8085.371374181883,434.5558001290731,0,0,0,0,1,0,68306.40796846221,1
16592.309452033194,28255.99908564583,2,486.29836820255935,67.64482281010304,2,9046.491261319,295.70653212576036,0,0,0,0,1,0,65531.968506322315,0
403.63767164558993,361.1859321102256,2,144.05319141855693,168.1562361623475,3,110.52362483403581,229.26823802378567,0,0,0,0,1,0,993.6767941921271,0
426.8579545169496,307.86449407994434,2,277.2738868398064,31.419591948367113,3,217.3812963600401,286.4141379288216,0,0,0,0,1,0,831.6024368569415,0
21839.846663666223,36394.71293958891,2,737.4826345229822,21.65513927209688,1,15887.674907167766,333.0760700826995,0,0,0,0,1,0,84862.3428728482,1
28330.364673512457,47811.30049048029,0,227.01790557103814,104.84579428869819,2,14996.552312691216,351.2890253705293,0,0,0,0,1,0,111132.70016094728,1
15642.591303772344,26668.130247437995,1,202.42369634189134,157.37844241497493,2,8784.336822893929,293.2720269226527,0,0,0,0,1,0,61832.14502214186,0
13743.633500353031,23592.71974565696,2,193.61074078137204,145.88619717342692,2,8748.575123958992,294.6532613888709,0,0,0,0,1,0,54607.37812497555,0
17422.119060826444,28542.654623496197,1,171.8830098817776,294.2999113895674,2,8712.089813696517,388.2609107298705,0,0,0,0,1,1,66840.08893655209,0
28465.704736778735,47875.25719008037,1,234.9865733371633,470.45924429133436,1,14975.490660704825,625.6377473410446,0,0,0,0,1,1,111379.62969782806,1
17600.27680763092,27804.949802550345,1,187.01803890757188,143.13464367618786,1,8410.007699293035,445.6222616312424,0,0,0,0,1,1,65682.91549912721,1
22547.519210308077,37902.32235854109,2,346.7889849883886,84.8962838139155,3,14484.748584926985,387.0361708211175,0,0,0,0,1,0,88186.88337376251,1
17727.680608725404,29254.039413257207,1,643.0822421409591,17.583704401571897,1,15211.923173182598,557.9642989047284,0,0,0,0,1,1,68383.18891236534,0
18373.422459099766,29816.8470287825,0,173.92272726500727,87.67730495455795,3,15570.02864948002,257.9675685889583,0,0,0,0,1,0,69982.32928418498,2
1823.8844654919033,2147.267543238468,1,297.1384884629239,541.4161895280938,3,337.2973752965658,280.36399135274166,0,0,0,0,1,0,1480.856975172287,0
28683.2591106043,46576.15928862232,1,267.24064808071535,759.9228578077784,3,14829.098262412192,662.4255716859254,0,0,0,0,1,1,109290.84699611798,1
12465.307391586633,21245.71389915684,1,97.93016447808073,280.9338898398874,5,8382.407256859226,966.16344348417,0,0,0,0,1,0,49263.859092492945,2
15173.122587854768,25931.33513570972,1,446.2623848687424,48.26644852828962,1,8752.025870479825,318.17559010055993,0,0,0,0,1,0,60087.16987021921,0
27557.764640539153,44169.473061914076,1,232.04512049167928,528.8592298924084,2,14712.160767242753,465.617283392436,0,0,0,0,1,0,103956.39172107895,0
14218.093030961383,20075.536147336265,3,414.7051691109743,244.50676942424855,5,15574.57926301978,413.54054755710655,0,0,0,0,1,0,48517.883445953485,0
11288.259523737284,18944.716731508215,2,342.5671481531672,135.10664354411756,1,8981.53446423521,218.96335214198072,0,0,0,0,1,1,44100.19392341032,1
6861.570250597994,11024.330180155737,2,196.04219639004305,60.80615553168136,2,16301.326439262071,406.1380186736261,0,0,0,0,1,0,25948.6453882339,2
19777.479186677858,32448.65580081488,1,534.4613424794529,58.214467632694664,2,14641.224809952326,413.8507049319954,0,0,0,0,1,0,75947.03243776254,0
20933.86275745018,34793.4461793391,1,266.01740184517615,90.40284713318036,1,19059.077220999403,364.5436816036127,0,0,0,0,1,0,81182.19945548312,1
14103.084106829414,23951.594023051068,2,355.472745022726,135.5421317433844,3,8867.40368942573,282.05461049155025,0,0,0,0,1,0,55588.05216282951,2
16409.124164027486,25982.04655495812,2,258.47198439829623,429.8138316964739,3,8104.6885261064635,947.6916254726008,0,0,0,0,1,0,61331.03052943395,0
15039.653672804388,24726.39042835436,2,484.8642847545485,39.66534046514344,1,8607.754530622233,324.15866979963073,0,0,0,0,1,1,57853.44654536551,1
33744.098377451584,56086.88693214523,2,274.45173445978037,81.21643249287831,3,20982.746604676,278.0589296072197,0,0,0,0,1,1,130860.90208234565,1
1145.2586730848964,1184.4040220685272,1,240.67221836774056,201.10880174181324,3,271.8434888749655,442.6614530107277,0,0,0,0,1,0,1191.7924911708653,0
19876.75180410703,30259.413930308096,1,222.48014691010843,625.934516278668,3,14893.648276766855,281.58138944219246,0,0,0,0,1,1,72065.12869032922,0
605.1269410587116,573.1260205382214,2,83.28313551521182,322.80494736999697,2,139.35638985788333,537.7706509255507,0,0,0,0,1,0,564.1546784785469,1
744.2370367145763,634.7197386561762,1,278.8176898721787,174.40844061383606,3,689.3854731366225,296.3119567887541,0,0,0,0,1,0,1168.5947805542753,1
1440.69027381827,1470.1788881973685,2,24.858810690373907,416.13629104435495,3,498.6413583648297,775.9658930386393,0,0,0,0,1,0,1829.5869242539673,0
29726.135457081724,44904.471529263756,1,254.61362846117856,81.73144272939913,2,14315.303147905795,1379.4303639104296,0,0,0,0,1,0,107085.70480261034,1
29133.98648059022,49736.57168280092,0,310.73291878331247,33.67549436082846,2,18390.973955325055,118.23031679953155,0,0,0,0,1,0,115278.57270970798,2
3186.719796278216,4471.398424259277,1,267.3150254533718,930.8349473580579,1,1977.796569206428,1146.5825298477444,0,0,0,0,1,0,1445.2256403425101,1
17656.626909476498,28547.876620300536,2,281.95665527674157,77.41273394728438,2,8611.521498368418,385.7903359818153,0,0,0,0,1,0,67057.6402837621,1
28811.501668274468,47839.72864288465,1,400.17258175866453,392.6807873548105,4,20256.823350171177,81.01310734237012,0,0,0,0,1,0,111644.3361778429,2
26991.704180900822,46025.83911358675,2,475.0068332564308,113.06002400548353,1,14936.211410038835,177.424885837595,0,0,0,0,1,1,106710.06463796631,2
34258.32714323615,56339.35351494819,1,218.3337825730997,328.53974350994133,1,18834.17488845645,880.8685214469532,0,0,0,0,1,2,131796.50239146315,1
14396.743232275567,22725.511925479233,1,151.48770227761514,842.1682120306921,3,8439.476186032633,807.3159783396843,0,0,0,0,1,0,53678.75247547059,0
29637.205716210403,49938.050259874595,1,419.7155315199668,37.52493695509209,0,14304.745826265666,190.28848443205766,0,0,0,0,1,0,116121.54935977871,1
29547.504661569594,48465.40075855222,1,156.83157281286955,358.242595042587,3,19577.566352845133,347.51729750050526,0,0,0,0,1,1,113444.59679518013,1
18837.87360938486,28075.19690212778,2,196.84881298403394,217.86288496845603,3,8270.648270087033,587.8187652999306,0,0,0,0,1,1,67176.40060808658,1
30691.24802586541,46972.067957808475,2,208.65244006344727,788.0988718343635,2,14142.082709064967,307.67162143818325,0,0,0,0,1,0,111714.07437608161,1
35284.6302149318,60877.63669219723,1,213.63911751711794,37.0077369774033,3,17712.34732888333,307.1427578395982,0,0,0,0,1,0,140727.74287740933,1
25771.029371012,44082.129820397866,2,443.19582744323156,93.05629410992756,2,14649.236378933423,232.73017375500388,0,0,0,0,1,0,102123.26607062311,2
28098.49967086729,44198.553365357875,0,273.79029141936934,599.9418619946953,5,14344.926872873417,240.36084509572976,0,0,0,0,1,0,104482.50978948212,2
16728.477931758454,27351.87664762156,2,669.1239225926832,60.58951616575685,1,8575.190028482206,261.698841481978,0,0,0,0,1,0,64078.95261146762,1
13904.99985642922,19984.350596841294,1,406.05929830173545,554.0431543107848,1,15518.662626536556,211.2281604573479,0,0,0,0,1,1,48204.92076124824,1
2200.0023169137994,2030.5059698748314,4,149.06622685997974,240.88410833498483,6,9789.484377838666,482.3284931743842,0,0,0,0,1,0,4083.24370471885,1
19235.42841756638,28326.971121773073,1,225.56310139152052,546.7474731427378,1,8671.553710257132,165.9840731966082,0,0,0,0,1,1,67971.74691437097,1
24446.164032039833,39095.64799497935,1,596.2839546305299,375.9384608685996,3,14950.907199820944,479.77844897296075,0,0,0,0,1,0,92066.16465842606,1
2864.2730826848792,3816.5799906376396,1,577.2829802972519,443.0243498452878,0,1235.8089305668318,513.9445639559021,0,0,0,0,1,0,1619.1288887484893,1
14403.069414251748,23464.522120373782,2,178.61411087022702,63.21710334018617,2,8460.941181813294,425.5379277982105,0,0,0,0,1,0,55017.180220084454,1
1076.3806769594757,1106.9219060739126,1,345.3549649703863,225.5157180788969,2,227.32330306383218,480.0689910776028,0,0,0,0,1,0,1283.6324012282346,0
490.9502340072006,441.33373211423145,3,57.783685919898474,214.68839949045375,5,224.92744530024365,216.60933012503853,0,0,0,0,1,0,1139.1684881953513,0
1022.9536663670799,1236.7492624722056,1,205.29900903869822,34.463979998588826,1,321.94377979653683,662.1417835307801,0,0,0,0,1,0,606.7067570105345,0
578.960950449438,497.31761031315574,0,116.0997367984064,49.39630598556816,4,11836.726080448152,162.6867956596983,0,0,0,0,1,0,526.5734726005015,0
3945.7000743394615,6032.387888623778,1,264.1769505231432,1243.0263683660446,1,748.6320187311517,615.7982356260844,0,0,0,0,1,0,1058.7111429974875,2
412.1378711710725,264.13496274284614,1,112.55365780257938,257.22966987614944,3,460.78265386018927,995.5204696233102,0,0,0,0,1,0,626.6285922624187,1
726.2758156220665,688.5840362902552,1,90.33364182818993,344.8551684309476,1,135.62348005334897,541.2386913568478,0,0,0,0,1,1,555.0993821013759,0
10472.94925327246,15775.508561643326,1,159.7124208631451,529.8846158966257,2,9442.257647277009,739.6114013502818,0,0,0,0,1,1,37700.05916935693,1
2189.250779550352,3366.2651301409383,0,461.6887487430252,343.12680202183947,2,1321.4937491528422,917.2436920209695,0,0,0,0,1,0,355.87442195733985,2
2120.1891511554336,1970.0606316355527,0,169.86007846624628,336.5070354085673,5,10224.11350212153,364.0093762810836,0,0,0,0,1,1,2859.267121056409,2
2530.51616720983,3455.7750061161464,1,119.92440981836393,565.2325746483214,2,155.04989524556623,252.87317072647818,0,0,0,0,1,0,1399.4161536760103,1
10412.551287362767,17086.374240160825,2,159.95389982976909,485.764681193348,2,9112.587098478822,708.7563939400302,0,0,0,0,1,1,39999.043915118586,0
1867.7417888698042,2235.3918464438466,2,86.92555824758504,100.43953937758815,4,193.05048958005904,691.5869620525376,0,0,0,0,1,0,1437.9127320744615,2
1155.4884587006366,1330.486857413692,1,596.9804375210421,204.35620849883065,3,11419.962920183953,524.9003109592453,0,0,0,0,1,0,714.5781785316499,2
1206.8293912132985,1318.8526967859668,1,325.60578591494544,559.76424974629,2,317.8119452068386,419.4812200656572,0,0,0,0,1,1,909.8155346684252,1
7554.346731604839,12393.217891186707,1,248.98480149046193,61.5445780708384,2,9309.781766314116,222.47340701121158,0,0,0,0,1,0,29013.012838235147,0
767.6388848922252,981.0078557003923,1,54.86806682447075,138.69059967978876,2,661.2100290396297,322.6016835474611,0,0,0,0,1,0,2455.9053370139945,1
16630.04118669437,25417.695756913326,1,571.9040778741505,90.13586040549828,2,8750.287475792999,1197.886254263927,0,0,0,0,1,0,60499.79608657613,2
1011.4174308791913,823.1498279921186,1,233.93275938764748,99.32577461058193,2,218.7088507118512,684.3643405393273,0,0,0,0,1,1,1568.3802309447185,0
1512.0275466431376,1288.1623127288658,2,79.54223692348161,136.02483564483396,3,950.887073407849,257.5470440484033,0,0,0,0,1,0,2452.7972302547687,2
967.0190667024627,796.3675138195875,2,323.2612102689666,182.08351723209378,4,180.28420410104613,349.5660753555034,0,0,0,0,1,1,1131.556189048139,1
11798.081773591764,17805.468287240954,2,223.14215283449911,92.53201315639842,1,8942.768799165402,284.50887910038966,0,0,0,0,1,1,42519.63132798535,2
657.3707211930391,684.2783644393803,1,379.6799248993189,37.19786522391854,4,184.67044596179142,357.3242339328863,0,0,0,0,1,0,498.17246035465905,1
1700.2345086901935,2130.27746337322,1,189.89060268606363,635.5683958928153,2,220.85755460985072,435.0851224823243,0,0,0,0,1,1,677.3179163976943,1
3234.6485775681936,4680.773173040638,1,136.12608800680795,170.79553549105742,3,236.80669169617187,541.4324274859853,0,0,0,0,1,1,1147.9153291895625,1
10907.696604973424,16871.82014671896,1,303.3179908308215,310.2143868488407,2,9584.127587767956,705.8212680484228,0,0,0,0,1,0,40066.900482805766,3
1226.1807904874872,1622.910110345131,1,104.57205315388882,448.57544466807076,1,311.24403670084723,355.35378520041195,0,0,0,0,1,0,609.6909005658254,0
646.5032530730067,514.4014167964737,2,53.83460792388826,164.89840567882624,3,430.0672890102075,348.0362036968203,0,0,0,0,1,1,521.2009807340712,1
931.5765646645066,1009.0020996182901,3,587.7152045607357,119.88057584777108,3,331.5880286836088,349.2932122897075,0,0,0,0,1,1,442.96182797918664,1
585.8096892965933,416.412112170596,2,222.8628150608663,483.3713908167937,2,172.38354500345648,663.313621268842,0,0,0,0,1,0,1231.4136445585773,2
1155.6785132717723,1375.9681785981318,3,333.0932120829997,463.57741470863357,5,591.9165604859481,501.4347652703801,0,0,0,0,1,1,429.1534094203671,1
683.3501834347928,520.1328430885818,1,253.37988289458204,234.38545003014204,3,404.1865184063706,552.430718977288,0,0,0,0,1,1,699.0497294725594,0
847.6181057701447,803.1828165030485,2,256.58012251539,18.666929224750316,1,111.09433271056812,341.8575243898548,0,0,0,0,1,0,1009.4341875181617,0
2898.516503608953,4467.462296862194,1,270.76457542787716,195.32396324528474,3,137.63156269386695,1090.9368171897813,0,0,0,0,1,0,680.5344867240982,1
694.4717586907232,535.3298905795135,1,35.80398283996445,47.35786409965944,0,59.18796008634789,199.91183275494768,0,0,0,0,1,1,771.3614111170879,0
5317.727486196026,5421.7929742398655,9,726.2443774491462,1065.500739924294,9,1252.2891188871943,2293.29068396112,0,0,0,0,1,9,2796.7311571299233,9
424.5505656006136,236.5880322556091,2,63.40654418042538,17.175470110021823,0,100.56314569969499,68.92797300656855,0,0,0,0,1,0,787.5445811392785,2
1139.8849266482443,1194.2532163079948,2,61.35655416990294,158.95406189152786,2,116.11922372592487,237.56188511204707,0,0,0,0,1,0,1016.208477503967,1
2849.633288924366,4211.727526805762,0,109.28653642259488,374.7054919305662,2,161.20446785759822,232.81380908885575,0,0,0,0,1,0,945.7596093753589,0
1047.013386674243,1191.4925713586495,1,114.63682661737438,456.39727102697975,2,293.0260178776929,701.873382133919,0,0,0,0,1,1,436.50505704497385,2
1130.32548734503,1456.069347041954,4,162.5121651323946,105.67827873992768,3,225.5191212495813,444.341791107696,0,0,0,0,1,0,467.3134376903662,1
5519.133384250811,9278.389025781747,2,56.41621228644546,591.2024450860704,3,215.74283377644667,1046.4258125433041,0,0,0,0,1,0,221.89656929107173,2
1267.4629586618669,1637.8606460378983,1,410.4622778180419,335.53238649049916,2,1700.9950074514798,597.2234630351679,0,0,0,0,1,1,439.94014407765053,1
3383.5282665431255,5216.994654707885,2,110.03867131497576,213.28705907540885,1,238.61519559136482,323.79015167528337,0,0,0,0,1,0,708.6475607670541,1
1213.2032580058858,1247.5741771588293,1,425.7731520012691,72.49588015166664,2,1637.1748901434705,129.97363515442828,0,0,0,0,1,0,1086.5653146972427,2
871.5724883193556,926.4213197670089,1,43.430093312236096,119.7297005665013,3,160.9560556217532,113.60026938186178,0,0,0,0,1,1,632.3580477348178,0
2385.56811030191,3630.835255751853,0,417.58888239388546,587.6571059927039,1,892.4840997941429,1334.6351686363025,0,0,0,0,1,0,316.54226530611055,3
605.9279230264929,600.8189788115675,1,190.58521864196916,53.60069935323522,2,293.9316547334278,336.8155769723292,0,0,0,0,1,0,556.4524759848005,1
1743.7347722236177,2036.1793288545148,1,349.39492490964517,28.41034754475684,2,288.7870173381003,448.3333193128792,0,0,0,0,1,1,994.8085449698615,2
1208.5465111263438,1648.6250166689083,1,537.2244884963009,112.12147120237384,2,1611.9865148684164,902.6578162899248,0,0,0,0,1,0,540.4553945363134,1
1653.4212559642099,2287.4796765561937,2,140.77077012761947,570.8020380251932,0,271.8858726398828,672.0576738593243,0,0,0,0,1,0,602.5311094486636,1
2399.341621239033,2781.2889707596473,0,132.52471307627613,570.0290863642542,2,319.6526250278079,163.33996000157163,0,0,0,0,1,2,1767.392342407034,1
1003.8673687836097,1154.7101554166436,2,120.5690151691571,107.49645972850331,5,154.0296914815682,488.12164637713283,0,0,0,0,1,1,505.76240543761287,1
2779.043170757239,3564.1708448331774,2,380.75417145011835,434.70743195819176,0,386.45383363372923,246.2253010078245,0,0,0,0,1,1,1826.5214153013503,1
605.9899352715532,480.5579384810091,2,150.41321365902178,260.14864366450684,4,386.2803656199229,359.9037878242883,0,0,0,0,1,1,563.2911814512006,1
465.756049916325,316.25364804058967,1,415.1027632950655,35.64425931024214,2,154.19025964101212,256.33830283337784,0,0,0,0,1,0,521.3694019121228,1
808.1017723791879,710.4928416195845,1,100.44712602690187,162.30831076836714,3,287.61033412400053,164.92583552559856,0,0,0,0,1,1,659.0000193632904,2
3235.5783322826255,4827.585445879397,1,97.06034425329568,349.2756887893761,1,282.93328123890524,509.6466379050105,0,0,0,0,1,1,221.79113193744905,8
820.5658625144991,713.3816970741436,1,103.47452635335385,418.64214517134695,3,209.50088121931984,51.99558933177576,0,0,0,0,1,2,256.4516870307057,2
1449.9138031178209,1331.288467857825,0,115.7268041537586,388.11265651551474,3,372.6666045668809,362.43458284182094,0,0,0,0,1,0,2583.7895228561597,1
762.0500911629663,887.5547589804537,1,576.4022506843793,227.05503043731335,1,728.6216617874601,728.0669537379864,0,0,0,0,1,1,2295.859360297766,1
1176.1068119380418,1267.865618862715,1,48.25276669939538,402.49094862738065,2,188.85071737168613,423.03702679550344,0,0,0,0,1,1,657.6866964471317,2
1158.7178106687447,1432.3956146986511,2,200.36826449980222,521.369582894503,0,579.6596583859713,584.4638233563848,0,0,0,0,1,1,501.8720449212024,1
558.0027804107584,295.90599421858565,1,180.30105055755143,126.69726870726792,2,213.73022060833114,381.3565755315523,0,0,0,0,1,1,663.283029549757,1
780.7743766417166,715.6445909683198,2,59.720071179512686,154.08088362483554,3,237.8360886416972,333.0615250990433,0,0,0,0,1,0,885.3326488664202,1
512.1563673320697,341.846892224966,4,109.72360404556164,61.2895371734844,2,293.85383965144126,138.7983338991046,0,0,0,0,1,0,793.3674854061004,2
520.9404892046052,301.73893923967375,0,76.5842048199282,161.66954839509197,1,72.1533758449236,281.4291314081077,0,0,0,0,1,0,670.7380657708096,1
1170.8004500305562,1345.0293676531405,2,102.59921714398138,368.72332769758975,4,493.6745973264226,538.3091200352656,0,0,0,0,1,2,314.27931743175,1
638.7833965181536,534.5857570829808,1,115.30067627081809,28.991021531572812,4,203.34223991634806,260.84606030534565,0,0,0,0,1,1,362.94895296114055,2
326.4920846131602,181.04411477025488,2,105.49432732003604,165.0763190335315,0,251.68300618706007,276.8229459411836,0,0,0,0,1,0,630.5417672548115,1
1298.0930849051658,1588.0896975926787,1,37.936357605031986,339.40154659732957,2,331.40508408670775,230.63579560906254,0,0,0,0,1,1,379.4991931094245,2
1487.1815160883948,2239.561149260342,0,59.784976313434,695.0859285623438,1,145.3050485080367,260.39496061060714,0,0,0,0,1,0,285.21616530418555,1
724.1119202190625,541.736709836227,1,233.82556114162992,54.645744612396285,1,39.1538142735494,474.3576285330994,0,0,0,0,1,1,914.1398750547552,1
1202.8711738594864,1528.7375172732638,2,140.68181518953668,200.09756242308052,4,228.80461187561454,524.9295908045399,0,0,0,0,1,0,685.7986653826429,1
3939.3666499980377,5915.330254510741,1,96.09721430796412,819.7377000508422,1,510.25820972177314,1678.4108861931393,0,0,0,0,1,1,1105.2366746280227,0
1714.3358816014345,2567.4026451698264,1,76.80582460157521,115.3734548655114,1,272.32341772162255,897.3014793909377,0,0,0,0,1,1,173.50640265417417,1
537.6759695902375,413.3501396864147,0,346.7243780070087,115.37629068379087,1,116.78641977684607,255.00628573668237,0,0,0,0,1,1,1235.8038134583153,1
1951.0549045509374,2725.4039939084873,1,142.5824025798741,177.38139600420533,3,255.0342248192596,359.3469462486172,0,0,0,0,1,1,365.08040615521,4
613.4833612418108,556.1487892363093,1,287.767026193075,166.22894916603158,1,430.6995999358546,228.47181169661928,0,0,0,0,1,0,279.01808124447655,3
1174.9289348986968,781.6881651082178,0,232.52000684016585,321.5254024839304,3,256.99241457320886,122.20224437554906,0,0,0,0,1,1,1248.2748615875466,6
1232.7144803429587,1192.6770534114833,0,269.5275589871066,137.7756520493048,3,389.2317570892137,219.11038172708243,0,0,0,0,1,1,1157.7662973348365,1
3625.3347805072844,5523.144905847679,1,98.6336560564584,594.8064055639938,4,448.7707269646796,459.68549644504077,0,0,0,0,1,2,522.2987313433586,1
2146.7337531601397,3144.478274342143,2,54.926938417722766,333.60098966458185,4,311.10483996434067,749.4472852521412,0,0,0,0,1,0,700.9521225667042,1
796.5544138340488,1114.0831556157968,2,305.3031675572943,90.7327541119135,4,729.7552250520685,530.0544846549574,0,0,0,0,1,0,2723.638511920892,0
538.5146097707056,368.6316556413671,1,75.126024777135,40.55252675863423,2,148.9540770548387,223.33291199744315,0,0,0,0,1,0,906.2327470309978,1
1157.681371992934,1449.7148632532108,2,41.593220172653766,132.97490901682283,2,197.23862113856677,450.4330629541611,0,0,0,0,1,0,857.4905588335422,0
1533.8122462994274,1626.1802473162272,2,168.44584563952515,522.6415521032575,2,655.7775907198213,906.026797301003,0,0,0,0,1,1,1321.788051467065,0
1514.9930957375066,1468.2234742550045,0,526.3584866558703,77.8779558197449,2,913.0268018869065,513.9753960020632,0,0,0,0,1,0,1887.9364925130576,2
2351.6341543496383,3337.15551552194,1,103.57091362219131,544.4796717416461,1,357.1849158099759,126.11087019460632,0,0,0,0,1,2,484.7834140107792,1
1099.8773204588917,1331.981944757319,3,37.74266042543624,309.99521376394824,5,235.84818461122575,412.46546007682434,0,0,0,0,1,0,678.3331201715276,1
1717.9121049928385,2127.574945970906,2,190.39983086032447,692.3783836746601,1,371.2718746505525,870.400378725787,0,0,0,0,1,1,916.2220779349418,1
616.1917526669537,479.44339364876146,3,79.53687331865468,41.15513264214606,5,217.52384754209996,416.67306680515395,0,0,0,0,1,0,718.2346749657748,1
1883.2445147811206,2517.925116135424,2,555.8715636265176,846.2390806623621,0,497.471688572565,766.5757479481871,0,0,0,0,1,2,649.3920143486623,0
3398.6069113057074,5331.199175459006,1,308.0706508174313,484.82668790378074,3,169.84324482954997,604.3942559916632,0,0,0,0,1,0,659.196626616676,1
6687.7991818092,8873.99623858969,1,483.1955894314761,462.6309109401881,1,9665.283570857631,429.20824898382716,0,0,0,0,1,0,21731.159529232023,2
869.4476211033639,502.7663585861773,1,271.37042054449773,26.489828401808154,0,11417.116522649365,194.0854230900954,0,0,0,0,1,1,1338.027587749693,2
860.6748103594547,610.1925115810711,1,129.3905834750715,79.22517413896782,4,184.90092151144933,300.1631131333516,0,0,0,0,1,0,1403.18398105052,3
1957.9004547579475,1765.636592458894,1,390.78863120491263,319.51253439748376,1,11374.567009386301,353.5473534447229,0,0,0,0,1,0,3092.2743811350583,2
410.7353355444617,184.3815620862179,2,190.51615008885443,33.4434981281207,4,141.5829757025409,155.94758972568073,0,0,0,0,1,0,549.387931259452,2
37431.49566575432,57622.016396239655,1,712.2630941647847,395.9986914612419,1,18489.291802093045,287.1044229121602,0,0,0,0,1,2,136906.11701668592,1
594.0475752906647,467.261556703468,2,147.7856713933656,40.954202348745696,2,117.32829269585264,189.76068908942634,0,0,0,0,1,0,1006.0123970477031,1
11899.167808824519,18546.94968643383,2,259.8932397714453,49.52982595406568,0,9352.446044973387,200.85686432381186,0,0,0,0,1,0,43960.04965001856,2
15841.161370933205,24420.218905366473,3,298.76845438510884,505.76690752103536,4,8689.34858018428,239.55418479053415,0,0,0,0,1,1,58007.287368949044,1
10837.085340505839,16461.73441633614,2,235.52674982652755,238.3433376698572,3,9509.074230439994,81.33869125256186,0,0,0,0,1,0,39226.46913878365,1
661.6001188265246,327.37899715848624,1,451.77877218351273,151.37289653142702,1,139.8312224937118,821.8341837679432,0,0,0,0,1,1,881.8759504116881,2
22921.319415568014,36397.93370141892,1,236.94561895736942,662.757767052016,2,16059.863355310612,246.19510595325457,0,0,0,0,1,2,85880.52019257235,2
21893.264025576973,34631.32336803239,1,281.56590318266115,641.5825262692011,2,15822.195099045764,302.3161558187661,0,0,0,0,1,1,81792.64149628954,4
17693.82297351733,29440.475207776806,2,206.3079760231145,76.86153488491435,5,14394.108269707034,325.199964281931,0,0,0,0,1,0,68669.5828212639,0
30344.489761216788,51010.107451815216,2,218.35857999375511,32.036643132229756,3,18528.87961211361,362.67782484403597,0,0,0,0,1,0,118682.78543876442,2
1111.0405816621162,1313.5049231630408,1,282.51412661330346,82.6116779899878,0,343.4929270579836,159.60222131756092,0,0,0,0,1,1,449.43844389901255,2
14002.91428248047,20506.372055961616,1,203.44358029154708,757.8823673933691,3,9421.523521340709,664.9208396806328,0,0,0,0,1,1,49277.92111144533,1
16871.69904973772,22707.63442510143,3,237.16245966230844,187.52391198860323,3,8996.860273617836,327.0396438658908,0,0,0,0,1,1,55349.51902246585,0
37993.010622731854,63111.940390841024,1,347.8649723383403,221.97172331414458,0,18242.030949648935,1105.78917807555,0,0,0,0,1,2,147277.6154284998,1
20171.787650880873,34598.913086208486,1,330.1432214990684,127.57649057406141,2,16033.738706613356,207.8838002307989,0,0,0,0,1,0,80098.79647593517,1
27293.547330359062,45485.27381858351,0,250.82438461703765,478.04346471336623,1,21590.05011941777,365.44057574519974,0,0,0,0,1,0,106058.39799939762,1
33839.71099116322,57288.50756404326,1,199.60010919347468,386.93189636540825,1,20002.014533901245,676.1463246954175,0,0,0,0,1,0,133060.281748298,2
34609.24973859615,59456.145483198656,2,134.26780784497694,74.65374084188619,3,19854.06089410695,206.93257591942904,0,0,0,0,1,1,137590.28914327116,2
29963.162778354377,51210.4864777081,2,480.70104404542894,192.64888294325476,4,18513.586745816585,389.1697727985735,0,0,0,0,1,0,118660.25277685614,0
17960.00559737784,28563.04237133509,1,539.7515310446317,661.22362164031,2,15990.8143609867,704.8294705356577,0,0,0,0,1,1,67369.4906301345,0
23256.199299059568,38212.03048167832,1,508.4811990137107,92.14672710435399,1,14926.706160877688,418.8323598792519,0,0,0,0,1,1,89412.79683727857,1
29906.546035272648,46171.24211249565,3,91.31963739489969,685.5373618160914,5,19965.07068776015,296.9723100351981,0,0,0,0,1,2,109638.09178431405,2
25394.342968562538,43376.27593554222,2,400.0626957316522,84.64305030251505,3,19595.672929712862,279.36065939191167,0,0,0,0,1,0,100522.95530315457,0
36954.517785541255,63146.079664300065,1,241.22941970789412,214.92212461613246,3,20188.63068237955,163.21202913828924,0,0,0,0,1,0,146324.5643089006,2
8670.27339414467,12034.794952491418,1,253.1509827834524,504.4288190450533,1,9467.101530120548,517.5589581527108,0,0,0,0,1,1,29290.237234970347,2
15689.814094847428,24286.80643077192,1,368.5541138524413,506.55004436249015,4,15809.614026122987,249.54649652075926,0,0,0,0,1,1,57649.715597989205,0
35994.37905704776,61265.17779828059,4,347.96096934477714,104.6936785188479,2,20680.486855124298,270.8264272629106,0,0,0,0,1,0,142105.12869557532,1
13177.039205478412,22062.26464715479,2,632.1140033337524,217.3318945264312,1,9153.896927082718,291.35750892310017,0,0,0,0,1,0,51388.553044618246,3
15575.833726122737,24771.913822740724,1,304.2076466726554,371.08875207448546,3,8930.433727404305,756.362193085796,0,0,0,0,1,1,58432.833948846936,1
22121.183289962493,37933.78436480771,1,273.103869457341,132.1876674321084,2,15499.03382621976,268.1255813873985,0,0,0,0,1,1,87824.35054136398,1
11350.88578859103,17720.56852234957,2,586.4981422944078,269.8234433443156,4,9529.786879583178,353.24280744943616,0,0,0,0,1,0,41979.811287834935,1
29964.520665612858,45318.71563476522,0,617.1777732759872,482.1842054280173,2,19709.40689347325,20.49142610669406,0,0,0,0,1,0,108067.65741260251,2
28049.877648822476,46809.99030092885,1,311.1738094108515,74.16896838566274,2,18747.10940982303,311.8942492260149,0,0,0,0,1,0,109104.19282135491,1
19125.38894597152,29390.5608011917,1,296.39368987152744,549.0004806712793,1,15602.415171212933,327.8301944227237,0,0,0,0,1,1,69877.03595358093,0
22677.49257169573,36609.049458163856,1,379.69749736076636,392.02814664685286,5,17630.947855210514,450.4633798495255,0,0,0,0,1,1,86023.26484898798,1
24649.23495440903,39128.16501372915,4,564.2608848501367,273.24270572789663,8,17758.05383221372,396.2359199529347,0,0,0,0,1,0,92296.99260723962,0
23934.46525100075,36306.20989001618,1,321.93780508813984,547.9707063619513,0,16182.884841514557,158.00887408412072,0,0,0,0,1,0,86524.95962337386,1
18924.8719317082,29884.3029740904,0,163.65844004017583,137.41373046607802,2,14459.756881065692,312.5181188457117,0,0,0,0,1,1,70594.22762844682,1
33010.35952355204,54261.99406729446,1,433.45739804516194,564.2847512505068,2,18737.043966900485,589.5071608856244,0,0,0,0,1,1,126946.9630627334,1
35197.70756389294,60336.289228784146,2,804.1792966295827,39.10825166845498,3,18367.097035551105,262.4944852878237,0,0,0,0,1,1,139702.72184595262,0
35502.17788556825,60007.20274179884,1,357.2067191944475,250.4974463860136,4,18720.348233521967,139.659871551655,0,0,0,0,1,0,139427.10430341776,1
37855.861020453616,62612.31697875611,1,462.989421096611,637.7886871444499,3,19875.124694289872,808.0811409257092,0,0,0,0,1,1,146259.8067131713,1
32672.109080010083,54348.113905002516,2,362.4633990229511,130.52301090531756,3,19202.563688034264,383.48263451557233,0,0,0,0,1,0,126779.5012567985,2
22106.3276591323,35897.2762668811,2,256.7335253984234,432.3807363153925,2,15741.538534849456,198.64681552288266,0,0,0,0,1,1,84233.53123255006,1
21810.120185463715,35144.56551059581,3,193.7077834464293,188.89662918959064,4,14491.64023527881,445.8844769381051,0,0,0,0,1,0,82609.05153356076,0
27301.03628687913,44890.4739220182,1,272.04899116520784,511.88310101806417,2,15734.70103126144,632.7450456847996,0,0,0,0,1,0,105011.90099720506,1
2771.8526185735013,2674.3102624190324,2,338.9995889729191,148.79500434176805,1,10216.292131487895,562.543960090322,0,0,0,0,1,1,6553.281364046649,1
12342.342753265135,20786.341147868945,1,434.7594484236222,109.82935520765358,3,17203.112132257666,391.65389484186176,0,0,0,0,1,1,48343.74468203907,0
33187.79064348051,54407.74478342803,1,265.4949625984464,460.738415484239,5,19418.688952240038,79.78374773369106,0,0,0,0,1,1,127373.46167626328,2
30398.44814527084,51569.65315439273,2,669.886376120803,52.72022658526829,0,18328.824840660665,931.4670377328754,0,0,0,0,1,1,119716.76610918416,1
27985.908371209265,45888.0666174685,1,226.9499524014742,199.30704147526433,4,19192.391189114198,618.5197819828161,0,0,0,0,1,1,107421.42574540166,0
25839.03844866456,40049.26960465858,2,261.3166191556786,200.5292934952584,7,17726.111414760482,526.5580148833479,0,0,0,0,1,0,94999.47280821609,2
28687.83833165959,44340.14102404957,0,763.1819784859318,552.1329777897752,1,14770.587367117565,96.32266653269446,0,0,0,0,1,0,105222.70699129946,1
23127.199004299793,38664.2517629827,1,578.4380108537503,22.13793800355121,0,14399.987067371558,174.5487194093139,0,0,0,0,1,0,90082.51696760998,1
30295.36234790962,51143.582762200116,1,421.1476629192047,145.39738748520116,1,19062.717806240355,391.80350182837367,0,0,0,0,1,1,118871.38013199891,1
29384.037927225418,49032.76788543856,2,264.2371129805648,130.91109996806136,7,18218.585653674243,289.49755842617776,0,0,0,0,1,1,114292.10669703178,1
36458.076338035884,61545.2182092586,1,694.3103837861287,74.7035205200285,0,19357.13246959853,282.5674388710381,0,0,0,0,1,1,143050.5754887049,2
30127.75436174205,50505.837390791865,1,465.90974764742697,181.56755320148022,4,14791.731297883076,440.12304022898627,0,0,0,0,1,0,117589.41553102722,0
16160.458312240715,26094.376653210646,0,512.1057249418895,161.43557089353843,1,16026.441987140613,506.2569402485272,0,0,0,0,1,0,61312.904256446505,1
27448.837093425616,43108.781249149404,1,534.5318528784968,160.3533198189201,0,14178.10205779524,361.59600545213766,0,0,0,0,1,0,101924.02701098073,0
29014.109755632177,49503.06162470015,1,689.6500759879125,18.249758154755156,0,17589.24788379998,40.52557906336001,0,0,0,0,1,1,114754.7218765861,1
35689.996187126504,60331.80012527882,2,335.1185896325483,107.46551680603447,0,20330.51883415068,175.85063637204578,0,0,0,0,1,1,140179.20325432302,1
30229.487556206634,49864.53366160681,1,205.73760483218732,234.71315709755947,2,14721.894740305832,299.4461904925105,0,0,0,0,1,1,116563.34433764931,1
29990.36284276995,50849.080508194864,1,269.5182172245701,43.96934142234103,4,18275.63532861688,124.31613466360855,0,0,0,0,1,0,118057.34753370749,1
39584.89584518858,63808.058484039415,1,735.6924891787675,103.98139575232344,0,18113.94070765941,614.9371184822245,0,0,0,0,1,0,149968.88966455375,1
22238.570147370858,33867.8519899337,1,178.5246919442182,748.1744079115575,4,19676.452987642544,269.20336182110015,0,0,0,0,1,1,80670.2874631327,1
27236.806533824973,45090.949203034594,1,432.7612624196764,53.47979298762877,1,15458.684092262096,240.11286733884708,0,0,0,0,1,0,105304.27432115778,1
21616.021533365423,34193.43728503426,1,307.3252761852192,451.87269445520246,1,20695.980447547212,306.3288504136759,0,0,0,0,1,1,80732.16286797315,0
29861.175227087864,49822.656601459654,1,440.0960585652966,45.88347651340905,3,14712.040448276777,316.4000866789558,0,0,0,0,1,0,116134.38457557312,0
21350.83102727764,31792.654833831235,1,466.70277719309036,362.33344003364823,0,14346.479037504349,24.16869951683766,0,0,0,0,1,0,76092.62667186208,3
27328.06730797627,43761.23668018692,2,259.79650652906764,121.9689961225225,3,15228.914154598267,725.4074444210482,0,0,0,0,1,1,103026.90777774045,0
26941.728919819026,41348.0900584733,1,234.22185742245662,201.41129415198074,0,21161.565015455333,330.58643482672136,0,0,0,0,1,0,98271.65193721381,1
32272.838303927976,50747.36865201794,1,310.07296701081344,459.21129524645335,2,18869.073400480345,153.96482826050504,0,0,0,0,1,0,119970.78991055493,3
36603.2301628201,60852.16185451195,2,787.9673744874394,527.1265223300936,0,18074.880726395433,978.9164701472375,0,0,0,0,1,1,141970.63170099806,1
27981.1638843471,47063.64500989442,2,807.690526071312,36.16203585205577,0,17993.213175506127,289.4689466398498,0,0,0,0,1,1,109488.88895230545,1
31289.098872070197,51427.31619927556,2,199.8125138824251,107.79209864373942,4,19006.1427850428,308.83802234216756,0,0,0,0,1,0,120313.67542137639,1
22396.186112242438,36950.625625203415,2,216.70351946561672,472.8493871163665,4,19574.949330828298,814.3671313195105,0,0,0,0,1,0,86365.50839981229,0
28748.23726071178,47510.897901833596,1,733.108055496851,201.19919315895368,3,15070.416516059555,823.2587505277749,0,0,0,0,1,0,110999.56341396103,0
29903.685228779537,49323.11327938518,1,400.28988333045004,57.989804535822636,1,14148.487207016282,174.1410516765192,0,0,0,0,1,1,115297.80036601539,1
29846.20038621733,49102.05474905357,1,302.5284505829386,375.3046975879089,4,18444.424790629506,305.5037988973702,0,0,0,0,1,0,114847.96576970918,2
36069.66980158189,58255.52220405733,3,1060.117278942581,660.2773829452223,1,17586.536460975018,852.1408311998578,0,0,0,0,1,1,136860.59076469135,1
26944.02264335595,44794.620356394254,0,507.50286346688574,117.1638994253795,4,19009.061018612585,228.34236464956683,0,0,0,0,1,0,104507.61174581182,1
36836.1801999983,62437.318287530536,1,474.05209655591204,405.7573872228504,1,19777.814953853558,133.71611916727005,0,0,0,0,1,0,144972.93016964666,1
33199.24390382091,53493.923769978974,1,419.3522261741143,610.3425477109159,2,19947.444735271813,291.50531068146074,0,0,0,0,1,0,125732.32364905532,0
24764.93583462131,41985.725250525924,2,204.85362088868362,88.2702624633666,5,19518.944224730574,843.1379804067933,0,0,0,0,1,0,97481.34475879517,0
25501.95998069825,41764.21846012315,1,584.3339330733372,366.77524248037275,4,18702.830513432204,474.65128458471827,0,0,0,0,1,1,97798.03017434374,1
34844.67194643279,53776.34575457065,2,299.9320789341059,122.00518946096045,3,19199.40329778086,435.7538753577867,0,0,0,0,1,1,127682.81994583935,3
28793.31787647051,49241.637724427346,2,936.4512293307672,61.505430316685654,0,17706.56597279026,229.29445879546427,0,0,0,0,1,2,114081.88732880444,2
33264.18313247674,56922.37382407562,1,312.69456044799864,125.05702857657485,2,19324.07814616198,299.9400486482234,0,0,0,0,1,1,131856.143946682,1
31979.960816109862,54499.7664383768,1,269.3718237572594,180.61527367955202,3,19907.88598900771,170.98156705300727,0,0,0,0,1,0,126373.22962738124,1
31341.7161589482,53572.947719227894,1,343.131339093555,218.97961880460954,2,18371.63274280747,221.65340296625953,0,0,0,0,1,0,124131.00625411412,0
37388.21093604967,64536.00925935671,1,209.15385815069908,86.51634066849891,1,17451.737296991043,679.4183664621999,0,0,0,0,1,0,149167.80161252024,2
34861.85358608896,59998.4833617113,2,281.36148392896666,252.7846466876328,1,18557.79717922176,314.86897945580404,0,0,0,0,1,0,138782.23513606784,1
33730.37989639694,57445.565488237626,1,325.4498316779417,339.3529094376813,1,20474.71815387329,578.1401058116862,0,0,0,0,1,1,133226.63484225923,1
30482.64328314286,51134.60876190077,1,674.855806552474,223.06303015638065,2,14358.000669021909,935.8165220341775,0,0,0,0,1,1,119036.77554943545,0
37226.042885486415,61457.59729844483,1,506.24559190823777,589.7313762410914,0,17845.519930794217,814.956397432617,0,0,0,0,1,1,143632.48804205985,2
28518.185942000444,47746.81165778527,1,851.0914864033675,47.29058194852052,1,18129.712429802203,211.23180300782852,0,0,0,0,1,0,111202.72693420434,1
30092.009256098227,49404.63085822326,1,218.66251410591553,191.134852033948,2,15011.335410054786,334.9710126932473,0,0,0,0,1,0,115610.92364477368,1
35104.97234948747,57645.00474324443,1,264.55392602970693,433.0465462497274,2,18580.654637317795,591.345762604011,0,0,0,0,1,0,134887.0541571235,2
31284.229045419455,52807.358139225864,0,642.029110087641,113.16776775611592,0,18153.92155344879,426.85889610021195,0,0,0,0,1,1,122742.63317553917,2
38940.3995165685,66338.4731856823,1,233.80735738066656,67.03716336052699,4,20199.116729140107,210.6536730239484,0,0,0,0,1,0,153838.26505586342,2
26324.893698758286,45189.97416186007,1,257.82571755834624,47.118512250869834,1,19206.266068772573,334.1858747262491,0,0,0,0,1,0,104595.77216996958,0
40312.70898189924,69274.03575644376,3,263.4442218599514,85.20870168001763,3,18839.820470726023,213.6956351485799,0,0,0,0,1,0,160298.19616772278,1
34163.26692732297,57187.563272190535,2,437.6803516403613,120.00743168060374,0,21266.260197745793,427.20814234091074,0,0,0,0,1,1,133198.27127948694,1
23261.34972744145,38683.07953969395,2,241.54696672775364,347.43466505785824,5,14508.466678503584,812.1101835243087,0,0,0,0,1,0,90241.51185290115,1
28730.88158090912,48832.594081987816,1,517.3493130792065,153.27581523004542,1,15227.979951232064,364.67884398284355,0,0,0,0,1,0,113307.39418655314,0
37989.68644040029,65030.761732781786,0,932.6168218081018,203.409590961518,0,17167.77223298872,317.93642932922637,0,0,0,0,1,0,150624.76415881416,1
31993.728138333932,50642.38030904429,3,167.74270628854032,369.69838843964914,3,18963.497029200746,277.53958219748523,0,0,0,0,1,2,119551.796038085,0
37817.52732386743,65214.49181024252,1,344.83617465628834,325.2458534790673,2,17999.986466787806,572.0394014568864,0,0,0,0,1,0,150772.32765906173,1
31052.342743591467,51110.54812744748,2,212.59907308926,460.6452103490683,5,21188.879140819306,439.45421568671145,0,0,0,0,1,0,119531.62124041785,1
25184.226707212736,37839.37216519268,1,211.82790968469183,624.1617868795656,1,15323.637585443412,239.9552037143216,0,0,0,0,1,1,90366.03258503429,0
17136.794989276354,28189.389759354315,2,201.69230762447307,48.19583801393786,4,8333.892956247324,347.591060246119,0,0,0,0,1,0,65938.50481367292,0
33028.88797264587,56778.29111412013,0,543.1743346489525,131.9544545387369,2,18243.307887867133,50.76315428258944,0,0,0,0,1,0,131371.11991012655,0
31059.27216933939,50621.247819930686,2,254.6816141227865,443.14071967822224,4,17857.869430954765,590.3416248519584,0,0,0,0,1,1,118673.04995621016,1
37774.91321761017,64507.121137355134,3,804.376300979638,155.44391227291288,4,18391.870329769856,269.71604350805313,0,0,0,0,1,1,149502.74976628658,1
35101.560643990546,60185.01421553554,1,206.42685733834156,187.65245375114483,3,19240.62380199718,102.18919878636423,0,0,0,0,1,0,139344.44380307806,2
29789.16917940801,50354.32775442493,3,237.9598992699102,14.538927256061346,2,14237.604852515515,340.25606135437374,0,0,0,0,1,0,116998.28342010992,2
31251.109538769306,48106.45436902699,2,224.06682105979954,589.9183415655111,3,18530.588643483417,412.96563573636473,0,0,0,0,1,1,114295.46202919615,2
30170.822316447684,51460.77326462246,1,280.84218392355854,193.60298461528612,1,17825.869171755017,556.3437986451418,0,0,0,0,1,1,119303.0017237167,1
33108.20045549501,56603.20579668045,2,442.4797897594325,187.77648841624156,1,17842.97913635758,263.2843137295011,0,0,0,0,1,1,131146.916384859,1
28881.9404974923,49339.318005609995,1,440.23627780926745,77.4129717221913,1,18725.102730756855,233.2954240706701,0,0,0,0,1,0,114338.33024133476,0
36122.620903308045,59660.034692728485,0,266.9927885658408,418.27082531512525,4,19248.13394881079,34.86348847290976,0,0,0,0,1,0,139402.8265492167,0
35970.756853823754,61064.555997138355,1,526.8868106819363,46.268557766995706,2,18282.220354645695,340.63341155849224,0,0,0,0,1,0,141732.23584379285,2
36592.62311304921,62010.81629495337,1,288.7405321661096,225.3373140605023,1,19963.126075792083,644.7746440068697,0,0,0,0,1,0,143990.52855667175,2
32636.29294697292,54476.17606963075,2,245.10033901149257,233.00123154741297,3,18240.82209021251,402.8095534713616,0,0,0,0,1,1,126967.79798636523,0
33890.81709110917,54647.840277823794,1,296.4481839575837,226.57662171605793,3,18046.875669272576,980.0744934242424,0,0,0,0,1,0,128427.05448750475,0
37910.46274330863,64170.56500718904,1,599.6297812542344,38.40573881115028,1,18560.215912211293,238.14234775862326,0,0,0,0,1,1,149049.1574502794,0
32911.56865048396,54686.33050168763,1,279.86301932985236,230.6459921189426,4,19623.554540543373,416.53263506295445,0,0,0,0,1,0,127595.2371318163,1
28052.79800230754,47498.2654796935,1,361.5459485551289,91.83809432141109,3,14327.788744878208,181.00590583709,0,0,0,0,1,0,110317.1630342929,1
31243.234754088742,53226.40961359545,2,306.0651862023524,32.26377795277745,1,18706.497782464314,213.4419021411412,0,0,0,0,1,0,123430.92615133215,1
27208.906619756675,45387.87542379211,3,306.21896217273456,198.25222479106355,0,21023.97029486132,826.2806942345405,0,0,0,0,1,1,105811.77507910562,3
22496.022834346237,34489.839144319856,2,269.3805757526979,498.21769054584445,3,15050.011736111675,138.6358584434211,0,0,0,0,1,1,82032.28097168841,1
37346.68897966667,59902.896760685835,2,255.413073509601,144.2012022249385,1,19974.47652932038,519.210601350524,0,0,0,0,1,0,140951.98042708047,1
34768.828032447884,53385.12696049683,1,476.8554445756504,403.7808119916496,1,19136.626977050724,420.4378046294362,0,0,0,0,1,1,126904.17722519398,2
27953.955786072867,40507.745478360666,1,173.9912868425073,501.01538812572915,0,14344.855089879115,199.17700909680752,0,0,0,0,1,0,97451.30716278174,2
26713.559635218586,43902.801354858166,1,228.88207745555394,179.9701076061416,4,17335.09607516999,400.7072103753233,0,0,0,0,1,1,102723.78060192606,1
35259.92445313194,60359.89469864129,1,278.099613981484,97.04271350404706,4,17932.877569312102,245.70199318800405,0,0,0,0,1,0,139804.92403887497,1
32274.434115014836,51072.60823736187,1,332.20665236618845,134.47761179961404,2,14541.492925112736,1018.2856615192765,0,0,0,0,1,0,120549.51896129626,0
36812.29383048596,62125.99478280805,1,374.7002049085702,200.22428425430286,1,17727.576047028644,278.7743348976799,0,0,0,0,1,0,144406.72653981994,1
37808.37905381335,62316.000192381456,0,257.4094593072107,348.2911297458302,2,17203.33918020884,219.96794026542278,0,0,0,0,1,1,145686.99632624802,0
28583.05839904025,48901.54059175641,1,569.8019222003888,189.964029305995,4,14351.508277291188,439.09296415603484,0,0,0,0,1,0,113281.10253763797,0
32225.531108904725,52939.525025889125,1,246.91693136924877,188.00597725761273,2,18898.47123723089,468.96088899584015,0,0,0,0,1,0,123862.93666410734,2
34606.50961312213,57308.281485429834,2,396.15454195227744,153.33652711237494,1,19268.868039795478,719.9365131306557,0,0,0,0,1,1,133832.60991665805,1
35385.5199272027,60764.54922531516,3,1116.1848327897042,152.8266149775564,3,17377.08869945194,196.1965275974494,0,0,0,0,1,0,140632.5046391564,1
29248.097532584317,49677.357077731824,2,204.5785594154334,16.842567537342074,2,14473.247754548942,279.8667928158926,0,0,0,0,1,1,115289.56326540702,2
29197.130952018917,49476.179941858914,1,507.95934039882354,80.94685084133688,3,18262.26401430036,369.29995050678167,0,0,0,0,1,0,114887.19280374932,1
35030.280476285894,60196.358308423296,2,309.4280126093066,48.17912237106192,3,18258.338831638306,256.64962570905607,0,0,0,0,1,0,139292.89047358447,1
40824.2428981011,61794.91182836583,2,418.0163419921273,817.0477325651811,0,18549.064246412716,810.0819910094145,0,0,0,0,1,1,147332.4762782052,1
36523.79863306693,62265.0307358867,1,353.2468760733178,124.77507672507095,2,20711.628042602926,65.33762420119899,0,0,0,0,1,0,144366.99450478362,1
38271.23224402014,58822.39076552575,1,246.96817659042358,168.18511962515788,0,19281.741067174786,809.5943698436909,0,0,0,0,1,1,139771.837543934,1
28282.228129503223,47635.48533842851,2,219.208993536822,36.02957841842816,4,20918.61518260237,386.3354034068815,0,0,0,0,1,0,110778.05442225549,0
31171.33342203397,51955.94818647313,1,269.46491464438157,78.6615715385313,3,18500.510168904777,424.2000141920257,0,0,0,0,1,0,121136.06016854025,0
35897.088468232534,61696.54068300376,1,323.53772411872603,196.56832742537458,2,19057.952539775622,250.01812552627553,0,0,0,0,1,1,142758.51544109505,1
32295.25738953103,53260.48208116181,0,207.6468883090082,249.56937639222886,2,20102.334647857315,60.53607991006672,0,0,0,0,1,1,124502.45146599159,1
27715.251610405376,47251.60048421917,1,405.973687734621,185.85477017407175,1,16203.467339026574,79.58676204376326,0,0,0,0,1,0,109556.18804403029,2
32796.26479896051,55543.63857810666,2,206.99525925875633,109.21226965818403,2,19056.456962379805,344.92168824462647,0,0,0,0,1,0,128993.17140630358,1
25528.853301290146,43785.913302643305,1,710.8256111923771,111.43013155623248,0,18015.46536812272,251.31833174406947,0,0,0,0,1,1,101367.92027428324,2
16692.679837341137,28718.468581287314,0,192.37216554198443,300.29434196976086,3,8663.99854697166,150.80845309417964,0,0,0,0,1,0,66434.33856478398,0
28986.963685396237,49594.778681663294,0,235.0628361310225,144.31589291335922,1,15150.486578949647,186.6373947869101,0,0,0,0,1,0,114886.77439367943,1
31468.193621615923,53695.848142633215,0,466.23526500033427,232.12137882550178,3,18090.045929692344,111.04308463079435,0,0,0,0,1,0,124470.71953628972,3
33686.92708689427,58005.481262549176,1,261.6006305036065,59.21823903768957,2,19718.512934177143,155.33838085147715,0,0,0,0,1,0,134155.22202981327,2
27184.604472281728,46758.26396505985,0,181.2187773279765,103.53064827450797,2,14717.067061846743,144.7197558972338,0,0,0,0,1,0,108172.1083885955,0
29633.59393927833,51056.05121650424,0,331.2871767480161,129.48649209473538,1,14597.727331012597,205.08898592722736,0,0,0,0,1,0,118065.10126033102,0
32728.745007337464,55852.3337999523,1,420.80414313387325,134.6742115814932,0,17673.39826901687,190.51173409316954,0,0,0,0,1,1,129465.80090407659,0
29479.949531242808,50259.18222617169,1,200.79757941674208,118.80962862955505,0,20151.819774844967,433.7481028501226,0,0,0,0,1,0,116529.32520126256,0
37069.43332968539,64052.373237510605,0,289.1967259999131,67.34622585965293,0,18294.69957486359,123.54551386915257,0,0,0,0,1,0,148011.36637104995,0
29972.867888917972,51440.24146497143,1,188.20671367979241,65.04387774052762,1,19205.8850765675,234.29983160543472,0,0,0,0,1,0,119069.7578376435,1
27847.380618517833,48015.253172871955,0,256.0209130705122,104.47432951556979,0,15384.612562614037,39.813223080900215,0,0,0,0,1,0,111012.19528754526,1
29793.05256486965,48412.458839184335,1,614.6804326285545,244.47058544997935,1,20068.872485661235,398.04327882569567,0,0,0,0,1,1,113570.4508313039,0
17212.976931307847,29464.812664283534,0,362.71432431508924,11.186259557939824,0,8659.256089595452,127.54178757765948,0,0,0,0,1,0,68247.46510220693,1
33622.21549838891,57232.209383653986,1,689.8952155194889,178.80175658104832,2,18608.372845328515,502.0677969695284,0,0,0,0,1,0,132748.46566206298,3
33317.167416433585,57442.375821923044,1,382.4505629779096,105.73305166580396,0,18940.953314349583,67.71541789101221,0,0,0,0,1,1,132810.07614993362,0
22883.596679177215,38180.349827690305,0,222.4609177255124,119.6634325219089,0,19113.322435939037,279.19557770163294,0,0,0,0,1,1,89001.71032654561,0
29705.387526578157,51008.88606655983,1,317.20086324869976,164.19220783575216,0,15097.46164935001,274.70038995904844,0,0,0,0,1,1,118055.19054623245,0
31156.429797509674,52112.98987427401,0,150.52512914342648,319.9539139109647,1,17908.3512236082,523.6944574263043,0,0,0,0,1,1,121400.46449250057,0
24800.249649537316,41929.223879065205,0,256.8194311982817,103.65357000527521,0,19848.41500757756,120.68422219531548,0,0,0,0,1,0,97415.21730999845,0
23666.03463192495,40085.904050903366,2,379.49121793783456,485.58607915091926,4,19250.91874213337,479.0844677193636,0,0,0,0,1,0,93090.145053744,1
27232.37023753077,46915.63033986411,1,397.9436595836239,85.12383192212661,2,14986.10804849107,202.42321346795137,0,0,0,0,1,0,108492.52770453718,2
29898.189288727994,51418.46440135584,0,438.18111813881853,195.56389663406594,2,18703.161301421962,101.88019595562793,0,0,0,0,1,0,118957.54208078992,1
36977.232114123435,63428.900391981246,0,287.37528432173497,252.49671261072396,5,20020.20763925223,98.62725759602955,0,0,0,0,1,0,146837.9946506265,1
254.4404564895943,114.57152954966264,1,156.1085600616822,139.57509231320452,1,97.78276630409619,310.38734954819654,0,0,0,0,1,0,322.4218275918529,0
37213.01493106147,64174.73786377475,0,207.03792441369364,98.55880526755804,1,19095.805850889363,128.52251343709972,0,0,0,0,1,0,148366.80196942412,0
29382.88052321708,49630.586830781096,0,233.63130730939423,197.503413654546,0,19260.036076222656,491.60412728402474,0,0,0,0,1,1,115340.03701343722,1
29626.399311838664,50889.86429226237,1,329.5853968292797,29.97579469763743,0,14921.575591041925,411.57337993196165,0,0,0,0,1,1,117769.80108237136,0
15015.301312094038,25377.67622890258,1,159.50408309384449,18.898840354369753,1,17051.124403204467,206.84104222735183,0,0,0,0,1,0,58968.29353960688,1
33801.41022041331,58167.03006123893,1,439.57823473831763,91.85989571072353,6,17457.873596795034,216.65735035202866,0,0,0,0,1,0,134549.6601744203,2
34652.38864646436,59833.5986902233,0,258.85976719666644,254.7512015699767,1,19146.46267002115,197.03713556468554,0,0,0,0,1,0,138287.2035195797,0
36239.648984641775,62416.65746090425,1,537.6026433523638,82.8649635698579,2,20197.941737492292,271.2295357825679,0,0,0,0,1,0,144348.36148348267,0
502.98444823390696,579.0560320003923,0,25.38711975759726,339.1058685931513,4,114.45567843794291,674.2727207861712,0,0,0,0,1,1,51.487791164914924,0
31125.7879992725,51849.677389830686,1,215.56366162315996,89.15543650781922,0,20296.318974869955,599.859482055214,0,0,0,0,1,0,120903.64034330117,0
28981.505056816597,49817.755653565226,0,315.0459727823343,131.47045913886097,1,15557.27622020381,36.9216834904901,0,0,0,0,1,1,115268.1100245813,0
15455.4676801005,25067.191967986524,1,350.0903943458552,493.03923557386116,2,15026.917850375323,267.9324111352583,0,0,0,0,1,1,58852.3917183563,1
33700.999538484444,57791.62851378542,0,255.08688060146696,146.09390429634385,3,20079.914393938056,310.5318347241647,0,0,0,0,1,1,133798.6898584336,0
6085.208207600512,9773.851250643154,0,105.0707931475393,403.99990123119534,4,8681.564220529744,511.982078101536,0,0,0,0,1,0,23000.993612469978,0
30262.04570701098,51873.22792487441,0,326.41714644811805,105.81870614871451,1,14451.94516571101,249.2722912864792,0,0,0,0,1,0,120108.55479504449,3
31491.73597559077,54292.970392189745,1,170.88700977887225,140.09908649856354,0,19474.006444891744,116.97005103232621,0,0,0,0,1,1,125529.72071662545,0
36247.90699123541,61425.27329322408,0,271.4137527933866,98.06524522715607,1,18662.612353934943,432.80377453125254,0,0,0,0,1,0,142634.80645766552,3
13075.462642046688,22312.46533540881,0,183.73952198084268,11.45876855570325,3,8740.47723672867,92.3052983979008,0,0,0,0,1,0,51721.20752450145,0
28310.564956123355,48553.7147718542,0,332.5770491202572,14.892061689598275,1,15315.441136455214,169.84867407282678,0,0,0,0,1,0,112407.76898528871,2
30800.956019434074,53016.04359931018,0,299.85743286645464,282.4773653720867,1,18033.581714805227,255.73186278030104,0,0,0,0,1,0,122627.4054278619,2
26921.134902243946,45453.97483164755,1,279.9847238608552,427.34725841610464,5,15346.391815010418,354.2286041382439,0,0,0,0,1,0,105642.57110382395,1
400.05977354973254,252.75987941637666,0,159.69342201013032,193.52351913617818,2,121.38867573346553,493.2434210392518,0,0,0,0,1,0,460.72133664013245,1
32682.093473363362,56168.65271577857,2,179.26751508000046,47.004271895104296,3,17893.371643157905,87.48227383342015,0,0,0,0,1,0,129969.03286931262,3
37357.763443390926,64335.87624614284,1,245.44619057035322,109.12325769431371,0,20453.46991025617,88.58693597750707,0,0,0,0,1,1,148790.70422691602,2
34329.18542933039,58882.23644420402,0,472.98301318559464,373.2816922753857,2,19160.135378447485,385.8269962512469,0,0,0,0,1,1,136316.04421760197,1
27146.896557078486,46505.372408883806,1,450.8785806710508,150.87149748343555,4,14655.887236223849,319.50324829578966,0,0,0,0,1,0,107695.09510301222,0
18636.250912565065,32061.220378098624,0,283.47897595437416,56.68581440552036,3,14788.563228208159,158.52491652616595,0,0,0,0,1,0,74167.71050345535,0
27248.04957936459,45896.01558455007,0,270.59806731559866,528.3088816230946,1,15253.68965670994,254.07930388748176,0,0,0,0,1,0,106733.50896612043,1
1719.273009903264,2426.5866197864875,1,264.7983715822015,19.159544708620555,3,18239.801101434456,212.71636490534482,0,0,0,0,1,0,5903.806930247301,1
477.86233680391763,443.2784891449238,1,141.38322650904504,25.444358321594002,1,124.31449936602112,746.7536786462396,0,0,0,0,1,0,346.18833532382524,1
6870.811715780568,11732.555688713062,1,773.4397605952122,18.24561668935238,1,9266.609658094269,251.50599650170508,0,0,0,0,1,0,27192.149583834027,0
20635.904273547694,35050.423987314425,0,333.2212634538168,314.1675734341532,2,14384.939530819678,466.7932201653723,0,0,0,0,1,0,81342.81416805784,1
28975.59718817011,49643.85664729208,1,183.25882452798297,199.8595045888161,3,15416.698008448868,636.4583485778944,0,0,0,0,1,0,114960.5687159337,0
24912.172756731696,42412.483550209334,0,414.6821680666194,61.45557697790278,0,14482.219977742563,115.97563374868959,0,0,0,0,1,1,98371.73257544532,0
28381.57536814188,48196.25649365022,0,237.51659408581224,33.937688976000146,2,18794.83219829331,86.13289845713777,0,0,0,0,1,1,111858.3377718154,1
31990.8950451716,54760.504194739944,1,539.8031556734297,65.88483056800816,0,18994.22405803724,386.6043018370665,0,0,0,0,1,0,126838.05928585035,0
15004.640122618737,24588.535859767868,1,233.78837259087703,136.83156255354967,1,9180.148524660548,79.6648112263691,0,0,0,0,1,0,57572.47551972586,1
25682.31922122037,42686.18723793017,1,293.61790122057533,397.34807428847216,0,15226.834081377361,753.4040780142611,0,0,0,0,1,1,99594.63896977025,0
13620.703029688388,22062.77062634634,0,189.63147836884366,514.9914461741167,2,8833.136981304942,318.2370988228205,0,0,0,0,1,0,51803.32734454797,2
15690.160625138376,26578.677330223283,1,323.56420457294087,154.9410486349553,4,16307.322462463018,519.7844613844986,0,0,0,0,1,1,61724.8216874613,1
36796.885551108244,60000.11382235764,0,292.38365985965936,267.0181580719015,2,18678.987707501175,846.2014436995632,0,0,0,0,1,1,140646.03161040624,1
26510.777297748547,45268.35835632283,0,285.5790295940358,13.039705868496583,1,19050.974808566592,134.22414985130743,0,0,0,0,1,0,104916.68885400015,1
5496.47721775294,8990.310799314575,2,275.656596264019,32.633408329429344,6,8975.470437760658,229.98561863422447,0,0,0,0,1,0,21067.521181939574,2
29240.430517314195,50351.81287565115,0,178.68993487175229,190.59985323426162,2,14789.891377610831,102.39571273706113,0,0,0,0,1,0,116452.14621038726,1
13811.736572779882,22706.805910666873,0,149.92374905011462,458.0399426701198,3,9067.339152426775,347.041422193777,0,0,0,0,1,1,53127.25047436019,0
23600.0888054304,40308.51899199374,2,171.0046282719139,279.86480700155334,4,14815.482073094789,588.3463007437131,0,0,0,0,1,0,93415.59181056704,0
17549.970203193698,28977.995430807998,0,362.75867269288096,121.46575662765119,0,8959.006930732898,91.04337117095326,0,0,0,0,1,2,67731.40341419126,0
32178.22031845291,54779.829335616356,0,780.9235994317484,24.57851041143716,1,17541.354749206632,280.9147009407706,0,0,0,0,1,0,127055.20464671045,1
29264.11601130244,46968.45999957862,1,389.4033161068721,273.3833944658227,3,14841.97553650164,151.04686063716423,0,0,0,0,1,1,110509.11692384438,0
32652.946347987134,56025.5598260979,1,241.63471115160644,361.8680047858157,1,17851.987751064047,278.42495000896315,0,0,0,0,1,0,129691.81093327879,1
36041.76050051403,58589.296322954,1,234.7230324184146,229.6403889804833,4,18502.92951557339,656.5202583150715,0,0,0,0,1,1,137447.30549647938,2
17010.61741727299,25400.576182962697,1,451.00800854724537,51.71966589015162,1,14773.327028673353,1006.2490915630613,0,0,0,0,1,1,60792.90382273846,2
24635.747536906005,38910.83512782239,2,290.64803723473545,256.40072737388516,8,14822.916016664647,222.73617528454758,0,0,0,0,1,0,91889.40629299701,0
28386.048763506387,48041.85271124687,1,778.6763616909748,80.06046728043012,4,20390.302562691104,486.306768865617,0,0,0,0,1,1,111591.6965668762,1
20984.096393951553,35784.11849815841,2,495.2931057878272,47.51902806971498,5,14523.737647835607,135.13875230058483,0,0,0,0,1,0,82963.08614656812,1
17712.890188692672,27270.575020402346,0,192.56836176177484,264.51377046280675,0,21029.22416911285,61.83382002430808,0,0,0,0,1,2,64830.02383402217,2
32029.274926130573,54812.14030296968,0,262.36151865326326,292.41460004901455,1,20895.796140142324,405.25129823271885,0,0,0,0,1,0,126964.98719339012,0
14760.325914881158,24536.20316601096,0,252.34426452511656,93.70147442415765,1,8550.282103330888,410.2754382806832,0,0,0,0,1,1,57254.30045205093,1
13520.093939854476,22456.818151142863,0,309.28000298948103,26.36185374982935,3,9069.461604599688,216.24424916124053,0,0,0,0,1,0,52411.664972952545,2
25824.343274130457,43984.704621713,1,491.2142858437186,39.98930441081685,4,15387.841663938656,455.38916208290505,0,0,0,0,1,0,102005.38461484307,1
34026.66690435196,58072.73064298832,1,243.79436846738477,142.55996543357801,5,18801.083610328,134.23673538555016,0,0,0,0,1,1,134610.63464040926,1
33671.013000665705,56828.94579622375,0,228.1805614168157,297.4682345941773,2,18088.3693583162,409.22616478055824,0,0,0,0,1,2,132096.74708917757,1
18882.55663441643,26787.8509490109,1,309.1681474233045,106.51582974549268,2,8696.051653616638,836.7039981957009,0,0,0,0,1,1,64733.231867570765,0
21305.455591865193,36562.38645798573,1,252.90403147716654,13.677180630271145,2,19373.797101156437,220.68694459293042,0,0,0,0,1,0,84633.02400101043,1
26512.54372117856,44917.48106705396,0,636.1925971938631,55.281047926540296,1,15927.342173486511,300.9582735125415,0,0,0,0,1,2,104310.46493524645,1
10789.843533059842,17422.03653467176,1,210.18934018571747,234.0353118097472,0,9679.775078169368,512.5359773471184,0,0,0,0,1,0,40947.06911403802,2
1153.7682527936674,1443.9431495565477,1,99.9883763566491,188.60182853537734,5,291.57734375006277,232.53507149409762,0,0,0,0,1,1,316.80472421691366,1
15156.40161687222,24370.66561815579,2,655.1571775326164,183.69927443086618,5,8879.011383709254,478.5038620095641,0,0,0,0,1,1,57325.05730436706,0
1034.2826596096015,874.8152986245918,1,332.40823958463926,340.2496210646722,2,261.7825901479404,390.34026142012556,0,0,0,0,1,0,1648.531159802799,1
1309.775810900529,1257.0320431156695,1,465.9764809752926,596.7761829868565,1,419.1670213641066,370.30419024710267,0,0,0,0,1,1,1185.6640290601574,1
7577.973670075783,12568.837338187164,1,385.02630392575884,36.27889482550268,2,9008.288576552935,127.91794066083683,0,0,0,0,1,0,29345.067965958722,1
1256.7966185185976,1448.184764588956,1,99.80540481338444,190.63824973375347,1,240.22022948200615,221.31861533027237,0,0,0,0,1,2,388.39393573108,1
737.5533742260291,726.0366864664778,0,103.19023665259357,375.3051714447413,1,94.80053252709429,207.23674427939176,0,0,0,0,1,0,811.8024394193718,0
13633.780258331919,23170.17442915299,2,260.12204699429833,138.67878126818687,2,9284.39744132639,691.9976308387629,0,0,0,0,1,0,53764.72076794822,0
399.1721268276338,408.7330290005099,0,83.08338529981955,374.6967474855704,1,226.30446493198292,451.24199724483634,0,0,0,0,1,0,215.1642457360831,0
589.2823785782776,655.5022940166336,1,115.67262398028035,308.93105673663865,1,145.28238798175425,233.1281035922359,0,0,0,0,1,1,208.48890927966443,0
461.9809578018605,260.69960020538525,1,157.09165724792433,24.0529498956506,1,51.08199071850398,69.02874103161402,0,0,0,0,1,1,742.6954430540137,0
304.547763323719,127.47538453510622,0,66.76977674265062,21.35799311154105,2,48.513344168489056,687.1291221643735,0,0,0,0,1,0,453.00705800191975,2
12912.025886654777,21032.16506237192,1,341.00255870910485,204.26279483278492,7,8983.380801951964,460.06534473048526,0,0,0,0,1,2,49329.85842475975,0
7724.359523981817,13109.342622036544,0,246.09646689820224,26.396537805722026,1,9380.063630964487,207.67970004271976,0,0,0,0,1,0,30429.75703843938,0
365.44170480082954,218.91821262526798,1,120.93400514949009,323.27433716913686,1,263.5647287048245,465.7097688006295,0,0,0,0,1,1,150.99205879142605,1
31172.00368879204,53075.26027289839,1,423.15633271619186,157.45583416689811,2,18691.68876156514,334.2534274480344,0,0,0,0,1,1,123100.85790278709,6
25088.65992361897,43221.52050844129,1,434.9559729446796,312.17299780762664,2,15468.085471202798,107.10945479355948,0,0,0,0,1,0,99950.42035181273,1
9221.564582315103,15744.502466463253,0,187.58190889674194,168.28373082440956,0,9158.8923784396,329.2224106985236,0,0,0,0,1,0,36491.77225460691,0
278.6496810687379,149.18862374210005,0,204.37111301880108,13.483231698817418,0,53.18693383776967,25.571871776865304,0,0,0,0,1,0,529.020870857274,1
16256.218133520204,27972.813777516334,1,300.2234505827591,10.926619245886084,1,15742.21768797423,103.93044090792769,0,0,0,0,1,0,64706.50391545758,0
13351.245803084546,22873.42091462797,0,244.80548581093996,82.71371981819604,0,9201.183461792856,81.5672933055727,0,0,0,0,1,0,52969.13282019289,1
19282.227041451897,33138.71012774301,1,183.65132008365828,44.88786313738878,0,15497.831297373354,167.46645365108907,0,0,0,0,1,0,76679.74125769603,0
16821.994987522812,28767.47069414382,0,228.30950853582775,41.912606090460265,1,9078.29698305978,112.40738679357744,0,0,0,0,1,0,66647.96178512435,0
462.8908776928911,376.7589206252944,0,125.62329002865926,233.4471869054881,0,78.43302309738662,510.0198482969637,0,0,0,0,1,1,1078.507053819274,0
25782.282074181927,44090.92433384559,1,257.01530205351287,165.05976544196284,2,15825.146850724424,277.2408669405359,0,0,0,0,1,0,102147.61261354265,0
20601.89305101871,35220.11571040563,0,173.07923279566893,77.27544892149058,2,15048.743572620613,275.7600879140293,0,0,0,0,1,0,81603.92495875266,0
23672.578293210627,40667.58319900924,0,260.09492549601146,57.085987445697675,3,15705.9858847952,179.8256290309106,0,0,0,0,1,1,94110.28365922371,0
14664.106010787395,25001.806310608197,0,445.77730226195104,281.43674844534775,1,9215.396823956751,564.7753735324372,0,0,0,0,1,0,57968.0329171981,0
363.94576586298876,300.3819141260152,0,89.14365424933466,282.3402838652932,1,146.8510647588649,316.50039245551227,0,0,0,0,1,0,853.0050296660213,1
15990.261431187888,27163.449461609092,0,266.4948745094549,182.8874999201556,0,16566.813425422482,228.4507352890671,0,0,0,0,1,0,63037.77133913267,1
19317.22605760267,32951.121572886084,1,471.9938215959006,271.0895771660407,4,15505.5238727627,510.2777378437878,0,0,0,0,1,1,76389.81609349673,0
16522.38034680219,28380.635815643785,1,263.63632454297317,36.73482851104164,0,9152.697336365436,140.7966042318784,0,0,0,0,1,0,65678.87515266865,0
27639.916119506503,47085.5309296148,0,456.3773291958287,30.152756517426248,4,19468.0844121155,63.56164697749704,0,0,0,0,1,1,109193.29354809996,1
8787.860104435378,14630.62495133231,1,223.57164198083566,204.31093992763766,0,9336.229544110312,285.55490971625096,0,0,0,0,1,0,34125.29465462532,1
12717.393587589455,21402.70597883678,0,185.1245653320974,159.44147129378518,2,8780.513285807827,338.75439141420657,0,0,0,0,1,0,49782.74441717678,0
643.5051713935836,650.4750198932638,1,280.6559986637816,21.668970529994695,1,63.81947968433518,163.19745270209023,0,0,0,0,1,0,1749.8963620195768,0
789.350259403013,755.8373180312593,1,208.8208221876822,114.9652799930479,0,211.56619412934737,52.005414020741426,0,0,0,0,1,0,2006.1929657256596,0
15027.626039528803,25725.18031391156,0,279.35072958614614,257.12149288664074,5,9612.314164575411,355.7436820688138,0,0,0,0,1,0,59584.85824779738,0
264.41128447362513,158.18444871052301,1,221.362549897359,213.7597600838714,4,190.60987700516432,245.8591963534498,0,0,0,0,1,0,490.3325749319602,0
12380.605640160771,20838.42800920557,0,156.5376406789092,26.8871493981003,0,9106.339030847517,167.34361803054867,0,0,0,0,1,0,48472.48515635629,1
327.28943026374793,46.221077384523745,2,106.92650207242336,11.731967785725146,2,148.2651558240541,237.85062784629702,0,0,0,0,1,0,313.50491588381806,4
806.0657099787179,821.9783508335579,1,230.62490808408336,99.76078076370479,0,51.879948763607054,217.38338408655443,0,0,0,0,1,1,2223.7525604728908,4
379.6704013272594,282.9272739340778,1,87.30213607475997,212.10319586857983,1,176.25108862903235,310.02931714914916,0,0,0,0,1,0,616.3592786061465,0
201.32499519151162,57.0579448794309,0,19.874726659489774,284.86444360093907,1,154.00573644963742,284.74294098501014,0,0,0,0,1,0,177.7735402421863,1
684.1003730752943,715.8277789213186,1,86.81998959724108,166.70841654238185,1,182.2735931523571,395.9595316054275,0,0,0,0,1,0,610.213425442991,0
17143.321004383615,28910.65075619287,1,208.29879552284237,239.52394432359915,5,8665.549271295564,426.96963426968443,0,0,0,0,1,0,67212.271749439,0
177.03091779538505,146.31599114720314,0,205.37490421496145,45.25841962998396,0,192.18554932166558,175.81165781898912,0,0,0,0,1,0,425.60021885651315,1
10904.039944034033,18055.12645051318,0,225.68795264693793,134.790024839196,0,9048.646614297519,154.79777329319865,0,0,0,0,1,1,42172.361534698044,0
720.8403359176828,700.1449856105484,0,117.56269632163998,197.19533104786603,1,122.21938218709121,660.830361207534,0,0,0,0,1,1,486.7647897510899,0
532.7818765278025,641.1907082997823,0,40.344637984568294,244.0682374911938,1,141.2213821901883,514.7348977722147,0,0,0,0,1,1,105.90516807958109,0
493.9707165860832,351.45525556692445,0,145.49736659331987,420.31361588598844,1,65.76672448274469,429.3964583294356,0,0,0,0,1,0,509.7557219492466,2
30177.185516069785,49187.523269991805,1,269.37009259863123,77.54459995984179,0,14927.693330701322,633.6125368629903,0,0,0,0,1,1,115318.04989674344,1
467.52772286559616,486.7267324496451,0,246.2283006149026,43.672621725143344,0,374.53177091511026,368.8435230799151,0,0,0,0,1,0,1308.4920930980409,2
25702.24416049559,43959.40149617928,2,300.32756812352847,9.780857445873018,1,15506.60566983722,217.75874691513172,0,0,0,0,1,0,101841.22032629556,0
24303.951961491748,41674.398033933336,0,463.0616131777235,268.82434625784623,0,15644.79369116644,439.7417877454482,0,0,0,0,1,0,96485.591922347,0
16686.96610322012,28254.381312355024,0,324.39861392110646,274.6631551588818,1,8830.400025378836,554.8884807712245,0,0,0,0,1,1,65623.68989765286,0
33971.03711516967,58539.415168725725,1,254.26740028408733,161.19564867936836,1,18145.034584020243,109.35304470462069,0,0,0,0,1,0,135364.098006858,0
15112.872417887043,25933.01184301474,0,333.22750192210157,90.0963241010595,0,9246.105493133602,222.42343418549927,0,0,0,0,1,0,60029.98291510546,1
15932.82139770763,27081.429202189356,1,232.54541786051257,177.13356171426,1,9143.329041042394,514.1567408398942,0,0,0,0,1,0,62839.22204756427,3
16114.436282113913,27591.037862461162,1,477.89054645346704,110.72336240611484,0,8933.80460973865,78.42642329677484,0,0,0,0,1,0,63903.37254442776,0
21507.75367357639,36407.29575577817,0,322.6218947976426,432.15330597201375,6,15655.824434206042,567.8545887623144,0,0,0,0,1,1,84563.73602648913,0
28414.506792160944,48309.14218944115,0,516.9365884316285,194.65746950735263,1,15808.554329516033,335.96922723009857,0,0,0,0,1,0,112085.17149447823,0
10574.245057078955,17441.410317374968,1,303.352901658228,445.5585945752841,3,9095.137325972806,326.1533603324071,0,0,0,0,1,1,40780.14444463367,2
605.9195053098371,449.4874866769953,0,280.60349476602795,420.7907885572535,0,69.58347539755827,351.1811410331661,0,0,0,0,1,0,712.8913243924466,1
30031.59759683877,51600.150690989314,1,469.928545926545,11.569359138023895,2,20299.164299596123,76.12438722508054,0,0,0,0,1,0,119405.5061219844,0
19781.37732866378,33323.85312961809,1,361.03966104469737,472.868039712612,0,15272.566554815648,693.0110817668193,0,0,0,0,1,1,77494.47647375854,0
16214.1252552688,27773.500150339187,0,246.14744979865398,242.52495875938448,4,9301.179449883452,89.44613650340864,0,0,0,0,1,0,64318.45089461548,0
344.6900246237172,194.6340003942476,0,73.97652653201325,101.65705071728888,1,99.5438884673928,345.5640161346055,0,0,0,0,1,1,314.1839654986609,0
9424.880285360434,15607.67345954571,1,97.40863934207883,300.6338782148309,0,9050.32348881551,413.2398846794238,0,0,0,0,1,0,36451.944849297004,0
5628.283966355505,8923.657716142465,0,422.1548599334968,139.3799538130106,0,16542.441313572548,182.92247296611043,0,0,0,0,1,1,21076.790029384807,1
16473.357197993,28109.57212742758,1,319.0417816709101,200.96225703411773,4,18108.41538882401,240.74747802160468,0,0,0,0,1,0,65158.923265302576,0
18151.846304515242,27305.151346917504,0,245.1043578782851,158.7300302059841,2,9302.704158995035,580.2442580536953,0,0,0,0,1,1,65209.03936583107,0
29202.322944143343,48583.171012899504,1,385.5586306998991,420.7454948114145,0,15259.78634409149,826.3061110053316,0,0,0,0,1,1,113324.97639039048,0
27099.191521510536,46198.74116572717,1,345.5238696839989,260.0449926746504,1,15800.993643154246,465.1286476138714,0,0,0,0,1,1,107116.80967374708,1
32230.980439196785,55202.62449566394,1,492.6607599434462,38.272195509804384,5,18851.51328210668,291.44497889921195,0,0,0,0,1,0,127843.49090150576,0
20857.748474080636,35360.79968584379,2,357.4974777140899,29.85012514033406,5,20123.18125224434,229.09015416014998,0,0,0,0,1,0,82100.36321941062,1
22048.259309357538,37715.92996571098,1,321.6296419993474,388.0369145810233,0,15291.56726514185,362.70589587252414,0,0,0,0,1,0,87374.05138326797,1
15063.762646659834,25701.25749530118,1,249.1253061073675,86.93259451687479,1,9316.435609912342,227.5802267277767,0,0,0,0,1,0,59579.55691520518,1
28166.54369968585,47625.05721451985,0,327.47799697154767,178.2430760424459,0,15558.820004558835,248.13161724749656,0,0,0,0,1,0,110648.53904352346,0
406.2007914584511,447.31833655143646,1,147.44251933845746,32.506073027775955,1,10325.962469606286,343.00765258553724,0,0,0,0,1,0,1177.914880505977,1
26760.56786218331,45945.89052682115,3,285.68589252458264,352.4676029448222,4,15778.26296556061,392.53061204096264,0,0,0,0,1,0,106340.5332373129,1
10715.211624364198,17971.784838164243,1,263.5667780165512,377.91980461616265,3,16530.492551258118,160.62497029522524,0,0,0,0,1,0,41837.4445860282,0
16927.329115480206,28601.85547972036,1,231.94451374230943,80.47289734989701,1,9311.756973962163,709.5463037125032,0,0,0,0,1,1,66465.44274912137,0
308.7310997937426,217.4909608433253,1,114.91017889738553,321.8865123580199,3,452.24419289388663,310.945487772849,0,0,0,0,1,0,459.20733266919876,1
12429.419079721445,20899.1997407887,0,416.03987207497346,185.49499158627913,0,9272.965585266462,443.80060671629883,0,0,0,0,1,0,48623.79073160483,0
18441.491191530546,31730.633240246407,0,318.1819864856832,30.097271098146702,3,16052.955249193572,151.2041921335055,0,0,0,0,1,0,73400.42379372928,1
32780.65046824929,55426.76335611358,1,552.6887695392973,108.55020946679392,1,21052.379711501075,55.38313158792491,0,0,0,0,1,1,128776.09342411094,0
2176.5526033026854,2102.2613016211903,0,189.79403044412246,411.8548918910217,2,9907.010820152951,906.699508876233,0,0,0,0,1,1,5271.5188135500375,0
30710.920104375396,52275.77406508839,2,304.6807403446437,71.84071015126001,1,18674.072515327058,364.38506265957443,0,0,0,0,1,0,121250.75863803228,0
417.3036620004079,162.3838637403479,1,146.1238238658498,36.92242529659213,0,185.75951044506718,307.99969603654677,0,0,0,0,1,1,366.8655406643954,2
24874.031654471673,42712.56863246371,0,345.00067059974185,27.00383902387847,0,15523.221614725637,170.42327314109247,0,0,0,0,1,1,98854.14551949174,0
15986.53671040318,26347.34200114012,1,294.8085030211417,399.87845547722327,1,8889.414947508187,246.8834053431886,0,0,0,0,1,0,61601.450664184005,1
9974.840783844289,16974.473823728713,0,384.2808861027541,324.20086286688274,2,17586.21167735952,70.47531569900107,0,0,0,0,1,0,39374.448893359004,0
898.4546735131012,1315.0734953673916,1,147.31682686780474,189.04687484482773,2,204.13352400943972,195.18948876095044,0,0,0,0,1,0,3173.1510824914803,0
15714.020772949343,27033.14618685764,1,230.15746443185313,94.05465708072676,3,9474.177554162832,219.31562755075447,0,0,0,0,1,0,62536.7524259774,1
14991.791860750645,25751.71884588204,0,207.2119432577831,56.41221393106811,3,16039.538340315563,181.63132973291988,0,0,0,0,1,0,59594.81034200416,0
16194.614184502978,22639.32347846961,1,233.28189488177136,228.00507940508544,2,9188.48763241336,407.8405657353418,0,0,0,0,1,1,54901.61597927867,1
23544.019855927592,40313.89381860913,1,173.34423420505186,208.25253165094665,0,15036.042981133909,282.6141570360418,0,0,0,0,1,0,93369.17733406673,0
1117.8164196556625,1395.4806310094614,1,479.01694058758494,16.293487593416096,1,24457.77928177421,181.81608520271817,0,0,0,0,1,1,3526.843744377326,1
13094.345939868685,18653.192782496033,0,344.2960433537452,219.26430068265822,0,9204.922194057503,104.13402711736126,0,0,0,0,1,0,45038.74385754243,1
14868.595563287125,24479.988527038604,0,239.95143054275704,304.5181731582463,1,9433.888642045195,180.30483134939604,0,0,0,0,1,0,57248.720608614545,2
18609.70715774833,30961.63061042503,2,351.7023416572128,192.77786115831327,0,19948.34622901205,228.06801272747566,0,0,0,0,1,0,72223.76056104682,1
17780.875021439224,27948.44611814664,1,305.7771551964885,73.01289871406978,1,15135.942174808455,233.94065020844118,0,0,0,0,1,0,66077.22426560029,0
13860.173040161913,23131.976010451493,1,237.68802449841684,60.10552143407588,4,9619.69679904337,358.8649958666972,0,0,0,0,1,0,53917.457146969755,1
27058.31092394769,45868.029848825914,3,378.2231555670653,192.96378360550406,2,19399.494203220813,427.7926647902052,0,0,0,0,1,0,106499.92275352504,2
2219.545880244194,3200.0006733220375,2,313.6066377708971,27.19883954246043,0,10117.371955771629,90.32302205379054,0,0,0,0,1,1,7755.600899150971,1
10208.312245241901,16474.403664836853,0,274.6135917204325,12.786735388881011,4,16323.260955415915,348.92285258281606,0,0,0,0,1,1,38730.191589467366,2
24594.699380738974,41996.57258675965,0,467.59027177935667,211.91068621580112,2,15860.090252027174,523.6093070932076,0,0,0,0,1,0,97333.19531875457,0
14910.116433660143,25286.124740916825,1,269.56465220233304,27.3795350945193,2,9310.085886402476,126.74341473334898,0,0,0,0,1,1,58706.388625948835,1
15463.694548839481,26293.051380002144,1,353.59368967708247,13.927035584755378,4,15713.779910468314,105.06519608282986,0,0,0,0,1,0,61003.51074490151,0
16931.934593858623,28640.943736564204,0,298.1090536838729,243.1323239981173,1,16254.18137847181,821.7813362759863,0,0,0,0,1,1,66538.22695636487,1
11728.760792868583,19696.12867086457,1,250.53982341095167,96.77750440517335,0,8902.589624184335,308.9175652655342,0,0,0,0,1,1,45841.99796762997,0
510.8413400647133,261.68124426126025,1,199.49290829418868,149.8770248650744,3,167.21600740082496,871.998081840997,0,0,0,0,1,2,297.7486513986648,2
34692.785830393594,58621.439989680504,1,290.5057685938564,270.8524534520841,1,22079.410436712773,267.01071135721986,0,0,0,0,1,1,136221.13321023603,0
13082.860462993973,22377.185169855624,0,396.7592608886305,83.55172173402772,3,8987.319121600869,157.270746540882,0,0,0,0,1,0,51841.26152933331,1
15314.886336890066,25537.694951418158,1,453.0865053968415,100.91800743981449,0,9242.525316822806,56.26154768055608,0,0,0,0,1,1,59540.73855786083,0
18231.021381785413,30751.857784234628,1,400.1856890414123,534.5547900148017,3,20812.46845241394,605.396513075391,0,0,0,0,1,1,71492.39657186138,1
16160.643138432228,27506.443387558957,1,323.874488414274,311.23583818647666,6,16203.515108290583,390.5047966035299,0,0,0,0,1,0,63801.98714361216,0
14321.87746312941,24025.96808394089,1,389.46939296414826,254.33690616532715,0,9017.547004691267,827.5423033282902,0,0,0,0,1,0,55931.74665384274,1
11146.728926106236,18834.31815650998,0,177.88581821738433,23.504756856851355,1,9211.440461563505,349.7763610398372,0,0,0,0,1,1,43767.44788259312,0
26440.720570343135,44839.86293522774,2,387.3145664638711,35.28441617464856,2,15412.700361137144,317.4418301055425,0,0,0,0,1,0,104101.48118411064,0
15819.237666833864,26423.457046599,1,277.45121055128067,200.05807526404234,0,17839.815554775032,390.27994640919843,0,0,0,0,1,0,61581.462575286576,3
17000.183143566806,28891.92372861691,0,298.39343899699213,370.30029353377654,0,9246.886949033842,445.8615930940932,0,0,0,0,1,0,67042.34047372936,2
3060.7040063843287,4587.1839074910295,2,260.4974315682414,293.98087655683105,1,9709.677740958323,465.23703667898394,0,0,0,0,1,0,10985.570668837372,0
19022.088163277644,32184.190633661045,2,265.79168592338885,72.3213701126358,2,21510.300195812604,318.7433019379902,0,0,0,0,1,0,74765.41123963738,2
266.4756812707839,224.40949968492257,0,73.0982655872748,110.13569463519269,5,87.41857365665147,226.64455685104326,0,0,0,0,1,0,450.0522010456813,0
15133.098955397485,25930.864430929134,2,252.02213864156826,52.56936182256193,2,9496.752119430917,267.30044363330694,0,0,0,0,1,0,60045.79815222912,0
16059.847658386643,27409.880835175845,1,281.7366391392318,286.47942431827073,0,9156.034203639654,666.0625272019643,0,0,0,0,1,1,63534.90045994402,0
19134.685049556912,29680.6503446758,1,250.61531887520823,123.78637350931571,4,14533.239763858264,359.79781550896297,0,0,0,0,1,0,70379.90652262064,0
383.35075595478196,291.34934946008366,1,132.66982788925947,39.31524312857097,2,316.838886744419,112.84509734022619,0,0,0,0,1,0,832.6018866904253,0
27989.986509668837,47369.97061375592,1,545.9240927233632,394.941507869393,1,21575.783381851492,342.503204520607,0,0,0,0,1,1,110033.89230511792,2
19627.41183366909,33114.12609464973,1,232.5092847405007,268.0199000075818,0,15122.813705746375,581.2588541334254,0,0,0,0,1,1,76978.3555897974,0
16201.49546161128,26866.945364112184,0,286.9436948539577,381.2903034340759,3,15141.710031373546,213.716500107211,0,0,0,0,1,0,62721.411432498746,1
416.36846275722206,348.5875219539521,2,62.425396918206104,47.26307989182905,2,185.9206129271142,286.06084793186983,0,0,0,0,1,0,963.4584899414306,1
3579.5336598158574,5928.369834916582,0,223.4156914220997,61.27321653708245,1,9583.861182098983,159.6967908820308,0,0,0,0,1,1,13845.810790536525,0
20759.241095392463,35104.738088995146,1,290.62074229731945,206.25182201203393,3,19496.186300527825,508.6430852199428,0,0,0,0,1,0,81556.6979077867,1
5860.6816737616,8509.85324538705,0,264.6402457771345,8.769746852437148,1,9701.372459878356,393.0037782873126,0,0,0,0,1,0,20502.355128062518,0
11974.686936646502,19928.978785463085,0,210.26694158669352,106.0876853663942,0,9169.814759091736,294.46890503962203,0,0,0,0,1,1,46489.19466517074,0
1229.9744542642695,1633.9525457932955,0,143.2679263972388,232.15208464916861,0,235.7918734476761,482.9536506813015,0,0,0,0,1,0,691.1210385252091,0
870.2517384374808,1033.4268366161032,1,374.9344504445687,15.977778614868337,2,18601.629105158827,307.16910246380905,0,0,0,0,1,0,2578.1210878172565,0
16501.701363458153,27713.208264124678,0,627.2662069680885,537.7190605031196,2,16811.088275366026,317.6378564083351,0,0,0,0,1,0,64493.49974140295,0
404.1622491380159,444.8548269692756,0,187.1214367354346,48.06881688669345,2,10578.470050634567,330.86605631614844,0,0,0,0,1,0,1165.709332609297,1
8080.670928599438,13152.288788460195,1,193.2071900476757,156.82285357492648,3,8679.231435657493,65.08374150701775,0,0,0,0,1,1,30854.570596868056,0
29016.987312141293,47731.84949623412,0,674.1033069308959,392.9169238121395,4,15010.544901826333,174.965099112644,0,0,0,0,1,0,111640.85816435504,0
5114.320583579164,7948.402613471398,2,280.0148661561877,100.03692648313631,0,9646.943475852575,350.9250861945941,0,0,0,0,1,0,18856.834391914494,1
22820.888790704284,38755.88088354222,1,425.24341084805894,418.0556288610252,3,18212.74638719584,783.7563163085547,0,0,0,0,1,0,89944.56509211991,0
13614.40496928564,23001.62978333819,1,314.7741901774914,72.58124328695723,1,16654.885794944497,228.57431244240638,0,0,0,0,1,1,53452.818230776444,0
22080.23092271975,36099.751627070706,0,524.0747989008999,269.6802888030106,2,15745.810186402741,412.8165427565602,0,0,0,0,1,1,84571.50832931412,1
1389.189782359709,1634.4507141341614,1,514.3696192794513,156.94316269749055,3,763.0822618752952,242.63223927486027,0,0,0,0,1,0,4156.467103713699,1
23540.96185339375,38666.070632437375,1,408.23621655863974,131.25744465668961,1,20100.651350712622,160.06178569574755,0,0,0,0,1,0,90474.60986448475,0
10607.012852030739,17970.013377067815,0,318.5681393240316,37.465611835573185,1,16811.705624097285,320.36699565896487,0,0,0,0,1,0,41730.9648835245,1
11682.666843448436,18469.55944342195,0,223.65662812662896,502.79769006132744,3,21809.903615514566,602.620094228688,0,0,0,0,1,1,43636.656427388705,0
26270.2180159723,44478.84023778157,0,239.92923051716573,264.0986067955032,1,15331.567150957175,484.8831274858324,0,0,0,0,1,1,103305.42257757043,1
10783.00188222892,17902.277160566868,1,428.9936293682478,46.747708977854785,4,9410.770671805076,194.01544136738963,0,0,0,0,1,0,41786.11063111241,2
8719.551959507598,14531.384050031475,1,226.00084085724404,9.376340335510024,3,9299.16203465458,115.14367469954855,0,0,0,0,1,0,33885.8952687174,1
28281.945727617218,47556.056069519866,0,324.70655945960357,369.4395109555999,4,15358.866968560922,229.0804590610397,0,0,0,0,1,0,110637.39214874334,0
12134.099074174588,20274.981379918456,0,185.88585399580765,120.1110792276433,0,16490.821258020358,220.21212388743362,0,0,0,0,1,1,47248.98519589922,1
22408.160379680983,37774.74447714528,1,287.7959344534223,218.8604048491184,2,15014.635220636963,609.2458929101647,0,0,0,0,1,1,87830.585797051,0
256.17969843589464,186.79656672168545,1,77.70225861312065,37.85982868919732,5,11645.080607255453,264.67031066373806,0,0,0,0,1,0,401.695195305618,0
19246.882473608803,32813.898777406386,1,320.0604156893622,39.93515031895201,2,15711.737857945838,310.46665082396095,0,0,0,0,1,1,76081.90840086348,1
432.59143257185474,122.53813543789796,0,97.99926968982291,69.18630995942632,0,195.28349993387212,221.8825558341601,0,0,0,0,1,1,600.3390938375246,2
28414.987091348965,49042.49058733438,1,280.0761579357982,65.67992245164041,1,15495.473077803868,169.67807454566366,0,0,0,0,1,0,113359.0313139254,1
23070.896295332765,38490.987003245464,1,450.2221002896039,192.99911288509014,0,18793.77029007271,86.61786158725445,0,0,0,0,1,0,89721.5034790436,0
15444.470772321616,25470.562536978487,0,223.76261821433218,370.90715674047306,1,9263.80642215131,419.45858535388663,0,0,0,0,1,0,59538.88094049513,1
12854.311745708168,20776.031454800937,0,177.2122485445544,202.02664194979843,0,9464.766269930791,375.66550646697306,0,0,0,0,1,0,48806.10478826482,0
21463.807049199564,36503.88224671974,1,435.17451310802335,218.55608484076726,1,15511.337274984982,360.30500590306735,0,0,0,0,1,0,84688.06203609763,0
20381.45596573228,34991.83580299653,1,268.8229898880898,56.418094990285056,3,15354.170649411446,377.0092076523739,0,0,0,0,1,0,80988.78052346066,1
10561.954683820673,17804.934338372575,1,540.7112799595252,54.756716925054114,6,9352.489776996794,268.55946011955876,0,0,0,0,1,0,41398.99200077627,0
22304.362793481425,37807.302531252746,1,435.51515137113165,24.877286949603114,3,18567.3177866485,121.03703618606073,0,0,0,0,1,0,87785.26140176618,2
16475.012816472154,27790.199035528218,0,335.9182323147988,91.35060182761896,0,9312.043704516414,151.03274926892584,0,0,0,0,1,0,64605.48296369436,1
28136.75619621875,47213.106705536484,1,454.0871682878503,171.3710908432537,3,19102.17243694085,523.5204481119704,0,0,0,0,1,1,109904.66757632678,2
21112.851209445176,35607.27715954111,1,473.4292311457207,123.8455528873958,3,15902.724531405756,157.26969806933278,0,0,0,0,1,0,82780.17973609778,0
22108.9077291487,36843.897717108914,1,376.1041042234127,314.0462988152748,2,15651.25225639789,418.6751362008955,0,0,0,0,1,0,85910.4875146405,1
21067.025617927564,35551.82508699723,2,294.7355491712784,319.1742904652093,2,14580.103286398831,656.4846530699972,0,0,0,0,1,1,82639.93232411303,0
6831.19739862493,11421.270996261352,1,286.5595573060039,67.56486308059705,4,21880.398313472688,165.05536317047927,0,0,0,0,1,0,26612.50215933431,1
26985.582598047586,45320.83049421412,1,360.5414035187325,41.99510573200401,0,15689.37794572083,302.98894133203066,0,0,0,0,1,1,105474.38447280061,0
24609.10199022449,42080.85450621999,0,314.0161761534525,337.78167687103684,4,15864.356492910933,186.51153597167885,0,0,0,0,1,0,97494.1061578684,1
23790.89384150546,40009.06293779234,1,415.51765621994156,105.94532731549945,0,16233.802495827502,200.45711280139125,0,0,0,0,1,1,93081.88025166705,0
289.4119607417721,159.87364501920516,1,70.61931645107005,82.11087620814887,0,121.4187946379113,556.2562980353732,0,0,0,0,1,1,471.59528826739046,0
18726.883553963005,32080.94438632599,0,424.06011635352485,62.28112492396885,0,16037.686594282839,167.8286656941877,0,0,0,0,1,0,74292.53879937626,0
32156.847214342186,55424.146763136916,0,543.3720435647051,228.91239699173275,3,22311.382317482206,416.0642953936217,0,0,0,0,1,0,128154.19964057737,0
10099.764633366816,15991.895902417764,1,265.63313226113985,264.45642781219954,2,9324.752628255366,693.4939490856552,0,0,0,0,1,0,37759.21220127592,0
2272.799809575511,3500.391110226172,0,228.37047527921007,246.61800628738484,0,74.35332577994285,147.85153022147392,0,0,0,0,1,0,425.01390271679804,0
29933.052481771403,50764.822903085726,1,371.05229233432885,255.15431319548424,1,20431.885018019264,282.636655045321,0,0,0,0,1,0,117853.98126821924,0
16590.924205638723,28385.579823962304,0,288.8623101450034,124.35025528571047,2,9158.46536901213,254.7827497239366,0,0,0,0,1,0,65756.06193435016,0
26771.689006453904,45934.751583348436,2,304.7733706275529,40.70649072380992,4,21416.63802604228,244.77505583018532,0,0,0,0,1,0,106332.36621784746,0
28457.076283028196,48807.60655973215,0,415.82833145274435,286.25667148097807,2,20713.778566504006,157.51601767304334,0,0,0,0,1,0,112994.16489016541,1
26365.382199301963,45193.09572635477,1,272.8247298235035,369.8937593169759,3,15682.685955943933,145.2065165576649,0,0,0,0,1,0,104641.16136680008,0
30851.368377315328,52601.67893460016,1,532.4959126443113,29.819660917441947,1,21654.14269068853,174.92326247682203,0,0,0,0,1,0,121956.98763417325,0
25460.97732867495,43672.65665725121,0,171.08581693778012,54.546211526299615,0,18566.944903879896,101.00896044295484,0,0,0,0,1,1,101104.10552223472,1
13684.274719367259,23123.27827874091,1,255.18068221117682,119.4516769829403,0,22663.757319799144,67.3006653648529,0,0,0,0,1,1,53733.901059682845,0
20421.44028480552,34822.329127572564,1,345.39167824170636,148.11889743817636,1,15961.70498122755,253.1411806757847,0,0,0,0,1,0,80734.9397292118,1
21197.624466300786,36393.96598765711,0,273.38456583331777,71.78493004713616,1,23125.43089129276,398.2584799992116,0,0,0,0,1,0,84233.14866134374,0
18282.852587865746,31016.985931476876,0,318.0256574137152,526.9990886170152,1,15256.21166623725,434.7585790394868,0,0,0,0,1,1,72004.32235708968,0
27032.690527152976,46421.13257584947,1,465.3188882329441,59.45851372808734,1,20974.874581016753,272.8634134625,0,0,0,0,1,1,107436.3124393305,1
24744.34284325196,42344.087914467746,2,175.2586891215417,114.04572725466755,3,21202.27441691909,29.8864785090193,0,0,0,0,1,0,98085.34585578411,2
14713.717273465294,23284.309333326877,1,401.31558698448384,100.55105753372511,0,16380.239542556326,1065.144521340337,0,0,0,0,1,1,54992.270592571105,1
25242.864565331547,40003.239854004736,1,338.5096305399711,146.0390599648572,0,15446.32280728238,403.3210246490875,0,0,0,0,1,0,94397.73987908564,0
23601.498057787092,38557.08957670953,0,394.1878381969201,496.8072415249828,5,16076.495654983693,218.08580209752094,0,0,0,0,1,0,90336.27729863732,1
34513.348958511226,59212.87761276033,1,199.97467509765613,42.383927940381646,3,19735.96762213527,341.36387602306064,0,0,0,0,1,0,137072.98306443327,3
20628.38503560803,35148.89370007876,0,393.5030291827553,131.61102084938287,1,16381.297434903241,148.65177907826356,0,0,0,0,1,1,81507.42760095536,1
27035.44150568095,45828.8337313859,0,326.2520820934686,154.4988095027898,6,21470.692404577516,166.89124135219637,0,0,0,0,1,0,106406.38896957022,0
32553.67623511787,56103.45102579165,0,495.1074474456915,214.5725746652913,4,22199.41989692096,140.7131646760049,0,0,0,0,1,0,129727.4529471614,0
27256.498854354588,46544.44914419031,0,435.5532102263062,318.0660606044687,2,20184.26558239135,615.207016006049,0,0,0,0,1,0,107871.82927928423,0
25574.669375314843,43685.626170710864,1,410.9615065138588,119.23080011367081,2,21866.352980303564,167.9377651159344,0,0,0,0,1,0,101237.88586031256,0
29332.170144461954,50291.1914105191,0,337.07289680876283,62.312427756785894,0,19811.229287715105,199.20748793243038,0,0,0,0,1,0,116438.28233621211,0
34818.80470719005,59764.95620681935,1,524.4663348627039,144.9637173074857,4,21591.460397433097,335.75151337559566,0,0,0,0,1,1,138334.19936951774,0
22501.438545082845,35655.996914377814,0,438.64308348942063,196.3961405735746,1,21459.742324816496,478.27890838250823,0,0,0,0,1,1,84158.17019077529,0
33781.022278622164,57748.286939086756,0,470.7975838065141,241.8491818671174,2,20208.51692763329,226.27905576178142,0,0,0,0,1,0,133802.4281449081,0
33427.184873305865,57415.7763255498,1,227.38095228416014,210.22698487096844,5,19356.46788526229,361.76579019908183,0,0,0,0,1,0,132873.22325908384,0
14162.137889040245,24147.428520816713,0,328.7070904257324,141.03893646979824,1,16200.435632358636,256.5217958321411,0,0,0,0,1,0,55986.398500041505,0
786.154686370689,995.7368108822297,1,590.9021313923773,81.61947982268086,3,9991.446487410267,271.44972758326446,0,0,0,0,1,1,2502.7187525239674,0
28304.25266306234,48669.177863903715,0,509.68792286811833,146.34560595458626,2,21095.31421246953,103.59984465361084,0,0,0,0,1,0,112601.71553507456,1
24086.21659010324,40589.26023231523,0,305.00169211344337,498.14420769750654,0,20515.508438404846,452.20470131014406,0,0,0,0,1,1,94384.58744086235,1
30112.167618045456,51250.09130784049,0,286.5464081582568,145.20345504808978,1,20185.87817742119,285.26846939578775,0,0,0,0,1,1,118877.55805749007,0
29024.61650545552,49573.9263293097,0,238.88034448462074,115.06231530554089,4,19678.116972055406,121.72623979027014,0,0,0,0,1,1,114888.72025617989,2
24110.70837130481,40188.4110954445,0,392.26256934080294,16.883284255048014,2,16761.089805588534,189.78938002792862,0,0,0,0,1,0,93699.99149813195,0
915.9355300493407,1487.3428058202799,0,163.7177186328467,40.19469976199984,1,10283.988974478138,109.33328520185363,0,0,0,0,1,0,3491.722003762188,0
27779.480848537925,47344.95336629794,1,216.91169830632066,112.80079070807153,3,15443.260407893777,442.6082314146205,0,0,0,0,1,0,109779.15278258402,0
23355.113069461164,40075.733853841964,0,372.62714272853464,57.2076909689207,1,20969.802598985512,74.27573543172753,0,0,0,0,1,0,92768.0926445334,1
24035.781793781487,40794.09979992634,0,333.74224457987225,155.16424130161175,2,21103.528844921653,159.8988268428117,0,0,0,0,1,1,94691.92458971168,2
12592.485548753237,16707.07004361373,0,425.52124332831795,388.10445668995214,0,22805.132903112688,845.6618646943358,0,0,0,0,1,1,40896.369676548864,1
29473.321827750366,50637.92878578874,0,386.4118130571722,117.66917714804359,1,21566.840999126314,365.18385937658843,0,0,0,0,1,0,117180.03937398495,0
30589.07432669132,52382.340787870286,1,261.30521846025636,283.61648443818194,6,21299.101003250333,352.28719790527913,0,0,0,0,1,0,121315.98031829452,0
32600.847270788883,52116.163990364556,0,327.94617427776404,135.7609922618824,2,21517.86581694897,819.6101475487632,0,0,0,0,1,0,122725.87296717135,1
30422.228133074557,51997.221804986744,0,453.308866554262,111.16041683374775,4,19427.47487703369,43.284411957037236,0,0,0,0,1,1,120483.81065772084,2
27712.927071916056,47468.649892156005,1,439.73146739451033,117.9616621894052,4,16453.268286152845,57.57496301583218,0,0,0,0,1,0,109930.4939315765,1
19232.957647928015,33113.89533176762,0,308.07904093738983,180.56462267399817,3,20458.25521600694,493.23796022516615,0,0,0,0,1,0,76587.87861068832,0
32468.18439365568,55636.135546453355,1,432.3878270663634,37.87010449200216,0,18508.51228289387,328.34221137566124,0,0,0,0,1,0,128831.70784386422,0
24304.07090892147,41194.22924290367,1,504.85751246078837,132.62170230756251,0,19748.6350480228,253.61629861443322,0,0,0,0,1,1,95651.9392908566,1
27077.65497921244,46564.0876550946,1,222.62060131153083,28.881223010950496,4,19822.356552414,220.40785159042082,0,0,0,0,1,0,107728.90874140896,2
24082.24445773384,40900.115404867,0,462.672238966412,385.68959017843537,2,16869.816273731856,109.29874754968742,0,0,0,0,1,0,94920.36473293346,1
12176.224516278406,20124.363244088516,0,257.1089462075357,506.80419945805784,1,9201.467627184202,682.1108434922628,0,0,0,0,1,1,47027.64078708063,0
22575.209475025757,38435.428189409664,0,164.65868249414888,323.4046711105035,1,19262.049916941272,457.9308337375269,0,0,0,0,1,0,89146.58584315659,2
4287.776351659901,7108.104341433293,1,223.08157225617953,33.597474951774046,0,9655.611267070133,190.4135293631268,0,0,0,0,1,0,16598.9778457056,0
20209.613679401693,32035.637586285604,0,366.74126439079174,109.88361952588235,0,20522.126710003806,201.23098902416305,0,0,0,0,1,1,75603.12166089365,1
14982.299274360194,24727.31127957662,0,366.53201733048746,289.1419003757837,1,20211.049809098105,648.9960437565418,0,0,0,0,1,1,57806.29116485707,2
12891.517145698166,21467.96070290856,1,253.87769182292206,280.5398690007229,2,15521.6495751751,420.7370297788994,0,0,0,0,1,2,50072.74744633509,0
9608.80750349689,15584.02720411463,1,332.32956296372146,48.47309990051017,6,9483.886952151035,289.0581466545426,0,0,0,0,1,1,36598.67692312696,6
28963.172453355084,49736.50054336976,1,219.9951820330898,424.40987203157357,3,18658.253180766103,219.69431725129226,0,0,0,0,1,0,115108.93250868857,1
16638.137727224414,28307.384612682505,0,203.80674464955766,171.88796690173484,1,9093.461952792435,181.29658052151134,0,0,0,0,1,0,65666.24917701026,0
19143.073450590444,32673.99772732173,2,664.8436988867013,64.58775100637344,0,19921.38601574576,193.0856045873144,0,0,0,0,1,0,75735.93145948161,1
13866.138610922437,23641.977090963894,1,270.96434666462915,32.79959656025979,5,16349.226384519501,230.76085290476573,0,0,0,0,1,0,54815.04923955049,1
34381.6299633277,53470.816384000165,1,313.69916340708573,324.1296291604065,3,19687.178894092795,520.5703027025953,0,0,0,0,1,1,126716.5370964233,0
23433.584982741417,39668.35216492031,0,357.11679461238464,458.91445454375094,1,16277.140732645512,361.1370467053101,0,0,0,0,1,0,92135.9425256226,2
17476.720876723273,29212.400641815384,1,445.0995241679283,17.814364451424915,4,15429.367304881158,390.04216938985485,0,0,0,0,1,1,68069.144263912,1
24415.913695058207,41621.14346845022,0,502.2663177904076,262.3910692489253,3,15701.198349542494,203.28017602529414,0,0,0,0,1,0,96503.44206477192,0
14796.5717063944,24293.176078743607,1,464.4251246177666,113.15187207809205,0,9029.536073165926,513.7156400251307,0,0,0,0,1,1,56862.06985014598,1
31701.087537561576,54137.5044777853,1,401.0758019430708,93.80348186827463,0,19947.59869220689,279.2277521426494,0,0,0,0,1,1,125468.65562913741,0
10321.220459247443,17323.064747177403,1,207.00793800811743,18.373488756369916,5,9455.30611273991,131.97960336521905,0,0,0,0,1,0,40323.18666990741,1
16034.296804919035,27204.37052968861,1,486.69590344757194,136.4680579243427,0,17884.465132791207,511.2380148368277,0,0,0,0,1,0,63152.345922362525,0
27807.42755688988,47655.89266622749,0,320.39612232011984,151.22463801495766,3,21122.643438954583,182.12219396776152,0,0,0,0,1,0,110348.98788934741,1
15726.801083278764,26492.138493276187,1,286.0469296029746,194.2350812556004,2,15796.78404960605,571.2014100834194,0,0,0,0,1,1,61611.104315702534,1
4585.092398839119,6606.18457273783,2,191.14083078110792,139.91295811659592,4,9082.767882790535,538.1077539430271,0,0,0,0,1,2,15976.834036588089,0
15628.172554273775,26240.748056163986,1,306.67321077684113,279.51240020124965,4,16353.781104924408,499.2816290713165,0,0,0,0,1,2,61076.551305789144,0
10701.687242488175,18045.16593075497,1,394.263464676149,31.096037194704493,0,17269.86372237893,212.7324395001491,0,0,0,0,1,2,41954.980287164006,0
29697.86902544751,48904.185688276775,1,327.71287231827057,238.49161349336887,5,20657.62263119549,201.35013620165807,0,0,0,0,1,0,114349.29156365663,0
28402.00179541003,48378.32099784346,0,352.22341003044886,163.44380650760903,1,21798.132267544293,608.7541894275554,0,0,0,0,1,1,112194.27688954704,0
21847.182090704548,36709.186515792615,0,322.4538930999601,177.01442002608997,0,20338.001834798102,234.33881317177796,0,0,0,0,1,2,85425.43918257706,0
23937.579048493764,40467.538349502705,1,266.15284741242806,131.23763306914654,1,15748.0898813503,351.1106019403559,0,0,0,0,1,1,94026.78066249799,1
30004.35889526636,51600.11393126178,1,579.7569206131003,47.60635085177676,3,19460.263163972428,452.54097301015184,0,0,0,0,1,0,119378.17709989409,1
27741.01235890656,47763.89890171233,2,355.0053964873771,233.3732658726937,1,21925.734609544583,482.84436249028806,0,0,0,0,1,0,110470.40952314386,0
29107.92094986285,49829.59435342188,0,509.6056308497166,51.49579654104569,2,20294.306348296333,155.18356515137825,0,0,0,0,1,1,115414.74065639437,0
29112.838945251257,50036.30461536174,1,258.5905241689326,24.159162922318274,5,21794.45008095286,183.14060697580624,0,0,0,0,1,0,115777.78332646712,0
29591.618032659786,50851.03132232495,0,357.4274979284973,288.72825918118997,5,20233.329229212257,586.2180038994499,0,0,0,0,1,1,117668.1491125645,1
29733.120767805856,50583.12102040048,1,339.43718765173173,71.44842425860944,2,21539.243550469575,359.50376738244773,0,0,0,0,1,2,117344.0702585914,0
27416.78393621949,47126.37017622106,0,344.19856884402344,66.72070424574636,1,15520.750374840676,197.86075574372754,0,0,0,0,1,0,109041.92047297765,1
24549.40811402225,39922.826827705176,1,352.00278429670504,357.8450037350351,1,20455.73305683502,401.74968153814297,0,0,0,0,1,0,93632.25256713,0
26392.696290136777,45267.01138967928,0,404.1204095240622,8.445340022876268,1,20470.976131512893,49.56459334323286,0,0,0,0,1,1,104797.24418025745,1
31630.086433885186,54424.73431720869,1,469.0045653378658,150.27864213801473,4,20593.76384633446,181.12603160042124,0,0,0,0,1,0,125896.35993781773,1
24882.08118156741,42562.57794556507,1,439.9977739096131,411.3837693466074,3,20331.7678778974,229.75540064693112,0,0,0,0,1,0,98600.89376850286,0
29024.246855211182,46966.23883098443,1,315.7497930638675,120.93530898933955,2,21630.38656950839,611.9939073314079,0,0,0,0,1,0,110286.33337732099,0
30754.78277312422,52549.37854923681,0,173.57841439532984,185.62520285911512,3,20495.535652927385,401.3796075469584,0,0,0,0,1,0,121770.66543826801,1
16875.015063387513,28902.619441862254,1,338.0273011898595,34.036466174538916,2,9026.68485314657,43.65850967068797,0,0,0,0,1,0,66935.65121483049,0
29411.604867577516,47545.746721826574,1,435.4250683341163,216.39280757426488,1,20534.67084996194,118.30127258808304,0,0,0,0,1,1,111676.23547931487,0
30345.88054044162,52224.46460957384,0,466.3611403491085,94.73859735029703,5,20377.559884614766,206.08149091372178,0,0,0,0,1,0,120801.2158261027,0
29867.39127361693,50594.102288986716,2,396.5386759896133,99.42391897481342,1,19703.438191061083,352.33747653107156,0,0,0,0,1,1,117494.20787752687,0
26391.595084125453,44965.84944177948,0,340.966472273305,65.77907893457899,0,16480.2570969701,301.56357224591085,0,0,0,0,1,1,104273.236593286,0
25157.11524666561,42830.99369806245,1,305.72710247346987,25.393808452855353,4,20953.73720704518,143.87434781583914,0,0,0,0,1,0,99340.2682015276,1
23848.201381402003,40810.22012146921,1,318.07302718614596,152.94052567087257,2,22866.065744595813,478.43936660414926,0,0,0,0,1,0,94533.2710036781,1
25118.667899674412,42953.93127014568,0,429.7625675778669,325.7519476401745,3,16110.4032482607,494.5305502975591,0,0,0,0,1,0,99516.25684723636,1
25102.395979052217,41757.368508706844,1,171.75669010195958,398.3890666822104,4,19938.207084360125,504.9988063923395,0,0,0,0,1,1,97414.38835080752,2
25851.40867284252,44420.06717788769,2,258.4596174240793,70.99340363432287,3,20211.714943460927,200.6916791104033,0,0,0,0,1,0,102789.09133934148,2
28239.12506541546,48446.44762845475,1,373.98295496189047,193.8483831346149,5,21752.265925193366,354.98705246995735,0,0,0,0,1,0,112150.67353616325,1
24113.98946310415,41180.593436297946,0,347.02215385798456,139.64477671502854,0,20095.113982798888,227.47158785019124,0,0,0,0,1,1,95440.19285864798,0
19006.376475650573,32412.151613183036,1,348.8512065039437,156.092557906141,0,15901.883207265722,536.4703004852273,0,0,0,0,1,1,75145.49988418186,0
26633.248741388536,44659.318033815674,1,302.7158133379422,513.336146154773,3,19938.790355254052,289.2158763746189,0,0,0,0,1,0,103967.82493675138,0
23598.70533253057,40012.74972138481,1,366.97976229985295,313.91163153668685,1,15524.947683515195,272.60869523725455,0,0,0,0,1,0,92896.49880953631,0
889.5589703158139,826.4894925320639,1,148.89353689253286,69.02085447891358,2,90.89462178692997,324.88346645196583,0,0,0,0,1,0,2217.5721772154693,2
25471.725625603718,43443.594314421134,0,392.23179425631474,137.21319815525567,2,23001.531023410615,409.22278678461885,0,0,0,0,1,1,100717.36939550651,0
13967.49122825344,23534.859795189845,1,290.72524417580274,231.37168939444706,1,16351.217277199563,366.83503130359554,0,0,0,0,1,0,54729.39934620674,2
15733.076199014875,26843.583109804407,1,265.6519121200493,181.25397535914558,2,16457.932312897152,415.4497905232033,0,0,0,0,1,0,62226.95646937094,0
28678.05670865835,48860.02471756318,1,427.831920334404,37.73866020229714,6,21158.688170008056,737.7395529572543,0,0,0,0,1,0,113302.9323848958,0
33338.37860327884,56853.16849024017,1,349.29306686332376,52.417033218487525,0,20949.598018513578,439.73181074108265,0,0,0,0,1,1,131809.66994686914,1
27763.940654866812,47768.00742118793,2,380.11284532451606,17.557635459328154,5,20498.69650483365,285.5009214961858,0,0,0,0,1,0,110500.43932445944,1
25208.04825676619,42162.38015350011,2,315.899744305945,560.8866407430802,6,19996.45024900316,562.6997210967747,0,0,0,0,1,1,98223.5145430887,1
22018.904320912898,37574.048368818825,0,386.20570051799353,222.38676165497094,1,15452.09981390142,421.00362419060383,0,0,0,0,1,1,87098.6168483099,1
24099.779176708827,38873.46258640634,0,208.52844417884344,162.99222209392323,3,22920.33104487983,550.8923662235852,0,0,0,0,1,1,91363.38601506624,1
28163.389321085444,48131.31056335976,1,204.11635974942922,371.5504579952364,4,19503.679949719546,242.93028091008938,0,0,0,0,1,0,111527.7031910422,1
24898.236684565447,42339.00302863983,0,362.3803774179709,236.12555370881142,1,19981.894611786633,314.3812264357959,0,0,0,0,1,1,98229.51697630342,0
23038.01078572791,38297.162646963465,1,496.28585361463433,327.9303550573852,1,19340.45737686396,272.449144525473,0,0,0,0,1,1,89359.77449476448,2
15308.010609255327,25868.853888128036,0,188.92725221881204,55.09153801676627,2,9181.368076183559,489.60611307283307,0,0,0,0,1,1,60113.85688834209,2
30581.1249091225,51807.52506124236,1,451.2196719695428,439.0901749292329,1,20419.32176875323,444.0439024902918,0,0,0,0,1,0,120307.5875509496,1
31032.06988485063,53080.558138763634,1,237.0820681307917,277.3861020036404,1,19018.514254083944,392.4738887502567,0,0,0,0,1,0,122968.74552095155,1
30049.062411669478,51593.364979338425,1,501.9554096864753,33.13919656761916,3,21905.21212615125,106.84948420045941,0,0,0,0,1,0,119411.37972142288,2
23517.25119939931,40219.43972923844,1,405.9722481685109,109.99542249342939,0,20419.382306672233,170.78159399347322,0,0,0,0,1,0,93178.32690883646,0
19343.111524594482,32784.73566023622,0,378.1824162219877,335.3074503065451,0,20800.61457663656,631.1349553859066,0,0,0,0,1,2,76127.42822809538,2
24290.39215108372,40358.91495353543,0,366.8293315725448,26.77126197853099,1,19809.71769747652,335.8161309046653,0,0,0,0,1,0,94170.64224741733,0
24364.459747359622,40473.54139313881,1,396.3452759230888,570.0687409758641,1,20030.046011611106,591.0656808990202,0,0,0,0,1,0,94444.42911930018,0
28305.150402777883,46315.221295295036,2,519.9426441803156,527.0044182964984,3,19166.259129377526,417.0359152357407,0,0,0,0,1,0,108475.50821074145,3
24799.912750215266,40609.7305218227,1,330.6782279974243,258.10901450089096,2,18095.36677697164,100.214223252046,0,0,0,0,1,1,95101.632337074,1
19963.895061885138,33792.156885684926,2,371.96226858751015,88.00028353083223,2,16413.517478586706,138.43051307297722,0,0,0,0,1,1,78491.50970855507,1
7611.025783411241,12756.370997067417,0,432.8556435515346,322.1200801639392,2,16958.137895895365,130.29339497971944,0,0,0,0,1,1,29705.291369136285,1
29343.1154145862,49110.544915347964,0,590.1483506677187,509.0749502692788,2,20876.919662150347,125.74927153325274,0,0,0,0,1,1,114394.30511267405,2
11752.612858527986,17941.710304968597,1,248.88162775049415,404.510765323557,3,17144.826403035215,299.7887872434796,0,0,0,0,1,2,42753.97784006489,1
25222.486150703,38906.775274204796,1,409.3660260985167,271.33617641742444,1,19037.153653756555,328.7162713946427,0,0,0,0,1,2,92430.0791052971,1
17856.833967375867,29441.478864082255,3,243.48475540378521,208.65259625918998,7,15759.750301997212,348.259974090181,0,0,0,0,1,1,68838.44553194115,3
24191.23946110744,39991.73284503811,0,714.2137230760147,273.20658431885124,2,15034.021606986136,354.2063227402796,0,0,0,0,1,0,93426.83411677188,0
18411.828860263962,30784.407827545052,1,526.6961668447148,153.78856257829958,2,16484.529232004632,276.5850584468408,0,0,0,0,1,1,71726.52532354998,1
1021.9976967973943,1037.7907648797348,1,274.2168632843652,103.52306805533293,2,10823.27506214398,256.34516047616097,0,0,0,0,1,0,2693.8939918814594,0
21939.76340035622,36419.24085651423,0,468.19150639486656,168.58809525047954,3,15810.605324504979,81.94295100164238,0,0,0,0,1,0,85002.68439736846,2
21707.636497644842,36374.58459969524,1,307.18417699852273,279.47712391841986,3,16323.071006933353,346.2731349688236,0,0,0,0,1,0,84698.20478797222,0
8225.835812548743,12894.286261592484,1,695.9413005018105,223.505903574545,4,16139.545341286484,393.48280006632103,0,0,0,0,1,0,30509.30809114471,1
23900.267349609498,37777.86665529837,1,311.7086263479549,54.881448699701934,1,15523.291311196535,335.5207494749567,0,0,0,0,1,1,89223.05792038754,1
15516.609100273005,26091.388260520922,2,260.9508404376859,8.841788565179025,2,9489.710351730766,207.27293015045447,0,0,0,0,1,1,60707.76562845955,3
20543.511738682606,34681.268763402804,2,347.5847546306885,73.2699070277513,2,20131.50102043815,537.1657726255289,0,0,0,0,1,1,80611.85150164942,2
14250.651784097457,23213.415399795245,2,197.27079520206846,233.76210933388037,5,9040.844414669218,684.361441568559,0,0,0,0,1,0,54433.95004551944,2
1009.5930122157891,893.1894228804333,1,70.62256180353322,236.64903387497063,2,104.67688662855862,670.1505392034101,0,0,0,0,1,0,1997.2758661846,1
16826.10432639228,28345.91268319478,2,338.7705145306851,134.04443028109526,1,16298.26290225368,515.6027075420865,0,0,0,0,1,0,65917.6347586578,1
4375.144134479058,7071.378708181292,0,378.0697939534634,453.3421075380348,2,9388.091366124663,544.9996938730627,0,0,0,0,1,0,16617.087849626627,1
18090.597037309028,30112.99917517468,0,430.5395084163572,180.18246288542616,2,16404.779823538975,438.0723163384272,0,0,0,0,1,0,70236.47683405853,1
25189.18748965177,42893.59846074053,2,373.60280496819485,13.175664921074063,3,16444.410807578708,305.26046186053884,0,0,0,0,1,0,99480.55173226848,2
22328.16439320624,33188.961563116136,0,695.8525146517318,209.63862981133792,1,15915.352363682952,757.8754402273483,0,0,0,0,1,1,79464.14519029058,2
17541.0571086254,29733.886549784933,1,341.6214035833233,51.62738011711785,3,16001.412868823028,308.2216596042251,0,0,0,0,1,1,69041.14431005708,1
16151.986071576977,27031.329115390923,0,289.96809684323046,98.31770867861408,2,16340.715639768685,245.88598730157582,0,0,0,0,1,1,62969.152508004234,2
25759.57713071605,43929.439585742155,2,527.89020492378,88.1294870917364,5,20161.84372292811,347.6662055111767,0,0,0,0,1,1,101846.404141114,0
8958.99640149068,11497.900866049924,1,204.98883162693753,272.77505156024034,6,20344.371686192197,392.8252867378627,0,0,0,0,1,0,28194.97744165903,1
32178.205658259307,54853.987160944205,2,485.65502440906494,85.69074158336286,1,20658.01395315667,225.35606063223406,0,0,0,0,1,0,127185.26616931919,0
18492.440313228624,30891.48933252113,2,449.233933814898,235.40418096171663,1,24688.066755784534,406.65392915460245,0,0,0,0,1,1,71993.30049259285,1
19432.615293172435,32620.646988987144,1,275.983720868545,96.94316972843167,4,20900.77752928553,622.8021902431205,0,0,0,0,1,2,75930.1088211821,0
27665.871233168502,47243.447229730504,1,381.20733342484857,330.4983313338372,3,20063.72064040606,370.7728579950256,0,0,0,0,1,1,109493.20807786478,1
18262.911088176745,28973.87583010777,1,315.5706162221463,270.4984851749762,5,15871.034933414303,505.65689719618047,0,0,0,0,1,1,68379.8871567979,1
18963.11876249647,31795.409004970974,1,557.8906758746732,45.31876886361387,1,22461.01870924623,194.03525435138062,0,0,0,0,1,1,74027.42457060482,0
5240.28823991405,7049.270886068335,0,300.01885968682353,531.3697418727049,3,17556.430959916164,489.8916564201638,0,0,0,0,1,0,17198.273838819878,1
15937.78961920766,22679.482645603322,1,262.9675415009212,193.92036939042154,4,16472.40853602952,306.20514580065304,0,0,0,0,1,1,54784.598862677194,1
24071.51324122552,39175.83479137793,1,552.3090108471656,186.70876252172212,4,22428.1482266994,551.2138350168386,0,0,0,0,1,1,91884.24134519938,1
20861.790326915427,33549.51288238807,0,306.46410210494764,490.9399771257851,2,20891.370525341907,955.5597027940152,0,0,0,0,1,0,78908.87158397972,2
19047.34233259022,32050.504629496696,1,302.48410292485147,41.28193619807651,4,16641.00099618901,697.390567146833,0,0,0,0,1,0,74557.40418584936,2
18944.428677491804,31729.573375103053,0,311.0206526464763,202.6470904180302,6,16061.307350243002,560.2515171030593,0,0,0,0,1,0,73894.78023170774,1
22248.562573176292,37224.12897879302,0,342.4814923545839,118.25898407173781,2,16211.541119196014,315.71084191562056,0,0,0,0,1,0,86707.76269088127,1
18587.842694891282,31389.70670594109,1,319.6038265862011,138.4799986492449,1,15934.332394121422,488.4969424433173,0,0,0,0,1,0,72953.20225909138,1
27886.551162570693,46887.44770762825,1,422.0482703377848,103.07517616696123,3,21990.93269461531,351.9013394907806,0,0,0,0,1,0,109084.17627315258,0
17075.218105859043,28918.145890303127,3,376.13380868328926,48.6900343543161,2,20093.733831243575,166.82352415605436,0,0,0,0,1,1,67162.344730887,2
5751.5962396696,9127.849082531575,2,303.9908508310252,44.71272676891603,3,17189.515451383348,375.6305418702727,0,0,0,0,1,1,21552.008753237867,0
15760.042947116377,25912.362595759052,0,300.4902842794363,331.8223472243736,2,9040.338522459635,214.1674108580227,0,0,0,0,1,0,60622.41981920052,1
22974.634056726656,39007.43129376736,0,392.07569733536576,188.09638996454967,2,16192.495198794726,217.15451766613273,0,0,0,0,1,1,90536.46110929718,1
16700.131651000163,28195.02031129607,1,526.7553723452919,159.0696049130346,0,9310.056891614007,306.6795340049713,0,0,0,0,1,1,65533.97129663546,0
18526.56401833817,31775.596767723815,1,308.81678754107,73.64483798272038,5,16381.188078470026,86.5803747908396,0,0,0,0,1,0,73563.3518430774,0
9693.1557400759,15842.112178058855,2,469.7314483794253,58.39684179555782,4,16805.832204104117,128.47830755759986,0,0,0,0,1,0,37123.23531496241,1
13995.221204070713,23489.342095088006,1,425.4648247898969,174.28661818525632,2,9273.156767868584,323.9328722280031,0,0,0,0,1,0,54676.63614743498,1
26877.99194115702,46024.033459423845,0,732.177784366291,41.74945711920726,2,20289.506279941044,154.5486602202329,0,0,0,0,1,0,106593.79483055252,2
13518.042925304138,22082.5962272367,2,258.3690345332367,101.61917569406596,3,9566.45974026021,465.23534054445287,0,0,0,0,1,0,51742.67221183498,0
16267.623338524307,25686.467892378045,0,332.8342676255269,560.9750930959767,1,16331.587325405397,320.98649990344546,0,0,0,0,1,1,60691.25328495771,1
15511.400580289559,26427.63525897438,1,170.1361458123339,102.74019077657188,4,9242.036591711349,599.3236576376839,0,0,0,0,1,1,61284.838859158815,0
26477.31967554841,45050.90835341404,1,428.46404720372067,31.09691563325653,1,16143.642476608817,64.34667410925209,0,0,0,0,1,0,104504.70208288607,0
22965.775851149123,39166.26224929915,1,330.8775828354334,137.8467575580359,1,20876.833414208326,277.61706080023424,0,0,0,0,1,1,90803.01388291203,0
29495.466414138136,49193.05316868809,0,490.44220808780005,232.35648127252105,2,22493.450904752113,107.56579931658464,0,0,0,0,1,1,114682.57496590762,2
20481.138954753973,33692.779233679445,1,421.6042611032499,474.587367334741,0,16242.73295189759,760.359291127221,0,0,0,0,1,0,78811.05110364954,1
25605.179706815037,43407.06975124638,1,399.83231086571874,292.063616410769,1,16236.58960562033,131.12030498527486,0,0,0,0,1,1,100787.67402078117,4
16150.205471029045,27640.29680711416,0,227.67869695474997,151.79324709547782,1,9376.728007238047,677.8542059451012,0,0,0,0,1,0,64024.36269457969,1
27768.15202174502,47170.29961690899,1,484.1554994128393,208.80702617861067,4,22454.06921299948,739.5145205892183,0,0,0,0,1,1,109467.71746021872,0
34516.33866586958,58975.01937596044,2,346.74754050510023,212.91390520767933,2,19596.082842141885,644.5205607890613,0,0,0,0,1,0,136661.628316877,0
32337.381877759373,54678.39106664218,2,354.8241537872075,110.88914195442214,5,21159.903008565398,554.5299793687313,0,0,0,0,1,0,127034.80545458104,1
30095.921235859074,51442.589243685434,0,960.0086574292595,61.97001853763244,1,18785.748554213933,57.92421172132126,0,0,0,0,1,0,119195.84917020868,2
34232.794103663764,57209.689627904154,1,336.45859357874446,97.18098968247475,1,17789.61070624677,161.02218546872723,0,0,0,0,1,0,133299.9140025613,1
26243.2050965456,42030.71512722031,1,193.0970327080666,566.0672941817562,3,15659.737730033476,243.52347513635624,0,0,0,0,1,1,98946.96150390682,1
25930.183246041135,41176.08813220405,0,698.7729283025913,57.928682201707815,0,19511.691606289816,682.1084052161011,0,0,0,0,1,1,97122.63664094839,0
29137.851936052495,49243.17036364551,1,216.28903261164422,188.24670401087246,3,21051.133327196534,386.9522527439666,0,0,0,0,1,0,114421.98810478885,0
35316.959800391945,58237.80530012421,0,461.92551102352417,605.2398118334567,2,18234.553921796905,285.777419080644,0,0,0,0,1,1,136142.82018000152,0
26224.18778107276,44070.26097615943,2,289.37666692215885,566.807850198566,2,19603.215201328992,545.7736787601758,0,0,0,0,1,0,102545.47500160054,1
30519.977994164004,51895.44836169095,1,178.3333020131793,7.686663943539107,2,19301.460674640926,190.68398053606268,0,0,0,0,1,1,120402.99030290022,1
23163.998792874627,39803.254307311276,1,781.847116241669,83.11607535477313,0,20138.102150355073,145.35023359939296,0,0,0,0,1,0,92105.03369779335,1
19531.690056133855,33062.31081285793,0,369.58212962956645,47.426266117817505,4,15807.767361673534,146.13631646798686,0,0,0,0,1,0,76791.96438353683,0
29226.694621961935,46853.54339077049,1,195.28964716209876,235.8369312420216,1,18490.236366591376,715.2005490547974,0,0,0,0,1,1,110267.5230082726,0
28123.08893533945,47517.16304209379,0,517.9255127125555,60.81558203745357,0,19550.376484439636,283.8215628040034,0,0,0,0,1,0,110417.81265237743,1
28298.52194344106,48547.13767865221,1,259.7369300112216,217.71356384123507,1,14939.522231047125,528.7323464532194,0,0,0,0,1,0,112384.49102656364,2
31900.7987709002,51730.969834033895,1,406.6546943649573,24.234600581612824,1,20178.29745896111,173.0503823003707,0,0,0,0,1,0,121409.86745263469,1
19657.987604685914,32753.090769375107,1,256.71304488402734,79.77128237433918,1,20702.915326278682,288.54990513247196,0,0,0,0,1,0,76376.96514620114,3
29744.538582047684,50827.496986266866,1,888.7378205843456,15.368792371290446,1,17770.51399612488,241.48402087598515,0,0,0,0,1,0,117779.73069734343,2
26305.870689730786,42623.12746203406,1,714.2952629140453,495.13981564502495,2,19414.560430030302,607.2184760846906,0,0,0,0,1,0,100050.70627969802,0
24729.5642092344,41621.40495970604,1,262.0554226510587,147.25593476825634,4,20693.670421516515,805.9049020406512,0,0,0,0,1,0,96810.2174818659,1
25384.84891559745,41568.93401632007,0,448.3900168494321,535.382824580357,1,16423.255125603948,305.28679246358115,0,0,0,0,1,2,97358.77150322484,1
30179.32591778935,49070.60731854153,0,254.03038301314092,509.72309889826704,3,18907.580909154334,805.6913666291572,0,0,0,0,1,0,115092.95389371445,0
29139.78029090547,49600.38113428707,1,316.85811428829777,23.613498661412308,2,19161.85336260413,186.30144777540107,0,0,0,0,1,0,115047.3811344539,2
16636.91506057835,27217.704453794213,2,241.39571926004118,46.422698883411925,3,9439.790806017572,363.84593138602867,0,0,0,0,1,0,63748.03489808682,1
23675.011263359906,40327.81311875939,1,438.3243112933393,38.89242048786531,2,20474.80501799863,502.85131699059707,0,0,0,0,1,1,93524.67367264791,2
4470.207320762413,7131.2977568472,1,318.77565878486223,9.699638871219666,1,16905.005660162573,864.9224624142779,0,0,0,0,1,0,16811.80873311939,1
13631.660616725903,23293.36065227606,2,257.40587577725773,91.64003872341809,2,9391.084395036161,186.95501687025433,0,0,0,0,1,0,53976.81884903456,1
18002.816446563626,29413.178504206397,1,704.1990636414332,69.81560334456998,1,20113.250736675785,223.53194307226167,0,0,0,0,1,0,68921.76527517973,2
31839.29303762041,54552.92674542574,2,410.60395265523925,98.53935794966878,6,20538.9899077935,200.79817764019816,0,0,0,0,1,0,126326.7141518083,1
15074.512254574562,25065.035006892205,1,232.57376784329412,117.37630229240689,2,9286.41106238856,318.7126954401329,0,0,0,0,1,1,58484.30240381341,1
23415.762195738942,40296.53525552744,0,360.67643600908934,65.73904368998166,1,19992.068978622272,311.9266479129841,0,0,0,0,1,0,93211.2943927325,0
24735.809387503276,42103.50658009315,1,380.9767973812218,88.23224312500089,3,16186.678789198044,274.15137207283055,0,0,0,0,1,0,97659.0725295755,0
19509.531862862998,33061.39902509211,1,272.02416699305485,322.08950109232046,1,16812.145702906026,576.1286378908143,0,0,0,0,1,0,76770.57356559954,1
30269.60189144475,49880.25581815033,0,443.0252720367132,606.3008873922078,3,19654.33243299861,954.2018186673154,0,0,0,0,1,0,116611.32975132411,0
17464.121286949234,25895.129590413308,3,367.3253270348067,135.13366065014202,1,9408.824427028034,403.17093502769467,0,0,0,0,1,1,62035.44711849138,0
21356.650829327566,35907.74241664872,1,322.8072836055627,517.5762891280115,4,20589.938405533303,451.3602211698519,0,0,0,0,1,0,83544.12435573249,1
25909.215585726084,41300.20961388318,2,471.03641571218543,168.43241482038442,3,20981.639703869645,258.03499111678474,0,0,0,0,1,1,97331.38534520478,0
18468.23990393508,27617.148364756096,3,212.3173696308799,106.2190487964585,3,8574.16716158102,512.1677535412924,0,0,0,0,1,1,66030.96379008202,1
28623.956394369823,49247.030723989024,2,407.80703769140734,38.71773623921037,1,20279.324450150263,278.06791191247135,0,0,0,0,1,0,113922.27683085404,1
29863.777016608263,51533.17498901979,0,511.163963498553,153.55281330527785,1,22157.169229965904,121.14706332825878,0,0,0,0,1,0,119121.84942840916,1
23702.969836097032,40652.249507874854,2,351.02648032796196,29.70047896174691,5,23902.882641752392,55.12944164190763,0,0,0,0,1,0,94114.52886381594,0
26150.149755205646,44701.41525234614,1,457.8862040271523,45.517419373010625,1,20958.444665568626,971.7787556431704,0,0,0,0,1,1,103574.91584756167,1
23583.62807097912,40666.68665330311,1,403.7630741250115,20.385569890814256,5,20840.90807017107,400.16999827748265,0,0,0,0,1,0,94020.3504088442,0
27250.280360894423,45808.17285560665,1,383.9687193327421,344.28692328595025,1,22375.051984525653,491.6181383037935,0,0,0,0,1,0,106580.9947335726,0
24322.827745528226,41111.367860009734,1,461.75562052168516,360.6624627129454,1,21899.972746362502,482.39109548126635,0,0,0,0,1,1,95525.99545103185,1
20045.389576790792,32218.496656229705,2,323.61974923237887,206.39322631260362,4,21383.564793100588,281.70128651390144,0,0,0,0,1,1,75787.31075364458,0
32668.58491614486,55331.825920927426,1,342.3592829474724,95.91870203065672,3,21781.54904172163,334.65835767024817,0,0,0,0,1,0,128499.319061266,1
25630.36777365571,42262.51681998724,1,461.65730364856785,28.43250887801757,1,21556.371897724966,234.81460539277333,0,0,0,0,1,1,98803.1189328343,0
15910.143255743382,26998.70664134112,1,240.98765439589747,73.32208102278581,4,9394.196064216852,115.51691193486923,0,0,0,0,1,1,62672.96089172592,1
25307.852893894957,42641.74406979759,1,495.94122215896505,127.1283003481666,6,19345.430474075976,381.3360518464916,0,0,0,0,1,0,99154.71644063358,0
28445.088884260527,48625.05181642652,1,409.20223318228216,376.380096756456,1,22088.39477953564,218.2464444859207,0,0,0,0,1,1,112666.00282217118,2
28511.871922979575,48929.92106069403,1,483.5907045690876,39.23232549027444,3,20241.539148984128,222.49372287319704,0,0,0,0,1,0,113260.73271386868,1
31314.01409285189,53254.50219697224,1,498.89335500607723,51.14880594023738,2,19922.80164708521,744.5321962731678,0,0,0,0,1,1,123550.92154079437,0
21820.977702343,36726.924996526155,1,391.27183584102795,136.96847993424953,3,15065.306147896845,346.98855928480043,0,0,0,0,1,0,85426.52416817524,1
30925.098599401466,52615.48752477599,0,537.7700530427924,420.81367926698186,2,20589.699318663865,364.60345055037396,0,0,0,0,1,0,122054.4380405074,0
31399.85940224103,53704.57998664181,0,267.6967745922383,108.2636575789193,1,20997.27492557705,384.4113335202582,0,0,0,0,1,0,124417.24201779807,0
939.6263229086662,654.2516271027325,2,246.28505727592648,150.0115685143927,1,144.114515104244,215.93791432232788,0,0,0,0,1,1,1756.6950388670448,2
27535.62915056258,46558.838137660896,2,510.1114694103979,264.7650987047756,4,22894.02495711133,182.57179645706069,0,0,0,0,1,0,108170.4110315618,1
13205.84342972069,21595.448654959855,1,335.8886318206818,18.922669574658794,4,16402.390490300546,287.7819937954831,0,0,0,0,1,2,50599.94582421466,0
13650.490408621263,22614.651016899217,2,257.3920944281611,71.84292377642473,2,9115.248845583093,246.258348808378,0,0,0,0,1,1,52816.72236398951,2
34459.57412884519,59304.95610974603,0,427.6613292594718,14.837436537847868,1,21535.157840844084,100.19924859317777,0,0,0,0,1,0,137178.74365454854,2
31018.523099820857,53191.771325848,0,530.3874624927616,37.1369402236894,1,20883.7055491424,177.14465074092433,0,0,0,0,1,1,123149.23621136474,2
28514.542735805153,48229.32194896925,1,407.05167949153645,293.81987705393385,2,22683.41651137884,337.79063364167473,0,0,0,0,1,0,112042.44621684735,0
13057.733978188544,21887.86000775601,2,351.0929233111028,194.3490042305865,2,9040.594034557362,558.0221038095517,0,0,0,0,1,0,50964.16111394359,1
26223.756471677392,44160.93078269002,1,328.7028624320686,136.60042067829121,1,19208.359833145078,327.47629797719094,0,0,0,0,1,1,102704.75646471382,0
36435.02801706908,62604.80983976897,1,201.40062393134446,133.1302454317179,2,17333.80815191795,259.1371936214737,0,0,0,0,1,0,144869.66571857088,1
29281.847762842503,49716.65744215116,1,478.4516116952069,73.23626968110311,5,22192.369514265487,232.3894432369982,0,0,0,0,1,0,115388.84053600559,1
28185.659716567836,48237.80501884073,1,448.6023447846245,60.111882699545575,0,20695.29210930624,274.1076204616501,0,0,0,0,1,1,111735.48363893086,1
663.4114800176101,548.3853479234982,1,178.36915622198387,271.1867134202605,3,237.67782597278145,408.4699455244849,0,0,0,0,1,0,1574.4560925567105,1
24970.953538692393,41827.92565081769,1,396.10478541046047,241.4002916339554,4,16330.20351049202,457.4578106973951,0,0,0,0,1,1,97410.41991099274,1
31878.438688532897,54426.355875668974,1,394.3460022178161,96.00192983393853,1,13735.339534357003,427.42879175410746,0,0,0,0,1,1,126146.32389818138,1
23289.721686342877,39590.448973435545,2,397.1643031867278,29.688160900289475,3,16352.276155586882,204.7294143101839,0,0,0,0,1,0,91857.34479849084,0
13281.50954575977,22127.931624944107,0,281.841278110977,29.616696094513507,2,9505.06551083746,85.08948310526725,0,0,0,0,1,1,51605.20429086521,2
29924.335289000108,50403.885852906395,1,314.06106497543806,294.01908450713654,3,21076.155968963227,482.0833220086231,0,0,0,0,1,0,117217.95066991032,3
25140.33221877787,42115.904591336504,0,195.39102842091106,197.52796910675784,1,16743.32840806395,130.73486574041306,0,0,0,0,1,0,98078.85491465736,3
32581.546367813367,55745.19362303311,1,215.95593593221733,132.0456849000775,1,20318.946264115384,256.6003924034276,0,0,0,0,1,0,129134.88586528607,3
24781.97191656245,41737.86941422492,1,485.27835313992813,254.40880090630273,2,15785.195528325781,545.729897092114,0,0,0,0,1,1,97067.2596173778,0
18427.20108874894,31486.9425850101,1,8.672012824785359,42.645764495611274,3,8826.243874157073,223.2938678607916,0,0,0,0,1,0,72963.45823488552,0
30049.425841444052,50470.90036691905,1,517.8174058118093,572.3918961815504,1,21618.5341550359,572.786775786069,0,0,0,0,1,0,117452.23672855561,0
29944.83020573084,50829.09074179795,1,445.83381457933933,80.69938795627057,4,20259.2950832393,898.1427840214232,0,0,0,0,1,1,117980.41960156927,0
32077.195304043787,54838.194190323404,2,266.07454994760286,35.859686867179676,4,23133.046903434035,359.4628487312194,0,0,0,0,1,0,127058.78884757942,2
18617.800909041274,30959.819151546,2,383.3422846645255,101.72338413934222,1,16562.5658820472,129.34120795141777,0,0,0,0,1,1,72235.90418265962,2
30327.608452511042,50262.91166227909,2,592.6927747361676,221.8434915274346,4,19914.355544614544,555.6657738594004,0,0,0,0,1,1,117354.29955339905,1
26181.378429822096,44078.0724530399,2,457.2874232943659,103.23434434995826,4,15512.070572409135,277.748454581386,0,0,0,0,1,1,102519.35113928633,1
2691.128547093046,3443.815933165383,1,434.741955757769,57.5355173123598,3,9809.357569823767,267.65977816834595,0,0,0,0,1,1,8567.508572485449,0
18789.28340649037,30661.292462072928,0,659.9145164655712,59.146146260715874,3,21826.58559862633,60.641296781088975,0,0,0,0,1,2,71881.70419902043,2
16660.548022807114,27840.974147890436,1,474.88449006459143,164.46001915103147,0,16773.85150856191,370.5044415935227,0,0,0,0,1,0,64875.726400155145,1
23029.170228543713,36711.5521034576,0,615.1930601308355,397.2953140725027,4,15034.451718271976,484.17237644117495,0,0,0,0,1,0,86512.67834865801,0
18853.73445347117,30742.5898251392,2,326.2904885250812,233.33762265497708,4,15307.743049246583,355.40911318082755,0,0,0,0,1,1,72070.92753968872,1
18488.154323505256,28871.610384104606,1,306.4598227409242,297.24923264443373,3,16854.522686721342,590.5301764966886,0,0,0,0,1,0,68380.3323138966,4
31765.63900337317,53928.050537092065,2,395.10377794094825,182.08530229369242,2,19061.781085993727,1042.1205796560196,0,0,0,0,1,2,125169.49495767901,0
26027.183844195883,41645.84158153237,1,426.68242919740146,597.7693722914777,3,16414.706299075366,248.72810361980802,0,0,0,0,1,1,98075.30264340747,1
26113.409140698303,42770.00004526671,1,356.3848403057218,572.9369551595797,3,15002.79810276976,497.2120616349024,0,0,0,0,1,0,100143.64996056209,0
23036.288896942144,39037.93748481589,1,370.2785504666904,11.698949487583734,3,15814.58961860778,246.30705490258606,0,0,0,0,1,1,90649.93750052099,1
31874.46636936652,51137.796512208326,0,296.6813937625492,656.4074947269064,3,19860.88315794978,247.2453157886588,0,0,0,0,1,0,120321.6790651767,0
22276.270961162558,38328.69193541498,1,385.00012448001655,34.39199347285388,3,15520.556943311069,68.92946155150926,0,0,0,0,1,0,88663.3527353318,2
33108.321928607096,56553.3576002553,2,473.5551811871868,363.8015957136032,2,19034.568902575567,718.0039998547907,0,0,0,0,1,0,131059.78742579996,1
28645.988330370386,48448.37848719997,1,476.60026931508764,156.55297484366267,1,20856.350970087093,275.6798496597165,0,0,0,0,1,0,112555.08004214754,2
29306.196885791436,49860.56108614041,1,791.3195982871925,23.982496881770686,1,20011.246216990367,178.806324210973,0,0,0,0,1,1,115664.67222724606,0
22133.550457416237,36481.65082109996,0,308.83033755014094,348.62888719921483,1,16037.39499258453,969.6770745385144,0,0,0,0,1,0,85294.27575497502,1
37364.82907055503,62185.98187588645,1,274.4441485591482,436.9859329160358,2,19144.99047517012,1448.9934827275806,0,0,0,0,1,0,145035.9646851715,0
16319.474547544289,27250.294086347778,1,294.31788641501595,19.08100307133444,2,9321.509539922576,386.2227402655989,0,0,0,0,1,1,63510.655168553734,0
14719.24689537364,24497.062270097198,1,493.4327268099862,314.82821501473757,0,9382.025653505378,799.3928453271799,0,0,0,0,1,1,57144.62382307674,1
28372.683285499796,46453.39116269595,1,251.92173236860896,196.09026110312297,3,21646.022148696695,191.54228734332105,0,0,0,0,1,0,108778.35031045898,2
18851.932466422415,31758.737830860326,0,354.34057271653126,167.291465823018,2,15913.795336157844,330.8924470211149,0,0,0,0,1,1,73855.43721878939,0
27822.91029771352,46966.91313423658,0,778.2017103523905,63.36051889547036,3,21801.753398243847,143.91399017919588,0,0,0,0,1,0,109162.65234463381,1
30035.545623183374,48323.58915053154,0,356.80701101185343,187.72296103444052,2,14998.989034582897,709.2187527447024,0,0,0,0,1,0,113617.98557159612,0
23014.499937079232,38528.8470056745,1,311.3699827967155,132.20454518829226,1,16037.598321467904,379.92285022186525,0,0,0,0,1,1,89743.15309429682,2
28771.514383396476,48571.702520694234,1,499.957518214234,107.844706029647,3,15046.647314190395,363.1574463480498,0,0,0,0,1,0,112889.22148681173,0
11999.317868523667,18486.495808326006,1,317.1960450796633,309.311753619622,3,9515.753796822912,604.3657431194031,0,0,0,0,1,0,43918.9571588898,0
29398.470428071236,49327.19395266073,1,160.5420027133067,189.04118820372307,2,19665.923917738455,453.8318385666874,0,0,0,0,1,0,114823.15530064607,1
32115.524408141424,55146.45540316729,1,486.36250927935373,60.06456552959867,2,21508.429938805108,148.6494675612512,0,0,0,0,1,0,127631.8518100063,3
29735.07614859513,51218.28922406465,0,408.89301478738633,411.281731703153,1,20215.202254729804,634.1679262310444,0,0,0,0,1,0,118447.66564241875,0
20292.93477067279,33442.84022085698,2,350.6695721433941,293.8975178456087,3,20991.15048815412,350.91053280721,0,0,0,0,1,1,78197.56416589965,2
12375.922611892755,20435.89603877778,1,357.80017935275407,125.85788027418481,2,9691.905508240572,206.65170915169304,0,0,0,0,1,1,47763.31395710902,1
31738.75601170157,52473.95211987864,1,652.764054111402,533.8046580427798,5,20907.359862446338,179.9230106896523,0,0,0,0,1,0,122584.93565186931,1
31800.67557835525,48669.52329313349,0,503.60000348264174,273.2708383225747,0,20255.434254984964,955.1321837170983,0,0,0,0,1,1,115761.11322461866,0
16313.79373751526,27044.10107686724,1,308.5713917289868,313.8897448814655,5,9115.2962437347,483.1327587125438,0,0,0,0,1,1,63146.17027614322,0
27722.606502017174,46706.89411265234,1,843.8907170166233,37.751254017098674,2,20645.549289931318,202.91336578494867,0,0,0,0,1,0,108612.85745065026,2
26916.722655755017,45749.40034196575,1,264.6967215633438,161.2488448535162,3,15523.824903174595,268.8593783309887,0,0,0,0,1,0,106154.0250694046,0
29838.624312179767,51345.867483308,2,387.94060875933343,38.3137518681331,2,21209.063020238158,186.17289511091124,0,0,0,0,1,0,118772.22411473595,1
29605.13160434262,49724.58670181103,0,498.5496676178377,152.24100285716085,3,21473.40949408699,632.2516796696694,0,0,0,0,1,1,115721.86512673282,2
28922.70801607714,48751.156365729534,0,266.5775656053894,120.18236476844208,1,19239.007784125184,396.44923471719846,0,0,0,0,1,0,113352.27257169227,1
32437.231154687543,54808.82659925608,3,292.3770373705457,225.40720822165622,2,21470.537334916455,385.34863279754745,0,0,0,0,1,0,127360.09091575672,2
27131.681603130008,46349.675963970774,2,301.08136616483756,23.638596595109597,4,15899.134601768326,175.0954364007805,0,0,0,0,1,0,107410.89460033673,2
28948.761032907296,48759.096968624726,1,474.42368277752394,112.03991320456076,5,21702.547826219554,796.502034278585,0,0,0,0,1,1,113391.82262831554,0
28925.670719652153,49507.622830287844,1,442.38929839516413,10.883630542937787,0,20352.745092522808,192.04666962091798,0,0,0,0,1,1,114675.07678070194,1
28296.514845836224,48112.41623435822,0,169.17694001062895,277.18732262186063,2,15931.972686198462,286.1555948476006,0,0,0,0,1,0,111625.2235466724,0
28143.579479953656,48314.4092740774,1,196.68032393608775,358.90895902667177,4,19617.465605602018,673.0996224200669,0,0,0,0,1,0,111826.35366306527,0
33257.25618578603,54860.533801902515,0,396.1099594665403,428.8588981118485,2,19862.753511973468,221.452864420215,0,0,0,0,1,2,128240.6340782091,0
16547.563525053738,27926.683806346547,0,110.81531332765601,88.02609120272368,4,8638.787803066849,20.347860935932765,0,0,0,0,1,1,64915.46219183231,0
28098.028002728275,47368.28313254618,0,59.187324300094936,353.737505715407,2,14029.71773911,319.28291834922777,0,0,0,0,1,1,110134.23243465018,0
35579.429599354306,59686.122831742294,0,316.3843427698846,466.42464690254644,4,18648.7434547346,396.70834795984456,0,0,0,0,1,1,138941.6707524301,0
35950.11499872752,61288.905226299925,1,359.5621865000487,284.9363582071075,2,20771.14488385614,470.3382090574368,0,0,0,0,1,1,142104.0881331297,1
25860.729817088497,44194.31005974619,1,359.76557904027504,41.32493668885816,3,21472.84500785447,678.7801481629891,0,0,0,0,1,0,102406.8298878951,1
25004.193457500078,42858.390589817835,1,194.93837640730413,142.6600089995251,1,15384.080163929935,618.6815376973007,0,0,0,0,1,0,99236.6414414577,0
28864.004902842593,49253.507251516494,0,208.89753129469844,231.67492652836773,1,15253.596542002151,247.92986215391986,0,0,0,0,1,0,114172.1308398354,1
28292.506261300998,46900.10990159319,0,81.68055426381504,344.92754527364553,3,14489.688702603873,28.014509892112606,0,0,0,0,1,0,109495.01391516812,2
33427.97622739265,57105.93049030656,1,459.33682162539054,241.21326367684503,3,21751.11657808094,477.79685038266865,0,0,0,0,1,1,132337.1612222409,1
32277.421977694325,55500.194669880846,1,228.23678810120475,62.69695439244249,5,19257.233619402312,238.81675338389982,0,0,0,0,1,0,128406.43317275099,1
24928.23527547109,41219.94286887016,1,208.82364179305128,92.86889273773319,5,15347.972261177472,380.023496616201,0,0,0,0,1,0,96291.73540159379,1
33824.05278607942,57828.37945192004,0,243.64904228790706,46.44710492094601,1,19317.17808734242,227.62533366226288,0,0,0,0,1,0,133983.18571741055,1
34044.3127183385,57276.23087935321,2,557.000749847743,31.23141887231808,5,20969.691812146266,277.1379780310634,0,0,0,0,1,2,133241.44127051285,0
33475.54801297276,54200.22661324812,1,442.05449811817135,486.64837773564193,0,20103.913974434003,392.74343344280265,0,0,0,0,1,2,127277.79598613783,1
35630.8159732315,60377.095883013826,0,264.72291901346387,403.7407801675317,6,20375.533098315922,302.6307327237811,0,0,0,0,1,0,140198.0697825514,1
22147.458907134354,37042.92931559234,2,136.95852640840582,55.532374920099386,5,15875.492196361263,246.615615383984,0,0,0,0,1,1,86298.92316326886,1
16053.822596584314,26225.948754138917,2,101.69040155903329,28.39308286188177,1,8934.768940054628,92.09798219958961,0,0,0,0,1,1,61461.62924469953,2
25654.546181342022,43851.53642612134,0,151.8096152122133,238.76062632223392,3,15740.01946064741,147.056636097172,0,0,0,0,1,0,101606.59116185465,1
28207.890165416644,47679.72157521222,0,113.78324146367532,161.0454815295559,1,12922.976260884943,745.7694479520007,0,0,0,0,1,0,110786.6299466839,3
33375.22157093924,56516.02932061882,2,248.1369642301606,275.42896800754056,0,19386.147739350978,588.5930063825426,0,0,0,0,1,0,131258.01948398503,1
14787.443623093875,23680.321175361933,1,111.85190816599365,122.67147582434603,3,8952.77219204705,463.8259649050722,0,0,0,0,1,1,55760.81506342317,1
37508.01913889128,63746.500887219605,1,155.2863763201234,225.03348014389425,5,18223.895677559034,255.20930213830852,0,0,0,0,1,1,147918.3433402774,4
29794.158898805563,49525.365507412156,0,676.1758502785542,102.03776463984742,1,14762.913412731865,255.53823275329808,0,0,0,0,1,0,115547.0873437319,0
23324.28371575588,36992.62416977745,2,215.4274308354083,729.0937043383731,3,20162.635057472875,515.7762190623112,0,0,0,0,1,0,87291.46502932314,2
29816.74005202918,50300.84534487186,4,432.71475643202496,128.94308016806147,2,19979.184836420012,276.05834038617576,0,0,0,0,1,1,116937.75675953823,5
24873.145648201502,41520.53291628857,0,627.5223522389645,98.58124468093267,0,18384.72839404817,756.9427689292257,0,0,0,0,1,1,96778.16614710142,1
26410.931858292017,45090.35917213153,1,401.1058958696359,124.16457331115396,1,13088.846125658996,269.1138165133031,0,0,0,0,1,0,104509.11697670414,2
23140.074942048293,39528.46488763753,0,298.5707531702532,259.5649578255759,3,15321.758186495728,67.52564363159563,0,0,0,0,1,0,91603.45132359056,0
30293.77555276278,48315.24941134423,1,201.4334089954941,300.4402897998609,0,15402.722289170795,184.7679302717195,0,0,0,0,1,0,113840.31950355403,2
34442.70224361888,55699.27784225378,1,484.2664421382107,66.92253061320191,1,19579.93357095337,242.88217545034104,0,0,0,0,1,2,130832.02125739472,0
32045.29966813843,54754.71795729476,1,261.4858463571924,189.05733406487673,6,20146.78704575444,469.3244294025354,0,0,0,0,1,1,126881.8474350315,0
21601.71779207709,36755.04535966211,2,547.1174807919602,90.83913982783014,0,20555.33149819755,182.91386956332818,0,0,0,0,1,0,85261.90771393999,0
28193.943948169497,46466.26580699813,2,132.17856774472955,372.2813352473985,6,14464.062671503547,238.94710042813705,0,0,0,0,1,1,108638.73025890227,0
15067.201227672887,22397.08224980519,2,595.5787045782569,97.54159184720848,0,7147.733547053115,560.5117638599507,0,0,0,0,1,2,53658.57423490996,0
28219.258378549912,47601.04401528035,1,263.26496732096047,24.29577651228884,1,20358.019351663675,178.18699276687602,0,0,0,0,1,0,110657.95547264905,0
30549.288876343326,50768.998461665644,1,252.0950243232849,139.94216821766022,2,20610.320151315045,160.76485197643385,0,0,0,0,1,0,118455.83213646866,1
28190.898153422055,47052.15048591848,1,169.214867500302,26.137149478982888,3,15894.286620866831,407.723643718993,0,0,0,0,1,1,109674.38571224007,1
28153.030782987873,44707.51653635147,2,439.2340714469449,628.3036481479106,1,20861.812458057328,289.9526736823976,0,0,0,0,1,1,105456.78919286703,0
26967.260680089505,45048.084952882105,3,1001.1386031804457,88.7715917271008,3,17292.111570514542,424.5925316674527,0,0,0,0,1,0,104975.6434395507,1
20258.602529803124,34755.512987866765,1,414.7202134208163,227.78035096502086,5,19863.14920313988,391.5620364365091,0,0,0,0,1,0,80456.77515624721,2
30411.387676958067,51668.69020589767,2,179.99534874428764,153.44217356960903,2,18879.264884133998,475.0897614945635,0,0,0,0,1,1,119900.45351195443,0
34739.10892369869,59098.77168001411,1,727.4264347989483,31.64910784863681,0,15243.947409539684,210.0805234044773,0,0,0,0,1,0,137095.09547906963,0
16702.824439233496,27972.200329150342,1,3.735542266088138,51.4868147782898,2,6699.2265987943265,223.73394414703972,0,0,0,0,1,0,65145.918690696984,1
23162.56692221145,39457.24133649032,1,151.5064204781471,154.75039225189533,3,15385.826652041706,446.3366815659865,0,0,0,0,1,0,91503.13586554577,1
20718.600043332295,34188.73628085398,0,439.5853864098762,492.3070145189001,0,18597.629031340584,538.1862529970527,0,0,0,0,1,0,79908.89198676535,0
22138.21972480692,37928.22043091532,1,247.4676874060301,86.56925904998668,3,21869.386298220626,278.70973481809824,0,0,0,0,1,0,87831.59871079015,0
20399.35186319116,34161.051569174066,0,248.85597813511566,116.1625916116736,3,15834.158619123224,149.76717555254257,0,0,0,0,1,0,79560.8017652107,2
12631.591569603957,20327.642632514264,1,103.84623638253456,290.5360672101369,6,8906.25589544067,392.7740521169127,0,0,0,0,1,0,47804.08836370724,1
22977.099169927944,39049.619927439315,1,99.6812729311692,24.19013422233607,3,15344.219749408221,610.1015378042932,0,0,0,0,1,1,90612.73479536053,2
29905.7565794462,49096.18978585618,1,229.1120998142727,252.30371996964206,3,22555.99921616487,594.0237526321553,0,0,0,0,1,0,114885.43136134351,0
35697.3500199274,61268.25728594326,2,221.95318681576276,3.550198266205209,2,17978.502838547145,120.89094118454577,0,0,0,0,1,0,141816.49367765605,0
26587.981600645322,45513.65303512308,2,245.54738266787638,104.25678327477897,3,15746.078147092447,490.2375371535706,0,0,0,0,1,1,105419.75430670721,1
26462.589896368634,44322.02481311635,1,161.74706184722342,463.5941539369891,0,17735.492719299502,745.0973236128796,0,0,0,0,1,0,103216.62129828146,1
32030.641347188215,52762.27862024337,2,566.9212026894861,397.13273378129657,4,18099.214728726005,548.8457797560345,0,0,0,0,1,0,123372.33178110691,1
29037.20601475765,49229.72355167453,1,212.54212830494183,155.8257025828684,3,20297.066080183,309.8824580803712,0,0,0,0,1,0,114298.38904518887,1
594.1595713296986,713.5893413723257,2,2.2376861152061522,95.21511567842828,5,0.13053578109611375,259.78892504769465,0,0,0,0,1,0,1826.2267311739488,0
16135.856185600622,27184.160429527386,0,2.659158142590451,49.92251612581678,3,9321.284967069236,336.02467599064306,0,0,0,0,1,1,63218.65430967925,2
22673.487937670143,38050.67505508513,1,276.7063417267875,173.5411285960681,2,19965.58793817948,602.8938515821098,0,0,0,0,1,1,88572.38042855904,1
30410.092233428433,47833.71756182777,0,531.0613014720433,532.3709758442474,2,18637.582600261438,174.61477993472784,0,0,0,0,1,2,113114.11220545784,3
25039.039794995857,42487.745439671744,0,470.9162160475609,203.92065577218756,4,19632.991181393445,472.7702371940435,0,0,0,0,1,2,98628.72589052639,0
30628.34991429752,52421.24491878611,0,385.53994112549253,283.01416189819753,2,21110.21207104879,587.9833530264316,0,0,0,0,1,0,121422.86308183896,0
28342.130419906545,48575.443104582824,3,367.89803916540916,11.060661549703514,5,19407.0200727033,237.50776316777439,0,0,0,0,1,0,112476.9624801189,1
20693.60064169376,33402.19588175048,1,46.10198845431184,290.07105812514993,1,14480.628424492494,382.3361071311642,0,0,0,0,1,0,78480.1334764802,1
25058.420216432984,41905.82162702654,1,161.40019709114645,172.68891193837374,0,19810.596248972255,435.4365396163048,0,0,0,0,1,1,97630.98611620336,2
23410.132170729335,39280.60705045082,0,529.284206090422,192.04725236731568,2,17915.301024648783,850.072278652586,0,0,0,0,1,0,91435.47825219121,0
19255.70313287974,32101.6534702551,2,505.54796532880744,129.37162285068678,1,20195.788303853966,480.89584742124543,0,0,0,0,1,0,74844.2022096989,1
25057.985658027203,42733.2505284934,1,285.3236303082966,115.56143116342679,4,19210.68696930052,290.98405877444725,0,0,0,0,1,1,99073.19368866704,1
17762.696485783777,29457.414712511578,1,586.3490858350626,42.33084590291848,0,19931.106627764362,183.23196922167506,0,0,0,0,1,0,68771.64738390365,1
28546.259325070652,48633.78578825024,2,172.51831884467475,87.40848131054327,1,20307.156878929716,509.75349582926054,0,0,0,0,1,1,112781.13275165815,1
32104.99365133654,52003.92330527514,1,525.9737039943037,32.87553381918006,4,18709.706244215457,488.276404658803,0,0,0,0,1,1,122097.62674956718,0
29642.095669710983,48821.62702811696,1,361.7490742237432,189.51649302822761,1,18833.356443556928,678.2047436707782,0,0,0,0,1,0,114159.39722570355,0
36637.857682052934,62991.98752864444,1,472.0972522824534,82.92442472996447,0,20270.52231234657,200.6747472848884,0,0,0,0,1,2,145742.57003465947,1
34303.42052291954,58489.30792754151,0,784.6681960094031,98.08903574645771,3,18610.823187009883,40.44835389329293,0,0,0,0,1,0,135607.12567233611,1
27460.271261558577,45035.86501024305,0,226.58846699708505,165.11677641470794,3,17993.303596229995,432.9762802764087,0,0,0,0,1,0,105417.20522116587,3
24290.988345210426,38323.324366249784,2,329.59164276049194,208.50233790415774,3,14986.015937142252,562.8495906616597,0,0,0,0,1,0,90529.52949116915,2
30945.435423350667,52547.26655452783,0,207.4793794359326,513.4113848371755,1,19332.93384643615,691.3647351141174,0,0,0,0,1,2,121957.64887997814,0
29111.934936946112,49078.713469558315,1,356.2144314070319,265.90776620792127,3,20538.72268001689,341.2373616991723,0,0,0,0,1,0,114112.11093451545,3
36733.61809171801,63217.01491640558,1,194.68152514379642,47.55639625173282,2,19024.893879439656,169.62747059193038,0,0,0,0,1,0,146228.53127513189,1
26837.284804688203,45511.86514887162,1,483.6434739463815,83.43917904063295,1,14729.03001474794,230.87526989394246,0,0,0,0,1,1,105663.96131874266,2
17786.186466504874,30147.723777334773,1,81.6669852440411,74.1500421403368,3,6372.787809511463,473.3787197799994,0,0,0,0,1,0,69999.91635919381,1
26123.872416208225,44009.649663418,3,238.2518466171972,282.0019049524879,4,20660.32265781414,425.6863126937917,0,0,0,0,1,1,102345.55337357537,2
28619.037050291387,48638.723433912164,1,376.9869901389619,99.48399125745088,5,18029.080845965756,142.25403557735564,0,0,0,0,1,1,112861.18610395055,1
29168.34663013959,49945.698756575715,2,508.5375819488447,81.81526760548759,0,19022.62566738772,206.96878349398025,0,0,0,0,1,1,115676.79296680477,4
26610.571382305145,45768.345118446385,0,286.40413602238004,27.342118121351316,2,20331.222888827393,231.23470588778918,0,0,0,0,1,0,105883.59015638234,2
29440.54883599867,50412.89366799102,1,332.97401123160034,136.33950658419164,4,19004.902437475936,60.966826643492084,0,0,0,0,1,0,116757.5966740098,0
14596.577985533453,23280.986376454057,1,219.80086095852081,583.7832145800344,2,19883.735172098164,359.7633071735819,0,0,0,0,1,0,54867.91387012383,2
16399.24982640929,27916.87303731625,0,231.52498731405157,126.98334672073501,2,20428.97877270833,302.59631073186745,0,0,0,0,1,0,64751.90336659541,2
24406.90973067881,41327.72279124523,1,264.06422217077477,382.93779965641784,1,20729.03219536307,831.331156891616,0,0,0,0,1,0,95983.13879720352,0
18556.18251725792,31631.8735259482,2,621.3589958891536,11.548198261600445,1,20404.550516044583,312.1176182587792,0,0,0,0,1,0,73343.61031504409,2
21325.70407771415,36097.257671823856,1,480.780180059417,126.87443623681114,1,15292.497838879719,374.50533150801175,0,0,0,0,1,1,83846.53084546732,1
19764.53304980471,33195.487173157984,1,198.79744815326265,254.3042061430996,2,21053.210893509608,356.87746976991156,0,0,0,0,1,1,77254.44853926242,0
33338.59088506423,56994.77072252514,1,371.22013451171273,270.85808518066744,5,18609.285553627236,289.5694489612945,0,0,0,0,1,0,132054.2629990418,1
18413.02310294742,31061.558318816937,1,512.9730543623722,18.33680577630792,1,18985.9708255592,168.39380489447635,0,0,0,0,1,0,72207.30465143452,1
22711.05634330667,38574.12264079434,0,310.98896148035044,112.43776586336546,3,20195.244805538106,255.02491019999087,0,0,0,0,1,0,89519.67209380862,0
9581.175102409652,15038.688201499943,1,175.14661196611104,134.15469661625,1,9715.970185715894,203.83037722608435,0,0,0,0,1,2,35604.032971764114,1
11694.278465710986,18599.846508031995,0,395.56285948932134,196.9600243765169,1,19412.86116796572,329.56834745238496,0,0,0,0,1,1,43884.74865989457,1
27472.107922766223,46369.59523235372,0,224.68202264683373,77.97377936912577,0,18468.923047245527,428.5907519598281,0,0,0,0,1,3,107784.72824263974,2
21752.714798521214,35136.93054282526,1,247.9085508361024,102.06240459850132,4,21445.95292913743,625.2433097953588,0,0,0,0,1,0,82545.94340831872,0
31952.998628683097,54979.777416702076,0,243.27904944216482,166.6581270633058,2,20198.235374609358,603.0934886894881,0,0,0,0,1,0,127180.70538320058,1
26963.242548784212,45924.85544613938,0,661.0651562287231,35.02004183106573,1,19903.737475105856,84.71859640777697,0,0,0,0,1,0,106504.07475942685,1
21815.074072876625,36831.90145727461,1,164.64242590483417,119.8123594311881,1,16208.650019980973,162.13896973617776,0,0,0,0,1,1,85607.00116327184,1
30490.45738355053,51694.2568340178,1,221.16187624419945,398.8729321750078,1,19490.96867065392,350.11858137641934,0,0,0,0,1,1,120025.55289799797,2
19675.141201116112,33673.76449492066,2,213.08463448211745,5.3446077254215885,2,20259.67279167666,169.6778368053579,0,0,0,0,1,0,77998.77573245694,0
20372.935912570803,34688.779377792875,1,478.25192507225995,348.62306958357516,2,22128.753447120136,353.66000819649696,0,0,0,0,1,0,80454.73308026153,0
12202.869946338,19371.64189669229,2,178.50260932613241,166.10249858279695,1,16845.08012539365,691.9348015148968,0,0,0,0,1,0,45701.77949571794,0
21478.52538401082,36143.6157040303,0,503.1479176041708,82.96474934684197,1,19124.364995753014,387.11216166292746,0,0,0,0,1,0,84075.91871017554,1
15439.678214993535,26167.050259471584,2,390.19413106133766,271.2796489872716,4,16536.183041197844,533.7619419803066,0,0,0,0,1,0,60759.98371389705,0
28122.672504615537,47684.778888108536,1,326.0179194274491,13.661097606705368,1,20365.988173279744,130.8266471130858,0,0,0,0,1,1,110711.75350506371,0
9816.169401322219,16400.148064425844,2,253.84582010907548,102.51442113655672,1,9256.72128633832,90.61625566441909,0,0,0,0,1,0,38218.9857664935,0
30156.96596838219,51830.052829955726,1,193.21534068700245,170.0298060147029,2,19957.47302397318,620.7770947001349,0,0,0,0,1,0,119929.20096948209,2
19390.27174193373,32515.075933226395,1,284.5967134816106,171.46697305136814,1,15989.823975943691,930.1626912512237,0,0,0,0,1,0,75698.99503335584,0
26868.626757711238,43368.06550033153,2,254.15769299502733,122.69868174434149,2,18809.585053234157,544.2266212645716,0,0,0,0,1,1,101909.6396406857,0
25571.40316294622,41901.025259902555,2,517.5965495704045,233.45385717142486,1,19604.191409299994,478.28993541719433,0,0,0,0,1,0,98099.4507566255,1
27350.881286236836,47124.77213432696,0,290.2739940220539,50.48212782848481,4,19114.765774444168,54.245787515405,0,0,0,0,1,0,108973.31071247348,2
28186.86241119339,47587.50859955312,1,244.79127566033068,419.73772265699523,4,20831.695013433222,182.79353771304838,0,0,0,0,1,0,110601.93292422584,1
22275.709217888587,38330.95831200953,1,277.98125107508076,5.897822967220034,0,15527.922986037713,242.33629582240175,0,0,0,0,1,0,88666.84323958342,0
31603.131581393583,50581.80089796578,0,311.23949862594174,477.83161587771514,1,19418.794604086364,241.29272291903249,0,0,0,0,1,1,119100.18042136017,2
26631.096425924567,45582.32059294003,1,200.51698855577996,269.6358357839043,2,15325.464979579127,494.82472683187314,0,0,0,0,1,1,105581.38544961147,0
25033.086306850288,42553.26509040494,1,245.19839463255613,86.67271876119419,0,14836.494879369378,756.5000309939655,0,0,0,0,1,0,98734.86126751387,1
398.4520044121342,186.27585575518424,1,97.25724991893884,14.512170531824435,4,102.5751520854551,271.39869712884524,0,0,0,0,1,0,611.8834910535754,1
395.273134355925,348.352663153691,0,91.1109840152373,197.5188655542592,1,42.666391553994636,495.7377457572133,0,0,0,0,1,0,977.5521848711767,0
25097.599039629695,43086.12604060904,1,326.21557476163497,49.72378435754319,2,15682.685544941356,236.28698845745728,0,0,0,0,1,1,99724.58651120798,1
13699.803924195689,22997.05715176499,1,212.78535353617963,209.17901555299346,4,15809.767084704854,265.2038623986704,0,0,0,0,1,1,53529.62569436991,0
36202.69356587393,61979.580693691714,0,315.8923662027246,54.00995127309979,3,19477.936727035707,229.03051817368765,0,0,0,0,1,0,143553.12779920804,1
34201.49765301327,58580.60993107621,1,358.5669324171758,116.99729089216524,0,21918.311239231167,499.4076184058185,0,0,0,0,1,0,135665.22838011468,1
35845.26800457392,61868.13173599194,1,249.72535033259106,29.773506049758943,3,18641.20325811873,303.33904742910994,0,0,0,0,1,0,143003.98882790108,0
20524.483719948043,33725.94628763271,0,263.4289746603698,263.82531325092043,2,20024.324973455572,223.65377352583283,0,0,0,0,1,1,78918.27533118399,3
18712.1638781958,31540.148102238138,0,267.17939212667295,24.031070389056786,0,15447.561316349971,489.61481031980486,0,0,0,0,1,0,73338.86061644835,3
27285.16634494253,46611.86463404497,1,397.2688155882522,138.37025791101988,2,18362.267348235546,245.98510233053966,0,0,0,0,1,1,108018.63208789619,0
33517.978575754125,57545.128358468966,0,339.8844456678345,330.5126131141733,1,20496.871837461462,148.8663689387323,0,0,0,0,1,0,133188.39122569936,1
36956.77969617394,63346.38525868915,1,264.08230073906066,165.86742726062857,0,20507.329363435147,293.91285186237303,0,0,0,0,1,1,146675.89143930803,3
27418.5530154583,44552.61927627668,2,345.95080007542947,145.44043137760946,2,15007.45680079221,578.7456196163624,0,0,0,0,1,1,104527.46947489609,0
35769.63111835814,61505.851914397455,2,394.9048912649148,10.855452155144343,4,18463.745524760125,251.57735581408767,0,0,0,0,1,0,142300.586829369,2
29639.200468070998,50213.72687268601,1,156.07505255485614,230.00963008040148,6,14783.151213457157,454.0167472205674,0,0,0,0,1,0,116606.35779924848,1
27031.77085221038,46108.99971741398,1,245.5318014405571,305.091239297927,2,15251.3614472067,672.342936329941,0,0,0,0,1,1,106894.71836460588,2
25879.16748782551,42421.1661473262,0,363.042745580543,84.50066381113776,2,19423.453043828005,350.855586742118,0,0,0,0,1,1,99317.59544577985,1
34767.47751058312,59556.132758777894,1,246.64113396872597,63.70826670295115,5,18577.251070700266,655.6496034637835,0,0,0,0,1,0,137920.52491093636,1
34481.29208199826,58534.79726085983,2,250.9493312413083,15.289169947218294,3,18721.671692611984,122.42358530112804,0,0,0,0,1,3,135864.62134187797,1
36293.75859136743,59457.760865203985,0,345.5824183839735,207.75166219434476,0,18306.885434577627,103.085274930425,0,0,0,0,1,1,139216.1614337077,1
35137.41259609186,59872.56256675776,2,224.22060837381966,226.04391169198487,4,20521.83629559388,340.2606372042719,0,0,0,0,1,0,138835.16010833823,1
33586.80816368732,55962.06874307605,0,538.4737157637543,415.81750944326245,1,18630.30916001844,630.173917166074,0,0,0,0,1,1,130493.83440534964,0
37754.50405083462,64881.16580208263,1,195.12014266788833,8.708158604130212,3,20435.355484705673,157.06799545865522,0,0,0,0,1,0,150131.4017051843,1
15937.005554608164,26850.2594404462,2,191.55588525728606,60.6467687653662,0,9154.560845617692,216.9185877395441,0,0,0,0,1,1,62441.46930358798,1
17883.99559657368,30453.099632221467,2,476.96467578732035,22.663214632936537,1,20192.004795859495,186.1567093491982,0,0,0,0,1,1,70629.69689702021,1
28374.692880519622,48379.2761911375,1,123.05684411311519,564.6925099819049,3,20265.570220730864,256.7616429212808,0,0,0,0,1,0,112167.07511339127,0
34366.153885739885,57360.063406495545,1,172.43174647336113,538.1662497035342,1,19238.757027640146,624.5575715231479,0,0,0,0,1,1,133699.41511608282,2
12341.181736666582,20993.376179836752,2,334.8766499106336,23.17920688731008,2,16922.657912809875,187.11190652095243,0,0,0,0,1,0,48701.193646915286,0
22634.290451813245,38780.27126337968,1,385.087015966615,134.08761711982433,1,21699.06563057987,323.24521110972285,0,0,0,0,1,1,89803.40579133932,1
9002.399611114246,13652.606289791926,1,378.7666286341956,97.99658061421263,3,9439.022700561594,503.66968677668325,0,0,0,0,1,0,32549.290690950424,0
1606.5170917977632,1912.866426264336,2,95.69454497367282,131.88175190091707,1,221.15312540991104,491.3711925044148,0,0,0,0,1,0,1070.5158622103613,3
27513.808280035733,46282.211388904965,1,326.3543564340171,21.28160990035244,4,19614.720544307616,568.6998480336732,0,0,0,0,1,0,107669.38400127242,2
24577.990544269105,41407.23604396637,1,618.1580288341056,102.1996125000535,2,15699.578813449092,88.36564504973255,0,0,0,0,1,1,96292.64355163854,1
32579.035827533666,54265.685913964044,1,497.9595580201176,469.4885244099256,7,17092.558101644714,723.380715347995,0,0,0,0,1,2,126552.15171794506,1
35313.26188064466,60347.26451754077,0,165.0896453073649,240.91437826542165,1,21623.52102308575,710.0327670954013,0,0,0,0,1,1,139836.76099639933,1
29671.244572366995,50632.11783256821,2,250.96286123611588,37.52565891712692,0,20428.460004209537,171.60846080745733,0,0,0,0,1,0,117367.76318179842,2
33551.0153249242,57304.11384152399,1,542.5725127997977,21.84142802955908,3,19027.836740789677,243.93179532272708,0,0,0,0,1,0,132801.61912314524,0
35735.5203129343,61589.53701536679,1,305.8602267910812,14.297816198018278,4,18872.628627902937,134.74604729737987,0,0,0,0,1,0,142411.51305795822,1
35200.41685127282,60344.22544624552,1,294.3583846868087,28.566985387130792,1,18850.773084906803,306.7004658471647,0,0,0,0,1,1,139718.90950785181,0
32278.78389002296,55541.11846831232,1,564.6613163010219,37.48171310110515,4,16229.038156631712,158.7093702767679,0,0,0,0,1,0,128478.76584574181,1
36969.75188229124,63516.45737044349,1,358.3403805575145,32.50026853305786,1,19303.05452503366,88.51925279293343,0,0,0,0,1,0,146983.1392293317,0
36142.67073720809,61965.55382052246,1,263.8253758777592,46.3542081997972,5,20661.36968639007,600.1267082408966,0,0,0,0,1,1,143469.87345927494,1
28518.156122952685,47991.4930493737,0,257.0025992540438,460.5785645245621,5,14836.17789065446,95.244019901113,0,0,0,0,1,0,111628.73603149451,0
35988.32340313962,61931.08123604145,1,488.46766539798125,22.31628607052933,3,17819.56449173354,193.97249463183158,0,0,0,0,1,0,143255.71333873866,1
36978.86668460104,62953.40783296219,1,227.93639887762674,510.207865249844,0,19348.04267279669,322.8878440493329,0,0,0,0,1,2,146015.05346949285,0
33677.306260422,58020.86265008336,1,280.4579888914249,66.41840443581883,1,18707.450133518374,127.1976790878163,0,0,0,0,1,0,134172.25326136866,0
30421.87374169479,50373.30721045131,1,651.6532948253879,92.80090480701719,0,20694.73718551187,637.6819142748407,0,0,0,0,1,1,117637.65175376003,1
28446.32346855951,48490.717952527986,0,569.2185790894121,181.81094260031512,0,14880.127958856516,385.0109702413933,0,0,0,0,1,0,112432.76082538525,1
30773.929888468698,52660.42979323354,1,203.13131273958243,233.9305604881988,3,20071.163402161917,299.63472325269686,0,0,0,0,1,0,121983.15408821688,1
24051.53377119076,40853.6885075178,1,524.8246758836583,135.06224542070174,3,14410.164190828973,158.91075367215865,0,0,0,0,1,0,94809.58334189994,2
22820.936180197987,36494.34534848665,1,199.10291775183657,217.66346807543397,0,15669.580690333572,75.28258508501757,0,0,0,0,1,1,85961.6244229319,1
31155.506593831007,53417.19728588926,1,496.7630825265103,58.06351728614785,1,19666.211718864448,418.0692528762955,0,0,0,0,1,2,123676.23131899622,1
23468.475849309503,40269.537450969525,1,190.9641437474752,254.17834706278882,4,14934.911690956553,719.4392047547182,0,0,0,0,1,0,93216.25085514382,0
23059.858252148908,39626.62750044462,1,280.6157680825242,11.93502488757153,2,19265.581803823807,229.01839907181946,0,0,0,0,1,0,91694.97710492351,1
30958.248124726404,53252.45100147107,0,447.72900116986375,76.92655114902992,2,19322.018207425936,331.2648128920503,0,0,0,0,1,0,123194.12311764188,1
32474.747647006094,54447.3143151407,1,524.6781194322568,527.0131124412093,1,19875.710364957566,340.3263302268255,0,0,0,0,1,1,126765.60415374977,1
30170.893159888084,51486.14525167998,3,395.67866090830114,19.22450572578442,5,18776.71891729517,317.4526815847041,0,0,0,0,1,0,119345.41091912435,0
39477.88347481902,68022.38354263864,0,485.7097147226867,9.12868972283613,3,20284.467289413114,38.88839255716185,0,0,0,0,1,0,157296.0874129357,2
37776.033705004826,61755.60166913212,1,332.25750283239915,295.06554905393733,2,18803.85124260772,435.84419059192487,0,0,0,0,1,2,144679.0381126058,1
29556.02283882885,50585.91021863418,1,134.97095048448105,75.96785917489714,3,14086.850407178366,103.00532467232853,0,0,0,0,1,0,117172.07596961173,1
11788.246126196127,19762.664544946394,2,264.1572684660415,60.77635734070357,1,17685.408292197506,49.3814198347857,0,0,0,0,1,1,46016.37227144763,0
35663.949611640084,61232.034404856604,1,477.7692904765722,161.22205255462055,1,18960.23826769401,406.1446395436891,0,0,0,0,1,1,141720.7812780114,1
33593.685552518786,54092.488496383354,0,520.7340167522552,461.2158434346067,1,20194.591214859338,172.37369485010703,0,0,0,0,1,2,127194.96534210008,1
38898.79201255988,66729.05686347946,1,247.48539481993788,37.65566864064529,4,20220.989230242056,140.04754513465778,0,0,0,0,1,1,154476.61911588616,1
34955.33910926035,59081.55434110353,2,553.2736197666798,195.75292492882195,5,17958.270058953436,319.0065079381798,0,0,0,0,1,2,137283.3840613948,2
36082.27499587706,61411.21893609674,2,267.35535122778936,239.64269930555025,1,19171.01116047921,632.6829259386501,0,0,0,0,1,1,142447.4677132925,1
33380.69991597792,56107.95990634232,1,434.0421170260488,123.31382576836128,3,21442.705154089388,308.56716672347,0,0,0,0,1,2,130552.72160876851,0
34867.94656841336,60159.85004150107,1,469.3044417906121,102.18192508251195,2,19570.887176820856,557.4815222792785,0,0,0,0,1,0,139067.81459667016,2
36511.96427497056,62332.43487566892,1,771.5238638324449,257.2272660448331,3,19319.86890994048,364.2746133209526,0,0,0,0,1,1,144472.6935552861,0
36062.83042887963,61880.063493087866,1,248.20504491549616,17.5885372751742,4,18865.78432814972,194.37831619854092,0,0,0,0,1,0,143242.14941788162,3
36153.15780717457,60716.74287620738,1,161.9185646779522,306.1995401999216,4,18572.692947421812,380.0623158194383,0,0,0,0,1,2,141306.56603940568,1
34256.05251711155,57866.903012180876,1,243.5970315760216,471.4503368760335,3,19229.15945950045,583.5280487939052,0,0,0,0,1,0,134473.89680934063,2
35884.724532608016,58883.60574408442,2,372.3529933895609,562.6034076494536,2,20500.115800377436,775.6891892497601,0,0,0,0,1,3,137836.64775756144,2
28469.50675106577,48648.247621909395,1,396.49525433625433,56.69295625905804,2,15646.038458223575,537.063116094697,0,0,0,0,1,1,112730.26244278564,1
23543.427376197433,35810.68657205576,0,618.3817094884045,574.2155585725333,0,16615.085851278458,54.179361367759924,0,0,0,0,1,1,85366.65388562251,8
27582.790845965115,47251.19394381369,1,129.10357201332516,44.82172988337774,4,15795.532149006962,228.18619705953503,0,0,0,0,1,0,109424.04915778548,2
35218.52180341078,60067.770617318594,0,262.9693076623655,66.28076643266306,1,18545.652428483387,423.88431677251236,0,0,0,0,1,2,139257.78569452924,0
37667.61472972865,64979.99763694519,0,299.6213437687852,5.827970933175912,2,20826.056345948324,283.72779076937115,0,0,0,0,1,0,150216.1679544783,0
30625.644608781156,52641.767362312625,3,235.18159363288026,11.572269372010734,3,19108.00301006429,211.70879791016412,0,0,0,0,1,0,121803.46930949899,1
27684.931146845145,46415.417493718196,1,384.7518967807105,313.52779525402303,2,20050.133111956064,219.54129808884494,0,0,0,0,1,0,108065.17457644988,1
35881.72146526463,58967.74961927827,0,338.2820007396706,293.90147259579237,1,19841.778788568,205.39245908269402,0,0,0,0,1,0,137946.21376764713,0
37115.171617458705,63362.55730313198,0,429.4838814818512,49.17949138309969,0,18481.365667860908,230.10119548972187,0,0,0,0,1,1,146861.53003422756,2
25237.707700742416,42213.035241514066,2,315.44726744913424,133.50749610398498,4,13908.468210336947,179.19721993906091,0,0,0,0,1,1,98340.99348703839,1
28667.80389833258,41486.54607624121,0,121.09184596262564,287.9871670636323,1,15771.514717034614,136.23769338909838,0,0,0,0,1,0,99828.23359297059,2
30990.175005726232,52273.86014930546,0,349.5286957905776,255.5888283502727,2,20087.81715863933,257.1187653336125,0,0,0,0,1,0,121519.95880845949,0
27205.28139049742,46395.486488452385,0,276.45182835491994,227.2275291085981,2,20718.849046549527,334.66464050628844,0,0,0,0,1,0,107562.10252700596,0
23711.85299687883,40702.38232864341,1,319.48089421629743,23.976291944219206,3,15343.001719564558,209.16806018987322,0,0,0,0,1,0,94209.96548772621,1
24863.310804174987,42923.385068337106,1,242.95430580963705,127.25353961687676,4,14927.805288775666,97.15101230665543,0,0,0,0,1,0,99208.77412659537,0
34977.246006056186,57623.48192673862,1,348.7055014066769,487.4775344288683,2,19732.125684845952,643.4371830222904,0,0,0,0,1,1,134735.68973998784,1
31171.157891016097,52136.267428649255,3,326.8539412821144,253.23968030565794,8,19448.64822365417,571.5963321094738,0,0,0,0,1,1,121456.48534505186,0
35149.917864278854,57721.5410002066,1,342.46607095590883,483.62011332816957,1,18880.8546651486,624.1724088773254,0,0,0,0,1,2,135077.19904567153,0
33105.493200251716,56721.28637220236,1,159.89155859090368,35.93140117251696,4,20486.036424383085,148.44181334236652,0,0,0,0,1,0,131349.18914000504,2
35476.065847066086,60331.02327579611,1,311.85248735538255,339.98006048646647,7,18504.50872696017,535.078711175943,0,0,0,0,1,1,139968.5199551505,0
36238.27676585803,59203.505476762344,1,277.9725335229941,159.00025954320202,1,18801.427378136104,251.17340656412858,0,0,0,0,1,1,138714.17267611175,1
30460.481977652023,50017.363648538565,1,286.5509660177365,547.1678523427204,3,18712.04891598007,287.6346786068614,0,0,0,0,1,1,117041.96781211768,0
34623.80603173258,59075.83311730604,1,352.096900357397,187.70325607965526,4,18905.705605501185,132.17363455896603,0,0,0,0,1,0,136942.23278744577,0
34641.78766242957,59290.77888039281,1,242.5999612446288,54.72040224265402,3,19300.604222271308,181.991986935557,0,0,0,0,1,0,137335.6102456372,2
26810.7998724233,42786.119041963735,2,458.4544793885402,153.69367915743013,0,21255.730172836204,195.24164306252925,0,0,0,0,1,1,100813.86864465379,1
32371.68859955352,53775.990048753454,1,372.96165749756744,158.23159312413387,2,18981.438743656847,355.18358097330054,0,0,0,0,1,1,125489.7048212869,1
32173.779223142094,54812.91546545919,0,349.6367983703904,281.9319760888079,4,20061.33125187479,171.8665174727137,0,0,0,0,1,0,127107.96798438378,0
15402.032885191085,26287.299341347825,0,258.63569672935307,193.76989252716197,2,16324.306276056968,213.203744968207,0,0,0,0,1,0,60931.7306702063,0
32402.077461564717,54573.3338607093,1,379.4841032678763,293.92946787930447,6,18876.963395853112,417.8727958177752,0,0,0,0,1,1,126917.14021945179,2
28206.145211069972,48145.10601765131,0,522.282002696714,24.736373180991475,1,14705.402626780588,306.5064303507316,0,0,0,0,1,0,111592.98927877485,1
37067.18790522869,62611.38011891597,1,218.3243452388591,195.1455320850087,4,18975.800060017515,56.461344815968374,0,0,0,0,1,1,145504.06828618678,0
29216.441333063172,50049.70489341516,1,501.2158701174945,333.0065818736078,3,19849.17312219311,494.59772621299686,0,0,0,0,1,0,115904.12471781686,1
25422.111813149437,42931.257443452836,1,313.532023244248,103.31750437710045,1,15457.138089639022,496.7050133677187,0,0,0,0,1,1,99776.91204986043,1
26240.247240941062,40909.55304780017,3,502.6100967313505,329.08289278865544,8,14694.390137554417,380.36118684447325,0,0,0,0,1,0,96890.8543348231,0
29024.154024132167,49518.66278416034,0,215.2369275250415,20.592171384440675,0,18566.10747335919,106.79648901497774,0,0,0,0,1,0,114792.06597249293,2
30666.137614201893,51982.00735760254,1,314.97416125539064,212.65758543006,0,20448.121486590644,84.95063873875112,0,0,0,0,1,1,120696.79668363431,1
34592.468626792615,58764.31904016717,1,213.44319164032078,50.110082405820684,5,20911.718003488,175.4996465115746,0,0,0,0,1,0,136369.7042318039,1
39197.34682531567,67081.36288175787,1,400.32876579982667,142.34829586414253,1,21005.705683211636,136.7377251926226,0,0,0,0,1,1,155385.53913030715,3
26166.573725205897,44151.78738304719,2,311.6850054535282,68.99675612807252,1,21102.08752879218,244.26182407514227,0,0,0,0,1,1,102632.99435606964,0
25441.08279581693,42781.52568531941,1,603.709611948829,214.73931018590474,3,18372.58612788911,616.7781682266173,0,0,0,0,1,0,99529.06492081135,0
17282.96632378898,29029.70422680722,1,110.36193175272061,118.47578431578869,0,20803.384622509384,170.22964664849718,0,0,0,0,1,1,67559.8380466629,0
34365.26068922617,57778.835219375986,0,568.5676048181456,389.94181601138877,3,21034.466356754714,50.88288150135344,0,0,0,0,1,0,134426.19849468008,1
35481.6671575654,60166.037593711146,0,165.50934659803434,502.81038505012475,1,18918.732512948918,476.49760781810073,0,0,0,0,1,0,139683.88603847643,1
27760.48682747,47635.92527376414,1,205.31482381712075,20.09411430533875,3,16188.389350833006,332.21130590551354,0,0,0,0,1,0,110267.70264496395,0
37482.16554632814,63013.19381659409,2,466.84230893568554,657.8086660239177,2,21704.312337558833,367.9812363546296,0,0,0,0,1,0,146606.19601410543,0
25850.2987838184,43569.155754020896,0,247.96711852779183,428.4007118377997,2,15082.110634727353,327.18340348297585,0,0,0,0,1,0,101304.86573700572,1
29344.93909692688,50177.32317894414,1,396.8493887280453,39.05877110086431,0,15309.125955970449,289.8232542330733,0,0,0,0,1,1,116254.1607698487,1
27377.04949432167,46875.62520440465,1,136.2831071226271,110.2106428331468,5,15867.059282234193,321.22844538193783,0,0,0,0,1,1,108567.49808984186,0
27896.6623310518,47007.31910436757,1,193.89471193313463,165.18808064755342,1,15234.434218323175,915.4569405008261,0,0,0,0,1,1,109310.82748075906,1
38353.03340736416,65798.79641808434,1,404.17696552331086,110.10719983541696,2,20864.31285870587,164.2965515894108,0,0,0,0,1,0,152319.374290172,3
37178.34008201418,62370.88271515346,1,487.04425255229785,82.85903143437258,0,17839.877729727177,241.99387208384167,0,0,0,0,1,0,145189.92081199412,3
27225.37384413966,45842.31240375075,1,171.4362695573685,173.5361182937432,3,15237.19273060215,491.43903975306813,0,0,0,0,1,0,106616.28388473523,1
23606.069233392045,40368.901758479005,0,411.40469514125266,84.43063441486439,1,14719.892214089185,58.92936370546534,0,0,0,0,1,0,93525.83620338794,0
14027.422453941035,23885.2053879118,3,294.3009190035782,38.67203995627761,3,16161.654590408652,155.41026625567886,0,0,0,0,1,0,55397.4412818221,2
34875.16732213669,58201.76946609392,2,620.5668989521503,43.18459775628407,4,18219.54697174403,345.3989811838701,0,0,0,0,1,1,135660.98172128142,0
28447.758391533087,45939.53628174654,0,237.5164780479958,353.1289842533827,3,15946.155974058176,138.06593276281603,0,0,0,0,1,0,107946.43711814443,5
32518.40346244859,54449.998679560646,1,360.2085548884465,247.88291075061085,3,20953.11985544963,303.60239009781526,0,0,0,0,1,0,126812.4364367892,2
22651.169588463654,38175.431509737944,2,198.58959045092877,141.41921948802582,0,15338.18634610464,339.3365686359037,0,0,0,0,1,1,88768.74866393988,1
21646.49559560032,36483.041046703765,1,307.71156535885245,13.432880249148957,3,19327.226368938114,313.52021712060156,0,0,0,0,1,1,84832.52204761974,1
14906.466724129848,22596.655888941677,0,6.843180138129787,364.7509428376791,3,8857.101317480425,22.08770750808666,0,0,0,0,1,0,53877.79153799315,2
38069.71378616374,61135.35197029188,2,282.50981367537685,380.2707080216191,0,18880.18919993667,299.39624703872266,0,0,0,0,1,1,143814.91301543225,0
29443.193788362012,49011.210098842086,1,184.5539037671884,311.90900603202556,3,15442.669572139408,120.16721209505859,0,0,0,0,1,1,114311.55208910593,0
35952.848485157236,61715.303370895315,1,295.3994402768304,28.095072775409033,2,19900.855719331317,313.5532287933717,0,0,0,0,1,0,142846.77901026857,3
35025.27816774644,59997.322568312244,1,586.9466514647764,84.72055064150022,2,19318.0916867061,104.6391106530713,0,0,0,0,1,1,138943.5633061907,2
35617.903517780054,59328.0012385543,1,218.74956979663793,10.761482243600545,4,18872.738807499478,281.2078228477932,0,0,0,0,1,1,138352.55444946545,0
29294.35648551859,46496.39463395488,1,161.56588728383764,622.4899790926211,0,15131.871643966337,298.9822567249265,0,0,0,0,1,1,109690.35863859714,0
26309.73418856722,45107.75375201277,1,206.80472497639659,175.85381784356719,5,15179.972789000021,325.64326419287465,0,0,0,0,1,0,104437.78599902123,0
34424.182951096955,59080.683345338664,0,214.6268838048764,40.19406903465408,1,21098.31327777488,102.69722773482934,0,0,0,0,1,1,136754.6083193132,0
29470.094816853216,50437.64688581077,2,719.1328969232137,221.3092024606052,3,18586.0343155857,433.3113411987767,0,0,0,0,1,0,116830.26330599887,1
37637.226299002345,64553.07809639519,1,559.7512890844494,19.765967846312446,4,18850.11365718831,43.12304876015171,0,0,0,0,1,0,149445.05675607326,1
34525.4442666766,58791.827291681766,1,548.5743780704876,100.4593649582315,1,19394.583988013324,595.6009271349534,0,0,0,0,1,0,136351.85783908662,2
32053.526550351646,54498.52409404032,1,275.2482670721198,220.1482854262775,6,17854.4285511633,228.99538915123358,0,0,0,0,1,0,126443.66246204697,2
32949.68676595978,56063.593585430994,0,461.5458868774252,202.3548271521618,1,18584.107950924314,109.06596535700635,0,0,0,0,1,1,130051.9741665172,1
29703.477432322492,50905.32143922347,2,252.55859409029867,274.7507010311854,2,14800.46136291019,585.2657681292211,0,0,0,0,1,0,117873.95416122567,2
33853.864934796584,54962.096943748606,1,737.0370820352186,608.7911041562646,0,19091.205572479765,251.18933182952267,0,0,0,0,1,1,128960.20473034728,0
27226.02894101686,46508.48834802159,0,345.3691177045573,34.31748277992631,1,18663.95895803019,247.19399963133353,0,0,0,0,1,2,107780.53389701106,2
28354.86032098559,48283.82329624699,1,780.9704720758006,305.9914307786313,2,19063.813864355456,298.45374249513316,0,0,0,0,1,1,111983.3864918478,1
30805.226166782926,50826.45876341753,0,273.18064194219806,42.97228077637455,0,19113.793231797834,457.5819960168955,0,0,0,0,1,1,118801.41195794119,1
32434.879483646528,55143.635552682426,0,517.8649249104213,298.0769388734283,8,18361.8561772799,419.3997146322341,0,0,0,0,1,0,127939.40507724957,0
28839.433328967578,49455.2628525453,1,460.064187439343,17.246346954038074,0,14519.62212975282,247.4722440058285,0,0,0,0,1,0,114497.81436514744,2
35489.68482058545,60209.48204262461,0,477.22303126381746,69.58124029173396,2,17828.96247166774,31.52974668010001,0,0,0,0,1,1,139772.52206968534,1
27122.624828332402,44146.259148482764,2,206.18802625698206,466.0582994414011,3,15181.690767903825,307.82714026422934,0,0,0,0,1,2,103543.58832340481,0
36756.90080412897,59138.60442162514,1,241.67919198635803,136.56631394515273,4,18776.074505160992,322.7803098357313,0,0,0,0,1,0,139044.94726464307,0
36406.60483273364,61805.53414784035,0,295.178610971974,510.6435190144514,4,18481.32219584274,470.7561070213421,0,0,0,0,1,0,143450.23371264874,1
27791.83623819298,45678.92490503337,1,366.2685980501917,484.34207498410257,1,19335.90120700119,321.3045352399393,0,0,0,0,1,1,106872.11789963016,1
38760.247284358935,66294.98655402285,1,274.8329167257838,182.30122602600127,3,21268.109624926168,294.49262093626066,0,0,0,0,1,1,153585.64208048253,2
27658.63966843722,47034.44812856469,1,207.72223860099155,119.41339236164328,3,18769.022086903457,105.9885477508733,0,0,0,0,1,0,109122.11950507478,1
38415.88110184856,59927.5629883578,1,604.5103401107971,272.48899656277007,1,17639.65835927952,208.94847001825764,0,0,0,0,1,1,141918.01498981557,1
31703.26591579039,54501.22337227482,1,334.60516351708714,89.90994602311838,1,18952.75287349097,242.23613550966968,0,0,0,0,1,0,126101.96336861578,1
37248.0915234555,63907.35633030644,1,284.592302405294,214.89951079305186,0,20462.74878540617,772.1284236549523,0,0,0,0,1,1,147938.29582324848,0
34118.10276298822,56111.31866631789,0,214.08737111079205,239.83118578113155,3,19649.751154219215,298.5198997750458,0,0,0,0,1,2,131271.4645836863,3
34998.331343427395,59293.503339316325,1,208.49716000680144,233.20326709564836,3,20615.24553224393,508.76333193051676,0,0,0,0,1,1,137692.5363710398,0
35858.053256647756,61348.08114623106,2,290.3057270466686,41.23271260835284,3,18298.795370527092,289.99187346216803,0,0,0,0,1,0,142114.79277524643,1
35643.091422947335,61136.62051114171,1,384.8532564435351,107.07526018892518,4,18055.327049128435,901.2989597437929,0,0,0,0,1,1,141534.42811583623,1
36770.39799239476,62421.213064856165,1,427.6915135496912,93.40331238149626,3,20160.956673135963,271.55338838800225,0,0,0,0,1,0,144881.6894024138,1
36428.75148614806,57763.25346920119,1,499.32978684137646,507.4718633474969,4,18548.7805960378,154.2912970051697,0,0,0,0,1,1,136291.2845333034,1
36300.93485248913,61846.29016209417,2,420.5687190191331,156.92337005552332,0,19093.52850985159,520.6093452261018,0,0,0,0,1,1,143420.01444370757,1
37180.08930633412,64149.88218600993,0,713.6061960566644,99.03407219266523,3,18275.643402422662,222.53496591865724,0,0,0,0,1,0,148290.9295113263,1
27087.83615404008,44543.38127970473,1,284.30868163761977,166.52633298521084,4,20122.98755069107,545.0812747235216,0,0,0,0,1,0,104199.39594600024,2
17224.299025691816,29023.2374804447,1,265.92897770658703,132.4059610848284,2,15210.300664153008,278.639405655543,0,0,0,0,1,1,67490.54823456047,0
36384.12597957442,62665.0951787604,0,422.29339901758647,111.42742454876722,1,20743.30896348745,267.53002984459573,0,0,0,0,1,1,144923.18782051982,0
30328.697793456977,50359.97189905721,2,309.99845826823577,372.2167076315624,7,19525.752013922902,301.4284089441239,0,0,0,0,1,0,117524.36860060295,1
35288.126298874995,60023.70538046378,2,228.84053444428724,86.15802790619784,2,18959.830502591074,336.41929880353786,0,0,0,0,1,1,139250.95606886793,4
36851.532655876545,62438.078580546455,3,722.425745720982,38.683769985465304,2,19266.375528512854,216.59150240789006,0,0,0,0,1,0,144991.56901613277,2
28855.600638369946,48970.85120550827,1,514.2843271835026,73.62239504568805,3,21755.251162396202,324.39640545422094,0,0,0,0,1,0,113671.76394728324,2
27864.820140207754,47207.31303979281,1,423.58170517655117,49.76904311045682,1,19226.375661706992,285.04300791177633,0,0,0,0,1,1,109627.22739514169,2
31487.434599254597,52154.97130425914,1,408.8934279337336,191.7962577710937,3,18446.706012318245,210.64241595527236,0,0,0,0,1,1,121787.42769773383,0
35873.29408652512,57685.35300428933,3,238.30458780583263,378.6714098916554,6,18176.07823924903,358.6707488971211,0,0,0,0,1,0,135653.69935129958,1
39208.37713678452,60708.822476636655,2,198.2566099418255,254.2317179347415,3,18730.014374596594,609.9606943806397,0,0,0,0,1,2,144056.57021199912,1
26715.88659924583,44964.31771313272,1,118.3039312520192,125.22044550424657,3,15281.242903091888,189.93500780139235,0,0,0,0,1,0,104587.32116458673,1
37069.86156469965,62896.911864332265,2,252.16873079047036,67.32475082946335,3,18809.437170825135,332.3508869908653,0,0,0,0,1,0,146004.48771876222,2
28890.106388568514,48758.930351026305,1,899.3368374885873,25.937364568527343,2,17558.274116977693,307.2047627064267,0,0,0,0,1,0,113333.16855699557,1
35681.10660326159,61408.03941346447,2,384.04050221881823,98.37242957900347,1,19212.562698735917,283.3356168043107,0,0,0,0,1,0,142042.92626679043,2
38907.73235888081,66146.3879590519,2,368.68657504536657,184.52437518468003,2,20970.916560182035,394.10308168970613,0,0,0,0,1,0,153470.82041001745,1
33740.889794097755,57542.55175864802,1,190.48664169303453,20.86809041436121,2,18604.731315951205,35.97859765584604,0,0,0,0,1,0,133404.50990795187,0
27179.769101555066,46141.14819080717,1,460.1261454298874,57.50449910771781,2,12965.148061517504,139.5515428425146,0,0,0,0,1,0,107094.03476730335,1
27169.274851198195,45252.36608728152,1,172.3342813804556,394.64140866728036,2,15231.857444286801,295.35200161471704,0,0,0,0,1,0,105526.23257873091,1
33006.573651716295,54474.148350531475,1,344.8153272986078,601.1401977705461,2,20726.054715311933,545.7311606687022,0,0,0,0,1,1,127313.02038630629,0
34965.05045548241,59142.4760841406,1,321.52188452181394,142.56682715400015,2,19009.17640045801,260.84761764704524,0,0,0,0,1,1,137394.46548143635,0
37784.0626280011,63366.046720213206,2,539.061972275831,231.42775463857978,2,17818.711077193708,332.08163495118134,0,0,0,0,1,0,147515.89684433397,0
39060.66508540134,66822.86104776316,0,378.7953141705848,104.59981583868121,5,19235.102810580094,93.34857133555161,0,0,0,0,1,0,154798.9391326761,1
35316.776509825795,59170.93163572393,2,347.95626743586104,583.5754277095899,1,19816.178564197136,594.9936749746607,0,0,0,0,1,0,137780.54882919902,1
36622.23347533231,61597.45782854053,2,172.52871989533176,336.6483598873679,5,20869.686487860046,358.4834891852335,0,0,0,0,1,0,143298.3923292767,2
33429.47086634909,55332.0635658661,1,381.3141023781676,569.001795265273,3,19437.39087273307,778.6862943176919,0,0,0,0,1,1,129232.7778918226,1
36366.566725743185,59694.38965864087,1,326.67747800284025,192.82908426301984,4,17925.45319629382,301.42303137029046,0,0,0,0,1,1,139700.37957786134,1
36654.304536329604,61343.944933921965,1,236.4897401112465,454.0730226560943,4,18548.066789122207,403.84373325471194,0,0,0,0,1,1,142882.78873804238,0
42749.184183040605,69626.86006449873,2,414.3617834055478,263.6168871009718,3,20126.525231778243,342.62853296905735,0,0,0,0,1,2,163258.46035914432,1
29095.76595792959,48796.39789707424,2,312.97320483477336,158.05761768597705,5,17582.736416457235,128.44798583675455,0,0,0,0,1,0,113597.36928989709,0
34577.78870030985,58795.297343381455,1,502.44940051753963,190.70037767794403,2,16455.332826160506,204.22212518595467,0,0,0,0,1,0,136407.59751110218,0
26211.10132495859,42008.87847326996,1,139.427757011256,401.4850753806585,2,15604.488777896353,467.3830348420531,0,0,0,0,1,1,98887.82772257052,1
36993.000352558134,57138.88312284912,1,789.2392805508996,209.7962969551267,3,19003.877777562353,358.13959554135295,0,0,0,0,1,0,135618.66140197733,1
29931.89974291659,50686.915462651355,1,620.521180281282,82.9394642362767,1,18638.51454785886,367.31660499405535,0,0,0,0,1,0,117717.57999150059,1
38748.14419225028,62004.02934797957,3,483.77657776320297,203.00424151792592,2,18326.815679208717,335.998733692385,0,0,0,0,1,1,145974.2977189831,0
26803.348320433928,43512.0298519988,1,661.6770395524691,135.69193961980682,1,21864.837075127634,236.05213824905167,0,0,0,0,1,1,102124.0924856473,4
15522.10573196156,26071.136495704857,0,278.85365687406056,159.1471217896853,4,8759.97553509135,496.3768276772465,0,0,0,0,1,0,60675.00260306737,1
24784.51395240213,42238.1178634873,1,767.3946938983654,92.82954963379652,2,14833.465677197859,357.23590721334244,0,0,0,0,1,0,97940.98989808367,0
13141.011299839702,21633.65643226377,1,376.35232291777766,38.18799030067629,1,9324.144036970794,301.7639853140079,0,0,0,0,1,1,50603.4199805677,0
22842.69554630298,38882.61015585826,1,395.6430087140161,181.975463252004,3,20558.584468445093,174.65145230928164,0,0,0,0,1,0,90187.03942441728,1
16656.59143652862,28146.619338051147,1,110.72248109360238,81.10120720406624,1,8726.952994092295,475.42658191252553,0,0,0,0,1,1,65406.91582057038,1
33703.78317760207,57514.17765131432,0,310.3495084675088,369.6143444469986,4,19813.111496420315,487.208125445669,0,0,0,0,1,0,133317.11876837118,0
12837.151739778887,21387.233832261787,0,279.98639924244424,47.946105322966844,1,9497.129064055487,223.18540206959,0,0,0,0,1,1,49877.8797635281,0
17032.87913186911,29045.534316288988,0,424.8456879241038,71.08698968820795,0,16442.907971862835,255.89142162332823,0,0,0,0,1,1,67341.1125572062,2
27086.1102369192,44919.18780156093,1,2.122149187168205,394.76089730405744,3,15106.547071410747,59.87382360221804,0,0,0,0,1,0,104864.24422824955,3
38971.350564013905,64940.123903916596,0,287.94575656986683,319.98669043929794,0,20507.227790286426,407.9022385061187,0,0,0,0,1,0,151419.57382553638,1
38585.34283404773,65507.06211365405,0,288.56286115287685,404.5663762986911,2,20581.841266421303,183.19521545916146,0,0,0,0,1,1,152040.7149072716,0
37930.080246270896,64932.83140319141,1,275.3624610121994,24.503701901347483,1,20045.076757597446,63.59000849321685,0,0,0,0,1,0,150395.6641772949,1
1263.9607429611353,1493.065425587913,2,257.3362325215952,215.16134235567455,0,11300.820818164915,304.8218972822016,0,0,0,0,1,1,3817.631389689601,1
28129.27498641023,48281.41822608745,0,372.8493152284352,79.11335807551325,2,15254.220140467674,240.24240503496176,0,0,0,0,1,0,111754.33126062022,0
33826.486639287265,58131.95643908597,1,655.2304359945301,311.97684842546323,5,18452.18084005014,87.44594926208407,0,0,0,0,1,0,134513.3725366422,0
27589.08188690116,47399.705856636574,1,229.01298685433468,248.71834064175485,0,15180.874410749067,415.7990454483682,0,0,0,0,1,1,109687.44117199037,1
35630.4613327442,60948.44297624074,0,350.7267318727554,81.63378054235365,1,19084.80916724555,435.06140072199446,0,0,0,0,1,1,141194.94808321467,0
28591.49304640262,49043.53911515597,1,380.1209594111641,96.77368310768645,1,14966.315997084395,387.44036066841227,0,0,0,0,1,0,113537.06099439166,1
30947.546777119413,52567.324318469335,1,537.6290552830272,188.8066253233339,2,19089.549562061755,259.54477223143067,0,0,0,0,1,1,121992.62812277171,0
25675.833832584874,43930.698007715524,0,227.70734018169716,39.25020643181176,4,19594.069661203823,141.55661502629314,0,0,0,0,1,0,101764.69474139586,0
39061.06439047455,66282.25339955387,0,232.86415921685318,505.746998006682,2,19797.661835920353,234.58173663503587,0,0,0,0,1,0,153858.69257371422,2
34920.824344399385,57966.33352983321,1,542.8385744988095,379.41385119269603,2,20402.213721920394,271.02108618322575,0,0,0,0,1,1,135286.51617444115,1
31191.749000019154,49922.78608125771,0,501.262022226707,570.0858413207676,0,14410.89121163513,389.53765771162375,0,0,0,0,1,1,117535.25692390712,0
35419.73299816722,60758.75959085225,2,276.26922135480174,9.261592703850207,5,19266.201022416168,246.0670806942774,0,0,0,0,1,0,140656.0247832031,1
32961.68685862424,56534.892627012,1,369.76024740838034,96.59270286862312,2,18719.35329450261,153.50662721174476,0,0,0,0,1,0,130882.57541702225,1
27669.643892943506,47138.03331072142,2,241.62857637984095,170.84855985970995,5,14647.27027392528,588.0927220289673,0,0,0,0,1,2,109314.31596753358,1
36512.141195789794,60892.08057678438,0,272.0243669599486,147.00668867397806,3,19019.395715963703,791.6179078091046,0,0,0,0,1,0,141949.97137697012,0
34968.462630190086,57351.893470783885,1,505.7402357548824,601.8491200964263,2,18502.365808883453,305.6719770212481,0,0,0,0,1,0,134241.54552090447,1
36670.99866900017,62731.42725976869,2,249.84660883601526,20.04450826322455,6,18823.45155950242,281.5021475188912,0,0,0,0,1,0,145323.22626771574,0
39123.156552522545,67427.95366290628,2,307.0044063555056,12.784301869762421,3,19887.386602254184,165.39443921563415,0,0,0,0,1,0,155911.72819469374,0
35297.57211149255,60571.37706715348,0,342.16493155279403,18.207860992231936,1,18872.20223439784,85.40973769342978,0,0,0,0,1,1,140209.94722666036,0
38215.26519457617,64334.756074226505,1,228.39017103221062,140.9719443847927,5,20132.630873819093,860.9496236936411,0,0,0,0,1,2,149639.87122456194,2
28350.17239270932,47533.89358850808,1,195.74709648822295,409.31756832551844,1,15239.097628100699,730.201936245513,0,0,0,0,1,0,110669.27092863165,2
36754.12096260804,61993.000253059894,1,274.3810028730624,477.84228029488673,4,18627.951772293658,658.574588965989,0,0,0,0,1,1,144118.1261994111,0
32446.985700055266,54907.13581588674,1,237.41651694752107,254.5533388533943,7,18700.20639376592,366.15240665210325,0,0,0,0,1,0,127541.25442089692,0
33427.59182475009,54547.6310651009,1,439.61194182951243,651.7642290981986,1,19618.891894058368,334.4561468045274,0,0,0,0,1,0,127823.31758432921,1
38823.45230299244,66384.97121143294,1,383.0319308761442,244.25343549438497,8,19025.42041129744,337.94606818110077,0,0,0,0,1,2,153804.7691015069,0
28941.642854018315,49236.559919821724,2,261.06099605739263,195.75564812235416,4,15085.152400584484,871.2670769401589,0,0,0,0,1,0,114218.57699600348,1
40732.73380753249,66922.19234753503,1,653.6712823863722,188.09675665005113,2,19617.125486287994,417.47057581265386,0,0,0,0,1,1,156575.91258310896,1
27326.84678666115,45599.20506879387,0,263.7998551527542,67.37343506951635,2,15378.355247932199,206.53478758458556,0,0,0,0,1,0,106286.82766933832,0
29672.566723509633,50280.07177821619,1,272.52600740534774,83.39863957325018,1,20071.195701001332,234.9890115826995,0,0,0,0,1,1,116757.18923554395,1
35088.57426484973,60093.5806186431,1,291.38558335533776,37.38033960161282,3,18915.757635983507,126.1167551651181,0,0,0,0,1,0,139172.01526293793,0
34994.216339195365,58685.887496240764,1,340.5755318290486,55.54127731038898,1,19753.122814918017,241.02804631949823,0,0,0,0,1,0,136619.23442432762,1
28928.210792205908,44294.98980284888,0,487.1697118862845,126.0162303939211,5,20134.40450121364,822.400832554325,0,0,0,0,1,0,105321.23300349749,0
35415.68902349801,60373.77881314944,1,431.631419671711,75.76946756960822,1,19437.240155916435,233.42288722787708,0,0,0,0,1,0,139983.55516256925,1
32993.80042278301,54537.717010945555,2,222.474487490886,19.683634088521618,4,18529.58544663997,369.93426784502617,0,0,0,0,1,1,127420.18521734182,0
35972.63255098017,59709.051236188716,0,274.7489606485224,440.4957704097557,2,19180.933064747016,424.69402927835637,0,0,0,0,1,0,139349.70118222525,0
28218.87850470925,47395.804577351424,3,489.64597524571315,247.31960943922437,6,14452.835086455778,299.5115360605113,0,0,0,0,1,0,110297.47303808882,0
28848.298241925124,48629.413960502476,1,669.3616576044309,58.639214924289845,0,14191.223705677114,170.7887714059757,0,0,0,0,1,0,113065.11133741663,1
33498.22689445893,57199.72723259415,0,684.347527252497,98.92416062560659,3,18266.002650080693,77.70501939417008,0,0,0,0,1,0,132569.4126325305,2
32880.736676655106,56663.134025968386,0,332.45001612734984,8.27215811979157,1,20175.323418377193,83.85212286136166,0,0,0,0,1,0,131023.96699092755,0
36809.2603298113,63559.170061501034,0,471.9748183205312,42.275530053486726,2,19384.62463434843,309.94678942561586,0,0,0,0,1,0,146896.92931466218,0
30232.901426241137,48077.698804778556,1,226.16232097442963,234.48558970735644,4,19736.488932384134,224.09228225544183,0,0,0,0,1,1,113373.50570321085,1
35308.77295763854,57747.95374519398,2,480.38253667010065,294.2320072045602,5,19272.42468119919,614.9042029152306,0,0,0,0,1,0,135248.73533962644,0
33440.454374312896,56695.88260248287,1,241.61782349214042,188.6758615432265,1,19212.215571025434,303.30209237961066,0,0,0,0,1,1,131637.81141894375,2
37650.61422123776,64638.398973865485,1,760.1570687446243,19.645075568313228,3,18643.817560741678,133.39444357110443,0,0,0,0,1,0,149606.82454645933,1
34046.451478803014,57646.628278602475,2,610.1745139697942,26.44873148511142,1,20423.151733370345,91.2494965514085,0,0,0,0,1,1,133886.94297198704,1
33628.29530202191,56606.19861469953,0,262.0551465738661,153.02358561017633,4,18960.6875251417,167.3973951632907,0,0,0,0,1,0,131658.54740297492,0
29256.63814900718,48798.929450694704,3,564.5167941481454,177.5111360907777,2,18215.24840898984,429.9363771788272,0,0,0,0,1,0,113755.15805190479,1
25975.991960772964,43961.15650399662,1,249.50592882907404,534.7501903629768,2,18962.380791803902,516.9986829668622,0,0,0,0,1,1,102115.25335764562,0
17602.595780554195,28830.18376447209,1,156.67038556109262,297.87979906168704,0,20071.65406637875,375.5797404031253,0,0,0,0,1,1,67517.5226646301,2
38074.105431831325,65492.6873785255,1,470.0579150142507,73.61348092851723,1,20501.697357797435,295.0987612868994,0,0,0,0,1,1,151510.72939301893,1
35569.58282216409,60534.12312038938,1,305.37065274138354,112.3631405513447,3,19431.872628142974,122.18413061113277,0,0,0,0,1,0,140412.70577988098,1
33898.5267846292,56116.71635424845,1,279.6410666169425,652.7389457687013,3,19085.234118102268,519.9170785678499,0,0,0,0,1,1,131066.70853062149,3
34297.273748693624,58311.413966700246,1,433.44393271812805,180.28710576386177,3,18600.204316530522,448.91919200229347,0,0,0,0,1,0,135291.95819352203,1
34329.790028237396,56885.08674427941,0,432.24183880400847,497.2852450913495,3,19248.243850968014,252.7703134875851,0,0,0,0,1,0,132822.37036432192,2
36305.85594838246,62626.37034194547,1,256.4372348009168,12.974569820496422,2,19285.78494670301,245.14319437384978,0,0,0,0,1,0,144777.89301217976,0
35086.49457926806,59486.433273825365,0,361.4671411332548,431.15130662054236,1,19572.49377391427,408.007262178923,0,0,0,0,1,0,138112.62074552092,1
30170.569503628707,49939.305501413124,0,122.09091103936433,429.0969541636149,1,14910.655009353222,38.14689144331285,0,0,0,0,1,0,116629.48882710194,1
37272.21619138316,62456.946371259226,0,335.03300680628,171.99454115967671,0,20709.373657979402,248.64558184106085,0,0,0,0,1,1,145434.70413734825,1
36381.083657893825,62312.699859699664,3,589.4744146964651,74.61926494140927,4,18555.847185659233,335.5923717766133,0,0,0,0,1,1,144308.9744025778,0
28598.369430023784,48608.50943508437,1,340.73703387135595,52.529563746197994,3,18869.197704351594,249.70142878806223,0,0,0,0,1,1,112789.36966383409,2
35527.919791482156,61060.96768309451,1,307.5335512119952,47.50891505266276,2,19107.098769646982,323.5615467290857,0,0,0,0,1,0,141288.43986188964,2
32528.022540084046,55503.35938472156,1,257.59261918889223,59.694498697913744,1,19319.189480360343,224.29284858829408,0,0,0,0,1,1,128660.76270760037,0
29027.66887868429,47234.046009849524,3,453.79322821359824,235.63483140260507,4,14432.45758808153,522.9691730462716,0,0,0,0,1,1,110778.09490853497,0
35593.860368631256,61329.27600125434,1,208.82956080637794,169.0650021089865,0,18668.57403606954,503.1948438610551,0,0,0,0,1,0,141819.2418864324,0
35861.3761831182,61054.95716819032,1,222.52499012949033,39.30275728096792,6,18495.564102377062,312.3316869795277,0,0,0,0,1,0,141608.0982681166,2
26647.792491016004,42532.35244184106,1,209.52501233904266,408.61728135587725,0,18723.52105023065,1000.105804964292,0,0,0,0,1,0,100198.12200910042,1
32998.99766151221,56713.31337238057,1,338.331605692468,27.966259071523492,7,19340.332291314942,263.81918766966743,0,0,0,0,1,0,131228.99045155622,0
27081.65228416435,43885.825462869994,3,594.0752222784064,72.39114563564634,0,18421.47386636925,124.09195137665085,0,0,0,0,1,1,103031.91231341369,1
32946.76795263227,56482.26495819065,0,595.3329756261704,100.35634427694687,4,18615.667846935194,316.9040005900043,0,0,0,0,1,0,130776.57796508294,2
36022.23997840971,61651.51111499154,0,283.92454766574065,63.85124699062642,4,19166.407911130336,165.50070726326663,0,0,0,0,1,1,142805.52907435436,2
24910.552163803743,42539.627429970045,1,314.21140981604,44.46297586747226,1,14702.993503958498,204.65423275030676,0,0,0,0,1,0,98590.29349513171,0
35752.42916387484,60407.492954230525,0,426.184359951529,47.68068664674146,0,20156.745409006675,235.16619773220197,0,0,0,0,1,1,140373.9099140098,2
32804.29135183108,55851.827921508266,1,358.96246394057925,16.081673855599966,6,18634.202926180176,280.0688284320982,0,0,0,0,1,0,129537.87276649801,1
33418.00608693887,57224.01091532527,2,314.15549102422847,199.07948379082092,3,18012.92852847716,246.59799861558395,0,0,0,0,1,1,132532.7044819925,1
17981.13043827387,26617.527328214965,1,150.21839966074972,184.7477020694015,3,9088.491799639038,190.01184855041407,0,0,0,0,1,2,63811.987605308175,0
36701.75077752969,62730.49897114366,0,467.4739485562599,43.71681343030107,2,17599.198313636814,73.88996974756061,0,0,0,0,1,1,145353.8524408071,3
16277.312820197587,27107.018438979216,1,331.5628548510203,473.29782323369585,3,9248.94882295849,631.6675800858249,0,0,0,0,1,0,63216.313627689684,0
36059.39355375059,61989.85344623227,1,191.97147846393904,87.98732769755124,2,20304.69887772674,797.4098401259967,0,0,0,0,1,0,143428.69421599063,1
31655.473164436255,53247.934350398165,2,320.72454022292675,520.9024375065833,2,19317.09029819401,558.8797263088805,0,0,0,0,1,1,123873.03087118352,1
31840.773513670338,54017.15514164417,2,314.0883878902769,266.35750066592163,5,20593.35257456683,379.0254845194006,0,0,0,0,1,0,125393.5057315843,0
31433.87362261382,53369.99287867151,0,182.34805746920105,147.1366147705281,1,20023.22477890282,268.150979987621,0,0,0,0,1,1,123869.88734233244,0
36630.368484214356,60382.055088152156,1,175.9691113340901,348.613341224891,1,18625.314458215937,30.920359820562535,0,0,0,0,1,1,141161.38604895343,0
25351.476347005424,42435.59903348482,1,64.2741807271759,263.51349589140244,3,9064.58034105527,289.37305303602113,0,0,0,0,1,0,98837.85994997132,0
32768.32559604493,55496.82823292052,0,396.1849768360603,299.6579723787347,3,21918.020583513957,332.13496820755387,0,0,0,0,1,1,128886.23938347783,0
33606.437462428075,57283.83884583043,1,340.64907535211654,135.27356540959852,3,18796.435258575555,73.37142959444947,0,0,0,0,1,1,132823.1797370848,0
26575.898623001933,45157.375639937345,2,601.0778758252392,167.38056281136045,1,15490.909761647268,276.9212669770041,0,0,0,0,1,0,104786.23345319543,0
32845.887601868795,56255.73325382545,1,369.4944869653401,178.76255366146836,5,20414.242943562036,356.22416638682057,0,0,0,0,1,0,130281.74744011776,0
30233.8172841874,51506.2222124418,1,420.8419633332438,35.40845604727761,2,17618.22984349322,215.50721546839333,0,0,0,0,1,0,119442.25954803838,1
34993.79965018302,58789.37658097626,1,239.39712832792742,212.85422463063668,1,19229.104369356326,145.672761957376,0,0,0,0,1,0,136800.7973108834,1
35721.71696673049,61547.50721333251,0,590.7008755790955,41.996664931992335,2,18772.64546249844,256.5209827692836,0,0,0,0,1,0,142325.12100179505,1
30091.17386121692,50190.672654819165,2,315.51121504011974,317.02714398623175,3,21202.26000963653,363.5300163516545,0,0,0,0,1,1,117002.86064860746,0
36320.014362344155,61110.410359729634,2,254.48093929760333,669.042540700704,3,18890.87732676841,453.732842359306,0,0,0,0,1,1,142153.63147128385,2
29260.464761045732,50241.96994511791,1,149.36075655178266,52.17293952277091,2,14991.290733516395,58.56849385719291,0,0,0,0,1,1,116281.64727437151,0
34957.123829558994,58716.96627606436,1,250.85059934036877,429.58345506312753,3,20995.33942128688,181.8018413367757,0,0,0,0,1,0,136640.099179834,1
36992.9555927766,61256.98043737672,1,347.8832499672788,382.91093063087044,2,14520.091298671898,76.49297268966222,0,0,0,0,1,2,143065.82283040258,1
29719.770495326884,49946.8521640854,3,232.6741273503273,517.8978325878036,2,15203.693058068024,625.5524383995622,0,0,0,0,1,1,116218.67467304014,0
28375.518078718436,48353.74001371877,2,522.8880922829479,78.25661897662326,2,19170.60426440806,258.86042593816495,0,0,0,0,1,1,112125.49583966716,0
33847.55066611083,57673.55384151894,1,279.975319196913,14.310155212988155,1,19993.732822417187,185.8346034874981,0,0,0,0,1,0,133737.0233027215,1
35177.92485663405,59751.443219516994,2,179.09865123360188,36.165562931143626,2,18711.702722648304,317.57196802784244,0,0,0,0,1,2,138668.5669328394,0
19732.363827002027,33419.17925787929,0,5.578270968700936,26.569036456334402,2,40.95927587078023,194.22579993401322,0,0,0,0,1,0,77611.61303277526,1
34330.81733276725,57051.118859713606,1,424.6802473217059,48.02801212882203,5,18176.544505201007,476.3430320004287,0,0,0,0,1,0,133109.77209639765,0
29323.851216459723,49933.38240620231,0,175.5428170029119,89.0902150867893,2,15716.188671608757,248.9888836556144,0,0,0,0,1,1,115808.39944368992,0
27119.49169024699,45190.50739293918,1,649.633347787176,134.97538812348665,1,19345.03988672893,809.7170568478812,0,0,0,0,1,0,105368.16543557057,0
32154.176096661737,47289.56449414689,1,94.30711484085404,294.3811296115495,1,14824.858166099108,346.8909914685738,0,0,0,0,1,0,113415.68207684233,2
36655.885740739795,62315.51348786568,1,259.6236955863411,282.6803887557571,4,22047.132294036564,382.7352243194517,0,0,0,0,1,1,144586.16896919394,0
23394.966778575024,39960.454733419654,2,341.45948147764955,179.62584935799666,3,14786.359396355203,522.9875326545484,0,0,0,0,1,0,92607.61982238022,1
37182.89945515633,64000.75630695235,1,279.8539474912918,14.412741528338636,5,20252.160338450845,103.00402145140613,0,0,0,0,1,0,148035.32643859496,3
36866.91560081276,63133.70219997934,1,462.75155817445784,138.53920462681867,3,19068.609938475525,195.01227947681983,0,0,0,0,1,0,146216.43803356902,0
27290.835614908694,45960.64330450458,0,160.63471989914024,219.19464414498128,3,15240.385355830822,388.46751513545723,0,0,0,0,1,0,106888.88536833353,3
30181.411663442523,46163.779571217005,2,648.3315362602876,230.2210290047041,1,19731.368170818503,511.32732005333764,0,0,0,0,1,1,109820.39170008224,0
35089.280105403894,59791.968349357354,1,364.2709700319731,18.656822936245682,2,19324.785816756434,277.77504973663315,0,0,0,0,1,0,138647.68305573438,0
29481.256800404935,50678.07059167985,1,351.48855002097616,29.054087180406192,1,20078.254390280283,197.17930760220108,0,0,0,0,1,0,117258.20919985359,1
28508.212650854155,48069.06004971968,0,323.75419204826983,389.74553878004235,1,20872.746329429305,78.16715603812673,0,0,0,0,1,1,111758.77741638177,0
27541.64572943881,44203.718735942915,2,186.56965731309458,161.1316901169535,5,14849.00713727656,634.3940629435917,0,0,0,0,1,2,104032.18523415853,1
12957.870412898128,21351.833293842177,1,73.80110941125298,93.85605793044869,3,94.69044736706508,559.2563796241366,0,0,0,0,1,0,49930.554122765614,2
30941.974021470833,53204.377519815775,1,338.2948226042157,62.29969489472673,2,19528.606660111884,535.5594606174129,0,0,0,0,1,1,123094.53987295929,1
32969.07758889504,56774.40682260599,1,397.99444233196573,338.2360700309614,7,19647.858687267337,501.8613340673006,0,0,0,0,1,0,131305.09660370645,0
31767.2470091835,54085.07684573959,1,465.0864971569003,22.562394770037272,4,19055.265673740752,263.28664475061817,0,0,0,0,1,0,125441.11960019093,0
32798.460178126785,56225.01492612244,1,601.0737197351868,36.10240405821672,1,17777.109669677404,392.3751381486029,0,0,0,0,1,1,130182.57987126047,0
27751.141178917514,47255.35397148483,1,587.7953162329007,379.18923676594585,7,13518.214337111112,274.95315811516576,0,0,0,0,1,1,109598.75633701248,1
34715.053139198855,58521.196673111364,1,163.6342402594898,282.04855835583976,4,18112.85543849564,463.0472586395165,0,0,0,0,1,0,136066.23060547432,2
26205.88694555715,44191.74782540839,2,185.85132433027874,328.5868405709922,7,15110.540815047807,373.674871065611,0,0,0,0,1,1,102743.443383617,1
31776.836389962962,47922.77412439415,1,189.30687169161797,308.2216800914438,0,19646.91426765017,1154.4392740478825,0,0,0,0,1,1,114331.7341867768,0
33205.440843631455,56870.96793548126,0,281.240529455321,83.63243172343962,4,18276.780117986455,222.83597306686192,0,0,0,0,1,0,131708.14629479015,1
38263.732508180154,62622.26604508261,0,182.77809532034314,839.7357440933375,1,19297.54396342926,297.87277858597923,0,0,0,0,1,1,146660.6400406311,1
33583.00321725994,57075.840077804045,2,262.1378782883145,307.67417894610753,2,21029.681340146908,347.42663879768816,0,0,0,0,1,0,132437.7036072344,2
677.1526226142255,563.5670018657572,2,94.67111042093146,25.19698941350552,2,290.60928591183364,484.54587538296994,0,0,0,0,1,0,614.419004024326,2
28013.954908232077,45691.94968745059,1,289.38465146839184,256.4800092904604,4,15428.068442564869,668.4120235139295,0,0,0,0,1,1,107100.49091881957,2
30041.54687340282,50632.024567764856,1,387.67113590529885,65.13074877053566,1,19714.727475717184,318.1241270985089,0,0,0,0,1,2,117732.56706318466,0
30884.23299384887,50093.27391976158,1,226.90150366884484,473.9089085567772,2,18801.28205474658,943.558632195713,0,0,0,0,1,1,117567.60926040966,0
26954.184806889698,46026.43613775154,0,272.3740838027612,115.91426177719995,0,15825.563011836084,412.1479199447905,0,0,0,0,1,0,106673.45192152838,1
35490.560630540735,56317.00098226043,3,433.5397888763281,175.8534851701258,1,20585.328907849354,301.01058821679055,0,0,0,0,1,1,132856.05769576755,0
28679.286111806916,48541.58088617548,1,568.6303967677006,62.7112167135914,1,18968.47189556225,100.31418188322087,0,0,0,0,1,1,112750.80151368125,0
32770.313858382,55938.95751275058,1,602.4429144927767,128.14436796084993,1,21300.55217152273,386.3876188924494,0,0,0,0,1,1,129658.2788137705,1
26881.403476498985,45480.158128717085,1,336.56712315577755,71.95702947418101,1,20137.978633888662,223.45081450226712,0,0,0,0,1,1,105651.79599461824,1
19333.406481236845,32796.56084506602,0,405.36234657557077,404.77383295841975,5,15852.038945803073,206.63118965506362,0,0,0,0,1,0,76137.0866995386,2
27000.530145075714,44003.391358939356,0,462.74486349484926,212.94941993008575,3,14915.995790932215,451.39322412900117,0,0,0,0,1,0,103146.0495501055,0
16956.373845742128,28399.237333332032,2,505.81217043927865,51.18949250971505,0,20777.35003399143,330.4541186320351,0,0,0,0,1,1,66140.43263857382,0
33552.54446600245,57453.33949899973,1,586.8942925165356,43.55807070292964,4,19030.744349844805,111.05846868349632,0,0,0,0,1,0,133062.917946416,1
33710.607504738575,57232.58175876327,2,260.02531277251387,236.8167818172119,4,19538.903621559453,588.3973433994022,0,0,0,0,1,0,132836.09555410195,2
29585.63796881096,47068.47731228587,1,330.6801149944806,564.1032474142705,1,21641.07493951417,264.08844427887414,0,0,0,0,1,1,110980.08311515104,1
20829.07196633497,34482.489953275464,1,428.6353370413153,168.82468513336343,4,19971.04228973535,474.22416783124424,0,0,0,0,1,0,80532.92458073571,1
24623.534066910597,41580.86788286551,1,292.9713659099958,125.96468050834488,0,19042.612612760102,332.01141573805563,0,0,0,0,1,1,96639.25169140134,1
26840.308620513548,45270.43946814934,1,373.1671870843393,17.93719699956314,2,16057.35580206905,484.13699200277654,0,0,0,0,1,0,105243.69495330926,1
34869.617115595865,59110.43436179407,1,515.9200995697944,34.15356234248029,2,18319.249083364455,50.43881241142716,0,0,0,0,1,0,137244.71317907394,3
23181.127228250778,38724.4954622992,0,504.5011685268309,42.00127409502613,2,16262.805272541671,178.35959139071852,0,0,0,0,1,0,90242.05536835147,1
24915.585061394093,42428.78662436855,1,447.56376275524906,288.59827395185266,2,20055.19107693025,241.80022002551294,0,0,0,0,1,1,98403.74772639884,1
29252.799626139364,50043.566449364334,0,721.4515251612752,158.37973450390277,4,21941.516506953558,104.97295576011449,0,0,0,0,1,0,115929.31042050724,1
26274.89746389571,44518.61198661713,1,432.8153899337334,176.7827622329664,3,22433.75714177307,402.8147258515481,0,0,0,0,1,0,103379.17256473526,1
31735.62000745274,54191.336558814975,0,465.4245207348516,116.97912487318922,4,19097.47031451487,348.3888720710295,0,0,0,0,1,1,125596.39661295844,0
27946.072660666807,47627.42351442077,1,781.0405413066447,8.581316398768934,2,19916.969145713058,292.9564015007142,0,0,0,0,1,1,110439.17903819888,4
27236.510274896216,46461.22523208104,1,372.78249948926407,298.06755158127396,0,20644.999701495755,431.8986897298045,0,0,0,0,1,0,107708.2699103454,1
30445.493640032637,51761.75165116188,1,99.63773611175611,224.80138869975315,3,12920.740991784729,449.9261496924333,0,0,0,0,1,0,120095.092781306,1
31463.03939213544,52816.935112916224,1,289.15662886965305,259.508875122415,4,21340.537218840404,62.3193630788212,0,0,0,0,1,1,122932.82976649114,2
29505.23515901458,48591.79643805709,2,205.46370125823725,299.88632504972344,0,20766.228583765278,495.53258243855794,0,0,0,0,1,1,113625.0051630917,0
23427.11235828058,40000.308066989644,1,344.46501821012134,155.225915607952,0,15978.691162527424,229.81961913552738,0,0,0,0,1,1,92709.40711612106,1
26707.31317534148,43909.86856726826,0,605.5321384011157,397.1100309905136,2,20563.6916640842,179.22495989578096,0,0,0,0,1,1,102723.97441971693,1
32891.59521458969,56089.99958229063,1,400.2807816289611,511.8472535630423,0,22316.257557699035,994.695419296376,0,0,0,0,1,1,130040.16536222424,0
30051.31871797575,49748.09007584422,0,630.9010286201329,500.6611231213263,3,20788.14588152508,312.88613518251697,0,0,0,0,1,0,116186.57701537556,2
34764.40212176363,57539.011927579595,1,330.1674332720031,512.5678656336843,3,22248.20331030504,337.0892966681861,0,0,0,0,1,0,134376.08300766538,0
27949.2038446612,46880.07678246605,1,377.9662988104735,228.74773164809872,2,21940.504807681067,439.00753788516926,0,0,0,0,1,2,109141.63084135015,2
27867.06083366283,47754.22135755191,1,355.9010528925693,92.68643256321835,2,16525.309770606138,240.52782398974074,0,0,0,0,1,0,110579.47683552101,1
23922.779194886567,39499.212294388664,1,326.6274171039669,173.595659404826,4,16422.990479791988,136.16230822211557,0,0,0,0,1,0,92309.31532408623,1
30214.74568960127,49020.238900870565,1,377.3395781283689,594.371470926833,1,19890.750790401296,747.3731463867192,0,0,0,0,1,2,115052.95683504734,0
37189.88118237159,63189.469632120665,1,227.94279825206223,482.64848403318365,5,19619.788414703362,369.08710163413946,0,0,0,0,1,0,146629.78882076303,0
27690.895886417864,47268.89080796417,3,409.61844907456884,146.8167955324914,1,22510.99635606356,546.2034648725079,0,0,0,0,1,1,109562.5059676022,1
15837.897015156641,26246.616718807647,2,354.3818295775778,167.47828002041138,5,9599.872843759184,282.1185823776448,0,0,0,0,1,0,61286.13380721551,1
16700.93411040961,27785.102256040453,1,393.47996046396617,212.52601146779676,3,17967.697793215186,344.807818634498,0,0,0,0,1,0,64816.91059943337,1
32759.343259655856,55136.31417655427,0,264.47162336152195,179.85585523531464,2,18884.16445418666,219.96116776808594,0,0,0,0,1,0,128242.71905193859,0
24356.57157387062,41459.38122449695,1,354.1025688630067,121.1764421140864,5,16607.744001558,152.154311678496,0,0,0,0,1,1,96164.95794589535,1
32652.41579239501,51798.2539445844,1,438.5245372973184,500.42703977172016,3,19552.421517023817,213.23998982032015,0,0,0,0,1,0,122199.09372675678,0
31371.792553499614,52772.16492473689,2,307.23809821934594,126.29838081686039,0,19717.574167117968,455.6269555141405,0,0,0,0,1,1,122769.392305755,3
29503.726880480444,50356.46681957374,0,303.0545185381354,478.9122220657758,3,19859.459896713408,458.64218830995867,0,0,0,0,1,0,116722.08894407976,1
38018.66254782401,64111.81874368662,0,579.0237785686226,254.03426817955813,2,20472.344628782434,295.0650093819622,0,0,0,0,1,0,149051.86983092566,2
27986.729317817513,46089.231727054204,1,319.1678963364837,426.0890849085314,1,16540.945307587062,248.5420112255988,0,0,0,0,1,0,107778.96731335059,2
19867.593221203035,33947.69569546401,1,365.9389779079684,217.31888447305633,0,21715.32309619028,387.87398871831874,0,0,0,0,1,1,78666.54876798959,1
32350.03994261557,54204.9795131691,1,787.7343690766223,264.0119500611406,5,21587.919312084014,390.8001940444267,0,0,0,0,1,3,126228.40180019042,0
35238.87493174324,59465.081118054186,1,303.20736575080355,437.07526587907375,3,18825.015238404572,408.49172839563244,0,0,0,0,1,1,138228.10199520818,1
33960.70531740778,58315.6695810762,0,348.8207085802346,51.07196765019133,2,20924.80646175049,209.67779508812472,0,0,0,0,1,0,134966.22971684163,1
32370.34756464647,52094.43414624436,3,211.09635703181038,686.2386587303898,5,19403.961368071337,250.5459043083706,0,0,0,0,1,1,122498.32002530243,1
32556.587740555195,55315.34501967793,1,486.6844807795959,57.80464332834656,1,20806.664509050283,862.0695826766919,0,0,0,0,1,1,128362.8488056092,0
28216.703482438807,46742.28054581102,0,486.1904483395497,58.663072179319514,3,19458.350886350803,318.2137772253579,0,0,0,0,1,1,109146.07715317578,0
27422.068079791876,46482.03113784635,1,124.73501403000682,37.75080081234918,0,18682.143407830285,133.6151529812633,0,0,0,0,1,1,107927.39730674757,1
26449.065281332518,44548.17149564045,1,414.51227826187,65.53569779764521,5,15797.766966833666,313.5753854027508,0,0,0,0,1,1,103604.26855955007,1
30318.541900206175,51101.16126773803,1,456.54388055869214,117.33076375915815,4,18962.552777815563,136.68030841809926,0,0,0,0,1,0,118821.23750728673,3
29589.536249229852,48101.198303940524,1,418.0340287850124,555.464075048476,6,22807.05835214893,290.90294513117607,0,0,0,0,1,0,112831.96374085132,1
25515.67202867515,43423.78164665935,2,586.1034606617474,162.13171793944264,1,15898.277608304074,437.1129076126362,0,0,0,0,1,1,100726.42622806305,1
24356.6978481514,41103.300198655255,2,404.5536774187849,86.21868427866248,2,23128.727539958152,407.6338651452273,0,0,0,0,1,0,95543.61080346492,2
36907.299828914176,63268.77353511631,1,443.7959282927526,259.6136853196512,1,18661.036607198348,217.29183880574337,0,0,0,0,1,0,146491.1442371931,0
29342.842416036423,45883.48403917061,1,464.92105286629715,630.1573544102941,3,15561.64510185674,295.68438869126317,0,0,0,0,1,0,108593.07971632152,1
32274.975639571356,55508.75051181702,0,333.19165211458846,149.40409669536058,2,19818.573474292214,113.55260408648674,0,0,0,0,1,0,128418.9382873145,1
33338.25690268303,57105.41544195525,2,464.0027502782284,5.378387333675471,3,20064.690340412955,367.75682726839597,0,0,0,0,1,0,132246.73768721888,1
31801.869778928183,53972.73806616731,0,320.6421315562606,114.22097130447062,2,19964.625594071396,1272.4412788322527,0,0,0,0,1,1,125281.4901435224,1
25713.616839689512,43481.454944591955,1,697.9521254248893,52.26960766229735,1,20390.64426949014,166.91686002707155,0,0,0,0,1,0,101019.00525528762,1
29575.666237295944,47450.40052178548,1,423.9151910976144,331.34014458025126,2,20141.946306219535,180.24225239158682,0,0,0,0,1,2,111680.15576324903,1
32819.950817205514,54146.84887976481,3,362.18269286055516,135.09208725325843,5,20359.46793220742,448.2823630704829,0,0,0,0,1,1,126569.49480232826,1
29327.521398572226,49387.584234308626,0,335.4752452733539,548.5302828952894,6,19488.080827917736,836.2627126608725,0,0,0,0,1,1,114860.75680629708,0
31469.53828828907,53505.367367383165,1,460.398679569486,32.87034309870215,7,20369.42930171389,430.10743147781557,0,0,0,0,1,0,124139.06671493815,0
33187.2859403133,55988.78056455567,1,527.865471467436,90.77981345709364,3,20333.031823201643,259.7467932579803,0,0,0,0,1,0,130151.1693821087,2
30327.215450371783,51599.40618278194,1,378.5552579302141,87.41660688132552,2,19617.34404642849,361.5246457289532,0,0,0,0,1,1,119698.37680077043,0
29706.60069454162,50060.69515696727,2,446.7709911818964,222.667845734679,3,21471.81198448334,179.73587780083054,0,0,0,0,1,1,116407.02882963211,0
33909.68508643835,57041.40251738755,3,169.54839543201342,18.716853552881496,7,19633.83958862282,456.69386956176174,0,0,0,0,1,1,132697.46594074153,2
22615.830653383862,37515.90302290793,2,183.61156293176208,180.12230188846746,3,19797.93645427312,504.69932048502966,0,0,0,0,1,0,87570.89108770984,0
34348.678592081116,58422.94082615555,1,569.4533265406687,41.99109465612066,2,19272.850552108095,329.6904415516406,0,0,0,0,1,1,135537.85204505845,0
15959.566237994368,26884.488236221892,0,413.64624953507814,140.53075613448277,4,18603.197066703287,129.14809007688754,0,0,0,0,1,1,62522.84025923683,1
22560.094914697613,38002.41049629146,1,302.5269164197093,287.8395457184868,6,18989.789601343207,352.9555466095827,0,0,0,0,1,0,88375.60179992358,1
28894.68351815291,49241.53511396706,1,194.73048048784517,402.3111580417743,5,15933.073158069918,544.0094530184915,0,0,0,0,1,1,114181.97009099222,0
34716.06763979159,58732.34834381939,1,343.83955018907295,241.34875559762372,2,20394.230589641837,907.3831279155594,0,0,0,0,1,1,136436.78750258588,1
25500.214420693723,42495.283963799506,1,491.806574240768,110.51295151761465,5,19295.956766885967,212.61657759214057,0,0,0,0,1,0,99087.56642470164,2
24706.9637545273,41653.099689501316,2,300.012999810593,329.423740683216,2,19422.224742974307,427.83835453990713,0,0,0,0,1,1,96846.1869899661,0
23733.041229578514,38655.65260405349,1,455.546663219796,107.80638670962186,2,15871.660278702164,392.6718228124226,0,0,0,0,1,0,90634.36678098366,1
32562.959333026458,55571.10882658979,2,317.57424859451197,158.33512966162868,3,19114.10058084321,183.87566890791206,0,0,0,0,1,0,128813.44162279941,2
27517.583747164626,43893.48379221793,1,401.11356895837116,335.88477315107275,4,14334.015171636594,698.3824153968052,0,0,0,0,1,1,103437.64687987024,0
27246.799880045925,43755.691647493935,1,205.97373148711327,350.8674102002901,1,19861.704067209233,217.47825318378665,0,0,0,0,1,0,102936.79163878632,1
23893.62239812003,39108.61205974066,0,663.8099451409182,321.17068536449534,5,15777.587627455823,456.9127254728641,0,0,0,0,1,1,91596.49767793126,1
30563.287010603693,49721.96684591532,2,286.1978530653005,536.8618654998679,2,18777.21648841814,739.4049533319355,0,0,0,0,1,2,116624.85381842336,0
34810.26947987325,55639.5177879583,1,725.9224719933788,121.00074809251642,4,19262.154333617334,690.8678321681119,0,0,0,0,1,0,131024.24712590329,1
2643.5690649164303,3226.995128490842,0,157.30781578394425,136.32863469854118,2,10821.835440030882,117.41727996642737,0,0,0,0,1,0,8082.394614472588,1
32893.19373144328,55514.47904732443,1,203.1094018765316,204.63767758563873,1,17883.00537805335,534.6132199356271,0,0,0,0,1,0,129035.82892357677,2
33630.56981087214,56527.518568189254,0,537.7529080051111,572.7235894829702,3,21410.03983438708,270.80182807707564,0,0,0,0,1,0,131524.88882383844,2
33096.4209876467,56338.64619994904,2,447.8301869317208,396.5733821569026,1,19322.416397525936,473.2817362714889,0,0,0,0,1,0,130674.857541975,2
26738.25900582743,44642.28218176901,1,124.31395672638833,139.07139602664074,3,15301.2239530922,818.4776986654342,0,0,0,0,1,0,104041.91911451812,1
36982.64466175629,60256.93700721056,2,386.5580694724946,458.6960857075611,1,21237.668033103684,885.3799561850764,0,0,0,0,1,2,141289.69861646893,2
28169.604846386195,46562.353032445535,1,455.6736568229876,627.7507033733108,1,20478.305376000862,532.1523807183727,0,0,0,0,1,1,108792.95523809892,2
30318.18971003201,51901.385515212336,1,688.2928967007325,138.58872437807372,3,21254.109269144043,651.2548905548379,0,0,0,0,1,0,120213.20100873419,0
35988.13202729081,61692.45049697799,1,665.8660334417026,144.29284797109725,1,19141.268055259112,274.7904565752864,0,0,0,0,1,2,142842.19982502717,3
20325.79851125102,33575.153319178105,0,510.08635994148995,395.4029685406699,3,21004.528906560332,135.8906781414999,0,0,0,0,1,0,78457.25817074653,1
34956.30757378136,56787.32194853424,2,743.0202507242495,121.36124034882762,0,20404.28771964933,66.2420356503681,0,0,0,0,1,1,133234.65355061926,1
26358.50495761571,44343.292460990946,1,397.43892025018744,28.092420858407657,3,17973.62779128991,348.1077260402465,0,0,0,0,1,0,103155.23750896117,2
27440.191776195054,43540.93316635916,1,294.93430294804614,622.7663487670219,1,16154.855723999819,67.33219764252792,0,0,0,0,1,2,102749.56366901236,3
33027.29341859621,55952.03455931875,1,531.8219919714466,232.5503129765189,4,21585.401953448712,394.61147090292536,0,0,0,0,1,1,129934.03435555799,0
36306.51221744717,61528.72811598043,3,140.45709981975065,95.79337737381982,5,19413.57401923541,433.6011053887342,0,0,0,0,1,0,142869.00826732622,2
31608.59486262166,52872.00315504143,1,640.730578177375,433.96000792604667,0,21876.48323343834,517.7000371204554,0,0,0,0,1,1,123168.87608816355,1
32170.355112593006,54177.353037070076,2,403.85545214813385,26.023219826969086,3,20213.356362061917,295.9846140032428,0,0,0,0,1,0,125994.24720364959,1
26540.237320506625,43721.8944189148,1,646.584763146523,101.23122044087822,2,18314.059801351883,372.89710926841406,0,0,0,0,1,0,102233.68491005315,2
26964.869428799182,46129.90922550074,2,591.2508763384983,177.90191079085787,4,19224.563912425074,263.45693814834647,0,0,0,0,1,0,106863.34873806867,2
34853.978412697055,59036.48760877849,1,641.6922597172006,79.90093532826346,1,21696.96653566093,164.9054550753832,0,0,0,0,1,0,137100.59151992982,1
26067.82625487908,43382.295518617466,1,331.4884751235144,273.9416483032133,5,21956.900833887903,463.2338637092006,0,0,0,0,1,0,101187.52725918464,1
20131.224522526798,28947.026908522323,1,202.37841469012395,166.13791994553495,1,7909.1294796131815,243.01717058701638,0,0,0,0,1,1,69794.65777715348,1
33873.72849073672,57597.9927300075,2,272.48950214568833,113.45241446214119,4,20008.426301943637,651.041253360445,0,0,0,0,1,0,133632.5942427945,1
36291.73094628839,60649.23860054463,1,172.64970985828225,159.91497288209894,2,18920.641149877683,250.6585253669949,0,0,0,0,1,0,141312.56319035823,2
37344.20838874937,61275.52506850861,1,414.40950328558347,610.4736989693662,1,20786.39244791803,662.212849189074,0,0,0,0,1,1,143419.35167705867,1
37830.94985615535,64940.88716870743,1,283.7064749370291,22.67048107535266,4,19408.038849567576,172.2586266582082,0,0,0,0,1,1,150311.49059965412,0
20764.035122120185,33606.880165563074,1,394.5196960968897,373.7569803145726,3,21636.828855075793,438.86934143544,0,0,0,0,1,0,78922.33184550237,2
33175.065592290935,56006.019137011375,2,756.3291164665887,269.6832607727215,0,20194.654828162085,960.0508302945514,0,0,0,0,1,1,130174.41440119546,3
33215.80989435618,53470.07360436866,1,394.1332420659035,443.4319995657975,3,21671.925745067543,347.76665752077463,0,0,0,0,1,0,125716.54572630297,3
33936.78732061858,56374.524313528724,1,362.1444790741722,481.4667608799506,3,20019.98408672177,719.3158740301416,0,0,0,0,1,0,131543.4008749087,0
36776.38411277956,62614.29378385606,1,480.5538139464256,30.87214362868151,3,19312.185654783414,318.12778288629994,0,0,0,0,1,1,145224.64709214307,1
26990.90838960378,46371.15265504223,2,399.1591021293976,23.249169652635285,2,21366.259108251998,194.89745337267462,0,0,0,0,1,1,107307.77257938083,2
28841.95200906871,48281.760130588984,1,568.7521497455575,165.36199015927298,2,16049.321131827668,433.3746207997887,0,0,0,0,1,1,112454.11270210761,1
16804.518653802974,24702.036733054923,2,8.477960529433604,590.9329888924422,2,9402.405729684842,242.53124885011366,0,0,0,0,1,3,59398.89215610058,3
29586.901901285404,47060.14088855197,2,138.04621985875826,805.3871120485874,4,15224.840426832452,306.3651124550273,0,0,0,0,1,1,110965.5435564929,2
38040.717845070336,57146.16012057606,2,258.4121248467161,167.6068082049978,4,19227.95537532768,367.21639873127356,0,0,0,0,1,1,136461.44294835813,1
33124.98239943111,53999.985484521996,2,180.45789042665282,491.435144106457,4,19302.196295749338,319.74067571635226,0,0,0,0,1,1,126585.48555367987,1
37298.50276704009,64018.439725577264,1,346.594598027949,53.73043474104233,1,20380.60561325484,257.56708918018734,0,0,0,0,1,0,148181.5729859727,2
29184.48989676288,49251.31750137806,1,286.72137325308944,221.83855460137357,3,19669.290363681175,156.30931169946095,0,0,0,0,1,1,114486.10953177369,4
31278.476929677672,47635.973688667684,1,426.9154914699144,579.1115844841696,3,20306.05996082966,23.054173893133786,0,0,0,0,1,1,113426.96553248935,2
26553.431078238857,43976.91100297251,1,258.1335389711372,114.37088015179268,5,15565.084591415078,240.9493577546757,0,0,0,0,1,0,102698.16627855739,2
25282.385143343912,41586.92167101026,2,111.85620448433056,165.31824108395253,0,16416.7860600219,375.7676812078161,0,0,0,0,1,1,97283.83069680071,1
36284.41876843385,61556.25699250749,2,498.78071385101424,270.2222003570922,3,20327.999129629017,944.6652710265099,0,0,0,0,1,0,142895.73103435463,0
30158.846652098946,51497.72451479462,2,420.028760408784,129.3942625261372,3,19725.561427504043,232.9976845716197,0,0,0,0,1,1,119354.8682653918,1
35346.3156253784,60195.79822298681,0,1153.1857792790288,149.4165194101172,3,19174.226338989552,150.56929086970382,0,0,0,0,1,0,139605.0993977382,1
28986.15835983324,49481.083970531625,1,497.4465486180095,100.8547588584194,1,19089.31453450887,277.9427179969765,0,0,0,0,1,1,114688.908834864,0
40066.666301941914,62186.907377157775,2,257.3602688891359,284.5666687370548,3,19566.264912953855,290.00539875979734,0,0,0,0,1,1,147433.8619832939,1
27378.933517791,46646.66403748413,2,335.5994105664954,58.68659438204919,3,21198.666460106164,204.80807081374095,0,0,0,0,1,0,108170.5586868175,0
36287.50804902775,61664.534178871094,2,349.81026888579737,52.10870284526898,2,19402.67512248183,123.77285135403181,0,0,0,0,1,0,143087.2242990649,2
35226.63237873602,60358.872705798574,0,377.37723612704303,93.12101370226023,1,21176.21998230533,327.5757465275061,0,0,0,0,1,0,139769.4974607325,0
25554.530442796535,43730.74992304437,1,440.88378879634365,206.8116227462192,1,21355.55798431731,728.1028819227762,0,0,0,0,1,1,101298.08011450422,1
29737.189799178148,49256.858977412136,1,479.7680280438225,607.5452447677682,2,20563.61458588061,393.1260584758203,0,0,0,0,1,0,115019.13392806322,0
33460.24493789352,55553.44576257442,1,391.26386699821563,520.0883949731708,0,20937.117821954915,434.22754286954034,0,0,0,0,1,0,129645.92554859197,1
13171.508265075923,22518.126323103003,1,359.38281645888753,148.86479891035944,2,9686.399118645806,340.11362494084057,0,0,0,0,1,0,52173.890225954936,1
16152.361642596728,27289.81699956267,2,296.39595949994646,113.38707088929256,2,9707.963659275092,412.97357317945466,0,0,0,0,1,0,63415.70549653167,0
18584.772535631542,31594.504070161034,0,421.76412092964415,106.81746858011576,1,15286.725072760673,93.67352380798687,0,0,0,0,1,0,73306.06294703903,0
29333.094680117385,49617.34640893601,0,712.627837925764,120.3671646038049,2,21572.12415557598,698.5774524437124,0,0,0,0,1,1,115269.60635707917,2
26306.268931353836,43993.29301633285,0,413.5740531456315,125.46789092740565,3,20616.960360378627,253.29387241248276,0,0,0,0,1,0,102486.3637451072,1
34444.30102551047,54667.011871086484,2,566.4129643978532,565.0443749592459,2,19154.70104607862,315.820544789972,0,0,0,0,1,1,128970.65338211086,1
25607.453786469243,43059.62683224576,1,342.12123706808643,512.7510848063148,3,15742.190315075986,240.33690350776908,0,0,0,0,1,1,100179.4705951755,0
27756.220282794657,46042.06738987559,1,442.1963445194169,251.93119144655543,2,15708.024005798465,776.2804240855046,0,0,0,0,1,1,107482.44761770983,1
18304.021482392855,25444.58211560948,2,323.7579464003802,138.6617722417219,4,16939.859133196805,242.5203930860093,0,0,0,0,1,3,61822.18498199961,0
27819.911632625648,47230.626543493825,1,104.22061983516534,167.10266946215523,3,14748.388032681249,212.33504639536687,0,0,0,0,1,1,109624.16567295254,2
30368.458141148527,46543.03294654471,1,532.5388130636,153.65159134257678,1,17039.927195955795,384.4217155704635,0,0,0,0,1,1,110685.0233717614,0
31595.22958695306,51570.65132671842,1,278.11269539461375,145.0162302274427,2,20588.07162871528,113.15043265352182,0,0,0,0,1,0,120855.80246491976,2
22904.50645463095,38495.88287488034,1,334.32235853891405,575.7674249131608,3,16706.760899386278,353.5671735461156,0,0,0,0,1,0,89572.93870805734,0
32395.805582471243,55068.21774572209,0,516.4297290448002,256.5890755291917,1,19339.05647084793,394.1939089296398,0,0,0,0,1,0,127772.26029707328,1
27138.762385417114,46232.27651893399,1,336.9810517061086,118.07898142085607,5,16038.720387444097,316.4953357657106,0,0,0,0,1,1,107215.21952054762,3
33672.714520228474,54207.742675859394,1,528.2884399280919,271.1790491433236,1,21108.75518485053,183.9089097216349,0,0,0,0,1,2,127460.47228709797,0
34028.87948696544,57835.55323217656,1,504.1292317069447,26.95969471822729,3,21312.130168922427,218.9404019212588,0,0,0,0,1,1,134200.87457342306,2
35966.90762157879,57412.36128881635,1,482.1540510048226,367.70813097132077,2,22011.25967225481,314.976145888907,0,0,0,0,1,1,135256.97838852054,0
27192.488392301155,45432.664058056514,1,605.4743663532602,104.70914601605259,2,21106.344706859752,217.3314199922482,0,0,0,0,1,0,105863.55590986295,0
33806.08579260538,57783.198838938864,1,344.52740831465934,342.8258216499937,1,20498.780805247225,251.5127634718406,0,0,0,0,1,0,133887.7162160722,0
16709.77151820257,27725.381087689733,1,587.7625894263613,53.260388938629355,1,17011.856958936278,307.53281246055826,0,0,0,0,1,1,64723.84235114723,0
16794.798528146748,26968.31093372594,0,702.2598213212673,299.9600077645158,2,9883.410069691452,88.32358076103671,0,0,0,0,1,1,63457.11489977186,1
23520.539409371522,38365.20607992544,2,415.26621171639596,424.50510707112835,8,15368.941821395609,326.3572772622568,0,0,0,0,1,1,89923.82129971968,0
29572.697946001488,50151.464393775415,0,445.9841559437863,140.7622759463872,1,12878.125905374414,963.5949951155395,0,0,0,0,1,0,116431.84889392863,1
35530.74960334291,58986.12813830318,1,271.9383688669016,225.3678370015748,2,19643.14200025433,440.44864391010503,0,0,0,0,1,1,137666.99005599378,1
34729.24972551393,58461.93255083018,1,123.1967673751953,368.0373042178331,1,19538.486717334898,396.30855760092675,0,0,0,0,1,1,135976.1342265379,1
34479.942032634775,56022.02460057723,1,390.35342215319673,755.9021592364809,5,18613.347088258965,555.2965207521378,0,0,0,0,1,1,131435.30131746133,1
18261.650466645304,30767.287422980393,2,355.1967180172883,119.16518068278073,4,15879.450037030472,1162.6557496370688,0,0,0,0,1,1,71548.61803398181,0
16219.398869176968,26722.793640730382,2,374.8992558137088,191.54793405454248,2,9385.557788681786,470.2759948665577,0,0,0,0,1,1,62488.928865657144,1
35157.75054004824,59948.451402149694,2,577.092941305401,115.55544867490295,2,19847.483159928073,441.22825636271773,0,0,0,0,1,0,138989.10320762752,1
26810.167728266188,45289.88517183973,3,537.6721100624671,46.008627831295485,5,15245.940901046182,312.86253292103686,0,0,0,0,1,1,105248.17724700322,0
9762.402482246825,15997.379891321802,1,952.4161294820996,117.57202396526081,3,21540.624421681947,360.13706697076475,0,0,0,0,1,0,37455.94262569717,0
26185.21362471451,43674.68166293144,1,356.3760590639165,102.61856481633289,3,19963.241881959137,148.08770447454384,0,0,0,0,1,0,101809.53648938831,0
35778.887536810784,57887.39937838362,2,465.46696126084754,691.4354797482536,2,21068.076631606324,462.8764404080548,0,0,0,0,1,1,135942.91456858531,1
17546.527443514366,29079.097952933746,2,554.4357315009643,82.30244405148,5,16747.357954761057,360.8769841733027,0,0,0,0,1,0,67898.70079267617,1
25686.5852174895,42498.819272540844,2,539.9822517395206,128.65364471155883,4,21484.771371718707,449.7728308344026,0,0,0,0,1,0,99260.14062229676,0
23656.36056601033,40427.82002511978,1,432.3355968599496,174.55697169280813,2,19779.225845860572,360.97586425580795,0,0,0,0,1,1,93679.02503600829,1
31990.33612409211,53662.76470949656,1,644.7624323472618,135.1173703915782,2,21108.168512992714,453.0134643561992,0,0,0,0,1,0,124926.21713892325,4
25944.25732006408,44588.91714771395,1,569.1661692656975,93.60322799799,1,20752.61952806354,278.094391218099,0,0,0,0,1,0,103174.47183338852,1
33568.432981540434,54019.78379223821,1,674.222858801963,465.6064210691932,1,22810.082442120445,542.07825087759,0,0,0,0,1,2,127046.22382520372,2
20170.51074017562,33172.335845765534,1,588.3156354889973,45.803612279723275,4,20830.188905896248,186.69524560724497,0,0,0,0,1,0,77597.92406742364,1
33038.55021179264,56447.875783420335,2,412.71853449396104,165.28269855795082,1,19545.65363726708,335.9732518980811,0,0,0,0,1,0,130807.02593639898,0
11597.276866256441,18909.11606393823,3,547.184116622492,45.3598150155006,6,9837.610790086364,382.0176714496571,0,0,0,0,1,0,44333.194104027214,1
33471.69187185428,56326.401713889645,1,320.1823479014713,196.64712494863574,4,20753.57865878872,514.7892558164383,0,0,0,0,1,0,131016.24649011405,0
30726.413702231042,52503.25200481585,2,417.7873504293384,274.5033880294051,1,18829.503594444916,496.58034991333386,0,0,0,0,1,0,121663.32533955581,1
26303.13641156176,43347.65906383176,1,282.93176299067693,633.6705291241124,3,15719.191180913984,332.5002195411559,0,0,0,0,1,0,101347.89419755425,0
171.6097165698294,155.80116525877403,0,48.64046809768236,4.4947178009920705,0,18.960224514123386,2.8526016976154467,0,0,0,0,1,0,413.9848698587871,1
153.81689200140138,99.37036512633424,0,51.53262338275009,50.34540341872215,0,14.942000495655996,15.649458737386407,0,0,0,0,1,0,258.467187464278,1
472.1802492993595,550.6743444614585,0,26.035901254255382,235.71520018883473,0,22.360560302377383,91.10312843423925,0,0,0,0,1,1,131.4820994201653,0
138.5198011096972,103.22480957210858,0,15.839023605055495,103.0546033961021,0,38.36504965452391,50.411435476781165,0,0,0,0,1,0,114.46693380541672,0
153.3624043254499,146.00053879932628,0,73.56164515244222,48.707390481815985,0,33.67351889641856,9.724327394965322,0,0,0,0,1,0,182.39103134854759,0
210.41584666814055,42.79433034623935,0,103.01455349356951,198.67628878007613,0,167.61191738040839,23.700663210079057,0,0,0,0,1,1,265.30784014962364,1
210.7676430186032,160.273771166921,0,163.88867313923947,14.964367399721027,0,292.77738892584836,28.517532985987206,0,0,0,0,1,0,429.89712193195714,0
623.1793065477058,630.199218050391,0,66.4830338738152,102.63511313936851,0,195.08775743312634,84.57577328751583,0,0,0,0,1,0,578.307450871026,0
312.5834024549066,175.22312168222112,0,41.45853789893378,196.2340440100149,0,137.67316388518117,184.24361931069245,0,0,0,0,1,1,523.1038068388742,0
682.8014041562863,892.7277075763369,0,15.813428288274991,303.41428947218486,0,138.16763472409212,61.320447713312475,0,0,0,0,1,0,231.2884846034245,1
382.77806925660184,155.72290095425703,0,117.4448007970567,57.0760478433091,0,458.25134243525866,24.533609112718192,0,0,0,0,1,1,381.51677158164637,2
397.6313511841273,313.82603951050083,0,135.006700668071,141.03360910532763,0,167.8388641450748,55.6127554202071,0,0,0,0,1,0,867.3572446619524,1
188.68582416841684,82.74583497201529,0,53.04700590345319,111.83756959059414,0,71.06131861882359,200.21289762114446,0,0,0,0,1,0,158.71589596546255,0
227.74145850722397,273.2899116255348,0,20.986353244710312,10.995989769262579,0,109.26333243771975,28.461057347605895,0,0,0,0,1,0,700.2806992002569,0
371.2422190576727,249.64390743165526,0,148.39680745435592,163.0990773886548,0,47.89414362906678,257.2507915318239,0,0,0,0,1,1,698.9295359255373,0
223.7233824638658,164.26880438561227,0,34.09860391253713,19.40478955101911,0,39.56194496304067,114.01011152969937,0,0,0,0,1,0,505.5722638073097,0
252.57779839156342,212.5274104421302,0,54.11433609613257,7.117501266344757,0,107.7584393152603,50.23219566846961,0,0,0,0,1,0,526.5449345658255,0
431.2589159415078,257.69189291308174,1,214.653011931038,12.649160504370071,0,201.59008759218267,39.861456410141884,0,0,0,0,1,2,804.4510466663363,0
167.34807129126355,134.11525994836066,0,202.7595989803458,6.544019715370467,0,93.17583238199879,81.87614594268487,0,0,0,0,1,0,385.65643830060833,0
330.58501720467586,267.45894278328797,0,35.76741419703863,144.29405062150008,0,41.860370712599995,97.1537820880942,0,0,0,0,1,0,381.45689817467655,0
167.1300292311616,148.58399156384985,0,16.776716299606463,92.15752605416512,0,18.631436525101172,142.18208277596347,0,0,0,0,1,0,175.98834559410375,0
270.9482630498015,224.35805514106684,0,5.904121728726181,129.0453782096921,0,289.8556991459923,54.63811562590894,0,0,0,0,1,0,343.6943992174047,0
546.6525771777771,456.87314618293476,1,36.735001232730404,258.95317207755187,0,644.612106703285,391.9884499161978,0,0,0,0,1,1,527.6021317139533,1
748.2739201585107,1002.3989447857874,0,327.7496450768811,48.97962147188426,0,224.75324571391292,44.61563219785205,0,0,0,0,1,0,352.1163209123624,0
558.496829578752,641.0909122735351,0,43.498372854448654,133.12174751509264,0,23.51968121386029,121.16873366499198,0,0,0,0,1,0,298.70394595556377,1
126.17795565995351,104.22848625419866,0,77.7118754465628,5.03706710356089,0,38.196336795713805,9.268122615500438,0,0,0,0,1,0,266.4763139931754,1
316.6462413606905,90.36517772978054,0,15.211046972384898,35.81222926976907,0,32.365360033713,57.37568737188623,0,0,0,0,1,1,338.75407791318725,3
239.40738913706278,143.53913535366578,0,38.507380872591554,169.87316738659212,0,19.93119036828489,59.741809409493925,0,0,0,0,1,1,483.5335639462742,0
314.53879236587187,260.6585938151354,0,57.41652024823898,112.22812045253569,0,212.28518077158373,131.92287614154796,0,0,0,0,1,0,486.3075029414003,0
249.99110868326588,281.72681721198654,1,306.9474373582863,34.04327789433957,0,320.04478161163644,4.409624145294043,0,0,0,0,1,1,723.885784737776,0
1100.7204574331963,1625.2797409596767,1,57.01168452869465,215.47238565713937,0,24.956729964131874,170.81056975055367,0,0,0,0,1,0,268.3030481179423,1
1309.267666167973,1670.9251360211558,1,52.61128571194659,77.27071457891118,0,586.6576679416603,54.24631861506301,0,0,0,0,1,3,596.2467217185342,0
339.59634900542113,199.177137531372,0,120.8192322061829,230.2541282251043,0,618.906881244764,52.141535820147915,0,0,0,0,1,0,174.55380237994544,3
132.59530476193868,32.583329247506825,0,63.90250890411689,152.26669166405674,0,58.33559834943777,79.06038629325413,0,0,0,0,1,1,78.8244951121782,0
321.55026130437614,211.3025393159137,0,28.814222578560173,179.0538269727321,0,81.42251859262049,86.74735247196676,0,0,0,0,1,0,275.0406696648199,1
451.66329240138947,345.4192689730155,0,123.06228468950523,185.86090857120382,0,294.56437984038143,70.2347955306796,0,0,0,0,1,0,806.5322624103724,0
490.526448168122,548.290511862949,0,18.73914139013837,107.80522865314617,0,45.5659127453351,215.00275037317854,0,0,0,0,1,0,383.82342470583876,0
401.81377107175337,391.09008676652604,0,54.73723135283816,9.542962723282887,0,6.34125840821446,48.78030178274163,0,0,0,0,1,0,948.4208217031172,0
370.1486110637638,199.3865311334216,0,46.26190368103789,122.08278949258353,0,282.8212944746692,102.43116951842279,0,0,0,0,1,2,677.9366520936884,0
207.56917504329334,122.69799021415896,0,356.63393875629674,207.54533409932745,0,687.8008690192809,228.53851591727994,0,0,0,0,1,0,182.10144321645691,1
734.5568077859389,623.5254147810488,0,62.82010968256041,103.21023603956053,0,150.7010308070724,153.62405904263528,0,0,0,0,1,0,1325.3379785180987,1
593.9884621575934,388.43595918656604,0,102.70054509813093,66.9680603717928,0,74.83308641246254,180.81472549526717,0,0,0,0,1,2,906.5651903756273,0
247.4354421228296,140.16596301869086,0,86.40126751083977,104.33141060853933,0,216.0672508761528,222.62986946007703,0,0,0,0,1,1,479.2358462509329,0
336.15336388690315,338.29935776254246,0,120.16701541134785,20.015792571124152,0,62.212806508357964,140.8148187482857,0,0,0,0,1,0,416.17481351516005,0
515.9638619847452,657.6397370297638,0,67.2192096015182,122.09955292574358,0,69.35353504488573,98.24383169529233,0,0,0,0,1,0,210.57437949439986,0
478.1095152563073,290.0254698679648,0,34.872971542520865,3.864665760702242,0,225.83945870391625,61.440817268787264,0,0,0,0,1,0,439.83396445714544,5
197.02095407626575,202.58082464246215,0,118.58934653831547,40.91067969343665,0,59.643170544406836,126.3280874049611,0,0,0,0,1,0,545.8183171421592,0
300.21027406778626,198.5019273447964,0,141.72463055628012,82.52682350753058,0,126.06367427027747,63.434105890940515,0,0,0,0,1,2,618.6976739105635,0
324.59015371903035,281.7373852636591,0,89.24673887319089,175.941563417141,0,111.44502710600449,237.40477426909732,0,0,0,0,1,0,599.9683361704693,0
271.07830116981773,318.67768924700783,0,60.161717106559884,153.68930101119895,0,22.2618900404675,150.48627487189754,0,0,0,0,1,0,215.1486798243631,0
225.8362747136972,135.23014422585902,0,31.185690967416715,24.553842475391946,0,142.27381890032862,86.49527631222719,0,0,0,0,1,1,445.2183231646399,0
399.98353283681297,269.4264570816273,0,226.99665972136034,214.18704181527318,0,35.33627790860658,105.1003312836012,0,0,0,0,1,0,542.0274937044979,1
1120.6856464472758,1532.0028547518675,0,53.94677875980448,100.44900300528874,0,347.1806932603391,272.5643979563548,0,0,0,0,1,1,419.58738179619394,0
553.2160825038718,535.1533495940309,1,108.32943021250344,325.1744472951404,0,89.88398234769417,359.2739245865894,0,0,0,0,1,0,654.5491365173801,0
670.3586603585999,853.4938883332169,0,133.42850272571783,111.23052585160883,0,244.89695402520007,103.8239087365295,0,0,0,0,1,0,448.81906786035097,0
389.2582404736212,219.7758014015253,0,57.68753126322644,15.375680895743807,0,516.1820566679195,55.704265276661694,0,0,0,0,1,1,489.1559657365616,0
433.91028839358944,264.52550690048656,0,107.40468019296439,105.62132568591278,0,100.42107072829873,190.01543845279303,0,0,0,0,1,2,514.2877037301803,0
1555.814510408826,1924.92258969448,1,109.86634045184712,100.52622719562268,0,618.1574390332405,197.04076500817735,0,0,0,0,1,0,1239.3169988953177,0
263.21227863743934,168.2098033377109,0,19.881671903982664,258.5007595640026,0,178.93685508864783,121.86037994356126,0,0,0,0,1,1,481.4086045478708,0
987.8371424546755,1372.5117934904092,1,74.89403572376382,178.89319841362607,0,45.42378532125026,130.95104899596797,0,0,0,0,1,1,331.1185461735942,0
488.784766800063,415.9900006166869,0,159.6557433134958,15.283068005278544,0,110.28883049938622,88.6023725706081,0,0,0,0,1,0,1089.4379880418257,0
319.24428302169997,208.8394679883858,0,461.56344669708767,16.314516554193503,0,37.64104643691033,13.799449553151419,0,0,0,0,1,3,561.4464145061315,1
761.458315697023,704.529237693156,0,172.87284910502672,323.49248340731833,0,292.3005590178486,91.6955576265472,0,0,0,0,1,1,626.9018904117387,2
1222.2939775239533,1869.3692772105048,1,159.80190452358087,419.0084944767311,0,78.30796086370161,447.3840817014524,0,0,0,0,1,0,318.79265726936535,0
763.6905980980101,714.8270293509263,1,234.09140227709926,191.90446418674267,0,443.5642327412086,241.88657320740055,0,0,0,0,1,1,1905.3969690492372,0
405.0823511997804,361.8684035817138,0,215.3975970975623,173.1108489227882,0,186.3701730990751,50.53323336745283,0,0,0,0,1,0,999.9660186953714,2
320.1128495024965,157.64870258988722,0,176.03667171395455,174.94388199778624,0,171.7002939088223,174.09260874825827,0,0,0,0,1,2,566.6451746393085,2
1089.607119402813,1094.864170443109,4,131.34112894270584,85.35399379524473,0,145.5138908599003,150.58975158429985,0,0,0,0,1,0,1634.0256044444304,0
593.3739705757396,464.36355128704673,1,82.95374437208525,45.84882340930173,0,396.7360960563442,129.26043454952918,0,0,0,0,1,1,274.36722504851633,3
329.5189954100773,112.04493826877612,0,183.65516015294855,96.4456767097196,0,585.9189476061046,222.0165132303899,0,0,0,0,1,2,435.3907444404837,2
561.2207086341011,465.10637907936723,0,50.764155778740374,131.22751371605207,0,160.37677930395546,141.4395835744709,0,0,0,0,1,0,810.317398498166,0
528.5215823661239,365.4758378045237,1,103.93538393114451,279.861850841381,0,97.59629865264749,115.92004474009413,0,0,0,0,1,1,1110.666950354535,1
575.6105823534307,444.8192811364347,0,177.1658686734002,173.6989109401241,1,142.1757627331894,27.758487817583358,0,0,0,0,1,0,834.0258062126596,1
722.1044479054307,316.16208960146145,0,96.06408511011588,224.92201358513478,0,274.4550955862643,98.73349228272762,0,0,0,0,1,3,759.4327011253661,2
735.1605816214204,482.7015451664532,9,157.91090809732702,23.147108077208006,9,105.81000462392802,151.28925974775137,0,0,0,0,1,9,1119.349307816806,1
739.7722692666423,706.1932669583443,1,160.9616484430381,209.84018482270963,0,136.65953188521246,160.16319979430912,0,0,0,0,1,0,1125.3579099798799,0
415.2781786839364,369.3725621404122,0,143.2871248564249,50.93163392676601,0,38.69082089833475,295.7837222396947,0,0,0,0,1,0,827.8800713283974,0
81.92417619847406,108.39293574577187,0,43.67588143319993,36.597174624926026,0,5.936710303715675,49.47780243912179,0,0,0,0,1,0,19.75960972355616,0
323.6299553200525,276.99264420843656,0,40.67898953943153,136.78522565267352,0,193.27321166577835,130.04108268346334,0,0,0,0,1,0,634.1728884747394,0
1241.7681817096197,1679.3631231583731,0,94.81751711475232,132.64127150724448,0,170.55355879493425,77.23691284715126,0,0,0,0,1,2,4138.31836740959,0
432.2095198104035,249.94317152259458,1,101.49390743450785,89.70860129851886,0,148.15424429547164,242.29999656791898,0,0,0,0,1,0,622.1130761352216,2
320.13313465998783,275.39875122966413,0,18.8101233012665,62.37468387598242,0,69.54262318965513,188.49846214180963,0,0,0,0,1,1,163.09909880722773,1
317.203723201251,152.74472790737659,0,98.441223111602,56.431082641988,0,211.95779116521828,77.00011807685118,0,0,0,0,1,0,524.3590079929535,2
474.60302244520125,239.5474884273665,0,122.83650717194935,275.6416982556791,0,80.16344965995722,177.99733230920242,0,0,0,0,1,3,622.5829236805407,0
243.58078734863457,223.0442853567227,0,76.73875844490107,8.766439605102669,0,144.2682043011652,81.76099384618571,0,0,0,0,1,0,590.0502146597453,0
157.0483498589518,109.22823302364596,0,45.34225269202772,73.87737392428892,0,33.111101160762885,125.09185812561631,0,0,0,0,1,0,286.12870055286214,0
350.3442141365276,311.22911420631493,1,126.52715537509548,125.46764109935825,0,498.911933802493,37.46388032924239,0,0,0,0,1,0,878.4894973343037,1
141.8446692858535,180.83979696740224,0,46.94486149459577,24.143350774545674,0,68.11686957769368,197.82447114708484,0,0,0,0,1,0,453.4995047421673,0
375.6774705699814,351.4059555296468,0,194.83320723948532,124.63171576463881,0,195.11004890649286,188.636466823465,0,0,0,0,1,1,982.4359312781698,0
2939.860643705385,4251.282311336006,2,98.0315944254261,61.172880823445006,0,145.24180678245025,43.45732200339171,0,0,0,0,1,5,404.4427500356235,2
358.8667586279272,359.9035297570613,0,50.229341995654835,36.93760442351388,0,331.85850365306186,159.26028324936215,0,0,0,0,1,0,539.320498336146,0
214.94292795519476,148.66016202079916,0,16.62057272797898,8.839398449164626,0,89.51594733721404,64.18795775666997,0,0,0,0,1,0,363.3917397564661,0
786.6529551313122,1064.5692811912586,0,109.78152573628452,183.45003508413436,0,64.32217550160173,111.72355525653816,0,0,0,0,1,0,250.7425767997091,1
374.76172447715163,314.22418389865663,3,216.8410084709766,98.97946847369502,0,391.1785679129106,415.8110403022242,0,0,0,0,1,0,889.4399472523808,0
253.86105390575423,140.02892748395402,1,137.52591450964522,103.80433001052218,0,665.2203331088588,355.40352559993437,0,0,0,0,1,1,402.0759339017857,0
447.96016627033055,469.16036971250963,0,183.73047231061784,178.20141772693364,0,498.50968063668125,133.86637884091007,0,0,0,0,1,0,371.25759079182114,0
706.5421693497861,514.642071048265,0,146.86414394876024,40.583343646324806,0,338.87280393121665,573.6402889153084,0,0,0,0,1,0,859.2539731635537,2
914.244378651437,626.6509894863489,1,205.8880406203295,175.70624697690175,0,254.1482525274687,401.4014756422414,0,0,0,0,1,1,1357.617281996241,2
456.77713449929826,238.95968657334305,0,85.97577850164184,185.80052824753514,0,117.0275227062078,126.06402930277503,0,0,0,0,1,0,426.01102870740374,3
517.4630862238771,571.6514775741208,1,66.65037014731567,126.37129993384994,0,269.8549343118751,243.00578844156172,0,0,0,0,1,0,317.01537070609083,1
493.2209869835873,356.1671573140371,0,23.837088241087038,86.74822096886956,0,28.343774068905383,222.11465623991367,0,0,0,0,1,0,408.8860028299242,3
372.002360207169,206.81730311066022,0,217.8400222963503,35.99172316527971,0,124.42470761649868,137.97877279753644,0,0,0,0,1,0,289.7867364253337,2
531.495787766894,440.9216643440415,0,60.65070215623625,13.965603956646689,0,183.59293582194078,156.03786893626292,0,0,0,0,1,0,1246.152950234457,1
224.81117994030274,276.9629032076347,0,104.52318565073139,147.40047736873404,0,14.043829737380008,46.22170718128062,0,0,0,0,1,0,107.67568682008023,0
348.4798511455253,221.8834402988667,0,121.35763037657264,140.17800344013995,0,53.45363025614951,114.50079727808584,0,0,0,0,1,0,358.180343833961,1
162.59074879232168,177.831304966638,0,52.19547430345485,37.62556657748905,0,19.497049268830125,11.77173818429392,0,0,0,0,1,0,468.11772301692173,0
279.9463064374113,144.64284870976903,1,285.5428211597743,55.59583379324987,0,90.398654924689,118.71128922904914,0,0,0,0,1,0,448.0028436305705,1
270.9331010737702,308.0951683844385,0,146.1179380433708,49.38407489988869,0,121.64894253929609,87.41346189021218,0,0,0,0,1,0,797.8604191605432,0
201.09202554998356,134.41829616964557,0,249.5077375237286,107.67365111263565,0,869.6735382760965,127.26759401762286,0,0,0,0,1,0,316.56099361686404,0
226.21370182794323,121.08352824562948,0,44.109810314764125,11.910244125573433,0,46.25953214794887,46.03572685517305,0,0,0,0,1,1,150.04135353193234,0
489.5298554678789,413.8277893476399,0,272.6090787030872,155.60746728268003,0,167.38457926861093,94.46853167306487,0,0,0,0,1,0,896.2272518089035,0
617.387746288482,441.16414951851704,3,29.427859297431656,224.3034173958439,0,163.3462729034723,330.8868024465478,0,0,0,0,1,3,1225.2276158163372,0
302.3945937188052,251.99531984959035,1,345.3869346818585,38.47191058789201,0,70.05471550436242,47.69540390130668,0,0,0,0,1,1,735.3072449466943,0
264.6822889843868,245.79902804906925,1,42.508786815894936,83.90539538308022,0,470.071583250098,39.13234592110777,0,0,0,0,1,1,679.3041544258524,0
718.5965861964889,701.466078284933,3,336.4355257211282,30.571417004535636,0,151.95541839952492,389.7453406866339,0,0,0,0,1,0,473.92345088032744,2
476.9727112701139,541.6690305505706,0,47.24126004844576,93.90424278705105,0,57.905302070003145,7622.3251829427945,0,0,0,0,1,0,385.52602826983536,0
702.3074222491958,574.5437315640431,0,149.44017124081284,146.21493059118347,1,114.1265145864043,275.02985510118094,0,0,0,0,1,4,329.06147321621245,1
2115.4183614005274,3034.1705941747123,0,104.06532213070366,344.24061566323707,0,57.59093279244548,94.15566226433722,0,0,0,0,1,0,873.4164011438223,0
670.0581633984173,998.1295629439846,0,71.47551963244004,28.80455019214304,0,602.5185810556849,117.8334795515407,0,0,0,0,1,0,2394.7239592702203,0
518.1738017163653,269.53854787863276,0,190.4014607959026,80.893818842388,0,100.34753696787227,202.92033122648428,0,0,0,0,1,3,343.8212559274674,1
1957.8210017754056,3146.7145645532187,1,149.16817501762608,207.36731018350395,0,67.10283049568532,79.79993872464782,0,0,0,0,1,0,191.8884612450234,1
515.3723659010992,360.541007063385,1,125.16082269408548,164.3157764462912,1,28.579685019943803,144.64398911096137,0,0,0,0,1,0,966.3519786866195,2
477.8616822703339,361.0720761436809,1,127.79160461461572,304.71751467062626,0,169.71840548443004,258.3426609988417,0,0,0,0,1,0,715.9444929517937,1
209.75595855957403,84.9199014808898,0,48.76499925827777,121.61830423269407,0,18.030837869931116,150.99799577050658,0,0,0,0,1,1,156.14907321354508,1
720.9566962247833,581.3727814470011,0,74.11745343665534,263.15063399261237,0,87.95648209831887,251.75220685082124,0,0,0,0,1,4,399.23387267494894,1
773.5472146008029,545.9609646503251,0,166.72138392696223,328.29188001420005,0,44.27076992290715,505.810102715625,0,0,0,0,1,4,1667.372229959597,1
579.7443922161085,746.3933055779736,1,234.72795592808853,112.15679915554753,0,264.86873462560493,77.23378645078652,0,0,0,0,1,0,202.5872143652424,0
297.32806739268483,266.0611638118846,0,148.07487347130032,271.4099823267122,0,141.08147368626535,260.92707450067655,0,0,0,0,1,0,381.55530220546325,0
234.21209145593198,145.28448508001057,0,178.82625332110132,63.99120646215596,0,136.43749781419862,118.34596290971344,0,0,0,0,1,0,279.35231125522637,1
1371.1591040702951,2111.4568238847,2,268.09130672957747,438.7176007236567,0,221.5714416535153,114.19009407466714,0,0,0,0,1,0,334.63855836186804,0
469.54090182156506,353.32187663632436,0,147.7468413839807,329.08878172717937,0,323.22907364794264,93.78597096670009,0,0,0,0,1,1,681.7537127736564,0
307.96415580771594,292.79436680639725,0,45.66554039421626,68.5161826546309,0,276.5139079849624,76.23510198796149,0,0,0,0,1,1,808.0356504437203,0
176.38959383019852,98.22256677409673,0,113.6657547855551,17.599060597215264,0,35.73158502527023,44.70930318580392,0,0,0,0,1,0,320.6177045740191,0
405.4334022639867,422.202316044665,0,66.8799452796641,108.56402331146555,0,454.0251368975208,20.282388446343692,0,0,0,0,1,0,1081.5821900887152,0
211.67506687898043,136.03718359243751,0,72.24454787725318,181.0409516610234,0,460.10801000047,188.4784869798102,0,0,0,0,1,0,126.00067939528867,1
306.72621982246164,252.81985938625584,0,36.49947733394853,141.9345847547769,0,301.6087303351193,182.37616779019456,0,0,0,0,1,1,731.2549776255053,0
635.6482908105324,543.760682357591,0,211.81736741483198,271.03229060939753,0,162.68745697906922,104.69271246515598,0,0,0,0,1,1,1451.4947285833334,0
568.6336133737656,505.54687642381634,0,196.82100968371535,168.2028701280224,0,146.23307050396647,111.04239094868223,0,0,0,0,1,0,1004.7709198633695,0
255.07822017621515,206.38606342483678,0,142.20170534504194,83.5411850845936,0,225.94249838070607,279.4529720204267,0,0,0,0,1,0,600.6743107367605,0
306.58014433508436,116.64156436703551,1,121.79662085913091,26.923508116012698,0,514.535562555241,236.50555257922656,0,0,0,0,1,1,491.0788301832186,2
558.336622591994,461.59685553308367,0,126.53170196496207,7.05735651229428,0,93.87476727593841,130.92238569324218,0,0,0,0,1,0,1192.9333842694905,1
1178.9116248865269,1571.0813094304683,0,160.01277626980564,175.95961910848166,0,443.0094244713052,122.41460931885608,0,0,0,0,1,2,3889.437988059264,0
299.72470759511174,297.43006527990195,0,82.45443718157168,280.4129206792858,0,261.835950984175,196.3298749719135,0,0,0,0,1,0,311.1729443749199,0
343.1404252848621,252.092099420678,0,107.49130607114772,193.52295719979418,0,79.02208483506443,190.82244991582496,0,0,0,0,1,0,677.2726947131304,0
329.5527869136024,272.08856859557824,1,58.4208856008091,109.77716611272642,0,270.0978065271946,86.46389386656966,0,0,0,0,1,1,798.4366071772372,0
578.8718634894074,494.2434394405274,0,73.69161904746586,103.40394000833264,0,125.85837314703573,201.23223713851624,0,0,0,0,1,1,557.9035562678102,1
512.6690302616925,321.04979673926596,0,96.0164637272232,129.18957856959267,0,124.78476326264422,81.82108777818566,0,0,0,0,1,0,939.9835616644664,2
485.5943489297898,436.04774087579887,0,117.99747356945538,167.42300306644444,1,105.28870204193157,173.15814909177496,0,0,0,0,1,0,1205.3248178747767,1
669.5913026392656,129.85159667332778,1,91.72391529297602,22.58944393405025,0,158.84933591381517,61.16287603418401,0,0,0,0,1,4,866.1999333986612,3
199.42660223314238,149.65027786040685,0,52.73136435987991,18.670235922584357,0,13.999320021773784,63.89195425406155,0,0,0,0,1,0,299.049847168737,0
11424.487435979461,17363.321593068697,0,869.071218971139,222.19476015034886,1,942.1223685781796,240.78787382996475,0,0,0,0,1,6,2784.9660694188783,3
1040.1444319764992,1359.9486934578301,0,146.46546487696205,464.6196601088052,0,985.9857343252532,549.2604574022102,0,0,0,0,1,0,567.7862760749995,0
1656.9504655704422,1632.2885548464226,0,182.20017776235179,150.01522607275714,1,29.30534914259097,207.21888836439948,0,0,0,0,1,1,3959.7460408918423,0
561.4163814559583,408.1159548966102,1,186.26608496825443,65.64110690302448,0,626.7961793954715,117.2318208190272,0,0,0,0,1,2,442.08092311228904,1
899.5590011118835,722.7363409540459,2,81.07207344713704,386.5516907544176,0,128.08318191089253,100.70168349233101,0,0,0,0,1,5,431.59603765611655,2
587.268990717085,619.5206234679139,0,112.84958322764777,228.68953439906636,0,322.9498588439232,221.9747938664922,0,0,0,0,1,0,298.375033469838,2
845.3119465567836,927.9018366731375,0,182.8716658349299,138.01925004436774,0,91.29076434323368,283.88284427720356,0,0,0,0,1,1,209.31116081831306,3
754.8740248700108,975.6932974766979,0,43.61075677023466,21.111190030771798,1,70.22470993234664,235.1794705793076,0,0,0,0,1,0,292.91833180926847,1
382.31504034256847,323.6238903457933,0,93.20573603083577,54.417222078415456,0,63.124387693791526,161.1630620139045,0,0,0,0,1,0,308.5458917168141,1
571.8839157118866,517.3216797643823,0,79.48318701624515,151.68557703852372,0,143.3127250918429,294.05747157738006,0,0,0,0,1,0,725.0177785818711,1
417.3079471234043,308.60831927602,0,140.27690324859546,290.3687859053704,0,158.63399954161963,92.45350567848789,0,0,0,0,1,2,901.2754908227782,0
221.3029741815374,134.10654858008482,0,31.318140379288508,5.885495989002187,0,32.83503156672427,74.89784572193506,0,0,0,0,1,0,256.3662828329267,0
724.5178512983767,631.3407180618067,0,274.1620332608181,173.98776062317455,0,157.9768336239083,109.61413219550832,0,0,0,0,1,1,1521.7582733689396,0
292.1992698112103,209.61658169663667,1,256.59074793273754,112.73223156237583,0,60.30605454493624,188.342283737782,0,0,0,0,1,1,610.6287555398256,0
268.56899035209716,239.6329959192151,0,174.58460123089762,42.52135820450702,0,191.4932489100686,126.92185398939354,0,0,0,0,1,0,601.918743487445,0
360.11611266269244,254.49945735211492,0,370.09365326701493,56.22425581893018,0,137.23371391970798,86.27355718676534,0,0,0,0,1,1,775.5233952751992,0
339.92660206993327,231.59937336395677,0,238.9701432704921,152.84578970986024,0,45.261201956604545,344.3928715963796,0,0,0,0,1,0,579.3491573223296,0
281.892446164297,355.4686119088028,0,228.40179646962912,42.18901643686516,0,90.94510720724803,40.32021574914175,0,0,0,0,1,1,892.4221106221103,0
161.6149466545276,72.85003932084743,0,46.994720408530945,25.045943594747595,0,29.061736441234952,92.57316220684905,0,0,0,0,1,1,46.408354463754215,1
303.27461018616657,288.6900170708737,0,80.069355218785,62.50080364324243,0,58.43995163520404,112.89238206387071,0,0,0,0,1,0,787.3246441456067,0
1308.7309849385,1117.0331118129832,0,23.432166902545227,21.939186473632333,0,312.64678719236497,71.39785428234255,0,0,0,0,1,1,3085.6498186490257,4
299.27744714911574,213.53537193185824,3,292.3054308458581,92.76071984131528,0,185.85777540537765,74.6125296280809,0,0,0,0,1,1,663.8890821060925,0
318.5049855689927,182.8519091243006,0,102.11419894865782,172.45672436243078,0,164.79160321842517,234.7153195987777,0,0,0,0,1,3,540.0224871405073,1
314.8000995069687,212.85123338951485,0,256.7892857045965,5.572478488917168,0,71.7302664391789,108.19715253340812,0,0,0,0,1,5,157.03111085812083,1
454.7776241068451,260.39756708027164,1,395.5085856117071,183.35625071741822,0,120.05589025501754,166.2698689901173,0,0,0,0,1,2,636.6898677846814,0
342.57341617213626,432.2031970319233,0,234.582072009476,252.88458663288222,0,257.39285826566316,158.14668502778648,0,0,0,0,1,0,132.7660587249325,0
590.3690024161892,258.8689117839559,0,50.84122247992114,45.572432231602846,0,240.6275819258695,137.32554004099475,0,0,0,0,1,4,782.3292478802019,0
636.783391935242,534.0220331137832,0,115.51297543717764,65.88849523963503,0,382.3954760521727,84.1184963446093,0,0,0,0,1,0,1521.0823569273714,2
386.1544279336151,124.63749476517594,0,142.2549196349397,101.89734756056896,0,296.30773084284704,201.3766155771006,0,0,0,0,1,1,442.43992523845026,2
550.4912727744127,358.0141006543422,0,132.46115723146067,47.828639765825535,0,92.0394775974187,85.18996576626718,0,0,0,0,1,1,305.3777368839593,3
243.31730825444646,168.189091742392,1,80.93122179855112,75.37483333310601,0,48.766241596329266,128.3708910983982,0,0,0,0,1,0,470.7357027047975,2
307.87824831746957,176.19904004243304,0,49.507446125586696,83.19265717653579,0,100.33629251204603,121.84921321541796,0,0,0,0,1,4,125.83415963522324,0
327.6604228239568,271.2650325126846,0,169.35343251900443,19.823054145681056,0,70.49228319796629,74.00575998237144,0,0,0,0,1,0,580.9788395914437,0
214.2523824997769,127.94010980088491,0,45.727034548846746,110.0740344290115,0,123.67478675331222,133.75553833650102,0,0,0,0,1,1,181.5643756789375,0
611.6569895241771,614.5283067577917,1,248.0183341453987,124.71213510386808,0,513.673098726682,237.70890538197122,0,0,0,0,1,0,511.30848521682117,1
1000.8328346710256,1427.5450301855847,1,18.911004081982053,227.64486869449308,0,253.01766269389987,39.42516488407607,0,0,0,0,1,0,376.1553183183726,0
202.07113106878063,175.76890103418282,0,72.4028381090007,13.004982252043256,0,85.94185730684804,31.73890664731563,0,0,0,0,1,0,495.69083355115595,0
1949.296354956599,2098.8473858290636,0,133.12604778091318,542.9312346742252,0,165.56378927400283,238.9261101023603,0,0,0,0,1,0,2157.418641802469,1
892.3978859881365,1012.9957859073457,1,93.27777800397506,414.9335246680281,0,535.9910818374751,128.23884228412678,0,0,0,0,1,0,792.9721442393876,0
1956.6512842323452,3242.8445440719215,0,42.09508749997923,191.45486336813468,0,825.2343640078254,127.19704297817302,0,0,0,0,1,0,129.36177859315762,0
240.1954330637367,149.0045184364183,0,31.495976590003437,137.39752905242142,0,654.9289360755168,355.13618628168626,0,0,0,0,1,0,158.9210164574357,1
672.8620973548057,463.5169922284666,0,143.68426172582113,319.6781122089221,0,119.47472428749214,126.08319475184251,0,0,0,0,1,2,1144.5822544784123,0
2291.025531018345,3552.981364686528,1,246.21527421724508,230.7852248422103,0,120.43750300020461,242.41078787742532,0,0,0,0,1,1,439.251943810044,0
814.0788437760199,1125.5110069547543,0,139.09106196191874,131.48603570624192,0,20.693597883385294,185.26587866970968,0,0,0,0,1,0,388.84871845538,0
98.82707341308691,85.90182551837256,0,71.50696400778041,21.91194051428772,0,52.59316640928544,5.587057081153001,0,0,0,0,1,0,181.1464404361392,1
46.294986664144815,37.646079481295565,0,13.969947664183854,30.646223996154028,0,3.8156051202490784,12.341697323424565,0,0,0,0,1,0,105.36680564174924,0
5374.505658355673,8367.278232281265,0,112.1990080118549,395.4894522504906,0,101.84992769370632,113.01890670952169,0,0,0,0,1,0,1536.7286538925557,0
1773.39297995604,530.6516984061029,0,325.9538119761379,184.50325550933144,0,10943.299126775066,10332.971111812161,0,0,0,0,1,9,1810.341157469643,9
729.6727091604525,385.74107355365896,1,363.93246749797413,143.61861550713928,0,126.699219861697,87.51498368483323,0,0,0,0,1,5,726.2089020219394,1
871.8058918577066,962.5413501820009,0,283.81701867313706,184.1760509670919,0,127.80775059465157,82.84439841079637,0,0,0,0,1,2,526.9703358568804,1
193.72940008806177,163.7299010842461,0,167.83726045857497,42.52429921144475,0,180.59654809489163,229.2401885987517,0,0,0,0,1,0,444.90767185640146,0
987.3032211879736,815.3823096894017,0,136.4163366862505,121.93252635357146,0,52.71137271718498,194.2581150438291,0,0,0,0,1,0,1343.4985466470514,2
717.6645641223497,586.5231656998963,0,375.54392307282194,520.5117126254503,0,32.37406879248068,172.0815353947661,0,0,0,0,1,0,965.5175931430872,1
1040.123840903554,717.3541166743646,2,245.8795052736099,248.33085413380894,0,142.59834841024556,153.1678044500392,0,0,0,0,1,3,1665.9730042839644,1
1263.2652175699247,1108.3541422840765,0,188.13981028955732,344.05194675038507,0,221.49862681761485,121.8204464372992,0,0,0,0,1,1,2693.6290881381733,1
1019.4781271403759,1058.0281076264043,0,101.71162737549962,273.94850604184967,0,206.17450645918828,227.39148613786733,0,0,0,0,1,5,398.78863766603354,1
403.49462888733797,396.77752745676736,1,184.01679852706064,120.62722021045056,1,179.55431310513808,354.615278653858,0,0,0,0,1,0,239.2973078360149,1
700.3379335176054,678.6623939979257,2,202.28794403667405,224.03883068972246,0,437.7391998885821,160.92835808412545,0,0,0,0,1,4,296.5517758828849,0
264.35923954550236,182.73601524673902,0,186.43176178653061,135.81632188402477,0,103.67265436225121,161.15403787674902,0,0,0,0,1,0,495.6925528153349,0
1007.2061045647665,774.5248539368768,0,119.11690077451502,147.6475159483304,0,212.15965679882765,355.7395755890223,0,0,0,0,1,2,2077.5634924554065,1
294.7201343380311,124.98953487805018,0,164.72243826159533,46.07530316323981,1,99.41862801112146,181.71263299672694,0,0,0,0,1,2,418.0320264651013,0
278.57631941927406,94.3102890664494,0,96.55836752678955,196.52386830459903,0,28.319170069030847,109.30367402086692,0,0,0,0,1,1,275.33719225676,1
188.98817973540127,75.99371819693117,1,218.19469592535648,43.252328958644895,0,765.6439914851443,178.77663400135106,0,0,0,0,1,0,181.91698285092707,1
248.157306964987,191.60632673225086,0,120.80893015458048,51.85496601317766,0,48.614456437354406,84.57931571763646,0,0,0,0,1,0,306.4300272898957,0
257.159531638125,151.19192410826088,0,122.02395463069085,59.166237698573504,0,86.10698111185931,107.0963584087454,0,0,0,0,1,1,478.90188876574763,0
1299.0552985149384,1695.6598894156207,1,40.20104227709491,224.43068916503154,0,519.650784492894,224.6179008021787,0,0,0,0,1,1,738.532206565915,0
1361.7956673482363,2057.5356840926147,1,151.9239433252584,90.33215379604059,0,81.90046363735436,92.96079309432092,0,0,0,0,1,0,267.4856267571852,1
352.2244901762058,213.4911392084721,0,168.83499232183308,293.833298966544,0,251.1090859589336,129.8030430174399,0,0,0,0,1,1,169.86000742303725,2
310.6435837725319,130.89196014863492,1,131.6402874038582,96.19022895240272,0,62.817753949617625,238.8832968410287,0,0,0,0,1,0,400.65277473424646,1
1385.5538734042798,1635.9276954244483,0,189.14703154750845,543.7094422553866,0,307.27798373623887,785.5780401113957,0,0,0,0,1,0,1012.0708834788428,2
390.3711380356454,273.60940218585137,1,74.9784808660015,88.25313069453743,0,421.742469935082,152.10400344821505,0,0,0,0,1,0,479.1495130758689,1
772.0790362688226,464.1701441046855,1,306.1095692323105,255.2401831006068,0,548.3492425707617,306.23632262299583,0,0,0,0,1,2,542.2000994844929,4
1760.1519916484622,2028.1470610376741,3,113.13351860958228,97.44323246255775,0,403.80949867910255,174.4527069016011,0,0,0,0,1,1,710.4034772585686,5
624.8766396481373,260.2017019623472,1,167.68627577073673,241.64743497294182,1,38.13123779449176,271.82726492491946,0,0,0,0,1,3,741.5333826809976,2
2614.604582237827,3264.0881047719367,1,101.77386215204207,369.0276045615973,1,375.9204955192442,22.138631626462473,0,0,0,0,1,4,1279.8259533247738,2
515.9403828597892,396.84571814632244,2,185.667800749899,184.772915748943,0,660.9101619258732,207.06091734414264,0,0,0,0,1,2,322.3162974705141,1
682.1491992466972,418.58958663374165,1,69.01522095141956,160.91262048998706,0,698.4212124003307,150.3323730437592,0,0,0,0,1,3,615.7066177217184,1
938.1860729579389,646.3022920674169,1,376.1361146731103,221.492371097243,0,75.29903206277461,211.2594817209979,0,0,0,0,1,3,1183.9525791120395,1
609.8318670608518,684.4988707245903,2,185.0971559409371,298.4801759288356,1,25.90586754965968,182.3516537776934,0,0,0,0,1,1,397.1395593590744,0
610.5005581303791,659.6391734349453,1,173.65448272836656,103.98097434064098,0,439.16427344241947,93.57712678290117,0,0,0,0,1,1,228.45471489012402,1
391.1487794428227,395.4190780514846,1,95.5562922091356,300.5050454178107,2,212.44678668894613,95.25953479323718,0,0,0,0,1,0,361.9746209952926,0
511.62275031153354,546.6333027913581,0,74.32775102073717,298.84390597310903,0,104.34224578962318,179.8927220625568,0,0,0,0,1,3,101.21776328454357,0
583.5729896266523,464.5326416054694,0,239.75572673857516,195.7893061353771,0,116.31615665808255,117.04289087803198,0,0,0,0,1,1,891.8082382856537,0
201.74526467709225,116.05210359670683,0,43.40665058711852,132.54092907762902,0,159.77566789399472,235.56482219241502,0,0,0,0,1,1,366.733203901556,0
537.0388064862109,491.66151774991647,0,300.32095612637943,194.5208357286494,0,151.59245168249373,53.16914905151729,0,0,0,0,1,0,570.5543607367365,0
492.4704629079793,571.0293197809171,0,159.41694527057507,185.0538995609942,0,33.927349674622754,209.66923633351405,0,0,0,0,1,0,327.042014369512,1
611.957140336144,534.7432466908209,0,180.7109468053776,207.638480045758,1,133.72353892753557,85.37614670062226,0,0,0,0,1,0,1400.359774833466,0
628.4600062689235,552.1852890067466,1,44.67678998390455,189.70494802395365,0,29.84721536507095,524.7533009919044,0,0,0,0,1,0,915.3607253801052,0
959.1972541948359,1065.3302034931814,1,61.92973608018111,296.5335740687498,0,144.64428322653097,161.0856530058816,0,0,0,0,1,0,890.9271298198728,0
613.7546683321336,600.9034361988718,1,218.3439165167285,68.07323206858449,0,93.45473218902816,250.68010048340767,0,0,0,0,1,0,1543.197579593948,0
1017.2585406645155,723.8617871144578,1,405.95131189409653,154.86362917453414,0,339.8358599223117,184.50600782213266,0,0,0,0,1,1,1536.6524235562688,3
976.3919362620037,1113.225077508616,0,198.53712114464736,15.617520933689715,0,424.0525371925194,138.6986341638089,0,0,0,0,1,1,2831.6824967865637,0
752.2617616318762,660.9146814522867,2,203.8061289029829,160.8187961900606,0,48.63337800366479,367.13514025135333,0,0,0,0,1,1,1071.3381261346692,0
396.31998052304095,349.4812281614808,0,227.3389252649351,116.13119108670979,0,119.81376710687432,312.8608671504067,0,0,0,0,1,0,537.8859390091405,0
851.0031710415354,555.4102421016623,1,55.67549229186939,359.5640747827143,1,313.6769153550011,493.36455577759557,0,0,0,0,1,4,730.3285914292721,2
498.40632708567193,399.48210740255394,0,93.81603500822645,7.620544226935738,0,155.5472620315658,52.16374893212628,0,0,0,0,1,0,816.1921120140921,0
905.1624298256615,1332.5351883633707,0,179.777294358446,63.75445032489613,0,251.49661258770698,247.0543387109771,0,0,0,0,1,0,3212.397325634224,0
503.2437843897442,252.9334176501717,2,147.92130439595056,145.29286299897055,0,813.44268340132,283.02160969375336,0,0,0,0,1,3,758.0184194166633,0
676.362969205783,544.0739569904381,0,136.21831813464058,151.11011451333422,0,512.5466891584415,234.87682045448452,0,0,0,0,1,2,639.628092894631,1
412.18110469452176,323.42539235776184,1,129.08661423839487,243.28187413765932,0,553.1445470202799,263.01674930758577,0,0,0,0,1,1,512.8077504509558,0
596.5028738759851,488.34918036889707,0,239.32285565978947,201.00711286214732,0,549.9123582484881,150.90532039020803,0,0,0,0,1,0,863.0429966294423,1
552.943746644359,467.1581163182342,0,89.30662357155876,171.27441145164755,0,215.68331524059212,35.63936722390113,0,0,0,0,1,0,1067.1817273854706,0
252.03565913190323,133.70150655652319,0,132.28218191135974,117.9502937650151,0,105.41434239737376,111.94845199312071,0,0,0,0,1,1,430.19174819015075,0
314.15056393993046,413.0279197542962,0,87.02951770620247,140.68639275119065,0,58.41769596077219,141.76708238536764,0,0,0,0,1,0,116.80000902890247,0
447.4952882645655,192.5172451290379,1,55.05645915366811,217.3628789216409,0,646.7452335219574,53.68391262117538,0,0,0,0,1,3,565.1746106171597,1
694.7272368052198,610.3035616338515,1,95.82238137794278,263.0891574720833,0,99.55871420685824,178.6377284787353,0,0,0,0,1,1,712.8907282090461,1
517.7685481702783,424.018902645593,0,374.039774012335,323.4010633727609,0,520.3070145016688,195.2399888697184,0,0,0,0,1,1,450.77452572421294,0
1625.324702538976,1853.0240090412362,0,142.11199976378765,174.6288105276744,0,541.5533003700157,63.51748535047096,0,0,0,0,1,2,4719.0343524429845,0
469.7786608702663,343.6434841227186,0,612.1758303891099,250.94718949086973,0,338.27612237941895,56.408911981676326,0,0,0,0,1,2,983.5659704323571,0
666.512892063281,524.0266673995768,0,314.41464755770653,175.42362526743133,0,273.6909930279493,422.1699812346525,0,0,0,0,1,0,1454.5752846248688,2
393.3330802411333,196.75901928336967,1,347.50695126304095,223.61458060209767,0,407.57621088198755,99.05609294816404,0,0,0,0,1,2,732.2913564484417,1
540.6912590847992,478.42437917167405,2,211.89319232633395,148.03217497350727,0,468.68920561936835,377.39856787109215,0,0,0,0,1,0,1328.154418361115,2
676.418506586371,441.47187427526194,0,62.265426319995186,469.4729969165154,0,480.27609146547604,502.13055082843573,0,0,0,0,1,1,439.00007432990185,4
500.0332434508678,489.7107575410814,0,80.04814279720281,179.5040732759492,0,25.701876340535804,215.89163673679894,0,0,0,0,1,1,414.6155440366963,0
1949.9835498204095,1663.093511580722,0,137.2316124438321,382.442677337043,1,73.26160643126431,82.2427228732818,0,0,0,0,1,7,4714.192323910966,2
252.5463216602419,217.7318478397089,0,80.66236621427586,336.8481998827609,0,50.95209439239203,391.1996431106057,0,0,0,0,1,1,111.46241078917251,0
905.5871381836654,1154.4158845306533,1,297.53873821216297,207.40446829937503,0,122.22874857378757,318.39124902451294,0,0,0,0,1,0,544.7566525178629,1
287.7366882938919,147.6121424358123,1,8.503632443582543,55.58948336898078,0,79.38204273077852,40.856141102699866,0,0,0,0,1,1,498.4717242726619,0
632.0519641852419,654.571515866997,0,76.55723820449046,482.73408162386636,1,87.10520161767624,244.18763992745963,0,0,0,0,1,4,141.61394256443697,0
261.5177322546797,218.4453704141648,0,32.61242536715699,271.66319951335,0,66.64957401260092,114.04503352412,0,0,0,0,1,1,66.21505399240293,0
41.944286128638176,38.44760281946739,0,6.5269617333418,0.599128853051694,0,1.4406337783236864,3.2856569162841653,0,0,0,0,1,0,106.12873841317943,0
3.5370579486529734,5.374896934960669,0,0.4634194406647093,0.4159870566813254,3,0.5132910395423457,0.7377866121675501,0,0,1,0,0,0,0.07433344857258273,0
16.09123955050108,26.106341708655393,0,0.5667810881419997,0.3959886016958646,0,1.2077411394032564,0.8306090394067775,0,0,1,0,0,0,1.1706714332752033,3
25.584251896567384,40.887688521785314,1,0.5071360900668193,1.1626975249398215,2,1.102596758076388,2.438183855674672,0,0,1,0,0,1,1.1088761032142767,5
9.903763100437349,15.789434678315818,0,0.39562195039300235,0.7392426945097234,0,1.258532445516153,1.8557548135994064,0,0,1,0,0,0,0.46951399145940453,2
25.517031330193674,42.22315219841904,0,0.38332319180425956,1.0763290563471333,1,1.0158282887797618,2.0239900380721023,0,0,1,0,0,0,0.6576262539972595,5
11.23811537285167,14.824667869165179,0,0.25640082404581066,55.085119229687606,0,0.8901406709348709,1.0814935318241294,0,0,1,0,0,0,0.6308631594840157,1
8.937089725712898,14.108556500036684,0,0.13290497021200587,1.2161108715530475,0,0.4059341586508941,2.4781775029924473,0,0,1,0,0,0,0.21867467557894354,1
3.751793115846523,5.403809877449397,0,0.44281318905170625,0.5955084054749176,0,1.2530807973863773,1.249178679315414,0,0,1,0,0,0,0.36763887986793553,0
5.872390080674709,9.433314600078292,0,0.41757523409038133,0.36024056937145477,2,1.5917056120595108,0.6429111923728394,0,0,1,0,0,0,0.2259746518616291,1
9.079426657321973,14.888770557383557,0,0.07180922510171872,0.7740990311790984,0,0.2330077543454374,1.734341222299589,0,0,1,0,0,0,0.09672848232856285,1
2.969930704679954,4.182246742619981,0,0.36534183455390995,0.604216410697874,0,1.087497718928245,1.0301720870228555,0,0,1,0,0,0,0.1660751298235495,0
8.941393357375496,9.550835639765813,0,0.23880795188934845,58.27106859128643,0,1.0265962601091336,1.0663811025403789,0,0,1,0,0,0,0.3263620855464264,1
10.090681835059739,14.962252501459224,0,0.25710219425697206,1.1624250252117998,0,0.6798635962969177,2.682103565260638,0,0,1,0,0,0,1.9001951561456272,1
6.1607232934972025,8.488144087327473,0,0.7300968548338522,0.6592353169140915,0,2.052999616577716,1.4863830021775208,0,0,1,0,0,0,0.2859917482209768,1
4.229133161348713,4.528519317694226,1,1.1049769735394415,0.29459443977043775,2,3.1953224876969917,0.5630487523350103,0,0,1,0,0,0,0.22235800049954818,0
10.123520806437364,16.071061155886476,0,1.2040407195427885,1.6238001324249915,1,0.7801344012390754,1.0738672368797642,0,0,1,0,0,0,0.7725902473702608,2
9.517048620432188,14.39848386908987,0,0.05256999494509451,1.2805612208081862,0,0.8873605316673686,2.6593157834271164,0,0,1,0,0,0,1.333331866586851,1
7.58219918446394,10.810478640094601,1,0.4189837761116071,0.9504517482801904,1,0.87647003243999,2.1747966790380113,0,0,1,0,0,0,0.3609401256262792,1
10.80585845690944,16.23135217474153,0,0.7324458357110527,1.7098534945277435,0,1.6471030299300193,3.2165530756108183,0,0,1,0,0,0,1.3413797497209103,2
13.223292655939598,21.26632353847783,0,0.40056759211540904,1.2101133465425198,0,0.5511389675842806,3.3426480150932116,0,0,1,0,0,0,0.27487002483406775,2
11.49139399268478,15.76844028082547,0,0.38586736393707244,46.36415630317348,2,1.238522588322659,2.33546740839181,0,0,1,0,0,0,0.5116772782099204,2
6.5559294214307595,10.75374230587905,0,0.33307213877607694,0.3452341953363648,1,0.8510314398291701,0.8024395372239258,0,0,1,0,0,0,0.14399662697126198,1
9.471037568549336,15.56409270833005,0,0.2587110606659939,0.7274953924710639,1,1.0303445657297474,1.6316562212583774,0,0,1,0,0,0,0.17503087395034245,1
8.912232715976677,10.537040490873839,0,0.34883610310972973,44.418217653318784,1,1.2348169358951877,0.9982126555807775,0,0,1,0,0,0,0.19400574673220145,1
12.313683051529,15.858164510119835,0,0.12423420347070978,44.72896198490853,3,0.8529087999081484,1.968404106295157,0,0,1,0,0,0,0.4759260929026467,2
8.50236299407099,13.53975247281132,0,0.2554386251350995,0.4786479229297794,1,1.3655630042843472,1.1069161203475075,0,0,1,0,0,0,0.35505998237697556,1
8.812778258897595,10.562294522324578,1,0.32645157486885723,34.284905406875474,1,1.6513692303804801,0.7145369826980505,0,0,1,0,0,0,0.15103083866806094,1
2.5258924978493056,3.603055183936261,0,0.03406615139119404,0.030854705727948538,0,0.02570689514150225,0.08826842695231801,0,0,1,0,0,0,0.31000631663917666,0
2.961739706942405,4.306993888271676,0,0.22420017566526498,0.025873750576981505,0,0.48728559858256487,0.08147726425106643,0,0,1,0,0,0,0.08076467472444912,0
2.690299978975661,3.8081602190714094,0,0.2432916568879887,0.04190481996571635,1,0.6652130674123234,0.12840200120958034,0,0,1,0,0,0,0.36064567891193144,0
5.0366618805881975,5.185283448796576,0,0.11482704820478053,32.256003189317866,0,0.8305978412156659,0.10542007843784698,0,0,1,0,0,0,0.3224787257733201,0
5.571350787790304,9.106504114571091,0,0.38018405414349776,0.12045827995701698,0,1.6374555362486067,0.5215509186207463,0,0,1,0,0,0,0.10017296425418562,1
4.009710048588469,5.979378079150002,0,0.3656904393350727,0.026080530412238477,0,1.0644348357978883,0.17939914482849245,0,0,1,0,0,0,0.3219157207043906,0
3.017388694497902,4.8543986051917996,0,0.35430052155549285,0.0698559663516691,0,1.2940216463362533,0.25776584110780093,0,0,1,0,0,0,0.25523086741017414,0
4.707491550186813,7.82413669076252,0,0.34124460717883565,0.10892703642401938,1,1.432519965778637,0.4109035082078115,0,0,1,0,0,0,0.1846333624838019,0
7.400039090655826,11.865152533321917,0,0.26286359552510385,0.17710832140909305,0,0.8488898200438311,0.7448290591135078,0,0,1,0,0,0,0.3821608559232968,1
6.194536716720937,10.019803463066074,0,0.23918377452314085,0.25074567337841536,0,1.3115118303515243,1.154280093067712,0,0,1,0,0,0,0.30412418762629134,1
7.212283442006775,11.188717475570645,0,0.3257547321303952,0.36494901996261886,0,0.7921912534894239,1.177440185724987,0,0,1,0,0,0,0.5222291827461949,1
9.733184127446746,15.788706937158592,0,0.18001786072199188,0.3885515970750909,0,0.8031085282544734,1.1954386688241492,0,0,1,0,0,0,0.6134288159196302,1
232.84540828015497,366.96378953510083,5,14.408038100010273,150.36978828817888,2,12.498214856821853,10204.407478476463,0,0,1,0,0,1,8.000074011048525,2
15771.840194172388,27244.52076822047,4,155.52386770846363,99.95095457909648,1,8877.424694109028,276.3854570299714,0,0,1,0,0,4,62960.724324061375,3
6.771108952500226,8.291887768522018,0,1.9612181909144777,1.3967000473310265,4,1.92042456459516,2.231746701961032,0,0,1,0,0,1,0.8731341474876537,1
10.049709234494767,13.326308749677269,0,0.3604128155237849,1.771139178277633,0,1.0249129304967561,2.2882465083745505,0,0,1,0,0,1,0.3036804237560995,1
12.274985914360188,20.02097795140107,0,0.26909230427896874,0.7286786236089624,0,0.14495167275087176,1.7914991837212884,0,0,1,0,0,0,0.24285173031048501,2
6.518578487570641,6.397457476608141,0,0.6832391446182852,58.791604125251986,1,1.7756427520251243,1.0781960433431612,0,0,1,0,0,0,0.5168611497639694,0
15.751080370830492,21.257018155890822,0,0.7528650506950636,40.79726020687589,3,2.000775617063027,2.6843899620746,0,0,1,0,0,0,0.7592639257244072,2
8.883930972642604,11.40502080208618,0,0.5702525592804701,34.71674174908551,1,1.8675936843285252,0.7100044799537819,0,0,1,0,0,0,0.4010079249335354,1
7.510735332170695,11.046198454781099,0,0.43329474036864757,1.0051648966799152,1,1.3386115871036965,1.4886627222449422,0,0,1,0,0,0,0.21857862916174967,1
15.455944631039232,21.909659593612915,0,0.15691289641098738,25.396301913524248,0,0.5588137823991977,2.3282253282471332,0,0,1,0,0,0,0.39758879970260436,2
3.7786829446879966,2.3499286604046525,0,0.12339992661857088,39.517453433051934,1,1.0960972552214334,0.46402356351393764,0,0,1,0,0,1,0.5166184058774886,0
16.65443997606504,21.430533073441723,1,0.3970323553828537,39.10594654687212,1,1.0219115354310913,1.5094367996538902,0,0,1,0,0,2,0.9322903750513836,2
15.014840936497674,20.068162195473214,0,0.14452372736155433,35.00258697500681,0,0.42335450749864395,2.471183526123113,0,0,1,0,0,0,0.796063367856737,2
11.126413449451718,14.398115141528248,0,0.261250528584957,35.07676587313601,1,0.9273586713899042,0.9091636277441553,0,0,1,0,0,0,0.19903009215975226,1
5.252778201121272,5.22044597554785,0,0.5332854489353667,35.06079664320828,1,2.4765219470857534,0.5072600102758992,0,0,1,0,0,0,0.8544941083618951,0
11.605956015805432,16.97346251481471,1,0.4074831823877289,1.013776714051033,1,1.9260314764178985,2.0678402979669417,0,0,1,0,0,1,0.25615197087439845,2
8.6595077347568,13.616159497306887,0,0.36833052828262464,0.5036423710380663,0,1.4543432828843266,1.2237920241538505,0,0,1,0,0,0,0.674988161853209,1
3.75338410512077,4.640005675955697,0,0.354409887482633,0.35813054620959245,1,1.8211779254978184,0.6159614883269442,0,0,1,0,0,0,1.089689467322592,0
12.66586640756574,19.7009360230889,0,0.31622042995259825,1.2566951675594393,0,1.0432154590351672,2.7171355093690717,0,0,1,0,0,0,0.7153040550778618,2
23.35989198249279,16.696972157790388,0,3.917924396865056,6.936735965922152,1,2.5815669557917533,23.63403060971745,0,0,1,0,0,6,0.8884401868687879,2
14.974625796317317,24.636659595993297,1,0.7533148294406212,1.7840497576882668,4,0.6603473791754939,2.425245763515246,0,0,1,0,0,0,0.6411226330872419,3
9.843119183800514,13.75330880676872,0,0.5579170327483258,30.707515205073737,0,1.3362581654271888,1.637330707807541,0,0,1,0,0,0,0.2852272066719341,1
2.6054283598551855,2.8961338555421996,0,0.41310308494202963,17.632185420102562,1,1.7172295205502288,0.4565144074770783,0,0,1,0,0,0,0.21179216474022963,0
9.665741497325325,11.227900874022163,0,0.22903836307313685,58.99778952805878,0,0.6953800667480983,1.3706600705641008,0,0,1,0,0,0,0.15219533151015432,1
10.936806692975594,14.791992760016038,0,0.16488581382514347,38.954606181406966,0,0.6606598284221954,2.0199128881849546,0,0,1,0,0,0,0.5687950809592321,1
3.4812603180318344,3.327225357676429,0,0.13366881517984336,19.34233647723343,0,0.6486802446008789,0.42253638379525993,0,0,1,0,0,0,0.11607898653263715,0
14.29910782013222,21.677890268687026,0,0.06979997278642716,21.908748315062926,0,0.1494698407728684,1.5961204893316923,0,0,1,0,0,0,0.24334736752510072,2
10.30027534438521,13.60428911404795,0,0.31875207567740604,40.7072003984364,0,1.0345247128853334,1.6102810556311427,0,0,1,0,0,0,0.2152019338650408,1
4.8660013835948845,5.0886357293996465,0,0.3563548223794759,48.293720111380374,1,1.551827132734481,0.770056733576805,0,0,1,0,0,0,0.13996880531846884,0
7.47568632252404,8.947905661764581,0,0.3017890931699456,47.13187712871367,1,0.6328322082636475,0.5378579243559791,0,0,1,0,0,0,0.10705842159520317,1
13.810617566071171,23.200201724551533,0,0.23684140548215354,1.1200784378878046,0,0.5361619273927051,1.963882595263471,0,0,1,0,0,0,0.12016767208176453,2
3.7193498624465677,3.6021534896194782,0,0.41978331208159103,37.56641325221411,1,1.3011278463387295,0.6253903718347404,0,0,1,0,0,0,0.08716973331789764,0
10.111315225688012,14.300571397814993,0,0.14292979364079714,35.19241959421897,0,1.0160287580198346,1.2104035017911088,0,0,1,0,0,0,0.26572166611019676,1
14.567588198255608,20.241115686051824,0,0.2565058503017802,47.392242680179194,0,0.5495012030543595,2.386555942637349,0,0,1,0,0,0,0.07689921001385464,2
4.557912862229086,4.856241125228896,0,0.42264314898980837,31.725782608340523,0,1.8389116883345613,0.875696926690362,0,0,1,0,0,0,0.23339045896883234,0
10.15186526810331,13.843881834822222,0,0.2091690694336874,47.54625834149749,1,1.190688304643782,0.8919998859581244,0,0,1,0,0,0,0.12955158624035956,1
10.764697438341479,15.62884692799202,0,0.14342887255248765,17.50858583690959,0,0.6328704855946394,2.1610993273019012,0,0,1,0,0,0,0.3454239593074965,2
4.499147716139358,4.70816760468857,0,0.29635785187275365,39.99092528616072,0,1.8129392690096078,0.3831843235881588,0,0,1,0,0,0,0.20658851596394434,0
14.326613206684028,21.11931255269009,0,0.10377295864349191,37.593414069441664,0,0.71283038832307,2.4620395541943436,0,0,1,0,0,0,0.163445268016536,2
6.2216288280869545,8.149429377889467,0,0.2954938434010951,20.27874937081002,0,1.4535699866759249,1.2617719150302853,0,0,1,0,0,0,0.2641707048945921,1
7.204537940548656,9.5376203448128,0,0.1928355320530004,30.174218199345503,2,0.9945634682634963,0.5156893674664756,0,0,1,0,0,0,0.3071779208039646,1
10.165410616086957,16.635378726638624,0,0.21825255447119232,1.2157855424653756,0,0.6900142407130005,1.8073316701788003,0,0,1,0,0,0,0.14234892683074155,2
3.674134565888174,3.5281246092559435,0,0.3233722061515474,28.61762653696234,0,1.8347506799278526,0.34227612595916923,0,0,1,0,0,0,0.1492705350771287,0
17.81511160613551,24.810268470426973,0,0.10197565069495226,38.771998584226736,1,0.4048141485948322,2.3027841835746985,0,0,1,0,0,0,0.4221899822556857,3
4.899546277738951,6.231639830281886,0,0.5187637153723375,0.7862868391133045,0,1.6855242365830474,1.4230500640385106,0,0,1,0,0,0,0.44122783502567503,0
5.351486307221339,8.63824578371617,0,0.3711434601498673,0.20813122752541752,1,1.8000599656092187,0.4831929418081544,0,0,1,0,0,0,0.25439141167010004,1
12.786161728953841,21.162084636174534,0,0.10368512502999135,1.1013847086724304,0,0.25348845269625453,2.3925853565530746,0,0,1,0,0,0,0.08470857752481677,2
5.907802100785981,7.499591374642129,0,0.2776461794377246,17.78955442513328,0,0.9884457300771375,1.2486391213156316,0,0,1,0,0,0,0.4320565296867984,0
11.588359428096876,14.64605560099335,0,0.07519630577074274,34.47280380596465,0,0.6916483720421134,1.0428381369415043,0,0,1,0,0,0,0.41969059765711614,1
8.781194134543012,11.785276529951602,0,0.19502309809731108,19.41650050160658,1,0.8131218840165698,2.462094805374313,0,0,1,0,0,0,1.0689543299613216,1
6.000289158091956,9.225223470099285,0,0.24486436550928853,0.43001095042085524,0,0.887280268043644,1.0373560731692273,0,0,1,0,0,0,1.0208808905623181,1
9.526025486510736,15.410087845357754,0,0.2047415761460028,0.8176526205710372,0,0.7071392965204041,1.6872037143442227,0,0,1,0,0,0,0.2134555270295686,1
11.669383922045673,19.562725740473706,0,0.32344422306634224,0.5278279675388168,0,1.1870268591011497,0.863491411065824,0,0,1,0,0,0,0.17935804233565567,2
21.499876411483243,36.18848691901522,0,0.2512357193651917,0.2061535000343659,1,1.3178179049661352,0.5087556547055951,0,0,1,0,0,0,0.5963172043401035,4
47.24096969810837,79.95153675051216,0,0.39943158855704197,0.9526457400171662,1,1.1719830185547082,1.5048638224568889,0,0,1,0,0,0,0.46906844031462736,9
15.597199489138756,23.330421742401104,0,0.3379522846223423,36.5540052488317,0,0.6795630987378215,2.0483468143372687,0,0,1,0,0,0,0.6544117305068018,3
5.200174729605321,3.556823793583439,0,0.2485754117210624,19.343106038927083,2,1.2647950202077527,0.36138552895281517,0,0,1,0,0,1,0.9857570170502701,0
2.5301096826659966,1.4525741702377026,0,0.1965290513836327,30.231800334118006,1,0.48522211305826124,0.3319711333496065,0,0,1,0,0,0,0.6038076012196316,0
8.697375248904759,10.671729590880483,0,0.14449566044276496,33.489384540269654,1,0.5569623335546967,1.3611487926327914,0,0,1,0,0,0,0.27255386561754336,1
2.577243642181351,3.8624779462171634,0,0.21215568748036795,0.46688852469900805,0,1.099317695109443,0.8836055617285132,0,0,1,0,0,0,0.28891990542018814,0
4.393903889020569,6.852573089021274,0,0.26459509699358025,0.26735480197070693,1,1.158680211778113,0.5011850098767375,0,0,1,0,0,0,0.48839359254626225,0
8.240792167345033,13.552985562174705,0,0.0737310401320344,0.5430764153759365,1,0.2591963740058027,1.2785496169335708,0,0,1,0,0,0,0.1300459566671249,1
4.859738456638366,7.622463974512497,0,0.1621651773117509,0.7521337783563675,0,0.8688117492310315,1.3202573578654115,0,0,1,0,0,0,0.11623673990972862,0
4.740888673077626,7.624921811938132,0,0.2153375943528321,0.21750252004000029,0,0.810270561349024,0.6324159784129236,0,0,1,0,0,0,0.3801814826626666,0
8.70132634147559,14.19664500815508,0,0.05141804907438835,0.9984385194561934,0,0.26432437803443687,1.4247008860239887,0,0,1,0,0,0,0.24173574013650018,1
3.510922025256878,5.457040499586479,0,0.35484922579481815,0.5682427861236037,0,1.4904950515982132,1.1049600489180098,0,0,1,0,0,0,0.20000992779286983,0
3.8693524109695683,6.20916943134113,1,0.4061122640366579,0.29754029643704377,1,1.4738941144687292,0.48800804893787464,0,0,1,0,0,0,0.3636643007960151,0
9.438060523583891,15.334756014184114,0,0.12588553096569574,1.0977415191210642,0,0.2798952787676781,1.6533790460311735,0,0,1,0,0,0,0.19777004436637274,1
3.266382934893743,3.323361874985968,0,0.18776886888405064,15.341223332725422,0,0.8953329581907132,0.8893324682424391,0,0,1,0,0,0,0.19603321973618343,0
4.049859578560771,5.238668882529983,0,0.1884057223542266,19.111521282320545,0,0.6192346091933947,0.26541237719221855,0,0,1,0,0,0,0.494940719762252,0
11.152749148134117,15.326257133358222,0,0.18074757619034013,35.57660612824059,0,0.3582538766604181,2.2295377266200056,0,0,1,0,0,0,0.0928178801031272,1
2.962090365970557,2.740766406169177,0,0.30759032744980974,18.70343957758252,1,1.2144459400304317,0.4712360205112772,0,0,1,0,0,0,0.5586715492089087,0
8.350931994724622,12.126094001386292,0,0.18565854917334146,29.196582338756176,0,0.5979805113705965,1.6209376091325611,0,0,1,0,0,0,0.14891901815207115,1
1.7185795951804932,2.3408267907413975,0,0.3296658675711302,0.27267559550046827,0,0.9520601683207751,0.39574918765023215,0,0,1,0,0,0,0.2789006082958589,0
10.973365741510424,16.581893507558583,0,0.23577646950548647,22.59195207677918,1,0.7309382531238249,1.4111922106115098,0,0,1,0,0,0,0.20701683985274183,2
14.114462770477282,20.447260195353515,0,0.18842753804080697,23.49307737726715,0,0.783331393877902,2.6265791713697686,0,0,1,0,0,0,0.3232948503820083,2
3.8410314082483032,5.760499256949662,0,0.5161193862269096,0.6745996907678153,1,1.6928351678373414,1.1562464157020054,0,0,1,0,0,0,0.35418947974662673,0
4.719014042429902,7.55003268643038,0,0.4754630533952776,0.20472138344169802,2,1.9718581811315388,0.6017824831941051,0,0,1,0,0,0,0.26361625683210355,0
7.719509911104119,12.60627353973177,0,0.21460362756139045,0.6772283073133418,0,0.5243458087249047,1.0543363164925523,0,0,1,0,0,0,0.25309035944970765,1
5.295371298083837,8.506457488330613,0,0.18302768488267132,0.6669026976806652,0,0.6732737821749445,1.1061466214452778,0,0,1,0,0,0,0.2502314941344478,1
0.7028588398771742,0.8628281029404921,0,0.2541050555693693,0.1501942459882538,0,0.8724883094916217,0.2389019023871651,0,0,1,0,0,0,0.17874958688347703,0
9.328432041551919,15.371255172374754,0,0.12474572705294522,0.69557053682806,0,0.3314250051822538,1.4078586767924253,0,0,1,0,0,0,0.18772923149279136,1
8.03852191832307,12.428091846523172,0,0.1715076479885788,0.9839372096355695,0,0.6536827168563464,1.7710317489475718,0,0,1,0,0,0,0.8212919538769476,1
2.663997236101759,4.042840787994876,0,0.4827390144236191,0.31472681030617944,1,1.417047760203665,0.72771879939759,0,0,1,0,0,0,0.15749112344661564,0
4.1584543777264305,6.700155340538555,0,0.2574746224046699,0.2214826157937094,1,1.074837039869397,0.47879869485760834,0,0,1,0,0,0,0.32815365116190603,0
8.429006583238857,13.851566810192475,0,0.4575688647648868,1.1317255385259628,0,0.3521220416233286,1.409283176562145,0,0,1,0,0,0,0.4130604945365115,1
4.41227078726955,4.916802859914738,0,1.2884588701727906,22.250847786466846,0,2.385650993007919,0.8896696021909907,0,0,1,0,0,0,3.2237962041536594,0
36023.85129920451,62376.72322259061,3,375.73506197164374,1.1684705994675282,5,18646.381370357638,0.9893969849126338,0,0,1,0,0,1,144063.504136419,1
17228.61144221939,29800.028363590864,1,117.7104762815291,38.37201204815867,5,8899.95599651106,106.21454005850494,0,0,1,0,0,1,68843.76712945545,1
2.8026861886990715,2.9476154774968903,0,0.7506459926652338,0.13308349772453643,1,1.2987867867477254,0.32854621776544785,0,0,1,0,0,0,2.184047449364135,0
15.244037129517764,25.48624897841319,0,0.3771147085844271,0.17899467140487474,0,0.8825101689261541,0.4475374428491771,0,0,1,0,0,0,0.9219314317329305,3
10.438495305278774,17.17040544689338,0,0.2420284397052895,0.11008204293040105,0,0.768569289904285,0.26701667535549406,0,0,1,0,0,0,0.5655942864493577,2
2.4297881150553464,3.1919148932079953,0,0.23863325405103136,0.09276443429612827,0,0.5261291627750595,0.12246360997986452,0,0,1,0,0,0,0.54694400080083,0
3.484013152158582,4.66352715236474,0,0.30496497476694984,0.10839538128711589,0,0.7386367215695441,0.19637565387680322,0,0,1,0,0,0,0.4727836432507173,0
4.9427343604482665,5.882482222812966,0,0.20863298318458856,22.928698761913452,0,0.5846647379273096,0.26453250481715795,0,0,1,0,0,0,0.9385866163381977,0
5.649219501919447,8.6166969932716,0,0.37238939756256373,0.15657644913238114,0,0.7576009452570883,0.5322323471169148,0,0,1,0,0,0,0.9609728322928094,1
6.627755245600256,10.758641929969631,0,0.17508765059566064,0.2365420601685343,0,1.0537467196770773,0.6721928818152738,0,0,1,0,0,0,0.41358736500417104,1
6.369578672631601,9.540166122810946,1,0.25009179242062884,0.674805593938065,2,1.071123132619744,0.695782262473527,0,0,1,0,0,0,0.3247860574010577,1
5.8140808307241105,8.964596557135746,0,0.0356100385945792,0.8312956027890426,0,0.2465342961709871,1.385381554092814,0,0,1,0,0,0,0.17918307547071896,1
6.979002004998499,11.182269671011593,0,0.0699800760337009,0.5649880341963894,0,0.08006238779446714,1.259356113071573,0,0,1,0,0,0,0.12600296772334782,1
6.225780107620346,10.07738453655886,0,0.033184937748500655,0.6851376069366311,0,0.11316786272833784,1.225300886031781,0,0,1,0,0,0,0.20709518916556185,1
8.39415155394332,13.5949223859371,0,0.07145204106043437,0.8950764135091295,0,0.11156184021598785,1.5131021673241225,0,0,1,0,0,0,0.23494188634084068,1
9.397912914135524,15.029402645048641,0,0.027740457987289385,0.716882313242378,0,0.1605344025152103,1.2714267939096033,0,0,1,0,0,0,0.12056411515643474,1
8.318097197408232,13.789576668299052,0,0.21823994802954022,0.5923388769266286,0,0.31980963489713427,1.1573544368400281,0,0,1,0,0,0,0.3611960467439902,1
6.187857225606549,7.885553830921488,0,0.3015271622729125,36.08225038015979,1,0.8234421880699505,0.426554036193394,0,0,1,0,0,0,0.21246318709582435,1
3.2120554316178835,5.042469658418536,0,0.2115848584597752,0.20709957387261524,1,0.9898218505502624,0.24245967239505756,0,0,1,0,0,0,0.34955516290060684,0
1.5709962255414818,2.06306991354944,0,0.29234192209605825,0.22942369261775597,0,0.8719662039023219,0.4244676061726902,0,0,1,0,0,0,0.6420812994439571,0
4.035792107620118,5.868515688589422,0,0.30393507781457174,0.54798484296262,1,1.1206599518936895,1.1873333556042462,0,0,1,0,0,0,0.5705302686211521,0
5.66387843021617,8.89995654899995,0,0.06979845954287817,0.5594606484113711,0,0.5331906905090784,1.691012473075818,0,0,1,0,0,0,0.26971697403095474,1
10.757826044587054,17.523545921911108,0,0.034681828161151985,0.6313930502644447,0,0.29665340622305836,2.363905772462217,0,0,1,0,0,0,0.27927858617574675,2
9.303578759520976,15.124245552568068,0,0.15757422022345724,0.40947679776960766,0,0.42855833789902065,2.0579218756539848,0,0,1,0,0,0,0.07495579958089882,1
2.8217237229619516,4.5241022900579075,0,0.14087631164662945,0.04251267226563875,0,0.6704265026053202,0.24789725462760084,0,0,1,0,0,0,0.40588787493070927,0
0.9504592534544754,0.7667960349403583,0,0.24579585956391764,0.07438605073214556,0,1.273567555681491,0.10235902969006254,0,0,1,0,0,0,0.6430121752432842,0
1.4028805747898532,1.4794034234869788,0,0.23435401957460328,0.19892520565431435,0,0.8886160698961512,0.310143428790128,0,0,1,0,0,0,0.8476164687120177,0
3.170334476933511,4.5345968575584035,0,0.17303427285044032,0.4375846540572883,0,0.3590260412087398,0.79894242662537,0,0,1,0,0,0,0.5386493698545609,0
6.63628705319341,9.27247514809013,0,0.09758421857162883,20.860634950628427,0,0.24106931975050414,1.2321867545706733,0,0,1,0,0,0,0.20490896500136735,1
9.285708267048623,14.572290984881104,0,0.0359040705739314,0.6621450156175288,0,0.13387885854051118,1.3143038645323022,0,0,1,0,0,0,0.19731929782400687,1
9.004942364603467,13.943583374542852,0,0.24731720226764572,0.5135580009307963,0,0.8397655561667386,1.4731530977540874,0,0,1,0,0,0,0.37498338971902706,1
8.405645411792653,12.754660493721937,0,0.24642763974239973,0.34599789231984557,1,0.968333072721515,0.22962630331914916,0,0,1,0,0,0,0.47225686243506115,1
2.0814927781564045,2.6527086167851333,1,0.33538317219616043,0.1800331153691694,4,1.4187959583723555,0.497518079785495,0,0,1,0,0,0,0.6292256781315579,0
3.4940771655483327,5.184763070757601,0,0.21109293922221364,0.4639844389752372,2,1.109644635836358,1.0345557490117614,0,0,1,0,0,0,0.34873556653559373,0
8.579552892860479,11.502355057137873,0,0.08579037887640452,19.934464085828264,0,0.5439568529084959,1.7889744598513204,0,0,1,0,0,0,0.33497140897862726,1
9.305496319805362,12.959332863433051,0,0.10008543517518503,35.12691494283166,0,0.2811909523537139,0.8745483531957626,0,0,1,0,0,0,0.22240721777096562,1
7.324478666863657,8.63889130640337,0,0.20428319835205444,60.96528269286254,1,0.6576601197330993,0.3651694652132155,0,0,1,0,0,0,0.16697780669864754,1
1.1263213691219192,1.62859899834356,0,0.016107724299072125,0.08629214878651899,0,0.13590018417980615,0.1999749012171711,0,0,1,0,0,0,0.05987258463819391,0
2.097088953399223,2.833797912890105,0,0.3138710406142631,0.3223480325451118,0,1.2953499079108106,0.6098512765671792,0,0,1,0,0,0,0.5054809384803324,0
8.014080639883062,12.590282775542896,0,0.27794282420602023,0.8931280166909874,0,0.8054089051771629,1.3058393130115609,0,0,1,0,0,0,0.18456060302987448,1
10.504065513198588,16.998577577795043,0,0.2228727639454187,0.8339591532312296,0,0.8847559724564945,1.792524939496144,0,0,1,0,0,0,0.5747295397281955,2
10.261349188026635,13.458366809607273,1,0.3188153495426861,35.652985522944014,1,0.3848204340810802,1.070531330935178,0,0,1,0,0,0,0.38449574015524585,1
12.869118199151988,12.578100360627625,1,3.0790309801602405,0.8413972202989757,0,0.35426603325602984,5.174122804049741,0,0,1,0,0,0,0.42788335267853683,1
6.309545198318745,8.734772947557433,0,0.12986513265070493,0.9003191948865945,0,0.33981349660883764,1.1772765414603459,0,0,1,0,0,0,0.637096387582941,1
2.3139555350343026,3.4729098679269934,0,0.3152119994589364,0.46860365091183864,0,0.32340706705163774,0.535722559367936,0,0,1,0,0,0,0.25305876312839304,0
2.171248913084151,2.4432616487773666,0,0.24556851505827837,17.815667477817215,0,0.7019428728603698,0.1816943368243026,0,0,1,0,0,0,0.6594389168888307,0
6.518136969873583,10.968722983098665,0,0.08833712381428768,0.2975611961267445,0,0.2531657842366375,0.5108597819367036,0,0,1,0,0,0,0.09430917129029835,1
8.814121515138673,11.82896390357171,0,0.0334568990577057,43.49532168122207,0,0.08995219863314635,1.391955188428299,0,0,1,0,0,0,0.1514513274718408,1
8.355098103243813,12.594197606370072,0,0.2438331456319986,20.365799519434816,0,0.5190703312911463,1.7751452136109527,0,0,1,0,0,0,0.2923057234949283,1
10.684924413724259,17.512836123783426,0,0.2505577976411981,1.0026470152791411,0,0.35544972779705963,1.7569131211186033,0,0,1,0,0,0,0.4698105894257693,2
4.731144179768276,7.551744835663419,0,0.27712289616715846,0.5331470885703316,0,0.7173494253004447,1.2158508497029459,0,0,1,0,0,0,0.16699269174949305,0
3.571864715682929,3.3546798094836836,0,0.3255326571802695,29.80105330517679,1,0.9252168066917326,0.6973911051097801,0,0,1,0,0,0,0.6644419318793615,0
2.801833269542855,2.972094944662551,0,0.3274475987981341,25.6776000033938,1,0.7961631812789329,0.29658616368934554,0,0,1,0,0,0,0.3184968831699516,0
5.1594552607614395,8.148698098422216,0,0.15753499700686358,0.2228303643438825,0,0.23653035207651324,0.43863933357131246,0,0,1,0,0,0,0.2794989080103329,1
8.289290539415953,11.715824248653854,0,0.033545554051240524,25.404856580088925,0,0.10378134003424667,0.9085040130149098,0,0,1,0,0,0,0.20075543997962353,1
5.456301678668501,8.96570706586797,0,0.051860190934974966,0.6798639292479549,0,0.2136074572113147,1.1199553213454343,0,0,1,0,0,0,0.15073275811397943,1
1.9551705619387065,2.6700474320157985,0,0.11379908300662629,0.45687623552625206,0,0.6453619267200348,0.417922255982632,0,0,1,0,0,0,0.32489699029832636,0
0.8053300678641555,0.8701015610605203,0,0.3660342327292729,0.2600857141402082,0,1.1557597379489417,0.2936712095600208,0,0,1,0,0,0,0.401818655145486,0
2.8818976633004185,4.5424835963231995,0,0.24370168111035942,0.039440316889352525,0,0.9500096526631002,0.134738628022231,0,0,1,0,0,0,0.35111839517062354,0
9.899999740944121,13.860412301990722,0,0.14076071107968144,34.6950761817235,0,0.31640234204808637,0.8519938307974202,0,0,1,0,0,0,0.18629080870164264,1
10.5927887963269,15.243152713184712,0,0.14302652956879133,43.386720186973925,0,0.17956628284502718,1.5818539763936987,0,0,1,0,0,0,0.16217734408532417,1
13.76694088458783,21.216456640896343,0,0.06273252689262193,20.711759318647193,0,0.269092331909325,2.1144298990283508,0,0,1,0,0,0,0.09038659244867865,2
10.623288968387314,15.051537351750023,0,0.10916458776117413,33.41339522732579,0,0.40097536150453295,1.9591130005780863,0,0,1,0,0,0,0.2408407681550122,1
6.18909907624511,8.61524482873111,0,0.2914960381534326,33.71826539675733,0,1.0750158131825571,1.3268367554834404,0,0,1,0,0,0,0.20536697259539813,1
3.1253238483829406,3.6318370952967167,0,0.3561571180306414,17.7326618754878,1,1.183719142623967,0.7417846012361152,0,0,1,0,0,0,0.14013013856857462,0
1.7561212346683495,1.6950685327592068,0,0.34902534752141456,14.190519947804415,0,0.5832091617069379,0.4776405305091566,0,0,1,0,0,0,0.03743603717680996,0
3.649939200217516,5.006021134749454,0,0.5833739846073484,15.50380655955164,1,0.9533510077543645,0.2859917313186232,0,0,1,0,0,0,0.2078675471207202,0
7.879717286462785,12.281127241317638,1,0.7353165814974898,0.4236779254421126,2,1.7851507759794012,0.44784975958295514,0,0,1,0,0,0,0.6936996247799736,1
10.936841546485276,17.275524800199587,0,0.16414677309708453,0.5973958896744567,1,0.28274418884585056,0.9449589078697369,0,0,1,0,0,0,0.427918977225753,2
8.718727668588722,12.831556778570997,0,0.5076205421986758,15.842285772331508,0,0.33135045118888706,1.3690548792713666,0,0,1,0,0,0,0.7002291123043725,1
4.055826237361995,4.785343665604789,1,0.26741184345957725,15.684086259046717,3,0.7115773615184866,0.7909590157129023,0,0,1,0,0,0,0.2595377430664635,0
1.6766769223445175,2.568616702657099,0,0.13473062784271878,0.35244603766732535,0,0.6040606588643247,0.5434023452502812,0,0,1,0,0,0,0.1298769766846949,0
1.4400545073825644,2.128513718419377,0,0.21204785507490825,0.07403148745920088,0,0.6680132997324402,0.13089756042316422,0,0,1,0,0,0,0.3371382509117696,0
5.2031039597257625,8.82603217792994,0,0.15752469606372868,0.24583406486173745,0,0.4973843017720924,0.48844273991884307,0,0,1,0,0,0,0.1109074573787184,1
11.091277809242849,16.995957976972214,0,0.034142943634100496,20.3920809907616,0,0.17419866647130727,1.71735686282797,0,0,1,0,0,0,0.17520121349740952,2
10.168747733873502,15.16047816133366,0,0.14297947409259104,21.731864607654895,0,0.5912194771572029,1.8721306850266486,0,0,1,0,0,0,0.3200559643066093,1
9.266387536814396,14.145689928602117,0,0.06740950163725734,20.541240536135557,0,0.15407677189773214,1.570194941836861,0,0,1,0,0,0,0.20111449723060315,1
4.608819530107164,6.150686613435951,0,0.395331650231452,19.108993665125766,0,1.2165132598679143,1.0191414292467198,0,0,1,0,0,0,0.38374760473697295,0
1.8624670862528312,2.5651491554749435,0,0.25741148281602333,0.30715245193761087,0,1.1212391725977797,0.475690460165277,0,0,1,0,0,0,0.5088309490635297,0
2.207810289800281,3.6071118365950836,0,0.35261695371216506,0.19285489672534,1,1.2516182911602844,0.33978052618177534,0,0,1,0,0,0,0.10653423836677701,0
3.7033410828346254,5.936055744837659,0,0.3220062680275157,0.19798172843443632,2,0.9966371129040192,0.17939612436884345,0,0,1,0,0,0,0.23485197411060527,0
7.389897119521894,12.158970341211262,0,0.12768990224206425,0.40403803703627017,0,0.3123515753030935,0.6131180579819904,0,0,1,0,0,0,0.2686596981193488,1
8.470639308747284,13.8969101033706,0,0.05394789079058,0.7658790859996312,0,0.22167020184910063,1.1889066123598817,0,0,1,0,0,0,0.2611601962901905,1
7.652392408373499,12.092519391568395,0,0.02900729747692319,15.88755848390111,0,0.14726662838997187,1.0596195018306345,0,0,1,0,0,0,0.10733027426467326,1
3.780852175175268,4.761151200968113,0,0.07733836199923291,17.196486084438625,0,0.44964409106314995,0.7784398001542057,0,0,1,0,0,0,0.600330961919348,0
2.286845602574685,3.358507176793994,0,0.14145304283468413,0.4981455329064518,0,0.4582843624086742,0.6363219807127285,0,0,1,0,0,0,0.29083305375284574,0
0.5397855270463419,0.5892437915408241,0,0.21718045131796881,0.18500826696949885,0,0.6633641990785738,0.3122671738481321,0,0,1,0,0,0,0.2053146124640598,0
0.760896446146194,1.117755897723624,0,0.20550662604660838,0.07232721980435924,0,0.7460876356562267,0.09121421013699287,0,0,1,0,0,0,0.07731964513192599,0
2.2856316124586016,3.5208532538890407,0,0.08990542707611812,0.06788470550948536,0,0.4545918146369152,0.06149715361562545,0,0,1,0,0,0,0.48545724099047993,0
8.104325253063822,11.04343825828185,0,0.1270950192542385,32.908478495569405,0,0.5335032101951407,0.7077983607974816,0,0,1,0,0,0,0.19031772232287278,1
10.009055927954762,15.252359324272781,0,0.09905904176861399,20.360128465412956,0,0.19627223062780144,1.210479143755767,0,0,1,0,0,0,0.211851251464358,1
12.554643465368645,18.23038535733467,0,0.03462837879807267,35.65953605576643,0,0.1570769424237306,1.6975641908540475,0,0,1,0,0,0,0.16478133273864543,2
8.108861757055532,13.294877948214204,0,0.06413368415208864,0.8082550329600222,0,0.143142096634445,1.3777408430364821,0,0,1,0,0,0,0.14995243138302555,1
6.634259166243777,10.84905065048533,0,0.19850267324659873,0.8157141354744071,0,0.5396883057847558,1.3903270802303456,0,0,1,0,0,0,0.20848942323888375,1
2.946764300471435,4.406030307825929,0,0.2646211266063524,0.5723675076158076,0,0.8523127208770185,0.7889524330693524,0,0,1,0,0,0,0.1270952066247123,0
1.659162309340023,2.4274278438982533,0,0.41584506630763685,0.20769922389639578,1,1.610445808962362,0.40896647106483763,0,0,1,0,0,0,0.3504634957778935,0
2.353048430924811,3.350287794298783,0,0.32331483955969764,0.21859642826024211,1,1.024207272470587,0.34665689149711665,0,0,1,0,0,0,0.26986057114575535,0
4.945782285472524,8.00103263877513,0,0.464623653285498,0.21747574185314422,2,1.2869173328648018,0.4450642986662945,0,0,1,0,0,0,0.37039701619932136,1
6.295614524344316,10.565721543867175,0,0.1781379439731683,0.46369554352319786,1,0.4961392185824314,0.49788791871592053,0,0,1,0,0,0,0.16493448649313597,1
19.58136103165919,33.29961293759162,0,0.12027679030907498,0.9857980526214701,0,0.10339500531855884,1.3819998653771548,0,0,1,0,0,0,0.1927002558734638,4
5.920471395341613,8.640715535386352,1,0.7382537518967314,0.9221586220129939,0,0.33149957490930676,0.9550202283662677,0,0,1,0,0,0,2.1449697783799104,1
2.7537624795900557,3.2962030689737833,0,0.4495717018861086,0.9025866754331446,0,0.581606282250307,0.6440372017769813,0,0,1,0,0,0,1.4615355485160484,0
1.1998989899085042,0.5149153496214677,0,0.3699182195640882,0.21464853542048043,0,1.0615740075294111,0.37034600722597677,0,0,1,0,0,0,1.2654907890916323,0
6.057266882336662,8.12417281843431,0,0.17881706943532136,18.393046845154956,0,0.8786461478136247,0.38204147955316525,0,0,1,0,0,0,0.8542032170719378,1
7.655471240998223,12.117776177810311,0,0.048612732834545355,0.5770272418148399,0,0.221403777398231,1.2913295437686703,0,0,1,0,0,0,0.5587919790195703,1
9.354170583640617,15.087617109477124,0,0.17225873015151555,0.9845955032842008,0,0.34667117693615207,1.7189311585551974,0,0,1,0,0,0,0.35025993548908463,1
3.583398575565059,4.2126546457751735,0,0.2794500837018481,19.603314681704628,1,1.0610589815167577,0.875051398893506,0,0,1,0,0,0,0.11009141654800189,0
2.3695507105643765,2.9174862382278155,0,0.17918490117469008,0.26717930954061625,1,0.8922644135251642,0.4660961242075772,0,0,1,0,0,0,0.37482187275273654,0
1.1158769402047344,1.5477524007289118,0,0.1761917497349158,0.099881100447866,0,0.6339353043243791,0.13027364677403172,0,0,1,0,0,0,0.2113865398669047,0
7.8505823136302215,10.62837119411881,0,0.06977218214627881,31.002766683364236,0,0.4726884949098847,0.5811561199575337,0,0,1,0,0,0,0.4704376145478407,1
12.524588512580298,17.320185685187724,0,0.10525972229167986,44.28927652891757,0,0.17685572718461878,1.6917045988994437,0,0,1,0,0,0,0.32494550154035307,2
7.567042328247259,9.43204655241376,0,0.16743734768817234,40.297634691962806,0,0.7343357837519483,1.1268504250009685,0,0,1,0,0,0,0.47730089750245985,1
3.4542281310029703,3.27815509540645,0,0.2839453253287367,31.531218412666263,1,1.126224599829779,0.680583534349098,0,0,1,0,0,0,0.3083150793597944,0
2.3927092273123214,3.813569652688254,0,0.3251235049484471,0.16042405632964407,1,0.9938944186144335,0.3887777489440856,0,0,1,0,0,0,0.17298636518542457,0
6.140375689446132,10.192949655291603,0,0.1392389557279637,0.36956994235791596,1,0.7428263338361671,0.4839862636578476,0,0,1,0,0,0,0.1431754435611474,1
398.26658824778787,671.2332485720725,0,51.93886342806192,1.2901277436498098,0,10489.679185816987,1.4850809094131465,0,0,1,0,0,0,1560.7020406091224,1
14.128060844850367,12.356979539458981,1,0.0032451198415853503,1.4567091030840382,4,0.0008521611901662449,1.6632742869496258,0,0,1,0,0,0,25.931308786489957,1
9.457998797636959,13.224315642014991,0,0.001461499781277863,0.7304643242210596,0,0.00024198313277204166,1.227669110080829,0,0,1,0,0,0,5.02691930332948,1
5.702309901548575,6.119037784436727,0,0.0009741470314065488,0.4592372282667876,6,0.0010819492550966526,0.8966993351790425,0,0,1,0,0,0,5.056418328723002,0
3.6496676016573466,2.673852169060181,2,0.0021755578145796596,0.3476353485610344,2,0.0008032343521323296,0.7431359976671836,0,0,1,0,0,1,3.239561192062581,0
7.473122484607618,10.866906709293696,0,0.0014829751864666378,0.19935718129438407,1,0.0001822487432900958,0.6194511515266121,0,0,1,0,0,0,3.5482199899885547,1
11.06938398671641,15.863605805152812,1,0.0005205998154941933,0.6902980589986317,2,0.0008983298367718377,1.0408042752778708,0,0,1,0,0,0,3.917829181636563,2
7.486242611911438,10.045703890744655,1,0.0006632958643327175,0.7247463090140707,4,0.00041978367470316835,1.2510260507546582,0,0,1,0,0,0,4.644833888970351,1
3.3479813296533187,3.247570767350369,1,0.0024433814014557425,0.31164473769037004,6,0.0012437903505118485,0.33479315499470125,0,0,1,0,0,0,5.783963864573164,0
8.322674804595591,10.703597822878677,1,0.0009347346135634558,0.3663039596123441,2,0.0010306165234437626,0.5561769216067863,0,0,1,0,0,0,4.951383833772854,1
7.614430291984039,9.979972938354717,1,0.0015629325472285927,0.6275509958963441,1,0.00041843338175527313,1.046603841486407,0,0,1,0,0,0,4.402251435128942,1
10.45924883872518,14.234562985700293,1,0.0014519587306937069,0.6362385826374375,1,0.0004356717766392255,1.3005546719430483,0,0,1,0,0,0,3.851020726151365,1
6.4393919389731895,7.524362701627917,1,0.0008992162109031699,0.5794727645200016,1,0.0001229786211906131,0.7902697669475507,0,0,1,0,0,0,6.40469559129795,1
9.141147212591042,12.313735721573519,0,0.0014022631108655077,0.5483115115142864,3,0.0001781967004487417,0.6428590899676077,0,0,1,0,0,0,5.086290256687612,1
6.7100525844868155,8.665957348202689,1,0.0026836652714125244,0.6688569715905507,2,0.00032755670272755476,0.8364536671751497,0,0,1,0,0,0,4.1165335392683575,1
4.905969319723424,5.3670930221382624,0,0.0010443333073496736,0.2814447873198284,1,0.002103930885588988,0.38895976782256925,0,0,1,0,0,0,6.227718272074096,0
11.029184933276618,15.771524216499325,1,0.002189117650992731,0.5636747249940656,3,0.00014670945902880034,1.1631556727252548,0,0,1,0,0,0,4.411664852124231,2
4.640727674187032,3.9695117078758138,1,0.004356309082323636,0.5242237641302256,3,0.0006501626996706792,0.6090702142165529,0,0,1,0,0,1,3.7895904079364198,0
5.1411606692308975,5.418271332892349,0,0.001823256851961187,0.24288301308720023,1,0.0002370702685841549,0.3356373407914309,0,0,1,0,0,0,7.039246235806247,0
5.370281993065742,5.819012273987332,1,0.0014212664527316042,0.16608890934113713,2,0.0001855289889834994,0.3916467427212873,0,0,1,0,0,0,5.001987700285679,0
7.649857294666738,10.47163602455422,2,0.0008182194948755229,0.5501714876961816,4,0.00032755670272755476,0.916685362171673,0,0,1,0,0,0,4.245228902491906,1
8.013332549615678,11.468693330025344,0,0.001874003900232395,0.35792887979421534,0,0.0007381703412116505,0.8038976007425581,0,0,1,0,0,0,2.973273518163885,1
5.425106770609928,9.118017807916923,0,0.33818010674337406,0.4084930011097443,1,1.6167459299860534,0.48305231760610745,0,0,1,0,0,0,0.09309070168115931,1
17604.04366011146,30466.25815238443,9,194.75267178619987,8.39930849152448,3,8490.81975256764,3.164005302172205,0,0,1,0,0,2,70373.14791534512,1
8.857619319548295,8.683108430681465,3,2.4071586524351636,3.331357340348962,3,1.327600738350658,0.8642165314569459,0,0,1,0,0,3,1.6176629139088043,1
13.284181064328019,21.392460851990833,0,0.5293095278366671,0.8717819840137058,1,0.9453312536548524,1.2080604458352544,0,0,1,0,0,0,1.1992688391510962,2
4.178334450866866,6.184217127863929,0,0.24478542860765995,0.31955256031544316,0,0.9655778620069445,0.5740852557928997,0,0,1,0,0,0,0.692345621661962,0
3.1345626702655687,4.47766041380036,0,0.23714009589394466,0.1907599292683762,1,1.2789848586229673,0.5196579037442097,0,0,1,0,0,0,0.3397192757105926,0
2.449305084020846,3.6298709110895113,0,0.15973685114636543,0.02813302959737584,0,1.1185408760735671,0.11210445555427104,0,0,1,0,0,0,0.5653349148956295,0
7.554753436340227,12.528900938503973,0,0.10728289457663334,0.4021614144014134,0,0.4405445294178007,1.0357780576121733,0,0,1,0,0,0,0.6905718557214725,1
8.492486410495985,13.589450398691069,0,0.3713954090338917,0.6334659187874518,1,1.527613701957563,0.7342902008734209,0,0,1,0,0,0,0.9928876239346256,1
3.2724572170521737,5.082498138072051,1,0.17560734332317607,0.3386914941621016,0,0.900346692533907,0.5082890806598722,0,0,1,0,0,0,0.534367830020056,0
9.078499265752114,13.968572687792003,1,0.3821943666376145,0.7017728416943344,3,1.524454701148378,1.0345422381826284,0,0,1,0,0,0,0.14896226470069276,1
9.803239667531221,15.186512927456759,0,0.3834367227771701,0.8756092233724999,1,1.2607636199193615,1.432956929390162,0,0,1,0,0,0,0.8945746086871282,1
3.9809644711262857,5.945118421128852,0,0.4126086153009004,0.33573430647283475,1,1.7034288161445916,0.507617806299862,0,0,1,0,0,0,0.6637514782198828,0
3.0890885649288085,4.375624167200748,0,0.4893699552291329,0.2876862676926895,1,1.4605305003983178,0.5384356535770123,0,0,1,0,0,0,0.6441581633612699,0
4.221439986140446,6.561164057263558,0,0.4038063363705005,0.25049413975417867,1,1.6936723050622309,0.500451646994909,0,0,1,0,0,0,0.3007042702934576,0
5.5524482006573574,8.649941866995329,0,0.8062588905451643,0.5618944184992515,1,1.5825201826008795,0.45043204357470945,0,0,1,0,0,0,0.8808829047920728,1
5.318409824630853,7.727400157873504,0,0.5316392512857393,0.10373322969471388,2,1.6418950014827023,0.23253862886224683,0,0,1,0,0,0,0.7023534344638593,1
8.37596239578326,14.156716261934118,0,0.3410701277950041,0.4309157435584696,1,0.6986947511182077,0.8086815869396209,0,0,1,0,0,0,0.21994175903948168,1
15.566469937215484,26.250438956845993,0,0.12991966174035452,1.1685286351687212,1,0.4404837816057555,2.2574135095428653,0,0,1,0,0,0,0.24757543243926078,3
8.30887767527089,13.268060916875514,0,0.24260872081243576,0.9868492248068336,0,0.6982039005995833,1.7324274902659424,0,0,1,0,0,0,0.48667641933966815,1
2.0033458718040063,2.7527162985171927,0,0.455375908624272,0.24862724312695048,0,1.4743615604563698,0.5288574297050799,0,0,1,0,0,0,0.6409679837135369,0
8.528046790593208,14.255515138567409,0,0.2751775740002331,0.22833359336866604,1,1.4890539219867502,0.7340208301322321,0,0,1,0,0,0,0.3307112458216774,1
15.85275396545402,26.31328154136318,0,0.24129659795015215,1.168404043856332,1,0.48846752195243864,2.295100660229926,0,0,1,0,0,0,0.31979067996982435,3
14.72594941453615,24.383750528765336,0,0.06414459534461428,0.9383121703616429,0,0.7519102792989514,1.912824163775818,0,0,1,0,0,0,0.5721887586490023,3
9.269458696225055,14.272931513228421,0,0.6263490003211919,1.1056409730143844,1,1.6176193712777867,1.6611987015870626,0,0,1,0,0,0,1.2623898700760774,1
2.139514386876642,2.3148896438107687,0,0.5053705020677388,0.32997575499938314,1,2.129223743309071,0.687832130645585,0,0,1,0,0,0,1.1829584156907709,0
5.02017676188394,7.435481001008693,0,0.5225705010754456,0.24813882141744492,2,1.78377185561318,0.37751506867936374,0,0,1,0,0,0,0.533542455969421,0
14.37438988269251,24.211534081014157,0,0.20822399106709072,0.6653586756549336,2,0.5472447327305204,1.4300750180009503,0,0,1,0,0,0,0.1751505587623233,3
14.120299160408726,23.553562916593542,0,0.19223405575375863,1.3440418393200972,0,0.23751788687796904,2.3426168339249083,0,0,1,0,0,0,0.2046039587129142,2
6.173125966049491,9.776565881443195,0,0.2815359038969761,0.7402916797155723,0,1.083373163214707,1.0320327593795402,0,0,1,0,0,0,0.28067687010219494,1
1.9181888436435433,2.814382249915632,0,0.34562604084434223,0.1623259243151938,1,1.5054916705099881,0.32330192300078453,0,0,1,0,0,0,0.41894998087807744,0
9.847015887860394,16.410462152807174,0,0.24334019282251704,0.48501351452894387,0,1.3291646860890942,1.018496440647453,0,0,1,0,0,0,0.4067598946045498,2
12.701552120292916,21.274496044760962,0,0.1319292915295092,0.8197823574756811,1,0.39524294890318223,1.7264404147312413,0,0,1,0,0,0,0.09784919463428585,2
14.758763680528622,23.961819251086162,0,0.20719438585898078,1.2145851438891633,0,0.9077496796906094,2.184419311020434,0,0,1,0,0,0,0.7784013473612108,3
4.607146427230956,6.996745739092687,0,0.39872801329815566,0.7191732120130183,1,1.584837975117046,0.9114089335610072,0,0,1,0,0,0,0.42580242386943223,0
2.7007598198635794,3.8358352517955514,0,0.8922345634216274,0.18994936288810876,2,2.528036879382152,0.4391873031600835,0,0,1,0,0,0,0.8051930399181708,0
9.611715910865325,16.048980351691778,1,0.25277948542640083,0.4370064050721123,2,1.0135830458955593,0.7372559460366401,0,0,1,0,0,0,0.4612475279433679,2
18.415967057124718,30.977891611971557,0,0.13598380350163217,1.1435863243805535,2,0.34758255037116315,2.3903186920035133,0,0,1,0,0,0,0.41595099222013665,3
9.09766403134031,14.937203811522611,0,0.13818191830079912,0.8923033392668593,0,0.7022965423182452,1.5050457026967603,0,0,1,0,0,0,0.2942144745958072,1
2.058313212348602,2.980238101531327,0,0.3495430212618185,0.3252624377806766,0,1.4204761757842346,0.31073050355698617,0,0,1,0,0,0,0.2822395253772465,0
9.394565955475997,15.701982466399333,0,0.5101438374417995,0.6182893483760488,1,1.686049398121825,0.7949245359918912,0,0,1,0,0,0,0.629028284374815,1
14.357563024683678,23.93103199773694,0,0.17568799015359793,0.9932818768510265,1,0.4555664406041575,1.7106153075438417,0,0,1,0,0,0,0.16564722651068756,3
11.92789708229866,19.569800945489156,0,0.18048909786360282,1.3013872102351227,0,0.9452503226796216,2.2651109178126263,0,0,1,0,0,0,0.3586332630166086,2
2.9536136685557297,3.8623072422369575,0,0.6706384996424763,0.31910962363726914,1,2.279962969984929,0.6568509610784045,0,0,1,0,0,0,0.9279326583045591,0
3.7690618995787317,6.221965858090531,0,0.49622244680391814,0.21075676232958696,2,1.7060562425710368,0.378597181111489,0,0,1,0,0,0,0.2201265200241252,0
13.371522150735867,22.53900387942512,0,0.21027811873174124,0.7844122365319214,2,0.6459356451273331,1.5114456253057438,0,0,1,0,0,0,0.11220715806870368,2
13.386030978369083,21.84062546956988,0,0.14873814603069402,1.2890244934294073,1,0.4866635993880068,2.16303698515388,0,0,1,0,0,0,0.7739855575305445,2
3.375811080016859,5.029758040045344,0,0.2641699333800173,0.4348568767373684,0,1.8146475800266142,0.7691996203390934,0,0,1,0,0,0,0.8844215646659106,0
7.7407116486401275,12.519181339090064,0,0.5102525760912502,0.2505835198650558,2,1.5578673050789114,0.7227313413861844,0,0,1,0,0,0,0.7536122389009215,1
17.81548863916194,29.314496214402457,0,0.15734437992370617,1.1536890461033218,0,0.42942550075437713,2.3623937711546232,0,0,1,0,0,0,0.48421152758678054,3
9.077379510727651,14.765794292159176,0,0.5249872206899144,1.016775947715118,0,1.1106609501372442,1.6347737530872894,0,0,1,0,0,0,0.24053672448659627,1
2.947478197549728,4.305278853845266,0,0.5009408907125453,0.46937204493406176,1,1.8754791523792418,1.0298189266759854,0,0,1,0,0,0,0.30611247705774647,0
7.007354452308548,11.31389657646687,0,0.7403601998690921,0.3811189759685695,2,2.192016014900858,0.6730721600421775,0,0,1,0,0,0,0.5561789024518299,1
12.438855460678536,20.680903025118905,0,0.09581951245311693,0.5038809680642113,2,0.5259576625776021,1.4432538761554343,0,0,1,0,0,0,0.47239552257402045,2
13.145773093298082,21.165027735238287,0,0.18628193579186103,0.9534218503505162,0,0.8018309547060285,2.399497083335505,0,0,1,0,0,0,0.6876045897184894,2
3.24152925668701,4.290020942705165,0,0.2939220718894919,0.531777218875494,0,1.386976827555289,0.6861058446849746,0,0,1,0,0,0,1.1129269936639499,0
5.043471497427398,8.191003054317914,0,0.5263706145866751,0.16927850956133886,1,1.931245321015329,0.3943489144640602,0,0,1,0,0,0,0.4217133914306692,1
15.480953172019904,24.15379734924387,0,0.3401243126262751,0.9016787468215591,0,0.5063041039069338,1.947802007999134,0,0,1,0,0,0,0.4465329859869945,3
19.90716203119253,20.712378661481388,1,0.9564383916098993,59.801428039641884,1,1.1751759173657361,152.1827341821192,0,0,1,0,0,0,1.2081956478815963,2
14.61233948375159,20.65133937208588,2,0.7481156652639854,0.6469244623319124,3,2.5368328023053177,1.9754335007346722,0,0,1,0,0,1,0.7482866161897941,2
15.407010373277128,23.027056521429262,1,0.4208029181527416,2.8547830159265164,1,1.1525796716528878,4.917388111194846,0,0,1,0,0,0,0.5826120469183579,2
13.96752937908809,22.731090772214813,0,0.6927492956449115,1.2001994026555234,2,1.850761971985048,2.055835171302773,0,0,1,0,0,0,0.29448184389222964,2
8.883184104511992,12.961054405701612,1,0.5113001450871715,1.4455784743056668,1,1.5856178344392071,2.332280277846189,0,0,1,0,0,0,0.5193348372130199,1
16.572285227396645,24.364760037405087,1,0.5457402157450195,1.4835144719589086,3,2.3371177162731005,3.754577493377578,0,0,1,0,0,1,1.020813732224897,3
14.888010599846586,23.28545768945957,1,0.7983510840559731,0.933105062729586,5,2.854398313361904,1.9153220428528992,0,0,1,0,0,0,1.2885385657787698,2
7.458516508445961,8.27367896827255,0,0.4617461890178368,0.4660265513752506,2,2.3447079780055007,1.2665650761357927,0,0,1,0,0,1,2.0017824707007197,1
9.387194986761754,12.983491354167226,1,0.4542686914722804,0.9564499026734814,3,2.5427663356641785,1.3025736176614695,0,0,1,0,0,1,1.5854876696985316,1
7.849890230681508,12.23290108934741,0,0.3517223094074521,0.7599593826551017,1,1.6252725209841268,1.463500504583594,0,0,1,0,0,0,0.5768395861930447,1
13.110031731887508,19.884703580604132,2,0.6026361137657982,0.9395095313357473,5,2.7234517505885742,1.6515450168234453,0,0,1,0,0,0,0.6453371927431995,2
11.339657228259993,18.167557994394745,0,0.2632773781645747,1.01273233034912,0,1.298518299472304,1.881218836837055,0,0,1,0,0,0,0.3731098029299956,2
11.016062791929397,17.440296744525735,0,0.5200419471577118,0.941055630680579,5,1.7836061521463806,1.7023150263008664,0,0,1,0,0,0,0.6214665267200425,2
9.204664273981313,15.127904887416737,0,0.418438080193988,0.2997230575336272,2,2.525401167153853,1.0093623722730336,0,0,1,0,0,0,0.8198882016168851,1
14.527966712038552,23.531597211452276,0,0.30919335928897085,1.3056736420888915,6,1.502826337805767,2.186126395515022,0,0,1,0,0,0,0.4381573294446942,2
8.063367777074545,12.29639308570053,1,0.5998543090985076,0.7231784507935485,1,2.122355939796788,1.546262838537066,0,0,1,0,0,0,1.2199834434024213,1
7.688875761529065,12.082220419364521,0,0.5145133742635231,0.5569623439730366,1,2.1849504917249254,1.1421086955525945,0,0,1,0,0,0,0.5058100006833672,1
14.506242638849084,23.070177724560157,0,0.3258861035088516,1.0209029232991358,0,1.2956000035046014,2.34188679534767,0,0,1,0,0,0,0.939809084701541,2
5.99574466610971,9.420535464106655,0,0.3501231959454002,0.7320664145594437,1,1.8214019672244544,1.2483462941265915,0,0,1,0,0,0,0.6965430514011374,1
16.034457653791314,22.85985810020569,2,0.2954893662221619,26.940217983956835,3,1.5124142442835367,1.8447190560601792,0,0,1,0,0,0,0.6060723066134077,2
5.996674817844199,8.672437972192991,0,1.6137277631090945,0.8895080928873926,1,2.3692265073202696,1.2555826630318663,0,0,1,0,0,0,0.7180834436703358,1
4.250717621938579,6.361812187574201,0,0.5496651886349616,0.6736312964902823,1,2.3445347812961237,1.1314618014528903,0,0,1,0,0,0,0.8610231472761521,0
6.90803490993148,7.299356795425971,0,0.515072531380038,24.315344414963032,1,2.0493064236886585,0.8006270240129617,0,0,1,0,0,0,0.8647504020469499,0
14.554725737684864,23.19658951481025,0,0.6035508024857335,1.256486423848885,2,1.84855719265849,2.2257008727496106,0,0,1,0,0,0,0.4974984208527631,2
10.158290402663297,14.79812562279042,2,0.41768143094095667,0.5602948795495032,1,2.452604510580331,1.6429551814223102,0,0,1,0,0,0,1.0479909473355051,1
12.182777672129566,19.543552362226002,0,0.4997720294466786,0.7025110041835682,1,1.963050583337246,1.8497840209086247,0,0,1,0,0,0,0.32158255849901524,2
13.954635202364276,22.292249425758488,1,1.1378710047425113,1.0340924233430209,5,2.756505896451261,2.1766786367906272,0,0,1,0,0,0,0.9031648724444152,2
12.295269417574152,17.13829288516479,0,0.60490285713045,27.263761395779316,0,1.4013518763110882,0.9139482371320049,0,0,1,0,0,0,0.9251355210187757,2
14.646606834464981,21.95659324424815,0,0.7676179318691634,2.301364020932268,4,2.9338419206125135,5.951740911371804,0,0,1,0,0,0,0.8185947864147134,2
13.703684646512487,18.489852490366008,0,1.0245949718547784,6.7526990776305285,2,1.9229226680453033,18.112044446881605,0,0,1,0,0,0,0.6125676712619748,2
8.26858697708391,11.340097330151812,0,0.5504687285230754,0.4034184948819134,3,1.6772409011756166,1.2014504447089092,0,0,1,0,0,1,0.5547674063862793,1
14.60727725802464,20.06206599117234,0,0.5972135462176995,5.622425349994872,0,1.562866348671383,16.735117941366525,0,0,1,0,0,0,0.5735331375995958,2
13.12268817196571,17.28837671929333,1,0.36001618857779893,2.5260690841893605,2,1.014640919623032,6.879995390847808,0,0,1,0,0,0,0.44091833468797703,2
6.750396018151922,10.19959216421878,0,0.4720050135007536,0.940750920038681,4,1.7165158396832578,1.5235316605014384,0,0,1,0,0,0,0.9566657013299271,1
9.034526405744892,13.465403923816043,1,0.2889339214480354,0.6437386718568427,1,1.9257913352230482,1.2958243614906804,0,0,1,0,0,0,0.6566114171479555,1
11.859331822426713,17.17307880268648,0,0.5402215976956233,0.5803272013384064,1,1.9049404713790425,1.8534733244625947,0,0,1,0,0,1,0.8932894875093782,2
6.173363732263171,7.07597230459191,0,0.3217639743321328,41.01009711445768,1,1.7717299476590844,0.8545828477577622,0,0,1,0,0,0,0.3621672100131741,0
10.971333549810886,18.102416867744196,0,0.13529144342124863,0.8177436344667113,0,0.5169962200110751,1.6068468489258456,0,0,1,0,0,0,0.3412302319975336,2
13.022907823005731,20.91621245421104,0,0.25965264909453156,0.8368338987435691,0,1.1261890277596092,2.2453379211661217,0,0,1,0,0,0,0.7736968226811807,2
9.834859175058643,13.277416460366085,0,0.36629452391377293,36.336212799427436,0,1.6892236086242471,1.7452201393400004,0,0,1,0,0,0,0.6392851583054062,1
7.250187862503881,11.763094948798015,0,0.14522299499284752,0.4859202281365551,0,0.49756276016315365,1.0328879026002713,0,0,1,0,0,0,0.2817069664115416,1
15.4302022171163,24.42812392988738,2,0.6393953678798623,0.9228687982208709,3,2.105144385902926,2.5288833600010574,0,0,1,0,0,0,0.6849389879188528,3
10.625988871984957,16.864156546367795,0,0.30575829976377733,0.7130067118138163,1,1.8528964936088463,1.3928219928224095,0,0,1,0,0,0,0.6789399428945444,2
8.975641573440795,13.882116772206901,0,0.275926706411266,0.8491991765041312,0,1.5166053533905974,1.3368991092254474,0,0,1,0,0,0,0.35431217286571665,1
9.084520380362939,14.307680976630472,0,0.3197684389388109,0.5497403255983843,0,0.6451137676695875,1.5106161189120895,0,0,1,0,0,0,0.4353064555396823,1
18.01545073801749,28.832711288991558,0,0.6936770856054608,1.3886138471226186,2,1.846147591488914,2.8372950171621256,0,0,1,0,0,0,0.7642417076449199,3
4.512468559018157,7.10462458205276,0,0.29919676141053864,0.20176160935566664,0,1.1254082178521463,0.7926415744068076,0,0,1,0,0,0,0.6389865365727928,0
16.449101375666473,24.44863388461648,0,0.23033949510123133,36.31011049395638,0,0.4824770382237352,2.2443152102711004,0,0,1,0,0,0,0.39754618796904445,3
9.375212388928995,13.51510152552679,0,0.3741109250289415,33.85601349364303,1,1.2897100631889757,1.854757196539877,0,0,1,0,0,0,0.19241963190852465,1
16.621271553879744,26.848657137838334,0,0.5967122284532014,1.1071762841471828,1,1.3592444599527762,2.0508745074954406,0,0,1,0,0,0,0.49125752577650783,3
10.400177028337973,16.776495347966385,0,0.4398345673748896,0.894329300367491,0,1.4829112652769996,1.8222518028952122,0,0,1,0,0,0,0.41127699154469766,2
10.001451384701772,10.471001181271133,0,0.37950829469697195,56.325104736974545,1,1.4448297595599577,1.0434204446528865,0,0,1,0,0,0,0.5409843665651288,1
14.499830875586513,19.536261055861374,0,0.24526311022550973,34.562725555121915,0,0.8263332960668481,1.9576792001838095,0,0,1,0,0,0,0.732271517881621,2
8.349052279758988,13.50896465217257,0,0.3771020365784421,0.5467908910911847,1,0.951766136703746,1.785859764952907,0,0,1,0,0,0,0.24283685969826274,1
10.536250438142707,13.547672178950735,0,0.27933911566062297,39.577671323369735,1,1.3610257204630944,1.358029082613697,0,0,1,0,0,0,0.5648279609433814,1
12.713318215836715,20.561903975388745,0,0.3940388644074936,1.0684727973270678,0,1.7727648848298418,1.9178595919046244,0,0,1,0,0,0,0.3459527388610646,2
10.319750238179397,12.866181048647396,2,0.676915866260389,43.07926261824989,4,2.0504265415565435,1.1647200226195458,0,0,1,0,0,0,0.46174808016898644,1
10.681385932664218,16.505314745526352,0,0.17270688171685952,0.8833765018569479,0,0.9001588683191712,2.2451532920686166,0,0,1,0,0,0,0.48514287465080463,2
9.05205434533801,10.52915753510879,0,0.5028162675219582,60.027451350056744,1,1.9871291039180876,0.7009876437183866,0,0,1,0,0,0,0.2801805186231329,1
15.012740640237542,18.999223344928907,0,0.2063126681030752,44.23095622469901,0,1.0263235250596408,2.742807284400058,0,0,1,0,0,0,0.43437247904196347,2
9.684393047436982,13.303425338048765,0,0.5119998627347053,25.864426509540465,1,1.574748962975748,0.905301868325338,0,0,1,0,0,0,0.35414516995967604,1
13.446403513214493,18.64212396969335,0,0.17292058749128209,37.5759022030699,0,1.0670646227843232,1.9253981282443255,0,0,1,0,0,0,0.5948052028359812,2
8.03432156152433,13.109298388766236,0,0.23071000246289208,0.49571392198432257,0,0.5854506070061648,1.2913382783372223,0,0,1,0,0,0,0.5122078612860734,1
19.66264284547931,26.14490287959175,0,0.24033749056373693,62.523167327623526,1,0.5858379688178801,2.199918074054752,0,0,1,0,0,0,0.157813891010057,3
5.417337447733206,8.172252832599273,0,0.473688220981523,0.7215007159622939,1,1.6924728484527505,1.1518393096101596,0,0,1,0,0,0,0.937501022805243,1
14.667144360661645,20.837021602251586,0,0.4675570476591435,33.452130254684974,1,1.4378374833853638,2.6920581930080707,0,0,1,0,0,0,0.5544655080444797,2
11.385047932136757,16.545470452787523,0,0.2841318624176445,1.5682939302956909,1,1.8699930572119974,1.7658752817920202,0,0,1,0,0,0,1.2088417493963448,2
10.578545363528411,14.827419668031732,1,0.5625336897094397,3.852074144920569,3,1.8238939419496187,8.083794623024563,0,0,1,0,0,0,0.8792082024038751,1
12.98543412938148,18.845455453325535,0,0.3923875236353914,3.1210273280225436,2,1.2000821912768758,5.809807138023704,0,0,1,0,0,0,0.5120932755522012,2
8.330560951104092,10.59375337633327,0,0.29106416919719436,5.121231248075558,1,0.9470074237137411,18.873409149688072,0,0,1,0,0,0,0.1981279749435409,1
15.551724731729253,25.334509089603138,2,0.5348344930921879,0.8435344773718163,7,2.588553065639749,1.6229875509215708,0,0,1,0,0,0,1.1430452699288576,3
23.19572856729438,21.666980074594747,1,2.3948692075296116,36.25040151587068,1,1.4210808635817207,5.273991707521211,0,0,1,0,0,0,1.1261633083449198,2
16.679577561711774,21.313750339835362,1,1.356625267825518,22.579884766402788,7,0.8471099026334774,15.993159960395598,0,0,1,0,0,0,0.5431875179596203,2
19485.84086968606,33714.76697936046,1,0.2877848432251328,321.6374288189058,2,1.3082813728401113,13998.506439165993,0,0,1,0,0,0,0.9179250547052371,3
30.59159292265518,33.44662698667195,0,0.23611529039834975,1.1767435253509453,1,1.4242288777985022,0.3139725337566072,0,0,1,0,0,0,0.2988929320587897,2
51.78396592528166,64.89324598544901,0,0.4552887405048376,0.2930823680762702,1,1.2566559339449164,2.631651417607954,0,0,1,0,0,0,0.6979378400800923,2
40.856921592879495,52.36678610082103,0,0.9004812797852547,1.117499519540582,1,1.0326760310822338,0.20935224327532714,0,0,1,0,0,0,0.6252947520883403,1
23108.46450636511,39999.40945274714,0,0.3886453748612856,424.7252809086324,0,1.0022510206443769,18461.274568928973,0,0,1,0,0,0,0.0828956000739367,2
9.816896586019448,13.634514589058314,0,0.32051629131561743,33.40859255539579,1,1.275832378269767,1.8486006037634664,0,0,1,0,0,0,0.48605893986119786,1
1.8084792415890047,2.1347340851218144,0,0.09673497082529159,0.7951266162309332,0,0.26887560785478304,1.6354589191218223,0,0,1,0,0,0,0.7529754419899388,0
13.459632895626962,20.26913290722883,0,0.2957300264045424,1.2832197901351285,4,2.4579433503026613,2.1318597468219598,0,0,1,0,0,0,2.6100662108697787,2
23.220497375730645,37.35430401898857,0,0.43628894038013943,1.6930259651299402,4,1.462905976801978,3.342398528190243,0,0,1,0,0,0,0.9819789833342494,4
14.757596559177442,23.027699529147554,0,0.41117130806858604,24.050069386561603,1,1.343008563483055,1.9540511885097887,0,0,1,0,0,0,0.6905739248226992,2
6.909474762040505,10.328571554965363,0,0.34193094781601696,0.18055555227597647,1,0.932213148349801,0.536035607706849,0,0,1,0,0,0,0.7088744056178492,1
10.858639047119562,16.549555036996264,0,0.27177922379912633,2.3015297539640285,1,1.2665883196239762,6.513396830467266,0,0,1,0,0,0,1.2073328421172425,2
10.438177359918935,16.797292502980376,1,0.4710540886778879,0.9287872557351139,7,1.7160434255828587,1.3115503178171117,0,0,1,0,0,0,0.8336150342279223,2
8.292577072418156,13.919595708574663,0,0.3367516760780427,0.4342872023542891,1,0.9455112161728543,0.9165601347046441,0,0,1,0,0,0,0.25671229451010935,1
11.56120335855344,18.47196403774442,1,0.49598186330576033,0.7833410853303959,2,1.3736615665015712,1.466208116721741,0,0,1,0,0,0,0.8168913313903726,2
6.663102539003909,10.563108499455048,0,0.37807317607671054,0.923170163787732,1,1.2938980497990331,1.482539905723843,0,0,1,0,0,0,0.8470205428621098,1
17.563032619603398,29.372500693182328,0,0.24813537931638985,1.3565266755580712,5,0.4201840050508434,2.1187559847553397,0,0,1,0,0,0,0.7028710113541532,3
17.17492536767599,27.67823624807371,0,0.0982364265071497,21.39688234248903,1,0.34044820382475405,2.2535469041583753,0,0,1,0,0,0,0.4237471554454597,3
13.166459954960985,22.146916851081727,0,0.10571471781379202,0.6961011721348203,0,0.14426682710936684,1.4397699754460942,0,0,1,0,0,0,0.21355864377478728,2
7.569743035543719,11.959451947659346,0,0.254050479478101,0.4143612724670555,1,1.42665033712281,1.0059029647783264,0,0,1,0,0,0,1.2878574611228633,1
8.443620564188693,13.866117441518366,2,0.46866796301446173,0.7807651788194255,1,1.2359526584145775,1.4753450123458198,0,0,1,0,0,0,0.802505819379407,1
10.130991998647701,16.27976795689628,0,0.5054839494839221,0.7142125362561889,2,2.29174444523211,1.2248227514648509,0,0,1,0,0,0,0.7767100412561819,2
11.391000608005278,19.334731516884155,2,0.14640761882050102,1.4285307106069518,1,0.8174808614045637,2.040395120086578,0,0,1,0,0,0,0.16288475538209674,2
8.950090833959143,14.532269801503785,0,0.49443477959939436,0.6283280651617129,1,1.7312281562303204,1.070853891566209,0,0,1,0,0,0,1.1385212625152272,1
12.68677303128803,21.286293299170836,0,0.2843202349374615,0.791266446354379,0,1.110704816097531,1.6667894523613147,0,0,1,0,0,0,0.6604286919086076,2
10.811805614139383,17.8019022683086,2,0.29977422611350646,0.7976729343170503,2,0.727682047997033,1.4545802553016314,0,0,1,0,0,0,0.30914425120105427,2
8.7137152168713,14.180414047280975,1,0.28728227020676567,0.6965401418442192,0,1.656097727721479,1.659527293844425,0,0,1,0,0,0,0.9815029191469211,1
12.027424701385588,20.039607333250878,2,0.512609946805566,1.5786194438830938,1,1.6260719633555907,3.037897577322867,0,0,1,0,0,0,0.4037519651888616,2
9.783342649541144,16.068094964020904,1,0.3251069213700313,1.1493200568931252,1,1.0152173713358223,1.6723428703362773,0,0,1,0,0,0,0.22735718091432056,2
11.719991088785868,19.337015495266545,0,0.22036824597909999,1.1818954780556337,2,1.0422093783384607,2.5255643924181483,0,0,1,0,0,0,0.26359189253502624,2
7.8345414025599736,12.47103364082701,1,0.3273853507610496,0.805901728829991,2,1.2942641378814297,1.3728712289368326,0,0,1,0,0,0,0.6736265513942761,1
12.004653898908993,19.68341145663902,0,0.37473989607126634,0.9462456997737483,0,1.191982644570166,1.5407645330903033,0,0,1,0,0,0,1.248626737788613,2
8.531509350860212,13.025957936334843,2,0.22299989525638045,1.3065536510920928,2,1.027489489338238,2.739470363780671,0,0,1,0,0,0,0.3738497417340007,1
8.502324556768562,13.818076477778575,0,0.5855234449251885,0.8233349123829625,0,2.3265244276045753,1.4814500729452527,0,0,1,0,0,0,0.5433359091328738,1
14.131354382196395,22.70948938627873,2,0.2165532498316013,1.1000531945374994,4,1.4171421017032348,2.745926318295492,0,0,1,0,0,0,1.022992050782914,2
9.886987498623519,16.257694991542653,0,0.4595324012209894,0.8626478186471365,1,1.5189379330024972,1.684772289840911,0,0,1,0,0,0,0.6264911181187216,2
14.333742149005714,22.24672299695116,2,0.33613233209451004,5.243747840670162,2,1.1852327738195778,13.37443958063754,0,0,1,0,0,0,0.8225056966654735,2
15.777551528325974,26.03376557194502,2,0.5214015716343543,2.4506037992544103,7,2.073186559631124,3.933442087794387,0,0,1,0,0,0,1.827836926810929,3
10.729980502850058,16.801112879921106,0,0.17467778485984292,1.79194693313474,2,0.8585247650685217,2.4578181955305776,0,0,1,0,0,0,0.29892255587576944,2
8.563859105508076,10.754131650815287,0,0.15684828913257717,1.6576646052407429,3,1.0944901566806062,6.912667822003373,0,0,1,0,0,0,2.6180128124608197,1
11.135296982667759,16.547665448637765,0,0.5769898058908981,1.521600123093569,3,1.3124581305914256,1.8315529291254178,0,0,1,0,0,0,1.1013598523745327,2
17.97110428399833,29.604255352465007,0,0.32123468300758395,1.720645966802973,0,0.9402612472878874,2.3622078965335236,0,0,1,0,0,0,1.546891380580802,3
17.33532566022679,23.977726513981246,1,3.781909516439983,4.53565604904345,1,1.2300912115702278,2.647317717096521,0,0,1,0,0,0,5.886876370885439,3
17.110818580744652,13.917021660643117,1,1.278200378184065,21.677184020612245,2,1.3953357166725184,57.41221125808781,0,0,1,0,0,1,2.696828087483528,1
9.357675673664398,14.36414812370127,0,0.3360402470655206,0.9138185233385725,4,2.1293199537854917,1.822347564616791,0,0,1,0,0,0,1.4551596724468245,1
8.347916168730634,11.617689299793627,0,0.6823815735863001,0.8682546266284721,1,2.876964503402715,2.185187050513998,0,0,1,0,0,0,0.8936207138405746,1
9.672957952720799,14.8042656922025,2,0.40295659733605516,0.5305193407849724,2,1.8515452401786234,1.4542188601832295,0,0,1,0,0,0,0.9145776201526626,1
12.919088546023062,20.559225590471694,0,0.6199012283478895,0.7775989165161026,2,1.7282588849512905,2.320439391254355,0,0,1,0,0,0,0.7715682978706812,2
7.879824521513591,12.303406325991594,1,1.3881303218969334,1.547353584559731,8,2.1010014585059023,2.93150042703725,0,0,1,0,0,0,1.2305058565029428,1
6.750245195640417,10.089573791244561,1,0.6126430541216461,0.48462697503178354,3,2.3019261073107065,1.3975095534198378,0,0,1,0,0,0,0.6843593885703969,1
11.286979420809814,14.548248433611665,0,0.46776541577078556,1.4895451469200618,1,1.5665132260226136,1.8333337226869115,0,0,1,0,0,0,1.1404841518445201,1
12.218260580008673,18.13132970781814,2,0.9123364362904091,0.6135751119717454,3,2.650648123070874,2.4627212892347874,0,0,1,0,0,0,1.4326348756876826,2
8.509593558669371,13.068047479648051,1,0.3078294145280082,0.4944849634915463,1,2.5740025429443136,1.5206382296382388,0,0,1,0,0,0,1.2484323819828287,1
8.268564762142878,11.943995864698966,0,0.5218714395547261,0.5028472491045898,2,2.3483058199981035,1.4061638034467556,0,0,1,0,0,0,1.2882741544929315,1
8.972682479865199,13.38488314722271,0,0.3930107270851081,0.5505720748269355,5,2.33709664479138,1.0332081249727776,0,0,1,0,0,0,2.1245761875191667,1
10.530159546818249,16.161507954306238,0,0.48560032703940254,0.5820344046992749,2,2.1596600802082864,1.2277980332641523,0,0,1,0,0,0,1.5929104335656983,2
9.080787146792854,12.950477848689825,1,0.24554962034347252,0.6829164931779237,1,1.964116852581064,1.5901849323794326,0,0,1,0,0,0,1.216284139480085,1
13.89677942396866,22.086845318175833,0,0.3378538788562463,0.8509759372480254,1,1.3813286528191049,1.9660756298290947,0,0,1,0,0,0,0.9313455965292402,2
15.023421306674479,23.875088154623647,0,0.3877316716900504,0.9114079790897043,1,1.8504437862067915,2.4919979348157177,0,0,1,0,0,0,0.7393333106832438,3
8.704271796499805,13.792294999042062,0,0.5336216591138604,0.5248537104075331,4,1.96872829741484,1.2664312077793993,0,0,1,0,0,0,0.568816913405264,1
7.851995243256202,12.030552964245251,0,0.43342609219063577,0.5754795092349188,2,1.7705983174263755,1.2613348445114156,0,0,1,0,0,0,0.818920322538766,1
8.85800588754599,12.972874664105166,0,0.6504705609214012,0.5185137698481477,2,2.5564436861639295,1.017645072635452,0,0,1,0,0,0,1.5706796725055414,1
8.666566587594632,13.561767148746787,2,0.5192014720417688,0.5121676138497202,6,1.9670344093066268,1.0195158416638819,0,0,1,0,0,0,0.7505971247866711,1
12.265245553299733,19.547215185947135,0,0.34861525767632384,0.8573985695043468,1,1.553699730675827,2.0394779102225495,0,0,1,0,0,0,0.7319136599483753,2
13.964842495577578,21.60688320147038,0,0.3123659989087464,0.954610755676021,1,1.8661856947952626,2.4448107876964005,0,0,1,0,0,0,0.9072605881488404,2
10.286535446900464,16.26876926436663,0,0.4916672685859777,0.721608333084172,6,1.5997857521518881,1.869617915699079,0,0,1,0,0,0,0.7844887005195176,2
8.393734496403825,13.066084973211046,0,0.23003132740964982,0.63567162009318,3,1.403638794050726,1.4872181637001498,0,0,1,0,0,0,0.7401219355600184,1
12.29118559835244,19.987795103728228,1,0.5750249076873671,0.862719526650123,7,2.316184507085447,2.184252367930891,0,0,1,0,0,0,0.4240781802638085,2
13.586265394971546,22.29502728882784,0,0.557364122156969,0.769403218359759,2,2.18900610774181,1.8820602341526225,0,0,1,0,0,0,0.6485224337951542,2
13.627532170394012,21.651050196621547,0,0.29191554659848945,0.8003467778494278,1,1.490515910856289,2.565512810537259,0,0,1,0,0,0,0.6226181167514634,2
13.684112345408975,22.328189689400446,0,0.3568536712437884,0.8662815279152605,1,1.558341672164509,2.1975766629581055,0,0,1,0,0,0,0.595981000866051,2
14.821567167062211,18.770405779262074,1,2.4124230722890294,2.6715774397300818,5,1.8539479330642246,1.6059569022731104,0,0,1,0,0,0,3.630318902003502,2
11.9655634107459,14.949888912638116,0,0.6026245884376287,4.3838954506003445,5,1.536963892325427,13.718852183480212,0,0,1,0,0,1,1.9145129137546841,2
10.296736777420424,15.53787186571176,0,0.4094125398484313,3.3921485324643337,1,1.5576927393730862,6.557543694713547,0,0,1,0,0,0,1.137114002210508,1
11.863203821630645,19.846435197607878,1,0.3223491731776761,1.2235203173089504,3,0.6714414584507464,2.02248624507824,0,0,1,0,0,0,0.7274140114454057,2
11.162187800291976,18.612677555016294,0,0.25231306554548,0.6629868079995797,1,1.0142865518987525,0.9178379739694574,0,0,1,0,0,0,0.6978646178761281,2
1.5707408598139827,2.3106380099482102,0,0.28474976594664575,3.2883855123979577,0,1.2622510035714603,0.6996461264237288,0,0,1,0,0,0,0.5230271189187234,0
8.177898707516045,13.486356294207095,0,0.26142601739597277,2.106854723155389,0,1.3091443241009828,4.215779922343549,0,0,1,0,0,0,0.41771239607845934,1
15.205776982213537,25.214691178825575,0,0.49841898789906375,4.711405475678329,7,1.2822894457564218,2.611127036316832,0,0,1,0,0,0,1.1394797924454028,3
9.895775792956224,16.139000768336945,0,0.28577773124941847,9.237070358532318,1,1.335155560567498,1.3374667335078638,0,0,1,0,0,0,0.9552985761104997,2
13.877357318518127,22.69570212352672,0,0.4028188531310694,0.8973597139187912,1,1.2445542481815428,2.2337448353003664,0,0,1,0,0,0,1.109121579978247,2
7.970425510702985,12.7725221285934,0,0.3696165414333875,0.8100663359809412,1,1.0341833097409454,1.7497692686340287,0,0,1,0,0,0,1.1457552515324445,1
11.134327500119573,18.392396170923174,0,0.4298607232248322,2.428503966320382,1,1.2852497354783696,2.8124069804919687,0,0,1,0,0,0,1.1867722984891662,2
10.51566634690064,17.410867454549805,0,0.16421262715515372,0.34610157697521327,2,0.9920013879843552,0.6300870879837419,0,0,1,0,0,0,0.5034270940007579,2
13.685749641893652,23.28485820948283,0,0.1343461274762086,1.3864711358644073,1,0.27045164973612823,2.1448491546659425,0,0,1,0,0,0,0.2663341511661807,2
11.52948038035609,19.30690268020016,0,0.01492349726747077,1.5250652300777348,0,0.11752977218691044,2.4350935043125252,0,0,1,0,0,0,0.12194686820417187,2
13.048826879533525,22.24466014536784,0,0.10608379221821293,1.3427511267310277,0,0.29314161311412157,2.0097537237560896,0,0,1,0,0,0,0.21992021050215133,2
8.933523978055133,15.115622184277498,0,0.03675653967374545,1.2362499299633334,0,0.1687582755275181,1.4895153145781128,0,0,1,0,0,0,0.13367582646849963,1
4.845571949414261,7.79599561509287,0,0.20958280405057395,1.2628239005334514,0,0.9853958413524518,2.1020938669400318,0,0,1,0,0,0,0.5578882786840027,0
1.5859109751250715,2.2739770633209235,0,0.38371666311673747,0.6447599283104974,1,0.9913596060956228,0.8118209149455982,0,0,1,0,0,0,0.4935508280531359,0
6.029829888989039,9.863215378014619,0,0.1859641244846238,0.20637487021409817,0,0.657326269521871,0.41510884036957596,0,0,1,0,0,0,0.4385264907722666,1
11.15117356191045,18.734772313341345,0,0.17007448088179436,1.354499720464287,0,0.676054443559077,2.1908589226755875,0,0,1,0,0,0,0.6458507103214218,2
14.13082774213943,24.00211623401874,0,0.0891514248720835,2.0418606471759673,0,0.32629096009636305,2.5842515894297997,0,0,1,0,0,0,0.2906384483864532,2
6.004166555214091,10.012961547068244,0,0.14110023810320396,0.8589570976437073,0,0.5150178289186657,0.9887547676140751,0,0,1,0,0,0,0.3939630397189573,1
8.186241362706799,13.410218388402784,0,0.13990383176514604,2.391616847905232,0,0.5378516080480013,3.5659933300269486,0,0,1,0,0,0,0.537716114042902,1
15.771630682090395,26.937573232085402,0,0.03898536104754162,1.5810212541652082,1,0.2567531339171158,2.2666512102822978,0,0,1,0,0,0,0.21960653580026152,3
10.8155236143291,18.178640854368503,0,0.06672346120864578,1.5504520276905254,1,0.43443190476288535,1.937010705429211,0,0,1,0,0,0,0.5634184014061552,2
3.8979945203016557,6.212948629037451,0,0.1469494466853712,0.8546310578566406,0,0.6866070159618146,0.9693938051298733,0,0,1,0,0,0,0.5690715420871658,0
2.3780337828818845,3.109897470098837,0,0.26290491983894726,0.2279697764729416,0,1.0010209161479815,0.3411630376810653,0,0,1,0,0,0,0.6667923211008058,0
9.61857301154603,15.892935494461966,0,0.23582366160384227,0.6716304900080771,1,0.4910594425871372,1.0198370624962472,0,0,1,0,0,0,0.45949937350786374,1
13.946385499893573,23.87875261122428,0,0.061469393557270255,1.4608833499002016,0,0.2882788347145221,2.3673777903706514,0,0,1,0,0,0,0.15483465587023368,2
11.813858216478652,19.948196528038675,0,0.14521889008224811,0.7056504582818703,0,0.8468922050470691,1.3357811900620165,0,0,1,0,0,0,0.3167005610044842,2
8.570084899032294,13.34452256255026,0,0.1803977001943314,9.707141840419068,1,0.6890667094788516,2.5762839926557266,0,0,1,0,0,0,0.29241901459429553,1
4.916005314347194,7.7024194222632545,0,0.1836525587071333,7.922526742004618,1,0.7089594562879438,0.9668582632009948,0,0,1,0,0,0,0.33174310407586455,0
6.3353867333254215,10.084999800413089,0,0.27130868997786717,10.28829369207758,0,1.0016121671085856,1.8508893297788065,0,0,1,0,0,0,0.1768710688370653,1
8.867723370131722,14.46859542884484,0,0.2801913344927899,0.8668007126104289,5,1.3274599718843607,2.1509867782585763,0,0,1,0,0,0,0.464765430606369,1
11.191091151638375,18.272651226422155,2,0.21435273287277948,2.052932995927114,1,0.508236315523853,3.9735124808924702,0,0,1,0,0,0,0.44327619582528505,2
8.355120675173998,13.972557473329434,0,0.033799315804821026,0.7177849040452802,0,0.06132133617980456,0.9741711333199159,0,0,1,0,0,0,0.09056141330486166,1
10.884278580697067,18.206487483939966,0,0.0726637947212298,0.8835102424941279,0,0.10504751842252119,1.0419623245793246,0,0,1,0,0,0,0.18445510774934734,2
9.662019074213653,16.464579204834266,0,0.033384562183951555,0.7047048746721265,0,0.06252768010616847,1.1240978901844034,0,0,1,0,0,0,0.007966820591810034,2
4.651491186029457,7.637876028169441,0,0.34054763987391184,0.5154041705987809,1,0.6917597504384468,0.8330309403316646,0,0,1,0,0,0,0.3834278899519293,0
3.137393189642501,5.061031284206477,0,0.2152341562612066,0.6725967834395723,1,0.4827369720905782,0.8002740378509431,0,0,1,0,0,0,0.2940054559988108,0
6.201314294171147,10.32219310443422,0,0.24516023967647263,0.5225696195585915,1,0.8512033389512933,1.0547939429282573,0,0,1,0,0,0,0.3844817191707865,1
6.837185683823102,9.984103231098599,0,0.3283102408457479,14.375916287665202,1,0.7710757465143605,0.23572927303862334,0,0,1,0,0,0,0.6533690462391174,1
1.9352662904953242,2.989211243976417,0,0.07017634076503809,0.29605969602736465,0,0.09798646856815418,0.482620891051141,0,0,1,0,0,0,0.1941686275626932,0
6.593224621582401,10.33058986664029,0,0.20775507515084501,0.7394141279407923,0,0.7193953241654036,0.9269625557698966,0,0,1,0,0,0,0.4049515251046137,1
16.666685824548008,27.271840434441373,0,0.4262309938310781,4.166482036909532,2,1.2226767662685556,9.306916211994789,0,0,1,0,0,0,0.6060996255538684,3
14.94570855216525,24.175613835574154,2,0.2140714791409152,1.4722865482429353,5,1.477682911586162,2.5847431557826606,0,0,1,0,0,0,0.6032010914984465,3
10.23023739298982,16.31149602593423,0,0.3463581700064484,2.105874582829368,1,1.5631549162585583,4.513693300367111,0,0,1,0,0,0,0.7969076096399386,2
7.031361818081361,8.111859330954976,0,0.3246434217484171,4.177050744540628,1,1.724059039993178,11.213073910985177,0,0,1,0,0,0,1.635207070076317,1
12.104520795547831,19.491293143162537,1,0.27715354913381934,0.7966695321165596,2,1.0395742417463918,1.2148398849630218,0,0,1,0,0,0,0.4773455836551385,2
18.444567758791017,31.241131830066706,1,0.161313004044666,1.2583782762607119,1,0.45099639224431665,1.8855504921843225,0,0,1,0,0,0,0.24145404553245853,3
16.71641857072698,28.185620637208533,0,0.13454921328706637,1.4605081900532326,1,0.3112368906275628,2.4473466273571822,0,0,1,0,0,0,0.108514314599037,3
5.018914841400348,7.72276093532098,0,0.2716348990590583,0.7995795445675138,0,1.079643192642819,0.9808968131488502,0,0,1,0,0,0,0.39581682870865753,0
4.916091963292111,5.789689819749699,0,0.4441737733047807,3.019891317954788,2,1.6041961396120001,10.525984961682946,0,0,1,0,0,0,1.1786886962407164,0
3.0037504516894966,3.9366761556798284,0,0.8938190132935206,6.176979394767468,0,1.2969794316290333,11.342076624325887,0,0,1,0,0,0,0.7854912256397968,0
13.681639440059316,20.414333674650166,0,0.4646002978850736,2.596445749240813,1,1.7017448215781086,6.406078860062836,0,0,1,0,0,0,0.31748681409921903,2
10.045608255215432,15.836072535823495,0,0.6635547253431637,1.896232492539967,1,1.3726694215787036,1.4151530729188382,0,0,1,0,0,0,1.5840274346622059,2
12.482334576181492,20.43717977481676,1,0.5344692463715862,0.9410689731739421,1,1.648101068124917,1.1832119168253756,0,0,1,0,0,0,0.971034704968143,2
10.963866181600117,18.31140185134591,0,0.3486643821721157,1.0105092844547965,1,0.9950697002563923,1.706827975309206,0,0,1,0,0,0,0.6892388133189717,2
11.361515212163635,17.9316941365718,0,0.2913359401432255,0.9916480942054651,0,1.2893035159832476,1.4022425732827426,0,0,1,0,0,0,0.5929330909831239,2
9.390746487193178,15.804003549982623,0,0.8413686613680444,0.8281744484376743,2,2.0694907845787696,1.4359695510094133,0,0,1,0,0,0,0.345294524470943,1
14.364802421266429,23.529584370551262,0,0.4146146413981987,1.0449967816464318,1,1.222243368378811,2.0710192722718146,0,0,1,0,0,0,0.32906506299686555,2
11.317511110390743,19.001311351459567,1,0.28499268580530546,0.9406958311269588,1,1.1335521879887414,1.556620634108195,0,0,1,0,0,0,0.4043582040809398,2
11.68157350156139,19.855726263374457,1,0.4090382468112898,0.9687202190084829,4,1.6548441016876179,1.569825974817357,0,0,1,0,0,0,0.35955556175862435,2
8.845765796620134,13.850326118953246,1,0.4067349006147262,0.9447590109028878,2,1.9412785615295407,1.5169808827884588,0,0,1,0,0,0,0.5877031679546041,1
12.44614161470581,20.657304940729453,2,1.1056830858178976,0.9310646788976276,3,1.6585900552379014,1.1001818894846531,0,0,1,0,0,0,0.54953597024126,2
15.64408185550632,24.97350291768542,0,0.7606441487567581,1.9206526464911802,2,1.9478609547581653,4.355329489879519,0,0,1,0,0,0,2.4771784785878674,3
10.902898237658402,16.659441700407964,0,0.8413437375664718,5.854258498530828,2,1.0728034919093805,4.831505880626297,0,0,1,0,0,0,1.023745266213464,2
13.531875747208662,22.69397437032096,0,0.3952538463365438,1.3261990187174435,2,1.480799587397534,1.7872813639546319,0,0,1,0,0,0,0.566009576736777,2
10.64280503322051,17.93995254509322,0,0.42446688146170874,1.005241153012447,1,1.0729359275124162,1.7072112523736638,0,0,1,0,0,0,0.40545393933823803,2
16.15787095224793,26.444326751778263,2,0.3498823328352202,1.771309143788018,2,0.9998301145280797,3.76951997139696,0,0,1,0,0,0,0.3411291274820057,3
13.22446132975914,21.133229559336872,1,0.3568832432137502,18.361901178289685,2,1.4931304781426329,2.66069778872252,0,0,1,0,0,0,0.4320532567599877,2
11.783867590427569,18.78801352657395,0,0.34176472292542515,0.7485732736122952,4,1.234521732418268,1.4528646825512699,0,0,1,0,0,0,0.45631112036091914,2
10.341173703903046,15.444318028634079,0,0.337256332332582,25.429652724068262,1,1.304367882444014,1.3561830897427696,0,0,1,0,0,0,0.8865501114864527,1
21.869177351448204,34.32873380769676,2,0.4368633568863509,2.5829427308214212,9,1.5278966625300276,5.210239749474963,0,0,1,0,0,0,1.29544000530201,4
9.343909956277606,14.988404681384585,1,0.2128662663020971,1.0559426582407578,1,1.5282948557897245,1.5161864922562154,0,0,1,0,0,0,0.6704176603607798,1
12.314171241547255,20.427933603753537,0,0.39143605251626706,1.7348748944481402,1,1.5384877150719296,1.7434049860986631,0,0,1,0,0,0,0.4829898285597849,2
7.345938674864996,10.74960932507851,0,0.5304325895121813,10.959571858238464,6,2.4622939388598097,16.59210483696703,0,0,1,0,0,0,0.9753056386647688,1
2.196927401074192,2.547908135253214,0,0.4113641417207768,2.917433573223541,0,1.7113874983250799,0.6447035679289868,0,0,1,0,0,0,1.5706372804578064,0
14.8930359703971,24.024859218033924,0,0.3718532516168699,3.927808814178898,2,2.1818403322565607,7.9140004662767875,0,0,1,0,0,0,1.402193143528752,3
9.895131280284483,15.882786830172572,1,0.32098383287822985,1.134024006218918,0,1.107036394069508,2.959925455251672,0,0,1,0,0,0,0.5681030984409925,2
10.296448593572546,14.036056301586209,0,0.3446569280589151,26.788221001703043,4,1.6320383827314142,65.9965100199751,0,0,1,0,0,0,0.6253197310608355,1
14.61909781654385,14.378028106566022,1,0.48134639711204974,68.44111544947032,1,1.2462490008461944,130.84423784827476,0,0,1,0,0,0,0.388875368099141,1
17.063504143584836,26.92082531555727,1,0.35047857040979574,14.892906817032767,1,1.1672472474209854,31.368552818584455,0,0,1,0,0,0,1.2370725578719386,3
12.249471082430764,19.714956783754385,0,0.31361139519915227,1.9258121388336897,0,0.6103957303365264,4.987275307987575,0,0,1,0,0,0,0.54130092936672,2
6.942125330650391,10.971740285535802,1,0.21431710645671853,1.0784595134517767,2,1.102445313307161,2.3864334763733916,0,0,1,0,0,0,0.5563924823774892,1
11.389602623858778,17.675378222841232,3,0.5965592750067308,2.152750529821093,2,1.1795586804949036,3.6929107829712473,0,0,1,0,0,0,1.2644436333220492,2
11.07872970040977,16.446581720387492,1,0.9033931418228227,0.5312965902012807,1,1.5869300496084962,1.3599266387543278,0,0,1,0,0,0,0.86092821763907,2
13.44749543382356,17.342423999459374,1,1.2328385246432356,0.7386188465907454,5,2.759710071685039,3.4539942696917416,0,0,1,0,0,0,1.144562829735065,2
17.55061766102528,20.575260038070645,1,1.0198755029738023,1.9178909359397498,0,1.61890907878068,11.764547407927365,0,0,1,0,0,1,0.9328090375379828,2
13.525220165531591,18.411664683434157,0,0.4829059544074491,1.1465365108301182,1,1.9575670426259697,2.8258661107920426,0,0,1,0,0,0,1.7113561984814354,2
12.724411804027659,16.285943884630488,0,0.30383476858957925,1.269745314515725,4,0.9536714099383101,2.4830064078808203,0,0,1,0,0,0,0.5892720935832041,2
10.471929347484192,15.692230983698595,2,0.8003153104340991,0.6242410642136191,2,2.6949838524994956,1.5155373227959954,0,0,1,0,0,0,1.7018078751064043,2
7.565339019789329,11.359233105453544,2,0.42904981964392974,0.6048398502666055,6,1.6809760642494962,1.697526497629843,0,0,1,0,0,0,1.100152269741244,1
8.87879123092661,13.587425344359676,0,0.2680699073088914,0.5898370043925265,1,1.7220746431747724,1.2648299822904405,0,0,1,0,0,0,0.795294230647521,1
8.571499219033843,13.059883713001883,0,0.30075304211046744,0.5373312642686,3,1.2625236710877294,1.0295116840130225,0,0,1,0,0,0,0.7143748271688856,1
16.292348494313487,26.339686397265126,1,0.5081109220348244,0.8088716620645614,3,2.9862984583690495,2.4860039936123144,0,0,1,0,0,0,1.0966273838604912,3
11.37000823707966,18.210675194423448,0,0.2705492084187604,0.769799425612477,2,2.1673962877584474,2.1996373093371857,0,0,1,0,0,0,0.44975323528331607,2
11.815063117622211,17.10668262659941,2,0.5341087309858192,0.6470732509167239,2,2.604841426858091,1.6177217970452937,0,0,1,0,0,0,1.617028686355199,2
29.609248366553295,26.67276854581187,1,0.6888354609043903,44.14147459202246,4,1.8216284316123894,45.42307818171908,0,0,1,0,0,2,1.4355955836115522,2
29513.095952471598,50992.378068092534,3,220.80357986054958,15.743876407979876,2,14892.002941035284,22.099675105832834,0,0,1,0,0,1,117834.4309321999,2
941.4866742260892,1617.0388238026271,2,0.2171367019139488,0.9589857850550914,2,0.15932742007782474,0.9773852921538018,0,0,1,0,0,1,3742.268944429312,0
221.30868696982023,358.3166744434688,0,0.04760875342983727,0.7302039142667559,1,0.02407206474767637,1.0916811583384662,0,0,1,0,0,1,841.3295372956275,2
348.54362478909263,574.769097190307,0,0.041837741809111303,1.23523522656459,1,0.04345727518867373,2.2211469706322404,0,0,1,0,0,0,1343.4563473248681,2
34376.69238639629,59513.12794808563,1,440.75799767707156,0.7984102763562089,0,17074.687999401,1.3089916930641898,0,0,1,0,0,0,137456.44842624586,2
7.938741205130022,12.798775404146266,0,0.8543398092921042,1.0077939732549297,0,0.14738003143620498,1.8254258358545818,0,0,1,0,0,0,1.4486494149056477,1
2.895504535268037,4.278096425514671,0,0.42607012480235534,0.2574573820463173,0,1.7049724675910416,0.37625190448048657,0,0,1,0,0,0,0.9347942856355447,0
21.18690016324219,36.243628371713115,0,0.9271804169147907,1.174775089140848,1,3.626341994928782,2.390783817742252,0,0,1,0,0,0,0.15810993769871157,4
7.645414575518352,12.757780905031963,0,0.34654178951826853,0.8127530670073642,1,1.801701606860369,1.2840691118177898,0,0,1,0,0,0,0.393372981464033,1
7.37949896604321,8.388486157212636,0,2.8061470469199983,0.24396295817402947,0,4.432409321233446,0.23892209747714027,0,0,1,0,0,1,21.726716841832125,0
54.716956904214285,76.93810847671064,0,7.187691938958096,0.8395842192787867,1,24.313994527455094,1.0922647367927227,0,0,1,0,0,0,187.3128071936805,1
13.196091426634716,20.343018550160327,0,0.22796208619565195,0.8538459090665218,1,0.9534467332910481,1.8153582108553266,0,0,1,0,0,0,3.173453230474409,2
17.98342990954303,29.052889643731902,0,0.18775362300536033,1.553980853023389,0,1.1746302775769206,2.5650159707948625,0,0,1,0,0,0,1.3130927951955784,3
4.408227291835376,5.6678826777969125,0,1.108147957433026,0.8865750510997081,1,1.5039311921817295,0.8718055775837317,0,0,1,0,0,0,0.5254408757418942,0
3.6724971968132545,4.905327592405197,0,0.5007273183427807,0.2026384771807407,2,2.4498123360129433,0.617323059660868,0,0,1,0,0,0,1.881790601386729,0
12.135251192424933,16.872234369697193,0,0.6967175427952934,0.5995175338675626,1,1.7085864695497623,0.9929461918390323,0,0,1,0,0,1,2.6625248543786357,2
18.271198612961165,25.650248161189324,1,0.19084967054076085,1.3590429188510305,1,0.4664587257268571,1.846205109953258,0,0,1,0,0,2,2.2316674517579664,3
16.784874767428555,24.73134685146,0,0.2563600528937748,1.0651110889368902,0,1.234480180666472,2.047772159765863,0,0,1,0,0,2,0.22119805562636516,3
3.0671614893450148,3.6759082576802213,0,0.4129144005070198,0.6275332807819252,1,1.646521289031511,0.766448757443512,0,0,1,0,0,0,0.6136905528623022,0
2.639570131766653,3.911966216596413,0,0.5263025036809894,0.16281255664402178,1,1.6934935490358285,0.5104857524361619,0,0,1,0,0,0,0.577452720547119,0
10.553135255312606,16.614282390154408,1,0.5298628753240336,0.4270734548633722,1,1.7467623497034277,0.6390305313470166,0,0,1,0,0,0,1.6145903129702477,2
16.16384786960955,26.315179594954525,0,0.11760790740440352,1.1698426236346091,0,1.070314772397664,2.141765433694509,0,0,1,0,0,0,1.4787283952073105,3
7.079450839695757,11.007447005036557,0,0.176050801326894,1.022977879729431,0,0.9359857428053145,1.6721455841587987,0,0,1,0,0,0,0.8291798028167283,1
1.2116970904468536,1.265796135451443,0,0.22282694574792977,0.28104419637108463,0,1.6424415773377978,0.450062784101935,0,0,1,0,0,0,0.9129497444896545,0
8.531250944715223,14.218276095177766,0,0.2533015962297574,0.33604170844182973,0,1.3788867422303732,0.7889331178016976,0,0,1,0,0,0,0.3967210708994005,1
13.181343634439777,21.66495324973399,0,0.07774586389693362,1.027289722103641,0,0.41590501715938055,1.760599057470883,0,0,1,0,0,0,0.6230574237097841,2
14.499574704171504,24.192737870600748,0,0.1670164977175429,1.7464726442223695,0,0.7367701904119784,2.150121578895885,0,0,1,0,0,0,0.2709192538591025,3
3.583406950335295,5.358817504334164,0,0.48606364125801776,0.6355468347564325,0,1.5261677066972337,0.7323316730133549,0,0,1,0,0,0,0.5273205036994788,0
3.9325819487241467,5.775465466129279,0,0.5338999072840208,0.25145280626518873,2,2.109029904240127,0.5694159935828528,0,0,1,0,0,0,0.9652332963575964,0
11.765848309477335,19.559011339631727,0,0.2842416999758328,0.8085995958984136,2,0.9690391589934816,1.0374986849584338,0,0,1,0,0,0,0.4349744247400434,2
15.67207357974042,25.836157352223154,0,0.08096222313827495,1.45283450329635,0,0.40127814415752117,2.132986996156246,0,0,1,0,0,0,0.4615409056790382,3
5.864717126172208,9.405233165194554,0,0.17359713861218898,0.8512166554980244,0,1.0989548646151723,1.5591690408651997,0,0,1,0,0,0,0.5321775315333177,1
2.102861467954971,2.7310246731461043,0,0.44933236180032904,0.37233713253455336,1,1.6105515887400672,0.3265967610744695,0,0,1,0,0,0,0.9461688797565865,0
9.218652941735296,15.121129756162826,0,0.38150009400048146,0.637995079697715,2,1.7310716881016384,1.1300068405911639,0,0,1,0,0,0,0.8024751036253939,1
15.215788778488053,25.41760458265762,0,0.17113685636572254,1.01930648391943,1,0.6980816217503057,1.725825352210708,0,0,1,0,0,0,0.29616866603007813,3
13.244078449026228,21.92431666480655,0,0.1530681065191778,1.2921323967513838,1,0.4168912497271691,2.558345712540095,0,0,1,0,0,0,0.30875907890575865,2
3.6720125255956617,5.573364512424283,0,0.2319979905360296,0.5407734640349859,0,1.5770478902622176,0.9110562282611191,0,0,1,0,0,0,0.6091094763909961,0
5.948645497308011,9.625976431634857,0,0.533269412675266,0.22514008868060992,1,1.579616521436128,0.5641571473171885,0,0,1,0,0,0,0.7301759858714456,1
17.543334079679553,28.650425553141037,0,0.28480728494666246,1.2351871420911635,1,0.7214445858890037,2.4869860398504957,0,0,1,0,0,0,0.779458782528907,3
11.355246506902242,18.787825666024702,0,0.10477079831946876,1.1120610532839557,0,0.7361157828848515,2.228279512984237,0,0,1,0,0,0,0.300904051525265,2
4.422200819532752,6.8759812137494585,0,0.45685581515141005,0.6382556331552238,1,1.6277051640507394,1.2064753243681383,0,0,1,0,0,0,0.609098576078474,0
4.376137398707142,6.474432006837799,0,0.5309979725244285,0.20972367191743563,2,2.2906635661926025,0.284614804575986,0,0,1,0,0,0,0.7986650260426887,0
7.8759688385038364,12.815009163585087,0,0.3780814218704118,0.4904392428736213,3,1.5192562778497707,0.6318028945384093,0,0,1,0,0,0,0.6938256592846951,1
17.827489472702773,29.937761226376836,0,0.15238855097899157,0.9248611268841075,1,0.6218609892327697,2.1398872011406396,0,0,1,0,0,0,0.6018489317788915,3
15.19119600287088,25.47602585256373,0,0.06695891480746727,1.2962080034530779,0,0.343219385794419,2.3844376796955595,0,0,1,0,0,0,0.1301812826361431,3
7.190895013421958,11.618439038855696,0,0.16678458486935419,0.6736752916975257,0,1.02851487266765,1.4479439934448086,0,0,1,0,0,0,0.34083127538018837,1
1.5057656393483492,1.686352472093283,0,0.6414954336902547,0.3120117874222349,1,1.8532508608353906,0.6280208410919939,0,0,1,0,0,0,1.0398329734472842,0
5.01900083514499,7.793162905024244,0,0.2830593773611554,0.1362770828915365,0,1.5751448129377144,0.262414815565147,0,0,1,0,0,0,1.1189486350438145,0
10.762932977698467,18.01942120672854,0,0.2424478957715315,0.6145482191260193,1,1.2095613663630882,1.278545127807969,0,0,1,0,0,0,0.43593816954253917,2
18.141436848516804,29.876551118838496,0,0.2527852169795162,1.3360599711691599,0,0.7459786399363264,2.5561461348232193,0,0,1,0,0,0,0.6209122054818166,3
16.28487108508174,27.12035065510648,0,0.21297696945896555,1.5670465197481365,0,0.5053903574262504,2.600664953849269,0,0,1,0,0,0,0.32007669360525204,3
7.448016003605224,12.087266932573398,0,0.32828113808004605,0.9095662973698554,0,1.4457611065644678,1.2632932934010195,0,0,1,0,0,0,0.39021005715262647,1
5.022035367821977,7.341148868787458,0,0.5055159620867037,0.5450533584799917,0,1.459993608447021,1.1884961001130763,0,0,1,0,0,0,0.8140681944234034,0
1.9000353051948204,2.5898311145054893,0,0.9535951071866975,0.42675119013468654,1,1.6264018622048326,0.5729257844023364,0,0,1,0,0,0,0.7102338233606672,0
8.424744382572449,13.907628374974616,0,0.5477050165473525,0.4935297410613799,3,2.1076237225441865,0.7947302654113784,0,0,1,0,0,0,0.49954635556231486,1
13.917475849505312,22.50660940239905,0,0.21609037687501714,0.7069382659345007,1,0.6450935152876109,1.39565555711562,0,0,1,0,0,0,0.8339298430719062,2
14.991453886957899,25.21699777403503,0,0.14789737458539573,1.6955383194858902,0,0.48020960626842496,2.982690725615297,0,0,1,0,0,0,0.3215557813396297,3
12.223163727232686,12.668964046222642,0,2.178972108657634,0.847732154846315,1,1.499535446320119,2.6254930362478452,0,0,1,0,0,0,0.3844813406212336,1
36.764466073994484,36.444893973839974,0,0.2043112440584429,82.170566942182,1,1.5526594545155294,215.9607347281044,0,0,1,0,0,1,0.8488355942080208,2
12.713240435728672,18.969092651491582,1,0.9028720182437704,1.9900284063164917,7,3.441876271405852,4.219763647981209,0,0,1,0,0,0,1.891860881026855,2
17.131851840812363,26.497022510264202,0,0.7300328187436298,2.0641255622034547,2,1.9859350081064657,1.8744376979025537,0,0,1,0,0,0,2.0674756781203865,3
14.689931915306696,22.471503198697516,0,0.8786083102721278,1.7134332350474577,3,2.4477278835787897,3.317840806626267,0,0,1,0,0,0,0.9474759368262811,2
12.583800357310404,18.862836678219317,0,0.7660250326726907,1.2922347510731802,3,1.8476694091134196,2.4414181592252904,0,0,1,0,0,0,1.3730264061239867,2
8.070020465520074,11.742580816288646,0,0.5812028829007374,0.6116668250702633,1,2.268490091765773,1.5787580251188698,0,0,1,0,0,0,0.8731400980062335,1
13.219528452336538,20.277559396577683,0,0.9964877638577961,1.8654071923551667,5,2.406208516653347,2.715317822786906,0,0,1,0,0,0,0.8193361648346155,2
14.690134659142444,23.189646068613676,0,0.42256685892111745,0.9327512671629778,1,1.9378660474481029,2.8536033136632657,0,0,1,0,0,0,1.150188682505001,2
15.51939207637586,24.668257414296395,2,0.5582272718128729,0.9487440840879353,8,2.197549393246535,2.158839257799235,0,0,1,0,0,0,1.2080851329326658,3
12.755528248665998,20.510195655976126,0,0.5834090661089708,1.5147590022375952,1,2.198375960325421,2.8211467437567546,0,0,1,0,0,0,1.0974408756148835,2
10.254277860485029,15.236607463610733,1,0.3842171473144504,0.8020832588466392,2,2.4634421536097184,1.64278682649535,0,0,1,0,0,0,0.9082359085873724,1
14.69129672706049,22.94800007079058,0,0.7785300119084051,1.347719945305208,7,2.252420379294439,2.7032787737622876,0,0,1,0,0,0,1.153627676031009,2
13.931214063495695,22.241684678449904,0,0.3979897286800903,1.288673186231672,1,2.270107170949353,2.1444724954003136,0,0,1,0,0,0,0.915457200116371,2
11.691469816752988,18.267766016600756,0,0.6364234205418839,0.8169584419660976,3,2.2227004041414107,1.8889390660715506,0,0,1,0,0,0,1.338395302869586,2
10.010155395177293,15.133273367725034,1,0.6607117417284873,1.1279839055548253,1,2.03699187536231,2.211894257574424,0,0,1,0,0,0,0.9750242677915988,1
12.296086787212698,19.37880458239433,0,0.37342489665739803,1.471135428769954,0,1.4058391205934948,2.773640743404462,0,0,1,0,0,0,1.0728378037229578,2
15.294824134400027,22.869588651714096,0,0.6115870918303148,1.3848738407522063,4,2.376047060410345,2.4818450551095337,0,0,1,0,0,0,0.7992445316696839,2
14.686639262497671,22.98932717678774,0,0.8474842039063095,1.3739808880753235,1,1.9794703184346771,1.9890200100808322,0,0,1,0,0,0,0.7578890646769205,2
14.878557493810977,23.062908168439453,1,0.5204387102800302,1.3619640382779037,1,2.205416564836881,2.4231659947368027,0,0,1,0,0,0,0.919501459059203,2
11.245371534159382,17.387366554378037,0,0.6462148262717703,1.1047500987139043,2,2.4338387960577856,2.18509850727473,0,0,1,0,0,0,0.9862521415779927,2
15.199194985061615,23.516215136374328,0,0.42154167785595,1.2904543550345922,1,1.5915265815978716,3.0785553571135047,0,0,1,0,0,0,0.6677558237089171,3
14.372204620298803,23.162403901528585,0,0.6944912963246825,1.1308478845543721,2,2.2369139826858087,2.7376249512428847,0,0,1,0,0,0,1.0154195843342493,2
11.555725449420109,17.13251841065972,0,0.24108718366943555,1.20440937932466,2,1.0821060147321657,2.344252870754886,0,0,1,0,0,1,0.32508503251346393,2
11.93429876509073,19.378104857932605,0,0.4541288097041002,1.1152616948760015,3,1.9252474452646369,2.4537647773349684,0,0,1,0,0,0,0.6676383325182915,2
14.212140075113105,23.077234966906406,2,0.7267403086634665,1.6372790741809105,2,2.03309138601526,2.5750320800627797,0,0,1,0,0,0,0.891817619785523,2
9.880397214528136,14.431953860453131,0,0.482408823948009,0.8047844871069616,1,2.6793806435262875,1.839014999813498,0,0,1,0,0,0,1.8768711745914402,1
11.989840035599824,19.248692940011644,0,0.46625330348542215,0.9758465253050539,2,1.7370905590297352,2.3353868968783846,0,0,1,0,0,0,0.9683457495612768,2
9.739379705908428,15.483012125091856,0,0.4116360447601742,1.2995471464533719,1,1.5104171179443666,2.209068550031222,0,0,1,0,0,0,0.6625568332528284,1
14.686236544622538,23.18632884218981,1,0.5597993705522804,1.64032183161838,2,2.4025348198071086,2.597545145931019,0,0,1,0,0,0,0.9770690979765349,2
18.349517793603038,24.565264240678317,2,0.8547941057024613,2.9948764565041435,4,2.0457246070126915,3.634308033233616,0,0,1,0,0,0,1.7066353581084712,3
18.74256449346806,23.16855852091874,1,0.878916769433336,2.6312483851976642,3,1.0737782173493158,3.194163725622664,0,0,1,0,0,1,0.7752163491532842,3
13.558918962920917,19.741438579445905,1,1.541557146062939,1.313325605870919,1,1.928119925701787,2.5105730493009104,0,0,1,0,0,1,0.9813313335703121,2
13.578151087296732,22.618264846627586,0,0.2026500363003261,1.2481510980133823,2,0.5718820436063824,1.322722321501118,0,0,1,0,0,0,0.3306709069168045,2
17.000694045126274,28.112031543402875,0,0.2680347048598838,1.7226861504366928,0,0.6065146572082512,2.9150314564187187,0,0,1,0,0,0,0.4445666137867179,3
4.724870450970595,7.572750455108288,0,0.1830304220222051,0.7180992884914715,0,0.9741967542798249,1.1998183279147234,0,0,1,0,0,0,0.36996828046755914,0
3.4628976492604444,4.998540959701757,0,0.49907464545613955,0.4044957069496826,1,2.20345417066744,0.3534092080871206,0,0,1,0,0,0,0.7104470483390952,0
7.11473475818846,11.52556487781942,0,0.46613724860216627,0.5140248274465513,3,2.1184846626080196,0.7495715062926138,0,0,1,0,0,0,0.9367276181194754,1
13.800612676457293,22.989694926404667,0,0.24335263336414964,0.7523851248714558,2,0.6814559092460618,1.5214681192693007,0,0,1,0,0,0,0.17894635844584128,2
16.69721410171033,27.23778858997438,0,0.19105394537641843,1.2712013132057356,1,0.5853361849747328,2.0348475795976215,0,0,1,0,0,0,0.19893703369136645,3
36.68135076395606,48.56099123106264,0,2.4757773832476437,1.5765185166750946,1,10.92826180195929,1.963392492209071,0,0,1,0,0,0,119.8920006886379,1
7.805411019177037,6.941423019537013,0,20.994038453560634,0.6714358877002078,1,65.77343731173255,0.9865182346961217,0,0,1,0,0,0,19.13195399586006,0
13.727236640713047,18.324768868349825,1,0.0017883596743494103,0.8211860385281857,1,0.002406230219127268,1.4307024837156634,0,0,1,0,0,0,8.926160374336893,2
12.951442119653063,18.129267595030587,0,0.0019838818410447797,0.8134255977250583,2,0.000683327977336031,1.2712651406113107,0,0,1,0,0,0,6.410881879043346,2
14.20140532317782,17.709733072973837,0,0.0019365244122483479,0.7139100007369827,4,0.0005673317756421354,1.2111298072796963,0,0,1,0,0,0,11.397089852898459,2
14.559802612275275,21.061411707761348,0,0.0015538455176271884,0.8244237885004726,1,0.0005086388170144869,1.3441167140089947,0,0,1,0,0,0,6.684330339777587,2
15.291181878412138,22.669374023956713,1,0.0024488964483880913,0.8614118155398987,1,0.0010953823700317797,1.5550334084075288,0,0,1,0,0,0,6.234120910524341,2
19.947247200564572,29.370783501490827,1,0.0022935196158727416,1.252036253706017,0,0.001581375386442923,1.5174975125813854,0,0,1,0,0,0,7.508718460283112,3
12.475611692015313,15.390748991334963,1,0.0019902219274692025,0.9046595437854349,4,0.0002216582455995314,1.5303428992532766,0,0,1,0,0,0,10.389516733473062,2
17.661683078500076,25.097357146821267,2,0.0026503593656904915,0.8462929514834499,2,0.0012476106148307602,1.3104284882721324,0,0,1,0,0,0,9.588711366056344,3
11.523922139742613,16.088228501312013,0,0.0019844219645157807,0.7067017491145546,1,0.0003997595202010338,1.0544165634770535,0,0,1,0,0,0,6.371598972503782,2
15.703017510136771,21.670225751605003,0,0.002635104041982032,0.7348037707146858,1,0.00021115148251789974,1.07224840901427,0,0,1,0,0,0,8.842718900854578,2
15.316661693442736,23.883745825653598,0,0.0009148571252294204,1.347065738927514,1,0.0007490794524939076,2.354081621391332,0,0,1,0,0,0,4.153086345563851,3
11.597033225977352,13.719850436752075,1,0.0014699532189271995,0.4726823665402681,9,0.0012072481011706896,0.5650888186271705,0,0,1,0,0,0,11.227222690171178,1
20.203290998011482,27.441409991550298,1,0.005248350136550018,1.1638085289203204,2,0.0006824565435920071,1.638877701655387,0,0,1,0,0,1,9.419536700285303,3
8.871951934734875,10.514985113553278,0,0.002787910803423173,0.3970446254130452,1,0.00027075994985929254,0.47966420185879494,0,0,1,0,0,0,7.273054916799627,1
17.343975384110166,25.92253176400031,1,0.00109220233121377,1.327262892257246,5,0.00019316121104527334,2.0060330089381035,0,0,1,0,0,0,6.463854159255883,3
15.646096899711079,18.424392491191192,1,0.001358598160069668,0.6886806123517856,5,0.0004318232552261036,0.7761397777125684,0,0,1,0,0,1,11.768317166667114,2
18.371862910870288,26.632808673646657,1,0.002787348833924305,1.0147419578261205,1,0.0021860150617808985,1.8245096723167369,0,0,1,0,0,0,8.304730010048186,3
10.223531667619694,12.984599090189196,0,0.0012115986821215406,0.399650334606228,2,0.0006988687367406295,0.7142430535936795,0,0,1,0,0,0,8.208376735340398,1
20.568319906815944,31.520540716612075,0,0.001203541530817274,1.3016912798069535,1,0.0006103523681251467,2.0139957755228415,0,0,1,0,0,0,6.633629889967484,4
8.785101144235526,10.682568635884866,0,0.002049482117923071,0.32083074081274904,2,0.000711119186362795,0.7215986372673656,0,0,1,0,0,0,6.902172561952074,1
15.520536390662496,22.134491678302368,0,0.00277861110052658,0.6517104864234851,1,0.002021007655073998,1.0654007990298395,0,0,1,0,0,0,6.151495442598628,2
12.18200957928738,17.21837768075944,1,0.0008800391274101303,1.0096592247161877,2,0.0010402775421957593,1.8240918938066337,0,0,1,0,0,0,5.777904799583167,2
12.105321483392535,14.318856537436512,2,0.000727330698138848,0.46723018496134816,8,0.000565696911578843,0.7876715691501399,0,0,1,0,0,0,10.567852539684475,1
21.90537005575411,33.22414251723287,2,0.00422584970193909,1.366158771397834,6,0.0003917250689576213,2.3210007919163838,0,0,1,0,0,0,8.017918099425053,4
8.670476318618954,11.662875350120467,0,0.0009043709574947452,0.6012204323632786,0,0.0010330212543577207,1.2533115490342954,0,0,1,0,0,0,5.85011605493024,1
13.519301252694193,19.80098946771349,2,0.0010612958097732305,0.5366973381204156,1,0.00046876634595749406,0.8937382883854778,0,0,1,0,0,0,5.277730535892951,2
20.952889192348827,30.695044326678225,1,0.000941488341899596,1.3340128107235953,4,0.0016315248701755884,2.2598398160914672,0,0,1,0,0,0,9.285779934502045,3
13.565139100875575,17.3207032941768,2,0.0024113819447926757,1.0392715830583443,3,0.0002547664630547977,1.4616949203374758,0,0,1,0,0,1,6.644046993561412,2
8.630194283965876,8.951953244313266,2,0.0018257901484817693,0.4384641664814491,3,0.0010768129784770736,0.5990616149784201,0,0,1,0,0,0,9.579202223488673,1
41.91807206862488,44.17777562228384,2,0.005665483142768404,0.7566512255679287,5,0.002996574526359455,1.3022470828064354,0,0,1,0,0,0,105.08811373867377,3
12.877119570479431,17.14862046979855,0,0.002822838243847925,1.0411434627563387,2,0.0017753138122263055,1.48391094215371,0,0,1,0,0,0,7.377021066370304,2
19123.509896758456,33116.139266940816,3,207.55164971144626,1.4298897728362694,4,8180.299483217462,1.3328812510851753,0,0,1,0,0,2,76482.34556676951,0
27599.263912184797,47785.94780487599,0,244.88744095170014,0.7072894978248654,2,19059.875490443264,1.1639041417815759,0,0,1,0,0,0,110366.95192498891,1
13.908365294657154,21.45711519950423,1,0.3330827511371911,0.8456963857160679,1,1.1056287092825696,1.2831689595573725,0,0,1,0,0,0,1.3760673459981843,2
11.830076583691529,19.72964190753449,0,0.1278593314517961,0.8052541469389429,1,0.25413752994265926,1.883970973944043,0,0,1,0,0,0,0.10475323383892575,2
13.847360426219723,22.4439727471854,0,0.14931256990477387,1.2701241032449186,0,0.8556697813678598,2.194936965470055,0,0,1,0,0,0,0.8993768427406643,2
2.40846960756284,3.749733149126984,0,0.28093469039487723,0.43017272621052893,0,1.10895122953497,0.8879690444248753,0,0,1,0,0,0,0.3963109199132894,0
4.927051675272238,7.073321129471791,0,0.41578544838105125,0.24204941020708964,1,1.4750060195066061,0.5543937330518403,0,0,1,0,0,0,1.9745715178446772,0
14.54489760588435,23.493671855741486,0,0.24027152493888493,1.1799923875329261,1,0.7091777141818638,1.7354844612985187,0,0,1,0,0,0,1.2328948872525283,2
16.0391003367064,26.549604336708306,0,0.1837729161400097,1.238901502190349,0,0.40317641697872497,2.548810905696879,0,0,1,0,0,0,0.5153291449228787,3
9.764954593300565,16.1149882078375,0,0.35784257737638603,1.0597826652176516,0,1.1998425379127775,1.835424627764278,0,0,1,0,0,0,0.1718267088853698,2
3.9037525320193054,5.978082385179047,0,0.37306281842616423,0.7807948499037344,1,1.3531601281074228,1.0781741992336187,0,0,1,0,0,0,0.6795482091372966,0
4.750106355174647,6.9516783333770285,0,0.5196102818350258,0.2570067590962187,1,1.6797422999266463,0.44162064794844313,0,0,1,0,0,0,1.1807760146789505,0
4.719603948466438,7.089076613828888,0,0.4339863985737861,0.15681765069438575,1,1.4619077398739229,0.37269481031256796,0,0,1,0,0,0,1.349720592712354,0
13.686032442455655,21.810516064336646,0,0.11803588439513177,0.9945095996027457,1,1.1095072045960666,1.771113639091606,0,0,1,0,0,0,1.9329747517773204,2
18.893961353032484,30.92066495760475,0,0.230325771675964,1.552930949185167,1,1.1849715037018431,2.600664953849269,0,0,1,0,0,0,1.3882073012199267,3
12.867243362329605,21.082382645424545,0,0.05464784463424164,1.247835658593436,0,0.18569562317777955,2.161116189101487,0,0,1,0,0,0,0.2955402607506012,2
3.951875686147948,6.103510151656128,0,0.29391062628539544,0.5108797399507603,0,1.0342793332858373,0.8925322496828909,0,0,1,0,0,0,0.9843173575054149,0
4.954129109528657,7.597449124900916,0,0.3757491664694436,0.1811001079782265,1,1.263838836842674,0.4644558171089204,0,0,1,0,0,0,1.013105160530032,0
6.809325774224554,10.866029827846928,0,0.4112197396289171,0.5441357716839204,2,1.456349511814187,0.6581327104601689,0,0,1,0,0,0,1.040157188092392,1
16.14672120898322,27.029672358826843,0,0.14039738449631858,1.0035374166873168,1,0.348679717232949,1.9514377742302278,0,0,1,0,0,0,0.20062400959677515,3
9.533096808639765,15.541176581941883,0,0.14018037965365054,1.3227012275006633,0,0.6134882793711103,1.7825549607508941,0,0,1,0,0,0,0.127408831097912,1
2.573700438404353,3.706879044768035,0,0.21808496402584587,0.1382116970791157,0,1.54450563996765,0.5166121214223942,0,0,1,0,0,0,0.6569105496767744,0
12.031032492073615,19.73686299170504,0,0.43058674888077203,0.6801773744416063,1,0.6957669627930978,1.4300824348130907,0,0,1,0,0,0,0.9615251019403441,2
16.266125609206075,27.160751592716082,0,0.13916468974717774,1.7042477677541492,0,0.3109376705349085,2.8193919563126277,0,0,1,0,0,0,0.5444994515460985,3
7.175152519582718,11.536870377409057,0,0.4738872131106241,0.6820310436126085,0,1.8081978009815982,1.413805898432198,0,0,1,0,0,0,0.506685556417944,1
3.090684275580845,4.212929315773628,0,0.717929482954346,0.1500811525192424,2,1.910929215836053,0.3110885901122481,0,0,1,0,0,0,1.3079221708188693,0
14.616074538921236,24.669902538329588,0,0.25376500532151347,0.8701295668535006,2,1.2539444787380745,1.3109887889282124,0,0,1,0,0,0,0.6650327546535968,3
12.840885505749961,21.331373918334062,0,0.07233708002529195,1.2325276991966683,1,0.19974466504225646,2.3243839630293865,0,0,1,0,0,0,0.20179662196931522,2
6.223068137370697,9.716211173744371,0,0.2992354611257596,0.8936661520349771,0,1.33379011211591,1.5617582683425808,0,0,1,0,0,0,0.7892335910451733,1
4.629586858000955,7.146919857301563,0,0.3728549757837193,0.34708787561942134,1,1.6205527682110534,0.3613779247411185,0,0,1,0,0,0,0.8607752179597914,0
8.08797833037072,13.058252507602047,1,0.5193618573549945,0.34209461176065026,2,1.5183456171422196,0.6872185348851227,0,0,1,0,0,0,1.0072335866848057,1
16.689895551377976,26.932620787855587,0,0.38808171142299563,1.2937090259481754,1,0.9095214791499334,2.1461781260369936,0,0,1,0,0,0,0.4356171316606152,3
16.156435969982514,26.462028942617632,0,0.16235540920443053,1.4203589468583182,0,0.7362043726708198,2.983596844010975,0,0,1,0,0,0,0.6390702708193867,3
5.889738492151735,9.324563188645532,0,0.3574927876062609,0.8107390395299594,0,1.3038908324264846,1.6351494649866998,0,0,1,0,0,0,0.7510521452546419,1
2.422068075440405,3.4301994553987636,0,0.6529448635185677,0.2609416024149151,1,2.3135513641392205,0.6075130764200696,0,0,1,0,0,0,0.8557759467634557,0
8.0382871336985,12.66944701342552,0,0.44450489369633384,0.5122920726556636,3,1.6175011488061042,0.684275754167337,0,0,1,0,0,0,1.0435587940897522,1
16.27420931596505,26.187068940184794,0,0.6524420315045985,1.177655866666186,1,2.168814395512421,1.7917375590575306,0,0,1,0,0,0,1.9110000462867573,3
19.733142532913217,32.35310219315793,1,0.17731704436921056,1.029102050695383,2,0.5124210680952481,2.042102981634172,0,0,1,0,0,0,1.0124677904912094,4
12.916879778806372,21.12547735651618,0,0.1032240857060792,1.17174301644833,0,0.6351696913337905,2.0200726701835503,0,0,1,0,0,0,0.9956680438593649,2
6.637417330264895,10.379465084056646,0,0.1297142710155309,0.7735204662734567,0,1.1837054616861207,1.237673604375608,0,0,1,0,0,0,0.8024860013794055,1
2.7083514604989976,3.1349315358187586,0,0.37383039269323004,0.4131527162404274,0,1.9044137256184088,0.20491495070888094,0,0,1,0,0,0,1.9148599186419304,0
10.2062590437509,16.47680219255794,0,0.4599050151170524,0.773335733681491,1,1.9692130311986638,1.303887498898813,0,0,1,0,0,0,0.9203502333091863,2
16.111472574646722,26.089747191160065,1,0.6066483982510658,0.8948568053708861,1,2.590808199699318,1.3385037808182174,0,0,1,0,0,0,1.8013206981700036,3
15.570613080370952,25.64414164272012,0,0.2612448589046017,1.2553198181782435,1,0.9817270664413519,2.327750454106571,0,0,1,0,0,0,0.9831852679534039,3
17.045314426802644,28.188214386032264,0,0.11140696148102747,1.3217746561412147,0,0.7386748909616823,2.602431786455803,0,0,1,0,0,0,0.5464981346027513,3
7.137432325524123,11.826267383120681,0,0.3549980989049929,0.791163160154289,0,1.296958529972696,1.522721408417399,0,0,1,0,0,0,0.25189468101375284,1
3.1356699837479933,3.9941626800675465,0,0.577683555535405,0.2722602415142711,1,2.363286099763875,0.7397898924155669,0,0,1,0,0,0,1.9700615104887167,0
8.048197951917613,12.57608400035944,1,0.5015039385554744,0.37003543654565585,2,1.2970849856375701,0.7301153582485753,0,0,1,0,0,0,1.4246965259016886,1
17.516622250341783,29.21106068729329,1,0.28902454599007843,1.2338589181367012,2,0.753345021805646,2.0626443497725897,0,0,1,0,0,0,0.7833162397994956,3
19.148939157896436,31.58016525221317,0,0.14775175992062858,1.7157997097305502,0,0.8727237249976643,2.9073599593920445,0,0,1,0,0,0,0.9107928490086508,3
8.390034713494943,12.040898064484583,0,0.23351637939604103,0.9534217451794933,0,0.5727515382094308,2.002317627855533,0,0,1,0,0,0,1.7376176738876685,1
4.001402381957733,6.090492148108707,0,0.22227273884004892,0.3219381546743245,0,0.5822463724229587,0.5073877452143644,0,0,1,0,0,0,0.6899637421315098,0
8.224789779527685,11.591525319485852,1,0.20018992805646824,0.3050039516005278,1,0.4318815856383495,0.7130293677326831,0,0,1,0,0,1,0.6368579685082564,1
20.216042347067155,16.329630862991227,1,0.23234113861801148,1.3309070457067225,6,1.1457819225238772,1.1817706458665527,0,0,1,0,0,9,7.156936196535625,2
18.515974988360295,17.092404981773516,9,16.223049446902877,4.270753376557077,1,13.228647555387479,6.741811559386107,0,0,1,0,0,0,46.80292637866488,0
68.86142440041803,45.63122638975783,3,51.012456163577276,4.039113829933113,3,20.72951617897201,20.015095581030636,0,0,1,0,0,1,74.6655030193966,7
17.404098067105906,22.60237091602625,0,5.29210321412682,34.46805653052719,0,0.7525039047001607,113.5016220945553,0,0,1,0,0,0,1.3102839259692365,2
16.50168892558701,12.300569234625334,0,0.9289685331897918,52.12089357143235,0,1.5169771559187302,124.24657292153776,0,0,1,0,0,0,8.675114937953825,1
7.539496958854039,8.440245173404602,1,0.8514321654208254,0.9960509454620854,0,1.9714881636072343,2.9473483672914105,0,0,1,0,0,0,5.812100793411351,1
13.962860133588348,16.70871277153561,0,1.6485307620050826,0.7394447012346443,1,1.4826489320552285,0.9708879510294623,0,0,1,0,0,0,1.7612525744370742,2
10.65992074443335,17.171565115650612,0,0.5898552988053698,0.8214901965731695,0,1.6829808717509827,1.8507384097166417,0,0,1,0,0,0,1.0624858275209763,2
10.5776554639356,16.637993118301615,0,0.5159031846845183,0.9148715178436565,0,1.9826422836870443,1.5231068941077268,0,0,1,0,0,0,1.6305245751694268,2
9.823426077532037,14.928504585388236,0,0.22300890010064123,2.707887797825551,1,1.521767076058179,5.819944720405664,0,0,1,0,0,0,0.7846604352248152,1
2.6356368510543478,3.2862577675836158,0,0.1915330722718221,0.8064953994126867,0,1.0869912800397858,0.5703070289851263,0,0,1,0,0,0,1.1471919079976272,0
10.244423056716794,17.122018225134422,0,0.07250381384840891,6.6151617645026235,0,0.16452220926332567,1.7087002948522156,0,0,1,0,0,0,0.11835108802813098,2
6.492904730402968,9.875269755426586,0,0.4858068501627324,12.652926497632365,2,1.1082796473888166,0.468491666097811,0,0,1,0,0,0,1.0569049564259232,1
2.6533703842185226,3.8033670212797124,0,0.44278232368898374,0.3382856169112164,1,1.2071695764844304,0.6474663973954362,0,0,1,0,0,0,0.5730489870955164,0
3.4869270281571367,4.971722850484697,0,0.4077849392510293,0.4540683986858325,1,1.0251164156791472,0.6084885566537672,0,0,1,0,0,0,0.7078577855579933,0
3.095905181558135,4.730443634804554,0,0.31765266942514553,0.2730464350264922,1,1.0838300923586333,0.5796967344247719,0,0,1,0,0,0,0.5852460825528953,0
3.1697032716602944,4.456740312547185,0,0.3677929502591192,0.23927284828311288,1,1.2180606194805588,0.48987770282235443,0,0,1,0,0,0,1.2315728808285717,0
3.6218354590841737,5.541590441840994,0,0.32230289244479293,0.23191569074043722,1,1.195702509714589,0.3895706824316222,0,0,1,0,0,0,0.8053850638847092,0
4.88387857703795,7.759735497570135,0,0.32678093803324143,0.28396723837806304,1,1.1352277713867729,0.5401085927389089,0,0,1,0,0,0,0.7025922927482892,0
7.673172291285241,10.612660022562622,0,0.6217021610406106,0.2657859139899591,0,1.5597194280768845,0.6011770989469267,0,0,1,0,0,0,2.7140335708179766,1
18.51400550869266,16.870587987652986,1,2.3756542911894587,1.2816170134493137,2,6.582925858788904,1.223494638144735,0,0,1,0,0,0,35.24090799379017,1
38474.588552370944,38598.009391691834,0,160.55237462522547,285.55085321738807,0,8508.203486806062,19382.89837627289,0,0,1,0,0,0,72233.70544126768,2
8.425844634514284,5.876148519049666,1,0.000688227269062847,17.355605124892207,1,0.0006729584619345407,41.43966326080181,0,0,1,0,0,0,4.588749747935609,0
7.085075884997986,9.193273311666143,0,0.0014296337363232008,0.6634417405138586,3,0.0005829029412494439,1.4625250461574215,0,0,1,0,0,0,5.094033154094035,1
7.074022398636032,7.484414329292628,2,0.0013249466555445334,1.2572014851059348,6,0.0008191383554550392,2.439304494494815,0,0,1,0,0,0,6.341531189903092,1
10.436806762152727,13.850127000817682,0,0.003306542064680271,1.1163041033331067,3,0.0003259189922947087,1.9044192926108283,0,0,1,0,0,0,6.826377379652866,1
12.432050099533747,16.97684381979439,0,0.0020823347612131922,5.052976379047555,1,0.0010588788729081074,11.803917534951708,0,0,1,0,0,0,5.388194765950274,2
9.957229979954665,11.436559623870647,1,0.0013241510426973031,0.5366617544697908,3,0.0013315665351261562,1.202481065237857,0,0,1,0,0,1,6.944047297241706,1
8.864745949034353,11.955853885615225,0,0.0014549273827116989,0.4629287122309669,0,0.0011448252768310589,1.3762733441700974,0,0,1,0,0,0,5.258723302831994,1
5.9624156625395575,6.7515455892937375,1,0.001668903629623809,0.4171163770420875,3,0.0004062435871101995,0.6729156559394346,0,0,1,0,0,0,6.126204700774691,0
8.72335977534058,11.048680524893966,1,0.0012258825455097647,0.6335229486559713,2,0.00037884653219473377,1.1725337998412981,0,0,1,0,0,0,5.329356685313389,1
9.520565808002146,13.223617640572174,0,0.0015101058525035136,0.6774788665897306,1,0.0010308987452047258,1.295636256771882,0,0,1,0,0,0,5.125992333954601,1
11.13052708469553,14.741706777864893,0,0.0013284538920165308,0.4642982649183043,1,0.0008380835948409019,0.7728619380322788,0,0,1,0,0,0,7.821185602983183,1
6.715226715978032,9.012773665334272,1,0.003318166794055178,0.5822310836439135,1,0.00025422087572682546,1.105004655223207,0,0,1,0,0,0,3.4913303116154037,1
8.061138573851364,10.574555851191882,1,0.0008097877662619933,0.4743960253047921,1,0.0004442849580548029,1.1472265003918238,0,0,1,0,0,0,5.5377824304147065,1
9.085348855379397,10.776431544451787,1,0.0018348459573252454,0.33358880819610226,2,0.0007002705707569865,0.4851869618407856,0,0,1,0,0,0,6.243373022854961,1
8.812531790444712,12.414825924292883,0,0.001368519708487709,0.5237302601726318,2,0.0005148329875684424,0.9313059072760259,0,0,1,0,0,0,4.4511470862942915,1
13.262184243238114,19.294088015214474,0,0.0006701317072288981,0.7787236678357373,1,0.002109026859079331,1.5942551851018587,0,0,1,0,0,0,4.8291806529690104,2
10.286257876205626,14.100919278812553,0,0.0020869650203488676,0.6550962521773511,3,0.0004595911368722451,1.0323078580781346,0,0,1,0,0,0,5.329914737570514,1
6.045908533762142,7.507932630711176,0,0.001942970636110931,0.5224307869951355,0,0.0004356717766392255,0.881606200229228,0,0,1,0,0,0,3.592784690833831,1
11.437984147529138,17.00408477876651,2,0.0006184793371716159,1.0207805119218978,2,0.0011812999479211671,1.7567426541833384,0,0,1,0,0,0,4.836784409170134,2
8.435505217243337,10.701375937751077,1,0.0013651420843827488,0.5269296112730968,2,0.0002765911023053497,0.8834036976301103,0,0,1,0,0,0,5.983606351309938,1
9.726723154202842,12.385763291796406,0,0.0016108160628100275,0.4854209666957512,3,0.0008197532454929251,0.7400103023015788,0,0,1,0,0,0,6.622831557950611,1
10.761014998594828,14.31085903316752,0,0.0017364270418549705,0.7587678828913973,2,0.000522093927526519,1.1035129742741034,0,0,1,0,0,0,6.7257896218074364,1
8.921043963041763,9.868096442128063,0,0.0008445683975566835,0.5295460944687806,4,0.0012940727091483527,0.8366780858943298,0,0,1,0,0,0,7.924669795479178,1
8.138259608926617,10.125316795833438,0,0.0014401462104684033,0.6521550832367996,3,0.001187588683644564,0.6953646885173685,0,0,1,0,0,0,6.301120704794425,1
7.64382552797473,10.49571738891605,0,0.002339160250112376,0.8723171598723191,4,0.000720674753762036,1.4386966329931021,0,0,1,0,0,0,4.322305494235538,1
11.613917986997594,16.194044301019765,1,0.0016817689992034341,0.44896907134523933,4,0.0010757118175128832,0.9264850268490608,0,0,1,0,0,0,6.492543468162795,2
8.3261667594232,10.415001060827777,2,0.0013570919976076943,0.31171446180084067,1,0.0008350984835595902,0.8244130054381615,0,0,1,0,0,0,7.063543011879434,1
6.057303319511224,6.98714127228429,0,0.0007798692576136107,0.3776725736021609,3,0.0007845182508167458,0.8799132316931093,0,0,1,0,0,0,5.198647392371154,0
9.835681333070893,13.083748616560074,1,0.0006452067742330128,0.8445693477802497,4,0.0013505389995094091,1.2407470104171006,0,0,1,0,0,0,5.8427788946623025,1
12.603552921592998,19.38445111088953,1,0.0004811162392912808,1.3224052478245136,1,0.001197088437608608,1.9396649234994046,0,0,1,0,0,0,4.166621416399941,2
12.191615723867034,18.59572786927668,0,0.000859595871826006,0.8538376421826068,2,0.00021248845723340366,1.1522216430188479,0,0,1,0,0,0,4.0073864380588144,2
9.013057685228343,12.521938172279965,0,0.0010910634350733497,0.3265033315339477,0,0.0005362832133512695,0.7352580390795663,0,0,1,0,0,0,3.5532691563490975,1
11.246022130897082,15.533880832058827,0,0.0007986254030874669,0.8885951547148602,2,0.0003742666460871171,1.6633899129182212,0,0,1,0,0,0,5.789229861287574,2
12.230330963392753,18.02717196942046,0,0.0014017708963026119,0.8534902744626292,1,0.0006509231337341909,1.433509748940923,0,0,1,0,0,0,5.103061214765618,2
6.997959119752231,7.337150861523963,0,0.004357571654835813,0.18388854822043432,1,0.0003368779500831911,0.3377257733032799,0,0,1,0,0,1,5.916289293546887,1
8.748980893988064,12.833017184528936,0,0.0005560436441265431,0.7599702711664762,5,0.0009205920366325993,1.173591377824632,0,0,1,0,0,0,4.091501609931121,1
8.288649618755908,11.372284537245372,0,0.0009530803133756001,0.3772782233334251,2,0.0008644639301102009,0.826979334250859,0,0,1,0,0,0,3.9952424099634474,1
7.568768971411348,8.257808059231547,1,0.001582467258329308,0.42648279969400715,3,0.0015071009707645477,0.5925959864128725,0,0,1,0,0,0,7.230800025204908,1
8.833000473332902,12.782700139085454,1,0.0004940373024309819,0.757755769150095,1,0.00014589834517949815,1.0814015132202968,0,0,1,0,0,0,3.759631065487395,1
10.73556320908407,16.447148642801583,1,0.0007192916984363421,0.9137401432071847,1,9.756610638240929e-05,1.2168862451661326,0,0,1,0,0,0,3.0052063724847375,2
10.930835353380672,17.095481068609743,0,0.0008789082935549938,0.6759656323332716,1,0.00022810482052969556,1.0978699205370814,0,0,1,0,0,0,2.6238483101913492,2
5.048273556556864,6.569824685200825,0,0.002023900775023536,0.32498479995312485,0,9.876600544200809e-05,0.3984221442210534,0,0,1,0,0,0,2.2934212318731757,0
4.324280364766412,4.7052196859627,0,0.0019622653592475158,0.2970664054330287,0,0.00029808794800642455,0.6085537052575161,0,0,1,0,0,0,3.629670359885422,0
10.21534769306859,15.204408635008523,0,0.001116071027778501,0.5564936623958207,2,0.0007853545322909512,0.8841682002854463,0,0,1,0,0,0,3.779106524270823,1
13.414957902667178,19.352625056167803,1,0.0012046763311216828,0.9239142028215621,1,0.0006798670306624524,1.485144457746336,0,0,1,0,0,0,6.44771423998169,2
5.143616483173048,5.055273252322964,0,0.0013311158155500514,0.1510675587342993,4,0.0011348372926035433,0.3701032070333429,0,0,1,0,0,0,5.403507423779807,0
8.615135180399394,12.565421951734699,3,0.0026136360009241548,0.5297090998276525,6,0.000277329496796428,0.7517172359705306,0,0,1,0,0,0,2.6457568721308675,1
6.396315512061038,8.222516242289748,0,0.0008166958920439091,0.5046864599266341,0,0.00011734527018928218,0.8943106520009831,0,0,1,0,0,0,3.459384122352244,1
3.8281307082780502,4.889625943666651,0,0.0012461768806184639,0.25065713507503545,0,0.0003428460143491773,0.7448292357597616,0,0,1,0,0,0,2.5025458579605706,0
18075.020995692088,31287.70167300152,1,0.00043261552902117606,309.88487240144855,3,0.00032934527679349073,19847.88639210172,0,0,1,0,0,1,2.7245993289375665,1
43387.63075731038,46884.71621154196,2,146.95784809048624,296.15166741670356,3,15786.051233894115,19936.93194708303,0,0,1,0,0,3,111932.6253442158,0
28964.191462689927,50119.10627419257,1,172.69596940193975,1.828743106709156,5,15487.415542377727,3.7674864665899146,0,0,1,0,0,3,115773.02710289063,1
10.122593626094169,9.081175215472358,2,0.1661698038773909,12.922596835472874,1,1.1322800258378114,31.725226850058547,0,0,1,0,0,0,1.255930567793895,1
9.56899004995903,10.53345499003492,0,0.5675061826501819,2.165003553980752,1,1.5344600822477936,2.6719742257531776,0,0,1,0,0,0,1.0855334501310026,0
7.234572724794101,10.096761006960998,0,0.2538212943813216,1.393564424295683,1,0.14990795892596034,1.2059041394962238,0,0,1,0,0,0,0.13701710146689827,1
6.278737835646666,7.856780137459299,1,0.2656991758230899,1.2600491201389121,4,0.7945446182702014,1.3724673839299901,0,0,1,0,0,0,1.0249930948102168,1
4.0538862382392225,5.420689092035077,0,0.2029213828495393,0.6211020210825008,0,0.40217254601398555,1.2209445394420224,0,0,1,0,0,0,0.13939023176871607,0
4.247378577685658,6.767070716998229,0,0.2754418279339781,0.7406717715307931,1,0.5503011393312698,0.8448614093832696,0,0,1,0,0,0,0.223012417269127,0
2.559963145240856,3.655847687661117,0,0.32799131963607087,0.3549790842033319,1,0.7230376647785428,0.8658689828828174,0,0,1,0,0,0,0.3336867657589495,0
3.3316082922564494,4.558477012096582,1,0.11922362451970563,0.414872004613883,1,0.2888733704494483,1.3054965804101155,0,0,1,0,0,0,0.23837793336638566,0
3.951785007154415,5.127334044130717,0,0.18940360654896482,0.4510192010342051,1,0.5722162012588019,1.3234882578547995,0,0,1,0,0,0,0.2519381654023338,0
3.192396391062654,4.0440234271835545,1,0.2241458984447672,0.3623487691887746,2,0.6100146493373437,0.8899254333479405,0,0,1,0,0,0,0.5637735661612818,0
5.477569333620352,7.084340986396233,0,0.1568078148074611,0.6647295476153026,1,0.47495061924593895,1.2329566006776873,0,0,1,0,0,0,0.3871646958922845,0
4.017974065257951,5.121945553002474,0,0.24236944837774732,0.7581962766467636,1,0.3527225443537939,1.0885912033879226,0,0,1,0,0,0,0.2363865111159274,0
3.7866836794649887,4.656508480760334,0,0.25246679734855987,0.6866974199686262,1,0.5695952326235618,1.7460881438381999,0,0,1,0,0,0,0.2164277227362739,0
2.539968556756101,3.093535653954171,1,0.3542722597244913,0.6036852976168448,1,0.5706249985649918,0.8836159829346782,0,0,1,0,0,0,0.3963997199416548,0
4.293498366849628,4.817923890862326,0,0.15691464164622937,1.1120274297990425,1,0.24801391775789272,1.49056526732059,0,0,1,0,0,0,0.43729067995041376,0
17.364549164972974,16.571038815372162,1,2.832193677420846,2.3507739466801416,1,0.45241753321143763,5.066444641705983,0,0,1,0,0,1,0.5711948553495674,1
6.7014876545159305,7.677423402096736,0,0.2329835262647159,0.5701994175967422,0,0.3429929748373409,1.8531578472030938,0,0,1,0,0,0,0.9209473867968386,1
8.95908491421827,11.157343718214863,0,0.04444846283243219,28.955882059702624,0,0.12936497235760014,17.67214033944856,0,0,1,0,0,0,0.2506081833022147,1
6.488686880476202,7.465224188433452,0,0.1847763623198152,5.7847602959646975,0,0.3410087179203805,13.582261416436477,0,0,1,0,0,0,0.1369783093245224,0
3.648383672285885,3.501721261771402,0,0.19355711757282962,18.15898712831171,0,0.619825950736513,17.011147957360357,0,0,1,0,0,0,0.36301716611508933,0
3.1267917660740223,4.606673068361251,0,0.28856342157712805,0.9170844211317026,1,0.7306980675503874,1.7456070379927076,0,0,1,0,0,0,0.17871875033008433,0
2.4848262527197926,3.746951696258871,0,0.29501216164972466,0.38327790765405495,0,0.8023061568908347,0.8807524362217332,0,0,1,0,0,0,0.05622403717288343,0
0.94085424286889,1.2167404417980905,0,0.21430969976720332,0.09264837160699789,1,1.0790424153698994,0.3498201193393104,0,0,1,0,0,0,0.15162802285033808,0
2.8680586586642787,2.9690328018928804,0,0.147370550339871,18.095488502714584,1,0.5869560991522591,2.4180670724506665,0,0,1,0,0,0,0.061682069165096,0
6.679369751914841,9.007202850696055,1,0.2217998453833397,1.5008902838082563,1,0.575958990564291,4.347041964361137,0,0,1,0,0,0,0.28403655589500276,1
7.121612340060206,10.858461458430295,0,0.07305501804404162,2.1231697804061174,0,0.1382327255539466,5.3629980298647295,0,0,1,0,0,0,0.20878857985787905,1
4.91046179132322,7.69999980715339,1,0.1440365426008413,0.6315568601771434,1,0.7525186717891865,1.5046521476948322,0,0,1,0,0,0,0.8893766495129658,0
2.9028373652925783,4.5342021396841625,1,0.30650082003265805,0.49296428799325015,4,0.5053854955716324,1.3104601192595422,0,0,1,0,0,0,0.0911318704711711,0
4.99274339918499,5.73499766598269,0,0.5830435584157598,3.539966319163879,1,0.5784668340009189,10.356435249870334,0,0,1,0,0,0,0.17677200928551795,0
3.4317794803557407,3.9383780445085965,0,0.09011336483918216,15.827608482544923,1,0.28024900851918194,0.7401346997359008,0,0,1,0,0,0,0.30773152572756174,0
4.047315765843383,4.60920939438686,0,0.22355031515679857,34.60147776235903,0,0.34631848779380703,84.3785838427466,0,0,1,0,0,0,0.38167988216376947,0
1.7617194277490784,1.1398236597618756,0,0.29223332809680574,4.109436295525656,0,0.6457448309228155,11.719201626933605,0,0,1,0,0,0,0.13928986984606692,0
3.9251277691629998,5.778634797747831,0,0.17741600979298427,0.43826744909887605,0,0.21406077743424298,0.9269859328584328,0,0,1,0,0,0,0.3088670947987277,0
3.0519827357976923,3.802076246556811,0,0.24390523943778497,14.730339635159412,0,0.48615947967379425,1.2947899896103845,0,0,1,0,0,0,0.13657536708839907,0
4.564232424969886,6.239798442774826,0,0.14499054499495548,2.5687965947276443,0,0.24953426651489358,6.159621654368186,0,0,1,0,0,0,0.3396914242114308,0
6.740209278001007,8.628839734142046,1,0.280016068482247,6.872968030109064,0,0.6022806071846281,14.16696049026313,0,0,1,0,0,0,0.21779669649696454,1
25.912671988093294,21.270247093798684,0,0.5472735587731057,53.250213583500184,0,2.904885476432059,159.13964722939238,0,0,1,0,0,1,7.395261230153896,3
8.876405868270318,13.245989530961213,0,0.4129800866250129,1.2207387783133417,0,0.4562971877903996,2.43905205122431,0,0,1,0,0,0,1.1165047040949534,1
4.558590470819628,6.34363219603719,0,0.1609385596029954,0.625417682294665,0,0.46833004018837754,0.8133242744406552,0,0,1,0,0,0,1.2695073319704608,0
9257.094553656441,16024.151943991803,1,0.42085815903920365,222.26047585039728,1,1.1682903109122975,8081.737280918297,0,0,1,0,0,0,1.661324487961812,0
9178.34111880211,15882.167821271765,0,0.5840601406042765,154.7015342734989,0,0.8219408427124046,8970.852382339805,0,0,1,0,0,0,1.2271343759391868,1
5.811561885764242,9.681358813125248,0,0.16074268467103625,3.9199149714203814,0,0.6795119426266681,8.753883687081474,0,0,1,0,0,0,0.035369072205380575,1
5.189405117705608,8.620914162471083,0,0.12421664881604766,1.7653943410464783,2,0.5758166484160843,3.363103303785267,0,0,1,0,0,0,0.2628288499394205,1
4.981457700511299,8.353752055475294,0,0.30602921981730524,0.5719535684468531,0,0.5543491692256648,0.8996825112311977,0,0,1,0,0,0,0.11316535063202898,1
2.933458720988511,4.7329510146576785,0,0.3072703246866467,0.998213628202167,0,0.7228234683538257,1.7095100744910456,0,0,1,0,0,0,0.13938240598597182,0
6.155860249314404,9.777272257232664,0,0.03682654287632599,8.090353873916197,0,0.15354124417742956,1.5892529092669387,0,0,1,0,0,0,0.19060653064877564,1
3.4356336892022625,5.5645632625621,0,0.23350657166058916,0.20851273471615162,1,0.5159222048332738,0.2211415417004879,0,0,1,0,0,0,0.12225746743943122,0
0.870388303760772,1.2443513306524006,0,0.30821936738917843,0.2570824274155715,1,0.8839687513449066,0.3415248552126884,0,0,1,0,0,0,0.23653582272193507,0
2.5113609914556423,3.903353761510557,0,0.1636528657574689,0.526705699299922,0,0.7325495437333279,0.9344422926667484,0,0,1,0,0,0,0.420596375221671,0
5.687524897173178,9.241067175791565,0,0.10173580485949753,0.9473390820330303,0,0.22819699679111166,1.5780847881027928,0,0,1,0,0,0,0.2811283634050194,1
5.998295151880267,10.07882230415259,0,0.12633039113446307,0.6909976936593518,0,0.17364313620203042,1.1447011218348417,0,0,1,0,0,0,0.14556173511723422,1
4.972113525539407,8.15796378184712,0,0.1761676587390173,0.9650162477803012,0,0.5857932768256743,2.1075360188877634,0,0,1,0,0,0,0.24222392364817147,1
4.2080479248569596,6.479557668153135,0,0.16354894606732698,12.276506189626325,1,0.4222843078759484,0.4777355443026623,0,0,1,0,0,0,0.11509984846459795,0
1.3183365060218737,1.9773623159810807,0,0.23364571151545482,0.13500234517092446,1,0.8988059425265778,0.26797675990076597,0,0,1,0,0,0,0.19493143033337978,0
1.0388655607846076,1.3801580910409654,0,0.3216311132735679,0.20734788639017354,1,0.8923333176982932,0.24226363475507134,0,0,1,0,0,0,0.23766584906799934,0
1.4799388026020157,1.91204054595058,0,0.32445856181012867,0.31714402993812846,1,1.1622437028361192,0.6854927545093079,0,0,1,0,0,0,0.5336421756161409,0
4.947180679180509,7.576637792671609,0,0.5196892429723884,0.9537841489306307,2,0.6975951892473865,2.06036127781243,0,0,1,0,0,0,0.46264312015249,0
5.340497694607818,8.756937166251644,0,0.10721585344957303,5.87275711644554,0,0.34976558999957397,2.7322721555114207,0,0,1,0,0,0,0.1260445635664498,1
1.886486123125746,2.2983890889600143,0,0.380140354745174,6.886487657841422,1,0.9754484496023067,0.23067736645285253,0,0,1,0,0,0,0.3611253346706366,0
1.373368874187824,1.9674927508276978,0,0.3659605173429179,0.11687294176380612,1,0.8234118491105142,0.20387134431241427,0,0,1,0,0,0,0.17377874720805903,0
2.0245067591952846,3.133630288707859,0,0.3999639684511213,0.11448624639561646,2,1.1154955454273032,0.2190564868439726,0,0,1,0,0,0,0.27883596044962733,0
2.679357895771062,4.188018071078691,0,0.39874757153589296,0.21302176524937605,1,0.78407508843761,0.3170740735050148,0,0,1,0,0,0,0.24245443423651225,0
4.5255630886703555,7.379259751672801,0,0.2309626037667305,0.3316014357991005,1,0.7649335512923243,0.517187988321234,0,0,1,0,0,0,0.3700298270528756,0
7.058597262375774,11.94866934292224,0,0.24002319868065922,0.5672800735020558,0,0.37583847592078007,1.0776167009431656,0,0,1,0,0,0,0.09701514274076345,1
7.296381785744726,12.169403867583922,0,0.24069492418048988,0.6887305276960685,0,0.6723715338414119,1.1130036528590201,0,0,1,0,0,0,0.06977247438741954,1
6.4918879651350165,10.729825076150737,0,0.08705520819617403,0.5922576725923374,0,0.13122690748132732,1.0257947005820842,0,0,1,0,0,0,0.27401335121801523,1
4.6580603396291735,7.6827334342404185,0,0.05154605550248015,0.45284614033419335,0,0.052229142117947575,1.0582389399651286,0,0,1,0,0,0,0.05526380535931741,0
3.006778397251952,4.728407404312116,0,0.0709616668952884,0.5174317481947394,0,0.2634248461316935,0.8811500944363544,0,0,1,0,0,0,0.5750000553656798,0
1.7987764625233533,2.763211573324629,0,0.07025770936332834,0.29641179515563537,0,0.34192002799011606,0.6727402426743551,0,0,1,0,0,0,0.29599474666593933,0
1.0988634969436544,1.3021866634541162,0,0.25462258914807734,0.16871702317397594,0,0.7553397361010284,0.35780940873062317,0,0,1,0,0,0,0.6513568420222864,0
1.343787771150131,2.066252836143104,0,0.1621059872183966,0.28950753472161517,1,0.5211293414796947,0.4820338501227886,0,0,1,0,0,0,0.24365273204893909,0
1.2461062013032536,1.824726190383714,0,0.18166923161547993,0.27679539502270845,1,0.6242450703004302,0.43000498206093085,0,0,1,0,0,0,0.16115255279503665,0
1.629290757815025,2.4804270769044874,0,0.19818679123278948,0.16423966233968504,0,0.68275870824165,0.287591817683429,0,0,1,0,0,0,0.2688404718176826,0
0.8603723754406292,1.2463461803614346,0,0.16053500541636845,0.11797407192655421,1,0.6276390316817636,0.3485739377880934,0,0,1,0,0,0,0.18447486443655425,0
1.1352750769628008,1.387648703788132,0,0.2331587609591473,0.18805943213522563,1,0.6393214465007421,0.29493276903067367,0,0,1,0,0,0,0.18441035139692477,0
1.7848287525301758,2.18953983732837,0,0.20964058247708628,0.14793974702683638,0,0.6587203261627168,0.3899578206887964,0,0,1,0,0,0,0.28105372483306584,0
5.961089367502838,9.104925463924797,0,0.18257039934170502,6.075205020024292,0,0.6777066831475588,14.319966925432201,0,0,1,0,0,0,0.38355024443277,1
4.292414375335683,5.446698536654561,0,0.18161735717738425,6.845723094250107,0,0.6417027084342402,14.59434285954763,0,0,1,0,0,0,0.7415523482860724,0
4.605715807190339,7.647657412284395,0,0.22167687702416353,0.2949829682884473,0,0.610489765459002,0.6123009431528067,0,0,1,0,0,0,0.06511976185744439,0
2.674531667782479,3.438933797400149,0,0.06350675113729708,0.5224243472758188,0,0.25658880115544236,0.8920307687555894,0,0,1,0,0,0,0.7357234578711468,0
2.8045056960399086,3.6276729896773414,0,0.21909994811892694,0.3064462940771888,1,0.9296974812884743,0.5519392695091442,0,0,1,0,0,0,1.3947712180792462,0
1.935355197733342,2.806692960089983,0,0.0896061112382946,0.24152176618078222,0,0.5898990051085371,0.6088950269401975,0,0,1,0,0,0,0.491367435633378,0
3.9939402375799755,2.9529212722398097,0,0.08834565018833665,4.725406501098305,0,0.410183371495166,10.966442354801428,0,0,1,0,0,0,2.1434008874114756,0
6.195388786467977,9.358665159647156,0,0.19900575767058237,5.929520719397884,2,0.6533097516201423,14.112743186494805,0,0,1,0,0,0,0.5890642695139847,1
4.589637990203276,6.636773480968974,0,0.20147605646095507,8.512938709922757,1,0.6986499771205543,16.275532649857084,0,0,1,0,0,0,0.41046903749625085,0
6.376997645945515,6.224085176727481,0,0.6135885455234629,2.0894648390565753,1,0.471044497708059,9.2075033736291,0,0,1,0,0,0,0.4858704196638859,0
1.4024980173279122,1.897715048474727,0,0.1532807137402311,0.37287123998436633,0,0.6795656827366675,0.669838590670887,0,0,1,0,0,0,0.4483273657154141,0
1.8111374155673619,2.681618482959607,0,0.278382846619881,0.5239512066040829,0,0.26347639993551714,0.7556650804827837,0,0,1,0,0,0,0.35937136859682056,0
2.684004569453331,3.596495447348103,0,0.1254366468803076,0.28720298536598354,1,0.8654336646714564,0.46123895035800955,0,0,1,0,0,0,1.2690674086407783,0
2.6177829898038065,2.907876536565777,0,0.5329830002972028,0.28625533077966464,0,0.3667151570133155,0.5366348796180063,0,0,1,0,0,0,2.3346581092314898,0
7.4619082692981475,11.509497267260873,1,0.340875079834429,1.8180345905940425,1,0.5612628768070178,2.9712997934692016,0,0,1,0,0,0,0.2870105710861681,1
5.812308507870197,6.233785016379845,0,0.09376229505965797,9.812607567838636,1,0.39708407442798827,1.0870786425377748,0,0,1,0,0,0,0.9262615823837731,0
10.561539692732223,15.147949874231681,0,0.30420220613967874,1.5146275590111609,1,0.833980151563458,3.7763789081018744,0,0,1,0,0,0,0.8010946092099471,1
1.6874340428871029,1.5377500332608935,0,0.3784255101759295,0.6464353857256399,0,0.8799468613123188,1.0125482334893805,0,0,1,0,0,0,0.4238660479608581,0
3.133732524756847,1.6852106611736652,2,0.3209784433953221,1.058399779633513,7,1.0990185904301808,4.580193348040737,0,0,1,0,0,0,2.0418947263857623,0
5.711785628045561,9.134686615196564,0,0.14172654678365615,0.7486057718783022,1,0.6419575684272719,1.1458250827626446,0,0,1,0,0,0,0.9009592877063424,1
3.1614503136882037,4.696282400592387,0,0.29309191397348,0.5364554849859322,0,0.859862137044952,0.9929609580953598,0,0,1,0,0,0,0.5959965377507204,0
5.261312723789404,8.215848956632177,0,0.18248689172844945,10.63866884401652,1,0.41411266110309536,0.8510421284235246,0,0,1,0,0,0,0.1142784461588099,1
4.658410163068802,7.601810819154326,0,0.035158803401760516,0.38361497601471206,0,0.06626146776773506,0.7809715017724876,0,0,1,0,0,0,0.1675506927446957,0
5.312613359753514,8.546402150671472,0,0.0709133581234344,10.769820132789656,0,0.30401051449814476,0.959687610959591,0,0,1,0,0,0,0.2675748520696073,1
3.935301361241172,6.449883805220238,0,0.1095596459456568,0.5146784536964696,0,0.349936384162955,0.8903344463770124,0,0,1,0,0,0,0.21609723926233318,0
4.668140012431638,7.151586305955035,0,0.21830479696898775,10.379262278122438,0,0.5727897769798459,0.8581736867907308,0,0,1,0,0,0,0.0820225504365782,0
5.096550295812018,8.444135651616554,0,0.2214790070904667,0.48046077375514906,0,0.49886190012457177,0.9606293975244853,0,0,1,0,0,0,0.19799215194636816,1
4.612526084649934,6.812061626055535,0,0.28983095413081494,7.086781097571895,0,0.5166826548399839,4.051052665786648,0,0,1,0,0,0,0.22351677395133066,0
3.966561981736808,4.643127164580307,0,0.25764147271323573,6.822192435674836,0,0.5203135470800943,12.67021965043414,0,0,1,0,0,0,1.2578313556497933,0
8.709697116486833,9.42901794782903,1,0.35081888146512985,8.70478789719354,0,2.149070254483438,19.6327044665841,0,0,1,0,0,0,7.294513849007593,1
55088.613411465325,62935.073526955115,0,316.7332418541863,202.31923054604857,4,18215.527572424337,15165.16601825014,0,0,1,0,0,0,153229.08464019513,0
4.875067983777785,5.904419667326526,1,0.000656371293039408,1.0372302932017097,2,0.0006015827640993031,2.447602088870462,0,0,1,0,0,0,2.8305051477900767,0
12.073437910636857,17.772727356776738,1,0.000772149813128413,0.7829058444041445,1,0.0009925404115260906,1.02779326884112,0,0,1,0,0,0,3.5350732411275656,2
6.0191873691174465,6.761093751310304,0,0.002064689845422715,1.7399634515245843,1,0.0008647195665382678,3.3715019916375786,0,0,1,0,0,0,5.367901820457513,0
7.463729660704693,9.849646116129508,0,0.001453978717174187,0.3099150017020924,1,0.0017112484273745878,0.40676065115809795,0,0,1,0,0,0,3.4589852682208826,1
16.45957454749564,25.406289959115707,3,0.0006255853859169192,0.32298542846954204,0,0.0005508644175038467,0.9251440180419286,0,0,1,0,0,0,3.6922852483216664,3
5.3025981106351665,6.965321417002713,0,0.001235202683761224,0.4018775532740958,0,0.0010138893291780546,0.6543262928863777,0,0,1,0,0,0,3.7643946902837975,0
3.8380379486609915,4.45340265394829,0,0.000445545547620163,0.20546662009281574,1,0.0013973507216543685,0.3672162311157647,0,0,1,0,0,0,3.4651224249090804,0
2.72213128003915,3.2974271991942024,0,0.0004322108101454485,0.28722081089793994,1,0.0005918674998260758,0.4077668315583108,0,0,1,0,0,0,2.298475424387739,0
4.083612911570405,4.168154464792614,2,0.000929126875117594,0.16460040885152694,2,0.000821475448965198,0.6039193385631875,0,0,1,0,0,0,3.1351414804052573,0
3.2271300224704396,3.2112471618779685,1,0.0003447524225460613,0.3318065084837218,0,0.0011615792274591707,0.5170673536385342,0,0,1,0,0,0,1.9762744943308275,0
2.898231559333572,3.6861463987999863,1,0.0007648345655501903,0.30952562373551396,3,0.0003803712855756769,0.5240763235012471,0,0,1,0,0,0,2.0159611629010015,0
4.135101552478275,5.049684805142321,1,0.00032567842112486017,0.2767816659781508,3,0.0009833409797018332,0.6421190563986537,0,0,1,0,0,0,3.844549853696541,0
4.308398273904934,6.238142329996762,0,0.00022711261746153662,0.38100683399326357,1,0.0011424574045897314,0.8259361911103242,0,0,1,0,0,0,1.933572067137809,0
3.3096056173904325,4.146556873033457,1,0.0019727508829296557,0.21098557084487174,4,0.00020652443010431808,0.5206526288619507,0,0,1,0,0,0,2.396502349260887,0
4.651343126513186,6.474350913946813,1,0.00039288506685759795,0.3454936795320912,0,0.002190507848079534,0.6146686543263732,0,0,1,0,0,0,2.432816496425045,0
3.78467825684795,5.134778357823933,1,0.0009745316089545701,0.29924201690154295,0,0.000507247231677493,0.7293372124729117,0,0,1,0,0,0,2.184237368248259,0
3.1896000919884795,3.9413210308350513,1,0.0005795979060839885,0.20832107872027614,1,0.000538296114920853,0.3804025929697548,0,0,1,0,0,0,2.7848845193597986,0
4.3284681786099295,4.462657590413388,1,0.000681796202973255,0.24999054284369568,2,0.0019203736839459675,0.37502280335763827,0,0,1,0,0,0,4.158831532977617,0
4.4723144020214916,4.821597608990853,0,0.0007949927546305842,0.30144140157548127,2,0.001666227072576676,0.3563306625638276,0,0,1,0,0,0,4.1779349247217095,0
3.378308808173479,4.364931062872796,0,0.000235054525971798,0.15956200743178128,5,6.813550468779469e-05,0.39465419169691285,0,0,1,0,0,0,2.3295577662555242,0
3.2347440478527383,3.084491146527068,0,0.0005750273904627335,0.33341347533956434,3,0.000801260813517745,0.5450305470807376,0,0,1,0,0,0,2.421911575193122,0
3.6138645227936745,4.956315619465789,0,0.0006992396430821485,0.22205536181179836,0,0.0009180497348769412,0.392370628224023,0,0,1,0,0,0,2.037475770747739,0
5.227277574515206,6.9715341669851725,0,0.0007193955221023352,0.347683892722467,1,0.0003488113026032697,0.6874561821077216,0,0,1,0,0,0,2.768534610988074,0
4.898041588274329,7.108647139980944,1,0.0007838493502860745,0.3529046168958162,2,0.0011789542498480533,0.7125807224375711,0,0,1,0,0,0,1.9789051037516172,0
4.631203174530893,5.971434542441546,1,0.0008646198498236578,0.34375455209915784,1,0.000507247231677493,0.7735246336286892,0,0,1,0,0,0,2.135805532607937,0
4.165431069825604,5.698524997335144,2,0.00038611387763628515,0.3799706288567735,8,0.0019654412382123453,0.8026034455619766,0,0,1,0,0,0,2.369935247855228,0
4.790858840922452,5.269018721770863,1,0.0006979131462006667,0.26093296998912247,1,0.001077237671848033,0.5616799433866911,0,0,1,0,0,0,3.6473321464657706,0
2.7936886151322593,3.362723975547416,1,0.0017442410922293037,0.24261803327105938,0,0.0006093709502679836,0.5152170862603793,0,0,1,0,0,0,2.253429933644232,0
4.757755490187183,5.889668739631634,1,0.0006457721490258504,0.23871801699610048,2,0.0009775274019314809,0.6934271870128751,0,0,1,0,0,0,1.6648987959033557,0
4.512907175386134,5.345005603909699,0,0.0008540974177423163,0.26050333476509785,2,0.0010530311043489868,0.33539957562299777,0,0,1,0,0,0,2.4224685530737897,0
4.091213793401418,4.025149138956367,0,0.00041730836633960744,0.2687657469812271,2,0.0015198045697033188,0.5084787524787154,0,0,1,0,0,0,3.995997818685783,0
4.301043620802973,5.68591413485357,0,0.0009191955475887527,0.3304821525891304,2,0.0017464208183984968,0.5899164263964077,0,0,1,0,0,0,2.1280914135316165,0
3.08895753880575,3.465644449744774,1,0.0006516672099322264,0.29228702398883744,1,0.0017109478393709946,0.6444655311137255,0,0,1,0,0,0,3.6133108865096952,0
5.283660198284042,7.636503775564071,1,0.0010197312084458342,0.38471745258086665,5,0.001342002567672247,0.5776957740578129,0,0,1,0,0,0,2.3206805825402412,0
4.824730798373462,5.575734040531606,1,0.000295733641314215,0.18702804666269504,2,0.001107994026213121,0.39415316580677595,0,0,1,0,0,0,3.92180230038494,0
3.6806601774725567,5.069322040708334,1,0.0006273086611774562,0.4174590455252467,1,0.00048085968888877554,0.7873752901440708,0,0,1,0,0,0,1.8926581427431668,0
4.326801543148925,5.089154100939502,0,0.0004199191157995745,0.4128020530193179,2,0.0013900605083787278,0.6886364184934854,0,0,1,0,0,0,2.910937297028659,0
3.677562712516103,4.024837822132992,1,0.00042377745892558635,0.3210561437723187,4,0.0005560192646762155,0.6428165779851488,0,0,1,0,0,0,1.8237888255676067,0
2.314343609730758,3.205494880789113,0,0.0008917599845968439,0.1164452191038168,2,0.001138546668697958,0.19369675048320778,0,0,1,0,0,0,1.2546905856778547,0
6.479691014283955,8.9159505149795,1,0.0011969493387948048,0.4086456886823186,1,0.0004875518806397069,0.9890808681880163,0,0,1,0,0,0,2.0343332672136074,1
2.6172606458481686,2.785687503411801,1,0.0008499208763732022,0.28023589173880725,2,0.0012186850079316195,0.5963910738207716,0,0,1,0,0,0,2.968991297710001,0
3.4425392345538377,3.713265124930832,1,0.0006021232661428406,0.16557984864084468,2,0.0024509231858310717,0.20586317075305227,0,0,1,0,0,0,3.059964578127781,0
4.6698393667792,5.652220809105807,0,0.0004992306941867276,0.4614182095571612,1,0.0002792109006777468,0.7899092262744692,0,0,1,0,0,0,2.294863345951388,0
3.19319415329139,3.4229539612657187,0,0.0004002018780208745,0.26363364954584545,0,0.0016590694086545121,0.5272721794597308,0,0,1,0,0,0,1.676010201924706,0
6.117637053951343,7.975989402949362,0,0.0005852740155307311,0.46110538106789156,2,0.0009771212507554059,0.9377565616829581,0,0,1,0,0,0,3.1970430814518913,1
2.439196487812898,2.2864160420169104,0,0.00015851444008227044,0.30921944784791566,1,0.0014259015741195594,0.5312763741699051,0,0,1,0,0,0,3.349282546498772,0
3.2482448295332658,2.854584043520676,1,0.0009438749385885642,0.1421889258666299,5,0.001795271949907481,0.28997639377360074,0,0,1,0,0,0,4.049622496107071,0
5.881557222087682,8.208569310914836,1,0.0004960451606260221,0.28872009357912043,1,0.0016358071296616265,0.5498065298840581,0,0,1,0,0,0,1.654493489484826,1
4.147120631351716,5.276061469359022,1,0.0015751271969609197,0.46503826498602807,1,0.0003454720629687993,1.0329370266516027,0,0,1,0,0,0,2.100244759497924,0
2.803763617636107,2.45293614181007,1,0.0011071010430500126,0.1203696561181273,0,0.0021316874853665266,0.22804179085632198,0,0,1,0,0,0,2.080113708169908,0
3.960412380632071,5.048159929565869,1,0.0015386706663240877,0.2563680776077342,1,0.0004527502270617044,0.44130602475263914,0,0,1,0,0,0,1.6836182469326066,0
7.2189929534285415,10.89600807756826,1,0.0005571387883486113,0.47661451301036983,0,0.0011410313464081197,1.1343191280668223,0,0,1,0,0,0,2.094965205521584,1
4.565202812419755,5.850496292841272,2,0.0004657338448563315,0.5229845750594995,1,0.0020262170055799483,1.1099535775211027,0,0,1,0,0,0,2.945882184871142,0
3.0826260311905145,3.000655177360625,0,0.000356020849180185,0.3344420271876568,2,0.0012962532918232403,0.686807652950095,0,0,1,0,0,0,2.977471207064955,0
2.699423173117113,2.3317556264914683,1,0.000503482837303858,0.06918237690276936,2,0.001390909407998243,0.18587489291534942,0,0,1,0,0,0,3.372389235145988,0
4.664259296951371,6.506573952239814,1,0.0008748142174388622,0.3047506368769095,1,0.0024112267839389912,0.6471654963174034,0,0,1,0,0,0,2.259990822427737,0
5.19651885654339,7.481367307834436,1,0.0007891835962909094,0.5107610576914207,1,0.0011274707235660645,0.8757405435706735,0,0,1,0,0,0,1.8469943973883172,0
6.146948115967667,8.191146709780975,2,0.0016410496087711358,0.43426788001858985,2,0.0015101179300086216,0.9618808885045688,0,0,1,0,0,0,2.4958270693452596,1
5.503817541307425,8.356175061206782,0,0.0007554666543646823,0.5711800120204653,0,0.0005190872720912832,0.9455666591154316,0,0,1,0,0,0,1.5224560873376292,1
4.80718957889904,6.724486751213845,2,0.00030201620366559345,0.39410885043725985,6,0.001475007510115499,0.9693100468072247,0,0,1,0,0,0,2.363643661444204,0
1.7606991592831518,1.6564004465305793,1,0.000559095700496145,0.10196039751848578,1,0.000718590295571154,0.2673305500990621,0,0,1,0,0,0,2.6922789632411304,0
3.273741630898327,3.7562718746999604,2,0.0011333120051178359,0.13183616860014047,8,0.0010759440300532178,0.26677334573365474,0,0,1,0,0,0,3.5927857548555284,0
6.348649202484562,9.448523108773232,0,0.0013665780691655741,0.4566854860403518,0,0.001136113406803805,0.8755170027303604,0,0,1,0,0,0,2.127843543522,1
3.4417392754981146,4.592672666841326,0,0.0011645150707073723,0.4494691610522762,2,0.0008078131217546768,0.7343348875909129,0,0,1,0,0,0,1.8553586077260822,0
4.4603487390876495,4.927606399405121,0,0.0009876080302064247,0.26705962010090645,0,0.002339506061399431,0.3593023560915748,0,0,1,0,0,0,3.5082076283157075,0
6.404794774444464,8.716789741005627,0,0.0007282847031873962,0.4458092184059101,0,0.0012536847975741549,1.0385413019840892,0,0,1,0,0,0,3.5261873300182858,1
3.2555560553565686,3.7731355845625627,1,0.0009127954308025582,0.24887217951759727,4,0.00041908738968534894,0.532774029711278,0,0,1,0,0,0,3.4995248241070094,0
5.909539738994145,7.515539540088135,2,0.0008267495537652404,0.28119139601291676,2,0.00194889539099697,0.433105484237956,0,0,1,0,0,0,3.5039552200721245,1
7.85833213161856,11.171921236958193,0,0.0007046301988386473,0.6221836009278451,1,0.00039126383396227325,1.0831631127781831,0,0,1,0,0,0,2.764287008631105,1
2.413351050539934,2.4491156011334256,0,0.0006530002759883864,0.13225632126803655,0,0.00041641078438735355,0.34831974703747554,0,0,1,0,0,0,3.08584824152617,0
7.713474839432149,11.198812921558792,0,0.001904216653136918,0.5720276860162435,2,0.001987914352411899,1.1597256539994991,0,0,1,0,0,0,2.78293431669725,1
7.211848990971028,9.753429888756447,0,0.0010483905721271817,0.46650573337186363,1,0.0016169733939798913,0.8357620394441687,0,0,1,0,0,0,3.8528170596385087,1
6.496349085933227,8.848461446183638,0,0.0008697416188527854,0.5785342106665884,1,0.0008259315188437223,0.7749565707577952,0,0,1,0,0,0,2.353085673085545,1
5.9883457978648,8.441389605353756,1,0.0009193819849014173,0.4736768246130527,0,9.749678774221402e-05,0.7049328964140328,0,0,1,0,0,0,2.701555327245047,1
5.939364640497152,7.956050324888991,0,0.0016484341034100568,0.3496209256067804,0,0.002526636609230151,0.6359935489532178,0,0,1,0,0,0,3.6062616854285214,1
6.735427554576834,9.221924374910788,1,0.0008162273568433846,0.47759063645182886,3,0.0010990602676687411,0.7582313437996,0,0,1,0,0,0,2.735369401257195,1
7.213079600047042,9.784034179453796,0,0.0016886465717353848,0.440302089063234,1,0.00037906345663038526,1.0652410071106386,0,0,1,0,0,0,2.3915576278520754,1
4.541138275342537,6.273586361815092,0,0.001443509370587524,0.3815412174449674,3,0.00040025590287964016,0.7128515640344861,0,0,1,0,0,0,2.688332331834557,0
4.66301700460708,6.771114359551118,0,0.0017830358337245916,0.3407829849316143,1,0.0016776638961728582,0.6693415219143469,0,0,1,0,0,0,1.8456463332542858,0
5.599465436067187,7.200160318941054,0,0.0015601556495989507,0.29215211850407174,0,0.00022660851066587726,0.506138041103688,0,0,1,0,0,0,2.065299818406481,0
4.6735812732088196,6.356838556836772,0,0.0009215206035610264,0.38887219458163996,0,0.0009439246552128706,0.6072814988181705,0,0,1,0,0,0,2.6284292008094807,0
7.044271931978996,9.179026830727041,0,0.0007400210477451947,0.5267229004533189,1,0.0006194501019678048,0.860720189679385,0,0,1,0,0,0,2.663061589248911,1
7.880189700632373,10.190057257339665,0,0.0011856998416296585,0.46071841470486763,1,9.749678774221403e-05,0.904737990471687,0,0,1,0,0,1,2.5668035733824843,1
5.2178602563781515,7.075702317612654,0,0.000727798281795099,0.2776277552634246,1,0.0013726546123543708,0.5925368995304696,0,0,1,0,0,0,1.440222638688173,0
4.768725928459015,6.0191425706924395,0,0.0002900968422148648,0.4541564015930858,1,0.00032566829632964354,0.8973956909178586,0,0,1,0,0,0,1.8262844406172696,0
2.9325750104802166,2.847217064714345,0,0.0010378601109604032,0.1216136427389712,1,0.0008841940657871915,0.5222393780832271,0,0,1,0,0,0,3.999001956942177,0
3.1205210500760687,3.353811890860343,2,0.0007927056472247227,0.30974027585579933,1,0.0004851993590895906,0.36946928549785785,0,0,1,0,0,0,3.768937197756248,0
5.23156480319052,6.337874107431604,0,0.0007915692788134771,0.43593942464436386,2,0.0018477704267471694,0.7133156230873234,0,0,1,0,0,1,1.7202759940684875,0
4.559110381023075,6.1800006518074495,0,0.000609708431868207,0.2896419500030829,0,0.0007123370743606751,0.6339274351181614,0,0,1,0,0,0,2.1487306642433763,0
4.763287897993069,6.430570600294675,1,0.0009427872341195049,0.49147231349699283,6,0.0007262292781564247,0.9806199643887198,0,0,1,0,0,0,2.5558247048887863,0
3.4032665822511428,3.511144200022859,1,0.0012945342989195412,0.29476108879017016,5,0.0007697121395352519,0.4104873710309473,0,0,1,0,0,0,3.8595122768666617,0
3.484112775038613,4.809813800286317,1,0.0012951709812782063,0.27232505576957167,4,0.00031009132848631787,0.6604152040454698,0,0,1,0,0,0,1.8702493081994578,0
4.1592997627690895,5.786986265778505,1,0.0011517452609684032,0.26162205709212477,0,0.000445171111426716,0.45003974925377277,0,0,1,0,0,0,2.320037845809053,0
5.883387720669437,8.419939092252676,1,0.0011042627290983613,0.6228470599913021,6,0.0019718199989351625,1.0239290465240412,0,0,1,0,0,0,2.3623569854966417,1
3.2691290639769,3.8614069527153565,0,0.0005545561666300053,0.13922637147651334,2,0.0012025882644634144,0.30859171890088105,0,0,1,0,0,0,1.4730891146936682,0
4.044500412716045,5.108373782410866,1,0.001057930164041038,0.32273274841399546,3,0.0004329470315937665,0.5936501450306735,0,0,1,0,0,0,2.035901613026322,0
3.3561446533362664,4.1215303796055185,0,0.0003953162394183591,0.24350850635100446,1,0.0008247436443288292,0.5418152134805055,0,0,1,0,0,0,2.653330778338201,0
3.349036738468641,3.358352660476094,1,0.0003954958401964296,0.2230539863384994,2,0.0004507038063636049,0.499536555240783,0,0,1,0,0,0,3.35122793021094,0
3.4859362587259595,2.7408764327364343,0,0.0007174515513415431,0.22898034573301967,5,0.001765688048428282,0.6258222988205928,0,0,1,0,0,1,2.569177021641461,0
9.883054963439456,6.724632099604712,1,0.0020058820860320006,3.1653227681718863,1,0.0013852758642106757,7.141967270494609,0,0,1,0,0,1,11.531814419468079,0
28669.598673879056,49650.10102135366,2,198.18350247807194,21.22906135417087,1,15944.28621961813,48.66511527689454,0,0,1,0,0,0,114666.09617898223,0
2.3699498775333008,1.8042689921057538,0,0.29773375643330524,1.0953430588641466,1,0.9091044390398415,0.4605470100758973,0,0,1,0,0,0,2.1308614789398233,0
2.679630204143833,3.5640152363575024,0,0.6097920642950985,0.16522849435775172,1,0.5566869707772392,0.485493965434156,0,0,1,0,0,0,0.546191093918736,0
3.56026369863297,3.658624805318335,0,0.3016024578269582,28.019199255905555,1,0.445041133180495,67.97633830353112,0,0,1,0,0,0,1.8186263302026293,0
1.6306527322180955,2.34688435349144,0,0.41775021346689956,0.47864385916049923,1,0.4552149032129786,1.038694573442086,0,0,1,0,0,0,0.11121634340030782,0
7.643032217478569,10.908417213272987,0,0.14024690310804427,4.1312539095708765,0,0.5737838676602667,7.4650917534419845,0,0,1,0,0,0,0.1724151287959914,1
6.6966408526069054,10.12873584390312,1,0.3151629165439407,0.6128598159204631,1,1.313392971530056,1.207717907973685,0,0,1,0,0,0,1.440657757432304,1
8.976319970286534,10.283522237315838,0,0.17204278752148022,34.03207945157132,1,0.8108242879333691,85.55688682125869,0,0,1,0,0,0,0.467689204864455,0
17.87630956180329,24.1218203059903,0,0.09958669082274604,28.335580902602132,0,0.47311992593360974,58.730587846764095,0,0,1,0,0,0,0.29390287231613266,0
5.595287426761513,9.19687901795382,0,0.15684403863458457,4.229564812890521,0,0.19854121094591254,6.991176688488944,0,0,1,0,0,0,0.08578224313972752,1
2.9677522067397506,4.8241627086949554,0,0.43366390482090855,1.075620323132306,0,0.5087263873896823,1.0643088671322412,0,0,1,0,0,0,0.2705673280793365,0
4.892793629937446,6.892150156850545,1,0.46725430943072255,0.55366709146921,1,0.6490439154401065,1.320872176572049,0,0,1,0,0,0,0.30080438485972927,0
6.979232722740126,11.112385961731816,1,0.4286457239006263,0.3290207140121205,0,0.8224151227645476,0.7448932116971438,0,0,1,0,0,0,0.4898514393898309,1
5.084712537543172,8.405921071642666,0,0.08915694002346049,0.52313115990615,0,0.2565165286316916,1.1356685598773704,0,0,1,0,0,0,0.36307921830679657,1
5.0067499809777,7.609510500217651,1,0.27635281636571585,0.5629239010613183,1,0.6448734985535836,1.1927320933846661,0,0,1,0,0,0,0.2893848142099325,0
4.822583329123454,7.927346196481786,0,0.06239052476137138,0.5426063584217021,3,0.33250138670758467,1.1148702486318074,0,0,1,0,0,0,0.27641795151778775,0
6.277682268425236,9.604818903353191,0,0.5284593916664099,0.45746533601563766,1,0.8078439898505305,1.1884478045745217,0,0,1,0,0,0,0.6393907517433233,1
3.5060652950628004,3.1454180717958087,0,0.1610475370673679,10.473336284605018,0,0.8268141940832938,26.868916424554904,0,0,1,0,0,0,0.3932050454010029,0
2.1455603548620306,3.1211697532823743,0,0.2548902087279013,0.13735078441975396,0,0.5211293414796947,0.21165050876327435,0,0,1,0,0,0,0.2241012798684886,0
1.9435025776870372,2.916772214573011,0,0.32171675981818837,0.20614002863112957,1,0.8834875891419647,0.30541034012535084,0,0,1,0,0,0,0.27918993090758015,0
1.682601750351828,2.3572641446589007,0,0.19709733147323227,0.19436602427671998,0,0.7513617855298022,0.43805589421034785,0,0,1,0,0,0,0.3913557126317388,0
5.389475843993148,5.327172482233949,0,0.1329651744618163,10.063481744275474,1,0.5232994282853951,26.400568301484228,0,0,1,0,0,0,0.3869995406780609,0
7.890860057828096,9.872304715019443,1,0.7208686033309835,10.740604658443676,0,0.6820888345029761,30.230523080102703,0,0,1,0,0,0,0.033267250974802876,1
8.008918436804768,7.347058124316527,0,0.36183980176031816,1.0358073899889102,0,0.34064536868464484,5.062854149225445,0,0,1,0,0,0,0.9990308208263933,0
3.8473963111357836,3.9208780391081866,1,0.31664604953587094,3.033726932850521,0,0.7273192163300372,4.678858178510257,0,0,1,0,0,0,0.268997596726567,0
9.995017194758953,9.25912918739419,0,0.5173900657496062,12.650320157989695,4,1.1055812973656185,28.53572687817054,0,0,1,0,0,0,0.6492747308065914,1
7.500168475376913,7.189781192255659,1,0.25009641712775044,11.92157714638289,1,0.7599485241293091,27.727391229748058,0,0,1,0,0,0,0.757293549576304,1
4.024498125608303,5.396216094373805,1,0.6100120745182819,1.0669411691462596,3,0.7059032293387352,1.2077616416755153,0,0,1,0,0,0,0.5144444800482293,0
7.228763991309303,6.787087584879719,0,0.2136067720654851,10.119944652931874,1,0.3327773120977917,12.593446483422788,0,0,1,0,0,0,0.8608292800930042,0
4.659862574392725,5.830803473099012,0,0.2491081475909615,3.0111233386098455,5,0.5436737052251088,0.9301795408973663,0,0,1,0,0,0,0.687249158579218,0
3.1367150228923784,3.730485739642612,1,0.311323086658999,3.397630670050115,2,1.067002858791045,0.9112289905921458,0,0,1,0,0,0,0.5839024526966115,0
4.546668330613509,5.803668030021762,1,0.2398223779636357,1.9132693915333783,0,0.5045536688052211,1.075645039495459,0,0,1,0,0,0,0.49450340182237695,0
3.825492831054244,5.621148774184287,0,0.10395979347214301,0.537013045046725,5,0.9049013315694328,0.9723639765875292,0,0,1,0,0,0,0.43345357095975634,0
3.384853284626494,4.781458425981834,0,0.27480061345769824,0.2802461018508512,1,0.7104953573938375,0.6967808949935643,0,0,1,0,0,0,0.07894575133389414,0
4.319167318633614,6.5956184438673615,0,0.3704836264570862,0.6133393680484426,5,1.1030367220578996,1.4133262980363432,0,0,1,0,0,0,0.22348351108156264,0
3.661474693212146,5.0621490040964785,0,0.17431625543674364,0.5181674460384919,3,0.4554451969198431,1.2243867295515396,0,0,1,0,0,0,0.3108543420128238,0
4.1758584048678316,5.212338925711944,1,0.2829234268216281,0.4760583101821722,2,0.7364727065084162,0.910434796032773,0,0,1,0,0,0,0.4968693788737264,0
4.997858929223202,6.933346284868825,0,0.2449844685031211,0.23088064710958428,0,0.8619133007865388,0.862444337233116,0,0,1,0,0,0,0.4457388046638059,0
3.870062334210005,5.502739754991269,0,0.28551425178400036,0.2567214153352033,0,0.661005498967328,1.0349340613890574,0,0,1,0,0,0,0.41950948847656333,0
4.278870400342367,5.793383848671884,0,0.39194376820323246,0.4189452399685165,1,0.6751907627548533,1.4842621995923893,0,0,1,0,0,0,0.451049459618279,0
4.444623456048927,6.530679965104928,0,0.2388305008991084,0.7849947191002695,2,0.9341174451148252,1.5944567544793267,0,0,1,0,0,0,0.38281522448045086,0
3.8363659444206917,5.069539029725987,0,0.20990481762655488,0.3617339590166958,1,0.7362576296498704,0.5300010979686536,0,0,1,0,0,0,0.13132470472407726,0
4.122566992259387,6.1955032185019,1,0.40305546977862183,0.508044837944256,1,1.157173432013903,0.9206287368653594,0,0,1,0,0,0,0.566827504869328,0
10.28960207593816,8.843426172161065,1,0.4285672410497527,13.088927711816684,2,0.5317050457828455,9.047896685284618,0,0,1,0,0,0,0.6708795925978271,0
16.890508209926494,12.99844302403847,0,1.4021884914984044,0.821313154005024,2,0.35312714674125106,7.330238314460247,0,0,1,0,0,3,0.9004512837035327,1
8.245028392083144,13.085184151037982,0,0.4475408233316234,0.4322387213429088,1,0.8451853589056582,0.7393574234511358,0,0,1,0,0,0,0.3546263088569858,1
3.0112274746992376,3.8381968063044964,0,0.201224969636702,0.30731616147097507,1,0.6493563465202151,0.6885289853604317,0,0,1,0,0,0,0.6092751043802818,0
7.382629998668982,11.931525160890796,0,0.15953292113039585,0.8727340528441715,0,0.6671705655902278,1.2624939151475822,0,0,1,0,0,0,0.5610182210998914,1
2.5599102941047045,3.540274326756475,1,0.23210101628755003,0.20572673896820767,0,0.9874717083920137,0.39701350954631875,0,0,1,0,0,0,0.17026341098368525,0
4.196236325659728,6.884997200669136,0,0.09949430102577317,0.15511010631612043,0,0.22260820312018106,0.6570408328801449,0,0,1,0,0,0,0.17295776300790244,0
6.010465601059147,9.750178877505435,0,0.06853288233424046,0.4887107694696919,0,0.16872309164261617,1.0508889279913285,0,0,1,0,0,0,0.27256760579769423,1
6.6284314502914885,10.794694654984974,0,0.10234399333614588,0.8498265825844349,0,0.5911087381988962,1.5044359876763012,0,0,1,0,0,0,0.29136326818961145,1
2.0543986136105823,3.031718519147345,0,0.28351303242458226,0.3494647155164068,1,1.0252664453371994,0.640063893765747,0,0,1,0,0,0,0.2519442745124329,0
2.2162408688002797,3.0335916164260466,0,0.2543065596343939,0.14890176634283467,1,1.1416917950983483,0.4495054936416145,0,0,1,0,0,0,0.7340031594578964,0
2.0050908780578354,3.258910467925354,0,0.1763470052222856,0.05448903790106074,0,0.40666087795417477,0.2311934704076619,0,0,1,0,0,0,0.032483836661326156,0
5.530736913028245,9.092383322258348,0,0.1792741492983462,0.47043283909725786,0,0.19866673418149855,1.2843656184393337,0,0,1,0,0,0,0.3129624972463113,1
7.450712146266699,11.106813267007857,0,0.07101386645045994,0.8040370774965435,0,0.3619418739183968,1.563519787619852,0,0,1,0,0,0,1.3636281789480567,1
4.488493010439093,5.274840026762951,0,0.16471316378267498,0.4416565612389151,1,0.7844710024070123,1.1992133193934604,0,0,1,0,0,1,0.7825987146854139,0
2.458862531297765,1.7974621497963947,1,0.38596698582537453,0.05283990961195665,2,1.2353160321820829,0.3898709923197076,0,0,1,0,0,0,2.094800898196447,0
3.2716821637384825,4.634415413268333,0,0.3213308182756447,0.4287409318134978,1,0.42469800125554436,0.15377984133638534,0,0,1,0,0,0,0.1407898676565529,0
6.996771628464792,11.51225099669573,0,0.32098673337867045,0.8463468143746072,0,0.12511500751619775,1.1696479868123175,0,0,1,0,0,0,0.08236552641199094,1
3.87274740838499,6.093349723930809,0,0.06839486591690316,0.5098342109620438,0,0.36487605600501005,1.3508879031989696,0,0,1,0,0,0,0.7521268668708911,0
2.4572230432943756,4.003342317534661,0,0.2115454156707937,0.3466785183649075,0,0.6877943125966128,0.8580618633405208,0,0,1,0,0,0,0.0949208332325753,0
1.4970934024326865,2.314769390392461,0,0.2111248642823003,0.09771915344486885,0,0.48460999640016056,0.4190993237276382,0,0,1,0,0,0,0.07876856532439463,0
7.972359370927592,12.957318956491152,0,0.13645223104747703,0.5552305882492339,0,0.35884619903377846,1.1435455712600802,0,0,1,0,0,0,0.07057812162258242,1
4.939106519953426,8.234845968985379,0,0.06446043369765293,0.6255881392291887,0,0.2771891791849764,1.238580981273408,0,0,1,0,0,0,0.19815558654185572,1
3.50019693971274,5.726147132102793,0,0.18428672505121013,0.48725399468641195,0,0.45581990737062156,1.0173423370197103,0,0,1,0,0,0,0.21025472685171698,0
1.420822062275014,2.0745304558476887,0,0.37498839145911234,0.17467877513454388,1,0.8245966496451362,0.6512195853730811,0,0,1,0,0,0,0.2900052764868854,0
3.038160158942314,4.677442013946028,0,0.25010509313907053,0.09351607158170358,1,0.8822040855849974,0.2943427550809058,0,0,1,0,0,0,0.586666121391638,0
4.680146346294439,7.006911877459069,0,0.22190553959217396,0.25268771828953224,0,0.792399396607738,0.43462555330281033,0,0,1,0,0,0,0.36380491091160255,0
5.938126426435983,9.648373353547907,0,0.17844630716105117,0.4601384792980955,1,0.35689162236957783,0.548755335085412,0,0,1,0,0,0,0.1938018499509172,1
5.272369098010636,8.486782638508435,0,0.0335186443453972,0.7065948456376021,0,0.09547549921877835,1.2693819577762766,0,0,1,0,0,0,0.34246973012149784,1
3.112570098165842,4.6366181417760695,0,0.25715231409859013,0.4537536648061691,1,0.6425394771656365,0.9806275505545679,0,0,1,0,0,0,0.25659787795976585,0
1.6729169958368266,2.1148144877696557,0,0.3608640933881756,0.17540413104687952,0,0.45789593417534724,0.6996179854116997,0,0,1,0,0,0,0.18328217339309266,0
14.421793263023314,13.398007826970211,0,0.4004574831198456,19.443631948096012,0,0.5250525488775655,3.327147999057104,0,0,1,0,0,0,0.6748006669820379,1
9.112671967084125,7.856721997037819,0,0.13354611082911425,13.706740103093743,1,0.7394130605897663,26.483165290498746,0,0,1,0,0,0,0.7932142290551356,0
6.998986288458257,6.57225026603179,2,0.41764876171226706,16.15989007592185,3,0.679973986240508,45.11996460934152,0,0,1,0,0,0,0.8305434512942806,0
5.119657124443663,4.685308733830552,1,0.10154860481797207,2.789503074767241,0,0.6394094897734476,3.86685211672916,0,0,1,0,0,0,0.7536264207463865,0
6.199911765930678,7.301693032769022,0,0.42649895891316014,1.2305647782197542,1,0.7627587902723831,2.309340391398618,0,0,1,0,0,0,1.5085929747979774,1
5.613222766847361,6.2308435111183105,1,0.20315597701939075,0.7276835427640385,1,0.44666983482641726,1.4357314040410032,0,0,1,0,0,1,0.2607168504526824,0
5.231197147735415,6.344188724026366,1,0.24958677228667153,0.4840903459176615,1,0.8612027858644147,1.6116859368904313,0,0,1,0,0,1,0.12499013191393375,0
4.387465159749364,5.816840589352273,0,0.333293217688516,0.34710458140317224,1,0.8242721869060982,1.1586507690978807,0,0,1,0,0,0,1.563271793577523,0
3.364441170757241,4.747194045201649,1,0.14024272626969086,0.33441962290621274,0,0.5359267341311758,1.4122238014573105,0,0,1,0,0,0,0.2119032804086712,0
3.3683749007356196,4.685642664015719,1,0.45541283078660244,0.4634874402559947,1,0.8332502375794268,1.2092889592581353,0,0,1,0,0,0,0.3401589945648565,0
5.442260125641907,8.003700343562771,0,0.4872608980637725,0.9847090941861438,3,0.8623995648381064,1.4911907898072183,0,0,1,0,0,0,0.4183364750831321,1
3.9121148894341315,5.601910271043945,1,0.27432773444266156,0.3381641595705593,5,0.7908639199203791,1.2111917337195583,0,0,1,0,0,0,0.24684656244340342,0
4.115473375820556,6.549496354337443,0,0.19938044209263273,0.5797871397063515,2,1.0283948644938337,1.1648327408581762,0,0,1,0,0,0,0.4732336877603054,0
4.009081507514138,6.062276131681116,1,0.226469470688767,0.6376598168411682,4,1.070188583535819,1.353491981157381,0,0,1,0,0,0,0.2032372487881413,0
3.502198369946853,5.352519668945832,0,0.2382195239407307,0.3934620971340883,0,0.7484722313746068,0.9008864877529748,0,0,1,0,0,0,0.3535298929444612,0
4.43658696837028,6.967865772224395,1,0.32164909859526747,0.5067927925683544,4,1.0661940794197589,1.368340314525009,0,0,1,0,0,0,0.2027928280735531,0
5.621912310207035,8.869794549569939,0,0.24367113405005036,0.5378519642318322,1,0.8569820655228624,1.808020722604069,0,0,1,0,0,0,0.39789923212246747,1
4.3362958164348875,6.545317025414296,0,0.3142693491753656,0.44635978500009227,5,0.7500927031483992,1.3368570153851749,0,0,1,0,0,0,0.47304181927724603,0
5.060777212133423,7.265309368281786,0,0.3277890540901165,0.7973611318089784,0,0.450321180344904,2.0068203771798814,0,0,1,0,0,0,0.3429733371417447,0
5.3034590187707975,7.4034848802217885,1,0.3719193453087939,0.919053289939904,1,0.7064354450985725,1.8132911249347021,0,0,1,0,0,0,0.29492025552999024,0
4.558541808629957,7.018053634433853,0,0.24604423701750225,0.43573237608937465,0,0.7594889462124671,1.4149377893466766,0,0,1,0,0,0,0.28681045569280694,0
3.774081294474559,4.406705265781103,0,0.20557931133632404,0.511087352257933,2,0.7138473785708683,0.8913635884216571,0,0,1,0,0,0,0.6202262572303254,0
3.2665772883333455,4.70314010275941,0,0.41205443514914253,0.6596944005544153,1,0.766112843046968,0.8158782856302111,0,0,1,0,0,0,0.5133100483799378,0
3.481050162057528,4.283751120162849,0,0.1305757778964094,0.34320700642957025,1,0.6667368699299363,1.443586479056046,0,0,1,0,0,0,0.7526233727660803,0
3.7656519697474633,5.639794960323779,0,0.23817902224687576,0.4399805150891565,5,0.8740047949643788,1.1756322175397735,0,0,1,0,0,0,0.34637079567661566,0
4.697979325131195,6.722914150041723,0,0.13811581009108373,0.6362161208019919,0,0.7155180722841499,2.1263344259783086,0,0,1,0,0,0,0.21883921270039378,0
3.7089985313163143,4.316807689253948,1,0.3055128382728775,0.3277208867857084,2,0.7573727974433689,1.1823842414932912,0,0,1,0,0,0,0.4954291995278945,0
4.391610979457139,6.2734250924696715,0,0.2335580954647819,0.7669412120298831,1,0.6053582708789371,1.4839742958327937,0,0,1,0,0,0,0.8227739886291812,0
3.392601325675412,5.218954762763182,1,0.31821365679196606,0.40997969821920655,3,0.9541151598872686,1.2917625916594775,0,0,1,0,0,0,0.3531971083945157,0
4.850044592946448,7.599906991200855,0,0.4888788402033366,0.5322599628697788,0,0.6287251436916869,1.7344507085794585,0,0,1,0,0,0,0.3030742486538951,0
5.183535487975062,8.46650136638491,0,0.20841233438048468,0.6790550345781445,3,0.8043369798483679,1.7324831080094736,0,0,1,0,0,0,0.1840792673674958,1
4.4745284015724,7.186274106332253,0,0.2618861475832036,0.5633172433874286,1,0.7679908036043308,1.6792990758499544,0,0,1,0,0,0,0.24213970233308119,0
3.3418867067399316,5.260600211263969,1,0.17279706758822622,0.5634232866080856,0,0.7210231921065265,1.3864451666298487,0,0,1,0,0,0,0.33863006398747897,0
5.692163304975951,9.1266708540426,0,0.1644242168446272,0.6421579829207671,1,0.9593755793233093,2.3793816671715007,0,0,1,0,0,0,0.3676821221893164,1
3.4599796251194284,5.107774955641944,0,0.31132067458639767,0.598647028502501,1,0.463028535240126,1.4863742906255266,0,0,1,0,0,0,0.5268142144209502,0
6.6982799545045895,10.434029519842257,1,0.2788956490414276,0.8100304935270254,1,0.7185748294700175,2.204255103684037,0,0,1,0,0,0,0.3664960706379015,1
4.494218969344874,6.8702312372040355,0,0.2240569837761906,0.5387003086207545,1,0.9924654521396904,1.4940309895567263,0,0,1,0,0,0,0.5111248264025221,0
5.641800784759312,7.760772032444526,0,0.23917279176173437,0.6945989881785203,3,0.7773368229810291,1.8894301181100097,0,0,1,0,0,0,0.5601900361978177,1
4.854113113689173,7.47742599369306,0,0.15894627781607348,0.8499312058708792,1,0.6696879899546256,1.6778044714452565,0,0,1,0,0,0,0.03832112676309434,0
6.078034348898862,7.709978525802335,2,0.304078484831253,0.6239191111726508,2,1.0783707498722452,1.5608927036726383,0,0,1,0,0,1,0.18178822107730763,1
5.1574553708883855,8.29573248415227,1,0.2770946384101268,1.2480250101276305,0,0.6470523669424729,1.6797363494517321,0,0,1,0,0,0,0.42820270184303866,1
3.7870869822473345,5.920062689185055,0,0.40771856242899507,0.9723472868690735,1,0.6399267132964966,1.3627826733481663,0,0,1,0,0,0,0.31206146701774873,0
4.752011745756985,6.496149591298824,0,0.17564836839800185,0.542795321196714,1,0.8602620044425425,1.695672700775082,0,0,1,0,0,0,0.69679879576026,0
4.012570704541822,6.239756013792335,0,0.3809995533761682,0.600773283424669,0,0.5734009628927113,1.2670759864174546,0,0,1,0,0,0,0.18997512164931935,0
6.748395196018089,8.612185013834136,1,0.312380183125046,0.8998773079711591,2,0.9393147497235086,1.3171803255214944,0,0,1,0,0,0,0.42965747743959004,1
6.102109140444365,7.192227939392718,0,0.15760412214764732,0.9015648808425637,0,0.684223561345653,1.0929843526843301,0,0,1,0,0,0,0.6260780800003801,0
3.407751118618784,5.263334511885375,0,0.22665439392638387,0.4171079792175424,1,0.8006641981268121,1.6178529619614914,0,0,1,0,0,0,0.43248180645498496,0
3.870903063499296,5.87080245411768,0,0.19839353576378654,0.5720668916552961,2,0.4201697217681599,1.5874461692146618,0,0,1,0,0,0,0.2506795760160968,0
4.24854440591381,6.127660094002384,0,0.2825634623641163,0.5733760606309357,1,0.8050672656110109,1.3684245541122295,0,0,1,0,0,0,0.31210990244788506,0
4.418092091933188,6.223257147490676,1,0.20282185765250824,0.3833553175435458,2,0.5296404895253437,1.6179858832582175,0,0,1,0,0,0,0.27492109522693,0
6.644543492312178,9.411470220129678,2,0.5246880943074882,0.4421784745689439,3,1.177762098092256,1.184554290409368,0,0,1,0,0,0,0.5233517277038884,1
3.8932276321939963,5.7246600067612645,0,0.13070792255371275,0.5471129999498114,2,0.7289034317102363,1.1375245692667841,0,0,1,0,0,0,0.17835130872428182,0
4.395577577389857,5.970955719827954,0,0.2265160837674544,0.7456143960376578,1,0.6544575583215027,1.2776886191427406,0,0,1,0,0,0,1.3084236165306777,0
4.886233319239384,7.144762542897633,0,0.23801245745696298,0.7872029725776336,0,0.7032391382429075,1.2971172487714848,0,0,1,0,0,0,0.28803129385738235,0
4.958928968034425,7.865422606607764,0,0.3848203879331975,0.2991792879929928,0,0.6600836853786445,1.4369834563916837,0,0,1,0,0,0,0.3378218583147946,0
6.348797111515028,10.205707937100296,1,0.5299616604339779,0.6782704850221833,6,0.9129077392877134,2.017305311798035,0,0,1,0,0,0,0.16398432528939602,1
4.378381288887769,6.957314123397957,0,0.23737462165027046,0.5786543964585151,1,0.8787231481548432,1.7623361039572907,0,0,1,0,0,0,0.3324285661195853,0
4.172368047687923,6.537467065376697,0,0.3413196282737956,0.2817657029474271,1,0.7134806338700015,1.308414781273623,0,0,1,0,0,0,0.32918233799332597,0
5.039008589674722,7.967291745686194,0,0.3283901276656872,0.6323332466972198,0,0.6489146145490103,1.2780233416660534,0,0,1,0,0,0,0.4243088792478687,1
4.490133240408376,6.665676768387573,2,0.2452756565999623,0.3427131522983551,5,1.0571502497442316,1.3177890502729825,0,0,1,0,0,0,0.36294420686196754,0
3.766381918807559,5.419644122115274,0,0.13087121815035266,0.5552301405274389,1,0.8290130751206568,1.550039024838012,0,0,1,0,0,0,0.6426092404468784,0
10.054457248235284,9.38699054639835,2,0.5261983939870529,0.8051172410382232,2,0.5042161726546626,3.168235041253096,0,0,1,0,0,1,0.13912815610741697,1
16812.45124697456,29104.222824863882,0,0.47435551839828716,313.32750078854264,1,0.4733445335998061,13224.270449178968,0,0,1,0,0,1,2.056630992434771,1
11717.792621096354,20281.951367287398,0,0.3443673404349159,126.14011764351757,0,0.9066322306358291,8128.476050588334,0,0,1,0,0,0,5.372450167531747,0
7.269474319193711,11.44563923267039,0,0.41856361676591736,9.626928919483394,0,0.250892144114814,11.633520947588234,0,0,1,0,0,0,0.30470900306550275,1
8.351533035503389,14.041278866237104,0,0.10295592649948355,0.9414135421498291,0,0.29047414797649845,1.7907976424987122,0,0,1,0,0,0,0.15345074041424497,1
3.902682797573979,6.47111458958169,0,0.14989864674491676,0.5147535619828321,0,0.40712805109678024,1.0287452459568769,0,0,1,0,0,0,0.14799147020189812,0
1.890963803881027,2.837574487794975,0,0.2806645843349874,0.2226267257920446,1,1.0208222603546067,0.5367547446682751,0,0,1,0,0,0,0.38407726955061416,0
1.9996715125945266,2.990091916462656,0,0.2481528878586497,0.15831377131743093,1,0.5968214954888538,0.42206915313100357,0,0,1,0,0,0,0.23327978688033799,0
4.05685953762589,6.126913164989248,0,0.15221702651610214,0.34293924573895673,0,0.37623115382314437,0.735709851123894,0,0,1,0,0,0,0.5593764518334818,0
7.9151420059096615,12.928545208688837,0,0.11330391940140326,0.9095694182796537,0,0.1709483706918292,1.4575152324673293,0,0,1,0,0,0,0.270297992222917,1
5.97338878675976,8.689268790757577,0,0.14654604212634353,0.9808034936510173,0,0.4842004335370549,2.4282870976206583,0,0,1,0,0,0,0.9117269196406119,1
5.684609067358192,9.190570768145925,0,0.09095176987639304,0.8375055142471177,0,0.2763714889292973,1.346377456950409,0,0,1,0,0,0,0.3338327397982219,1
7.53459989658328,12.560825450885273,0,0.1357916449670355,0.861880809955484,0,0.24058235416393886,1.7896804544900127,0,0,1,0,0,0,0.1646631501044256,1
7.062105140099999,11.485164507517933,0,0.10090586939110205,0.7315976711274159,0,0.23022305450788605,1.2607531257046705,0,0,1,0,0,0,0.37324961825471814,1
1.5705935621481528,2.2844949179496306,0,0.1594017583246083,0.34452874357053276,0,0.3783243622100322,0.6781248105954057,0,0,1,0,0,0,0.2506671836056211,0
7.13178271179821,10.297228364056032,0,0.08811411618155061,12.878707553348224,0,0.19647076722093543,1.5835023635206418,0,0,1,0,0,0,0.6085852381239597,1
7.462447063349321,11.55326557379985,0,0.055387598911065226,12.105161216942179,0,0.0963341599020544,1.3789168495694597,0,0,1,0,0,0,0.3146553502159921,1
7.688733470025486,10.646044859725484,0,0.15019888525216105,0.6234131838172086,0,0.3395358872264131,1.1478482604752092,0,0,1,0,0,1,0.6523996255098482,1
2.736224227788428,2.1936458095719282,0,0.3315933672416951,0.13701531435852987,1,0.6553283075593547,0.522984487973507,0,0,1,0,0,2,0.764607674128145,0
7.14319038753816,7.418671061281447,0,0.5744532237985075,9.063297238496881,3,0.34854288282858115,6.720217002229473,0,0,1,0,0,1,0.5067361535946505,1
5.663939478056299,6.261401485623779,0,0.21300680898209762,8.944067364132984,0,0.8304944475074376,23.845772041555335,0,0,1,0,0,1,1.7698108211869195,0
26093.31006961976,45181.09504234209,1,0.3934407753489414,233.37500203001423,2,0.7218713094465771,20005.929632474727,0,0,1,0,0,0,4.647115393989562,0
14120.958558677024,24444.18215103051,0,0.06538879750265716,167.17838937090352,0,0.809626300066012,8376.365207719336,0,0,1,0,0,0,2.13115270104036,1
7.980005350923838,10.557247287678507,0,0.08838545611303994,21.919983129680222,0,0.2812851509533213,53.41253449387261,0,0,1,0,0,0,1.6299397695876952,1
4.7716763950613945,7.187933514767946,0,0.2627485916262616,0.5488018506666538,0,0.6242410749602192,1.4331224112836567,0,0,1,0,0,0,1.2713650496644664,0
3.260872784921291,2.8532987079478134,1,0.18480998655218578,17.605962357844202,1,0.5920293245085942,39.93551268021684,0,0,1,0,0,0,0.4064621935281525,0
5.493654090928491,9.078541410269244,0,0.2574862058557891,1.0183233175284363,5,0.5783823257331351,1.707809234689901,0,0,1,0,0,0,0.14425568997162816,1
3.420643510807589,5.655907161424009,0,0.175405677084517,0.4320085798260599,0,0.4491689965153599,1.101758294436543,0,0,1,0,0,0,0.20040173055112692,0
3.785077283060145,5.752347501350974,1,0.186667336032223,0.5365414931675334,1,0.6286039483827837,0.5631385289301283,0,0,1,0,0,0,0.30096724981243167,0
3.4866083535223065,5.202830613176902,0,0.21611269177611436,0.5401297556186861,1,0.5817521950636932,1.42703215325793,0,0,1,0,0,0,0.1514947201868843,0
7.293524398711687,11.053588404441664,0,0.2796370182992268,2.5207927649482045,1,0.5311641414254082,5.240881532297138,0,0,1,0,0,0,0.37766805163560146,1
5.360178536975334,8.827730704888657,0,0.1490201203316575,0.5177341846312614,1,0.5183128362485505,1.0333852468970992,0,0,1,0,0,0,0.27909560838987085,1
5.277712433723273,8.309646220370235,1,0.2183451154126691,0.7495836916876045,1,0.806739581178527,1.3759201755874946,0,0,1,0,0,0,0.3391360958958638,1
2.751530336640929,3.6953552548406594,0,0.07592164014522933,1.3322061645701924,0,0.5060249918425497,1.7406916825523449,0,0,1,0,0,0,0.5431726472413675,0
1.0454491890013524,1.5619303906625372,0,0.1764721866711289,0.17367066708204845,0,0.5153930453044892,0.4555162478241382,0,0,1,0,0,0,0.1445234091954302,0
4.207678372103547,6.9768734515195385,0,0.1272513574283624,0.2726419709388313,0,0.24447437762273652,0.6662746518970468,0,0,1,0,0,0,0.15393586398660333,0
7.65225574933136,12.573477691057763,0,0.07226864390797022,0.7140324444896038,0,0.27258198837748776,1.3842886493794149,0,0,1,0,0,0,0.30883333940752183,1
4.274483921842936,6.426060570601066,0,0.15088573496257668,0.48421322963639335,1,0.9573303447878777,0.8018257249890219,0,0,1,0,0,0,0.7683308282002368,0
2.1238201099544853,3.1196127450119566,0,0.2595380599036103,0.3894892996742073,0,0.5464092289003399,0.6132373348037834,0,0,1,0,0,0,0.3312967901104604,0
1.6789573813902774,2.3749733466237513,0,0.25177320602063546,0.14043841172628085,1,0.8465700154360234,0.2391162815198802,0,0,1,0,0,0,0.37135292917447477,0
4.4239552142832625,7.247679147744813,0,0.21237497517036924,0.4708213893109993,0,0.3373517105656797,0.624057049767282,0,0,1,0,0,0,0.19949092720402256,0
6.732828593467776,11.17203885290852,0,0.14020775955553474,0.8204745803109273,0,0.3440256766500073,2.031541962817279,0,0,1,0,0,0,0.05282447850759873,1
2.2610231520764947,3.5851258035760254,0,0.21905505753018187,0.4518477154599743,0,0.7235608104925523,0.7258687006503195,0,0,1,0,0,0,0.21881404234471263,0
1.3852753844806762,1.9938607821327334,0,0.3391172299561395,0.13953810959860874,1,0.8643484833707612,0.37132275784622115,0,0,1,0,0,0,0.09851709696418172,0
3.028406250871345,4.5881193447104005,0,0.41636399338280805,0.08268686378141629,1,1.342215864946176,0.4394702848886073,0,0,1,0,0,0,0.6671599274990035,0
4.057101428238635,6.779091161033044,0,0.21246447081922185,0.5581641932969679,1,0.5881211524443377,0.5597850240962021,0,0,1,0,0,0,0.0936304157355414,0
7.710628379696992,12.750887669003568,0,0.14674701273743276,0.5963766228275046,0,0.3078102747560972,1.2664573676116544,0,0,1,0,0,0,0.19302662595611664,1
4.854800487942696,7.632321521396203,0,0.21725948342441265,0.7180728630114723,0,0.48916393232331584,0.9596964805093402,0,0,1,0,0,0,0.31405126365404684,0
1.8354443537368939,2.7869326217313772,0,0.18548872632684874,0.2976265903721146,1,0.6628463961719688,0.6386624423814793,0,0,1,0,0,0,0.20523641427395078,0
2.4541599756489902,3.7743738736840595,0,0.3130502527892215,0.14185094287980418,2,1.0429509231428775,0.16275442686657038,0,0,1,0,0,0,0.2651987716689579,0
6.453946649121512,10.368328959346377,0,0.10127370040353512,0.5325939900984276,0,0.3078102747560972,0.7761361781659498,0,0,1,0,0,0,0.1907942620958928,1
8.8603021713589,11.59139798832851,0,0.14164914664613254,2.4686692792333065,0,0.3388149210731498,5.027213528755159,0,0,1,0,0,0,0.5733031208999092,1
5.181407138253081,7.764132551566962,1,0.38287596840689314,1.7958284614546516,3,0.3560669455779775,2.1627297457188943,0,0,1,0,0,0,0.36195211897862867,0
5.506406863053607,7.727353598150782,0,0.3920635408658103,0.6038888849663431,2,0.8748432099065144,1.469976471616612,0,0,1,0,0,0,0.823058296527803,1
5.251929476942562,6.977520442902295,0,0.32113649349643353,1.9762003775615211,1,0.5877963694735626,5.1217682530266595,0,0,1,0,0,0,0.4799324589793181,0
5.338085817528467,7.534770412628601,0,0.2940146255148752,0.18626378545707908,1,0.6059313802630625,0.4870744168828925,0,0,1,0,0,0,1.373505324148533,0
7.608666181494854,11.824992221159517,0,0.24721676357908884,0.9255743965201733,0,0.3003292301542068,1.8151808276696224,0,0,1,0,0,0,0.9384517744362626,1
3.604640748005033,4.900124587560332,0,0.2566945893219583,1.9506986300676201,0,0.9102215248849161,4.9752249566508,0,0,1,0,0,0,0.48258592930635213,0
1.3688929879106229,1.8539694077131437,0,0.34262298337027264,0.1509297978897257,1,0.9798455850776121,0.37175544191427373,0,0,1,0,0,0,0.32426205596602903,0
2.7479165506331946,4.342452607834374,0,0.2984271034870657,0.08968219136617997,0,0.5656986226854746,0.2938655798873627,0,0,1,0,0,0,0.11324428335433614,0
7.695784837833026,12.616897056896638,0,0.07373613111863861,0.8269258274910822,0,0.3136496977580766,1.4142046853676327,0,0,1,0,0,0,0.239100947884883,1
3.569412427332433,5.586086442348343,0,0.22688653539812595,0.5874752556632976,0,0.7989918221516825,0.9347751780574893,0,0,1,0,0,0,0.5386337770424462,0
1.2418762988017242,1.5950947884126176,0,0.1823840413727803,0.286713643182019,0,0.42595065105625696,0.7721107599518999,0,0,1,0,0,0,0.3366911436494063,0
2.0637277635713085,2.9766032919002083,0,0.22331352941489052,0.10809722371399841,1,0.660928832317079,0.33402363596631074,0,0,1,0,0,0,0.24661534702863774,0
4.671207507270997,6.548025871461124,0,0.3681909503920048,0.15810149374438126,1,1.0859532100348734,0.3359282252248383,0,0,1,0,0,0,1.0817349027636887,0
6.081909003872908,9.937545604885381,0,0.2783618259600771,0.3627351053237269,0,0.5405128716302858,0.6243891678184705,0,0,1,0,0,0,0.48418601299531683,1
7.804404068828862,12.60435497836258,0,0.2574470853277926,0.5488963344021277,1,0.7288078921841081,1.0749297932083222,0,0,1,0,0,0,0.18169529227937442,1
11.740752993071519,13.676086786132485,0,1.0239152023192752,0.6337871419939185,0,1.6133308058660136,1.2745672148566176,0,0,1,0,0,0,6.081982155515785,1
30380.081131208353,52603.865138625064,1,261.5938583265504,70.08908728762034,1,14385.201650036493,157.69471879357457,0,0,1,0,0,0,121492.64783592414,0
12.484790946105981,18.306431110796794,0,0.0015294381593619838,0.42308035469297445,2,0.0006377770564019963,0.9294082075676396,0,0,1,0,0,0,4.1355199209919355,2
6.979411002664049,8.954546611262208,2,0.0007755314859541484,3.5960203439925484,3,0.0016617777818926376,7.947743036432586,0,0,1,0,0,0,2.997283084585673,1
21134.44419025775,36591.798537952614,2,0.0012403465208693804,197.40765527217877,2,0.0010272679695541086,19090.43009639706,0,0,1,0,0,0,1.6367775924755188,1
7.1019587635302415,9.387996393007205,0,0.0008268934603579174,0.49084109667822307,2,0.0002433653194183785,1.2178115659792528,0,0,1,0,0,0,3.948024593718883,1
6.764343178914451,9.889911039208013,1,0.0006246829317298169,0.4203085146170515,0,0.0004997242901878629,1.1605703299291776,0,0,1,0,0,0,1.9053750584633335,1
7.036704759794284,6.679240930886368,4,0.0009843800249643192,15.476912192046056,2,0.0013046249884412072,35.5039917546569,0,0,1,0,0,0,4.198172490690841,0
36190.39415848252,62666.74249094115,3,255.24701274413212,14.61704808145263,3,19235.69922828894,29.360239192268835,0,0,1,0,0,1,144732.37551469635,1
5.731284103872671,8.577016443619266,1,0.18023924162975258,1.9242649660788433,1,0.4349270083866019,3.3648693083659227,0,0,1,0,0,0,0.46425180026819646,1
4.981801621657965,7.0764898721465475,0,0.2826779368254044,10.476884034981156,0,0.4906496304010361,20.44214701588008,0,0,1,0,0,0,1.5503986427596443,0
3.400339778311046,3.5713306509491747,0,0.1122306258867921,4.7884913500102995,0,1.0705495426300324,11.953821533663739,0,0,1,0,0,0,2.474316129616728,0
3.846177537704571,6.195015711348044,0,0.18352265372790763,0.31058414671497003,1,0.6971809357102943,0.7399587196658826,0,0,1,0,0,0,0.3155507209810693,0
3.5173902702652793,5.789257898116488,0,0.21561434978268645,0.5625635341722514,1,0.5184131693732482,0.7756553991634727,0,0,1,0,0,0,0.1069470906641103,0
2.8820854903610598,4.369386349265065,0,0.17150597081848162,0.9340989036985753,0,0.437023684435373,1.6352293816605188,0,0,1,0,0,0,0.12198078505936907,0
4.4280068939879,4.409312511908055,0,0.18219602612104988,18.55446566143817,0,0.44375324222551005,40.361500558766664,0,0,1,0,0,0,0.2688938751692294,0
3.3454899022418,5.317810770490463,0,0.16410163612985745,0.5083370928583009,0,0.3153161690458855,0.6699435006957111,0,0,1,0,0,0,0.4578024753378189,0
3.2848246356512507,4.559150359488519,2,0.2183112658327548,0.4817999546690036,2,0.6048650533382194,0.773709009723792,0,0,1,0,0,0,0.08319415137951634,0
2.974592958913676,3.6840620143761167,0,0.10853643193705048,2.3777440271797037,0,0.5320327414739348,5.236442808303852,0,0,1,0,0,0,0.6912861397381118,0
2.0427821350186135,3.266218554261979,0,0.18197017282200886,0.43435861498951295,0,0.2647047200511359,1.040676992870694,0,0,1,0,0,0,0.17889674273244555,0
3.973408404694807,5.847684710692834,1,0.14502327220955336,0.8903793609997515,0,0.1759159396466647,1.6749570699836105,0,0,1,0,0,0,0.14360373049140973,0
2.535948476425424,3.9193721728706588,0,0.13662405825546742,4.482649092825696,0,0.12690719523721944,16.519942656275894,0,0,1,0,0,0,0.24226617160964506,0
31.953537174049647,51.12428971463012,0,0.1383772814902454,48.300687764545685,1,0.2945039126445341,129.87399580355137,0,0,1,0,0,0,0.21488569645590444,0
1.1257877152963314,1.077755446712889,0,0.14538658990210152,7.946612587249462,0,0.7360641683802245,17.340428713639884,0,0,1,0,0,0,0.21962343491422143,0
24.237537655494922,36.18803010729466,0,0.4028788512781698,51.170254564719215,1,0.2823309903252012,120.76905383134277,0,0,1,0,0,0,0.6052978775943851,0
0.9390877303369527,1.2004673292974024,0,0.20007139852762648,0.1461660728941051,1,0.4711030361140083,0.4259213811208785,0,0,1,0,0,0,0.5277388133442673,0
1.1394238451371774,1.5243011054991988,0,0.20257040399117493,0.33185246048398387,1,0.6399254571936838,0.6097271253012426,0,0,1,0,0,0,0.42653024775424264,0
2.0790140191161983,1.8285479627681258,0,0.44291472894695055,3.5706198478042297,1,0.43860519331216047,7.17328005917912,0,0,1,0,0,0,0.2713484616193674,0
4.0505017046175436,6.44791014745443,0,0.08950985579873655,0.46384169910834483,0,0.23676073064688835,0.8448959708745649,0,0,1,0,0,0,0.11373779743167742,0
2.954452721053406,4.056562759507954,0,0.11014486460052242,0.49797428269093374,0,0.35121200643174033,0.8530324428436297,0,0,1,0,0,0,0.38258814012935677,0
1.9291334340524,1.949279086600179,0,0.1004340957984396,8.098175713956921,0,0.2477686804734216,16.866477396620827,0,0,1,0,0,0,0.09421559918241917,0
2.8151226266408753,4.457467453663723,0,0.02783437417601794,0.4147705527588625,0,0.08042543902046503,0.7353644064162852,0,0,1,0,0,0,0.13557087463990944,0
1.443209565598103,2.199338966747181,0,0.1736044671442697,1.452593596825018,1,0.37173761021218166,0.8317510506838917,0,0,1,0,0,0,0.19389876117967658,0
3.4072815532242053,5.712917035510381,0,0.08908709424955807,0.640586267525947,0,0.19409558795583437,1.16682698733309,0,0,1,0,0,0,0.13380620747144745,0
3.35252637719437,5.550427565030741,0,0.034339262013617936,0.340397917074107,0,0.07735822477955848,1.0187263193040288,0,0,1,0,0,0,0.26518051794631764,0
2.4513769665212726,2.916343627463995,0,0.08932856971667522,3.065935537799325,0,0.3020054996092396,7.089612871805283,0,0,1,0,0,0,0.2700334365713714,0
7.056143289256895,6.803751755748878,0,0.14051605564719294,22.31104176626209,0,0.12643088729247653,50.17928834531741,0,0,1,0,0,0,0.2366428917271438,0
3.9743556095152197,5.591721284066475,0,0.33927814892159835,0.43129852610829045,0,0.08560184878835857,1.4496036530801537,0,0,1,0,0,0,0.21237577086090292,0
1.9033694600293427,2.8224272022966166,0,0.10882384878008455,0.8458561716077848,1,0.514244013002344,1.8140289346565908,0,0,1,0,0,0,0.165347142836208,0
3.1527347875091025,4.354211399240394,0,0.4059224836110552,1.783670373743936,1,0.42934574133211756,3.563556537109816,0,0,1,0,0,0,0.32137466419013244,0
2.007613646848207,2.52402246152029,0,0.10761112218428424,0.9024498939923482,0,0.47487169057899736,1.8279046238116377,0,0,1,0,0,0,0.049370248894608816,0
20.014401024612134,27.030755059637794,0,0.14480377802854258,28.893053111950074,0,0.3020520142195161,65.86490938391054,0,0,1,0,0,0,0.21341992103661825,0
4.225758442925725,6.414445468367794,0,0.10755982089699133,25.177898988058107,0,0.30709457541220003,60.79991069439871,0,0,1,0,0,0,0.10554614887203544,0
2.1862212128546226,3.2137209438760017,0,0.1394241511898344,0.289523173894056,4,0.42880228270362963,0.5472895572123597,0,0,1,0,0,0,0.5280780183267311,0
2.775205468802679,4.269833379024105,0,0.1122249873012369,0.6614092141163337,3,0.3004752660077507,1.219420340109827,0,0,1,0,0,0,0.28125968764697656,0
2.822598473666898,3.629735346580634,0,0.14724767907036312,0.2311335166686732,2,0.7049373073153046,0.6357084345183426,0,0,1,0,0,0,0.22732054527885526,0
2.619116190862636,3.867259231728984,0,0.10231088468352341,0.29917146760600993,2,0.7041695560612387,0.8376712450691163,0,0,1,0,0,0,0.12870404057046736,0
2.024151957500012,2.592529832406249,0,0.1731948167765534,0.44729416097505265,2,0.34415976306747786,0.8305923085031002,0,0,1,0,0,0,0.06309063306754376,0
4.005076345940572,6.445545776127357,0,0.13752493344145328,0.4366065774643213,1,0.3984926601997112,1.0341616026200842,0,0,1,0,0,0,0.22830305422048602,0
3.4581087275062767,5.415664193176472,1,0.09764703495845564,0.31824686197539076,1,0.3544529144670032,0.6653370822764484,0,0,1,0,0,0,0.2901425869372556,0
4.096763376248678,4.680836121736761,0,0.0996297232241174,0.4202456584522425,0,0.2265171638735889,0.7759977252699373,0,0,1,0,0,1,0.4153966025437865,0
2.005009944504529,3.096689441351249,1,0.177688775480059,0.3054677155708312,0,0.39924546002535843,0.5982997515897404,0,0,1,0,0,0,0.2500920982227369,0
2.704124247766752,3.3564907987518535,1,0.2346927860516831,0.43155888695725986,1,0.2509379658299825,0.7945943364295643,0,0,1,0,0,0,0.7337506759681555,0
2.7973171406820048,4.131939919764091,1,0.2358136948338071,0.2944806612874902,1,0.41136955162347033,0.8737274471538066,0,0,1,0,0,0,0.25996830643630314,0
4.080119014936609,5.7805005906671285,0,0.13903108139172562,26.284539042554997,2,0.1969118538060307,50.92439047847637,0,0,1,0,0,0,0.43178298856411407,0
5.806602474707621,5.735908686312977,0,0.03468655725644318,7.95974350349653,0,0.1650093603294023,19.348386620594702,0,0,1,0,0,0,0.06984450107971948,0
4.029029782239096,5.224397251292227,0,0.05449910957742671,1.2242726988760981,0,0.06697000931711494,2.893539338968333,0,0,1,0,0,0,0.25803447940399754,0
2.0947191501203353,2.1975122791554718,0,0.07323261797860373,10.98937135120908,0,0.2807710153171455,26.18613242779851,0,0,1,0,0,0,0.365489570590253,0
2.9243285616182946,4.5198483845600474,0,0.02836099497575375,3.3978321765893766,0,0.23250447182473125,6.764014418022045,0,0,1,0,0,0,0.23106491630674686,0
2.808786929064059,3.3032222316035433,1,0.11014694881838269,3.0121063634345777,1,0.3526134628761926,5.8584414161745,0,0,1,0,0,0,0.5134040554763316,0
3.6365725310197665,5.893045321570395,0,0.036399186771680865,0.5328052238067942,0,0.15031945960708468,0.9099187096438597,0,0,1,0,0,0,0.1589028156887906,0
2.408405612890326,1.370267012381059,0,0.1821853130191451,13.107169014356746,1,0.32841893473110273,29.62387405739881,0,0,1,0,0,0,0.7263934512321715,0
2.7104622607548667,2.8844549023068877,0,0.19578791000138746,22.094857282034337,0,0.5582460628501471,45.59100323303632,0,0,1,0,0,0,0.3855192166631397,0
13.827868834802707,12.01064114841142,0,0.31541184979308573,30.606777101290234,1,1.2039960656253426,42.45443164585691,0,0,1,0,0,0,4.807929376940207,0
16912.680640689487,29186.61189775488,5,9.912164016759776,91.28144325102987,6,11.518592219501103,16292.604791609185,0,0,1,0,0,2,164.74556757335353,0
55.59113853843343,86.22734432259885,0,0.987148001558037,2.211569550943169,5,2.6054422710399012,1.1609276967403555,0,0,1,0,0,0,0.08486929918399252,0
19060.38692370366,32998.519298529805,0,0.4420618649659381,241.46790338040785,2,3.17573434015889,19360.402832806754,0,0,1,0,0,0,0.23391052633593803,1
6.757773362372902,11.028074412062447,0,0.5011098883803774,0.8353497616249357,0,1.153297739471479,1.6444303158673863,0,0,1,0,0,0,0.6871146234996942,1
1151.0722484488963,1990.4559954404722,0,3.8491666206483486,0.36532311807754503,0,0.24856523992099727,0.5703769430881012,0,0,1,0,0,0,4598.641268868222,0
7.634414721233243,8.70740373054133,3,0.0014536068101369246,0.4819467880026471,7,0.0019341537272175814,1.024779970728641,0,0,1,0,0,0,5.807900107561737,1
2.938128972492695,2.936573572771967,1,0.0025949203368560033,1.9843898935596134,2,0.001149120838065647,4.468615759730657,0,0,1,0,0,0,2.106031930264809,0
5.403663491262664,8.045957373904029,2,0.002173684278396323,0.6527637298711176,2,5.9467533302083956e-05,1.7596708563430608,0,0,1,0,0,0,2.012010703134654,1
4.4417554204379055,4.437967678844831,1,0.0007251684696268477,1.509566432505002,4,0.0030489633614621445,3.537848917894546,0,0,1,0,0,0,2.53394870828203,0
4.770291904756373,5.979728723237234,1,0.000669956011423485,0.26631819995135547,0,0.0007837918950092989,0.5128244842341905,0,0,1,0,0,0,3.744215583109109,0
4.136662022059134,5.31269187407007,0,0.0011735977504259932,0.37694888727786685,4,0.0022552611707251547,0.5421378593777525,0,0,1,0,0,0,2.678882420175697,0
5.406686809729441,5.952356943911739,2,0.0004903697687445418,0.861059012402553,3,0.0011453549994011039,2.137399709610175,0,0,1,0,0,0,3.377309661685816,0
3.860881234536895,4.983410854462698,0,0.0019567865408984704,1.0370107172788294,2,0.0016432078443267741,1.9645266362361027,0,0,1,0,0,0,1.3058928578591735,0
3.8451794705727296,3.9783279800020357,1,0.0010611151552047803,0.23014310914221797,2,0.0007674323480676769,0.652946093441592,0,0,1,0,0,0,3.4062285505119823,0
3.952878233510844,5.086598219541439,2,0.0008070467155431589,0.22966365530100713,1,0.000660102717151898,0.515483412931278,0,0,1,0,0,0,1.8872292965549722,0
3.7680256248695887,3.9499088649809067,1,0.0009552781044977384,0.24628261960445652,1,0.0008915428113898667,0.37445219118486445,0,0,1,0,0,0,3.0359138539047614,0
5.218828959535152,6.5203410106554935,3,0.0008045395000732512,0.5026803129293538,7,0.0012915003060285505,0.8562247203272573,0,0,1,0,0,0,2.560483187993543,0
6.213271420804168,8.656338591430718,1,0.0006019184125393448,0.5433303369493854,0,0.0005277507294625929,1.0297918030030278,0,0,1,0,0,0,1.4525634197510622,1
5.879121857479979,6.515840234249862,1,0.00034212326626515354,0.26190681406653465,4,0.00011356358835512113,0.601477266299093,0,0,1,0,0,0,4.244501231557027,0
3.1876471906124437,3.8881884412266805,0,0.0010286540081602248,0.2210087796684143,2,7.890880485179877e-05,0.5094470608356868,0,0,1,0,0,0,2.206507227697335,0
3.9459718840100817,4.25019032996124,2,0.0013758867914580887,0.49736417628907265,2,0.0012866345559294928,0.973775811591141,0,0,1,0,0,0,2.594202962606448,0
5.842607607240885,7.852480315753834,2,0.0008664600179993816,0.36557222944877443,1,0.00035990065582965964,0.9571957527591368,0,0,1,0,0,0,1.9299837717146575,1
5.839393798449148,6.110844280560034,1,0.0009111316703583291,0.36803057677587026,3,0.0004108478663565713,0.7988766750428118,0,0,1,0,0,1,1.969651030565251,0
10504.949316238975,18182.558319044314,2,0.0005866066503367498,65.58819093103779,9,0.0011629639617306126,8988.246640239064,0,0,1,0,0,0,4.019641183834835,0
28131.420890478952,29236.262238135503,0,121.97116316261597,172.90358142006914,2,9012.977022562643,8159.160831850469,0,0,1,0,0,1,67556.68583198992,0
5.838903967620635,7.456633903991313,1,0.21901195858911143,2.329995307549402,1,0.5555000833831043,3.759793632657407,0,0,1,0,0,0,0.48477002967173355,0
7.989034159479256,11.140267452653335,0,0.11747766726736322,16.879777699546068,0,0.455359333684776,36.9647632185245,0,0,1,0,0,0,0.3203204777985186,1
6.093277635201203,8.45456930287207,1,0.2865149726779612,7.628577465809984,1,0.6908374414428653,1.491687206644638,0,0,1,0,0,0,0.38861560084921043,1
5.88470589262282,8.441135244750003,0,0.3616808970111689,0.7604283206048352,1,0.31970422519960695,1.067846606537714,0,0,1,0,0,0,0.3883630219914687,1
4.329294421083777,5.123594283834769,0,0.2354255120767636,3.3002184790037696,1,1.1426794863190908,7.343975330427861,0,0,1,0,0,0,1.7435501806011975,0
6.897512650442227,9.044857558308355,0,0.2840964719838562,10.20377148697262,1,0.7379010677007038,24.33331486161361,0,0,1,0,0,0,1.4368361380951036,1
3.2505979112749417,3.8160412719653434,0,0.27936207328719204,5.239636559579147,1,0.7893028567212184,11.145042095014063,0,0,1,0,0,0,1.2814776938868717,0
7.4811776310735265,11.385597222773345,0,0.22204167877972325,0.8244455017311909,2,0.5408518560490599,1.348630446069453,0,0,1,0,0,0,0.7932890599226764,1
14.660448483593626,17.386047711290235,0,0.11147512656620281,42.10438383404454,2,0.2501251841492652,123.51301469346771,0,0,1,0,0,0,0.21970642668609233,0
10.535086496368109,10.951166130483344,0,0.08731340199084445,104.288969229279,0,0.5006316275610788,241.15692114631355,0,0,1,0,0,0,0.8236038835496824,0
1.6223626099108646,2.3575407793484273,0,0.15952234142723765,0.36618493848173694,1,0.40850602632919286,0.5338155249230856,0,0,1,0,0,0,0.4115478594459434,0
3.3864441247074337,2.710219846205934,0,0.5114567693283214,46.409382153131986,2,0.3493558824740997,86.6226156099633,0,0,1,0,0,0,0.45241388379090786,0
6.941485515518968,6.729086034589032,0,0.034169369516391504,38.68359689572321,0,0.18911429969453242,1.6585561641896016,0,0,1,0,0,0,0.4072854758622726,0
6.645668896019698,7.368002308333696,0,0.25007441445758105,36.394397016008284,0,0.10752559441730764,1.617214781447148,0,0,1,0,0,0,0.405493716113255,0
3.811925997793087,3.8107258247306977,1,0.22901082403272036,0.8724303751445841,2,0.7418402622980481,2.0772310207386067,0,0,1,0,0,0,0.6825151683840196,0
2.0343223905270325,1.5116369100309919,0,0.2255538151847999,26.232035936246568,0,0.13621040908593637,10.001171378942757,0,0,1,0,0,0,0.24509924347749706,0
4.559393753740777,6.625807649525455,0,0.10844173577141573,21.031107424319885,0,0.11054318933498543,2.6876754988559957,0,0,1,0,0,0,0.1248840220595746,0
4.2238357665936075,5.29126669106005,0,0.21479642450235714,18.086954804543783,0,0.312194274245519,0.9849820650062235,0,0,1,0,0,0,0.36156432906001434,0
1.972239726762953,1.8509902322083616,0,0.4159851907912864,4.462401548330423,1,0.6014237285709438,10.022797571154404,0,0,1,0,0,0,0.5586632369005735,0
1.2642143740257688,1.2189946677000214,0,0.2104400508685461,0.9401969412283219,2,0.6367678419050022,2.2824212251132208,0,0,1,0,0,0,0.7143779963629683,0
2.1546948020690104,1.9115207529859521,0,0.5904049111362757,1.946593932521069,0,0.18283777229518594,5.8239601661163585,0,0,1,0,0,0,0.3411767014991073,0
6.6561438296959885,10.411673430383884,0,0.2165580557707355,0.5351825523863927,1,0.6826695273383294,0.8898062729483267,0,0,1,0,0,0,0.5932109636301404,1
2.388626013726119,1.8791127330277195,1,0.9814230186023086,0.424188949955286,4,0.5270623627830873,2.23438981532124,0,0,1,0,0,0,0.720909675486405,0
3.1018720047628987,4.25235705834038,0,0.599192411005578,0.1255827345529519,1,0.6807529129790559,0.2501309190997466,0,0,1,0,0,0,0.7353725485078347,0
3.2504415991698545,3.837406725147496,0,0.1493994506686666,0.23252179875876383,0,1.05793340338299,0.5115380606973313,0,0,1,0,0,0,3.084431378438035,0
5.357997152855612,7.344805827760866,0,0.10987219402259969,0.42948247932290523,0,0.4270048934283329,1.0609860591091,0,0,1,0,0,0,1.9684219289052318,0
10148.467289475886,17568.749032760443,1,0.4278683979034025,223.96242626930027,2,0.3542363294043761,8662.13450262634,0,0,1,0,0,0,1.7107674074851136,0
270.4891690018796,459.75186035507204,0,0.24714902209679257,67.19963639143198,1,0.3388966967393211,20700.89760901798,0,0,1,0,0,0,0.49472693755004715,0
3.0464116848641067,4.438332625110703,0,0.11116518011256742,3.755624435813403,1,0.5232491113120542,8.278153668610837,0,0,1,0,0,0,0.14875375821044648,0
4.6939537615527875,6.71361602385619,0,0.09010154734448766,2.519252505652627,0,0.6773919933607586,6.684273769309689,0,0,1,0,0,0,1.2226055577542139,0
0.5951170486869077,0.2866796615844058,0,0.10989740150320963,1.9714006475923636,1,0.3079055115795591,3.9419880344428386,0,0,1,0,0,0,0.20666856940918948,0
33.13953661949869,46.90207784599545,0,0.1631461509640985,89.61966240709216,0,0.37846806896572827,208.99819903630538,0,0,1,0,0,0,0.3207111370822498,0
19.933158307358287,26.622670332638435,0,0.06591156507439463,8.230574094990207,0,0.06279192188222363,22.810441673769628,0,0,1,0,0,0,0.2932131558737349,0
7.010358984788073,7.6341647477456105,0,0.03757166697101799,8.42080590847403,0,0.1209488669762841,23.143404333811198,0,0,1,0,0,0,0.15305415672326858,0
4.239818871150673,3.573758393228214,0,0.032802384937465755,2.578576866375915,0,0.2695535643705795,7.778119352827338,0,0,1,0,0,0,0.8386263646018737,0
41.758200422207494,66.2526309050507,0,0.21017395059746605,15.367670249252912,0,0.2549980537900105,44.033302721664846,0,0,1,0,0,0,0.5660660887589704,0
25.03441874662454,35.370281456718146,0,0.21169720784696927,6.754322685779028,0,0.47390802019197015,16.71221018140183,0,0,1,0,0,1,1.0810731987046043,0
15.597625600790561,16.85930021384538,0,0.13836270890349162,28.869420594049803,0,0.36396851068711084,63.63014963327954,0,0,1,0,0,0,0.635446179416149,0
3.899400481554612,3.370301254858778,0,0.12262385228625997,4.730131578176742,0,0.20675276052513591,11.363052146454137,0,0,1,0,0,0,0.9621442533953877,0
5.356098208794869,5.481169096001339,0,0.12264456486133454,2.5321997236088594,0,0.4999721791308572,6.9058886213647295,0,0,1,0,0,0,1.2327573669248706,0
7.488997045137478,7.388264824589596,0,0.05217676027401395,10.171751633974147,0,0.40911733281563484,24.80680179463979,0,0,1,0,0,0,0.3503135182349976,0
2.790709944346041,3.7957529562931613,0,0.07413441625708656,0.9484854673358849,0,0.4734558278603466,2.37197418430915,0,0,1,0,0,0,0.44930878345581776,0
14.998607592548723,15.935489467841052,0,0.07039704715457575,23.216953359561924,0,0.21112379464716316,54.814270980833584,0,0,1,0,0,0,0.19176806090624024,1
10.08393604420773,9.836681363571866,0,0.034602675522656695,12.82343695502114,0,0.5493351589794934,33.65047727207717,0,0,1,0,0,0,0.5743190674795939,1
9.4888078126899,10.045054181683053,0,0.026536656121981077,11.645404062002537,0,0.07434754487807443,29.492195555210106,0,0,1,0,0,0,0.3284098501277303,1
9.468888348151557,15.35307286098459,0,0.13655172142915928,1.9415952273356054,0,0.3370471920635396,3.3990761456985905,0,0,1,0,0,0,0.26178617051451125,1
7.113685512110781,11.473966745088628,0,0.06351923086026126,0.9341249330622475,0,0.1712815252145935,1.605508725438849,0,0,1,0,0,0,0.4096874566284723,1
9.87003791597053,16.420001292213016,0,0.062367382554340024,1.3227514036884025,0,0.11244484012343343,2.2733845698256383,0,0,1,0,0,0,0.13532838175838283,2
8.719303343566404,13.73873179574963,0,0.1066590737294266,1.6184758834289648,0,0.35033984239689686,2.0603517597956986,0,0,1,0,0,0,1.0360037571249046,1
9.009586512120325,8.371457978067449,0,0.5045962230054825,20.92095277026474,1,0.9285338649998692,51.376352034313946,0,0,1,0,0,0,1.014006732065909,1
14.019355229717252,14.131371480073865,0,0.43105713463972595,21.674312721280817,0,0.8201805280294885,52.460341972667564,0,0,1,0,0,0,2.7563080725540163,1
13.476961410064355,22.545574242127124,0,0.25637578109913217,1.6998514159562228,0,0.36512958843437404,3.0431631711619596,0,0,1,0,0,0,0.1727522347168461,2
6.5173924546764495,10.816874342036737,0,0.22129486099691253,1.0229982899581658,1,0.7758222627492273,1.6845139730015977,0,0,1,0,0,0,0.17928454740953964,1
1.454357157791341,2.047199524306265,0,0.3638941156130252,0.14862393827761822,1,1.0968794845705099,0.35262580858258386,0,0,1,0,0,0,0.5174818734497656,0
2.376185885833061,2.8899209042541725,0,0.3663049223300231,0.8689194122805945,1,0.9528732070537833,1.229980031260242,0,0,1,0,0,0,0.29936042752154335,0
16.800374785007044,15.505210166294482,0,0.17481228267498586,25.704862208061066,0,0.3955481114623347,60.19258388480872,0,0,1,0,0,0,1.3163489958497956,1
8.205764060397549,7.675217003396139,0,0.42769752053143806,5.201340496941329,0,0.5371018160054616,11.431376617683346,0,0,1,0,0,0,1.1067247250334213,0
5.384505527122995,4.189993316066381,2,0.5969537207933219,21.854988927113318,2,0.5664402044101662,51.026310863027845,0,0,1,0,0,0,1.1241271702373763,0
1.9367948069600882,2.1636740022791145,0,0.11438730821557216,0.4412701490986621,1,0.31844058837092193,0.5326436241544046,0,0,1,0,0,0,0.38325700719571854,0
9.343202771185885,12.408109349463805,0,0.03631992733623546,36.63252735876899,0,0.20307836409776492,92.1408122859958,0,0,1,0,0,0,1.2144701450701765,0
3.2729715728329762,4.758757511330945,0,0.015010927660210633,9.149799420415695,0,0.030644459847415182,21.903760494685784,0,0,1,0,0,0,0.15038752295853275,0
2.071606903658713,3.3816804106242735,0,0.01648860716667672,13.276597973177301,0,0.03578143083503057,29.912498953647518,0,0,1,0,0,0,0.12413031897297555,0
3.1720818372426214,1.7968611674217339,0,0.3566676380593434,13.745149465834704,0,0.433858140361673,29.355477727823548,0,0,1,0,0,0,3.964094113328902,0
1.3803376870278763,0.9328440874724736,1,0.06248107144844712,2.3000397080853565,0,0.36709634387697565,4.716855130048974,0,0,1,0,0,1,1.7506259492013263,0
2.910565672432268,2.368379869428664,0,0.7502173926442537,3.049561212333723,0,0.7341131680397456,2.9611832373869675,0,0,1,0,0,0,6.912471585881525,0
1.6396182650250308,0.9080193725008674,0,0.2010076799683114,7.606908238473894,0,0.15475149439762045,16.344885954363686,0,0,1,0,0,0,0.4969016450544038,0
3.458240192584688,5.745576147281528,0,0.02618999191691493,0.4999663102572338,0,0.097769236783836,1.0042273734859397,0,0,1,0,0,0,0.10685445538264149,0
3.2089740280264527,3.669646684521035,1,0.14614550672796855,2.284015622266746,1,0.18545727366501236,4.5454101367877,0,0,1,0,0,1,0.18997305487095417,0
4.285156730171176,4.218839135088298,0,0.11927424734285307,0.4185896975719037,0,0.41437444524391787,0.9737123117191103,0,0,1,0,0,0,2.501146934154818,0
0.6625785805482423,0.4870891667178659,1,0.03460112218281354,0.5453910237765851,4,0.11756832641831697,0.8314501527752943,0,0,1,0,0,0,0.5388228751451541,0
0.5659567533525767,0.2318409666440672,0,0.07136366221026189,0.023335336644014576,0,0.08409704785742483,0.33305791856810846,0,0,1,0,0,0,0.3599487417758184,0
3.4082939416783216,2.304353714800724,0,0.06726328049415942,1.9099014427198906,0,0.7021446456530243,2.3129112249475274,0,0,1,0,0,0,5.089416655327586,0
4.520306386201712,5.009070176303855,1,0.17099738660282032,3.422788449421402,2,0.33334743783956133,8.244780903866054,0,0,1,0,0,0,1.451953786610459,0
3.095988356051174,4.814825619225442,0,0.14624984000445224,0.04243186133363329,0,0.1551969186260104,0.0647347262165354,0,0,1,0,0,0,0.48024659325163604,0
1.8381594143739952,2.391248672689872,0,0.03576534714852517,0.1338240440368182,0,0.230729677972375,0.5597182746600133,0,0,1,0,0,0,0.2944090971743577,0
2.5653537396265187,3.692412656433512,0,0.026501698630977375,0.2578524767200556,0,0.0745845962863895,0.8706850673231175,0,0,1,0,0,0,0.4289316874727517,0
4.98317551730826,4.562034264261977,1,0.13982359616485313,45.18313333509148,0,0.3049127425311826,104.91866979879755,0,0,1,0,0,0,0.22004618080126084,0
1.5414001678956826,1.3326981229493249,0,0.06305694543062884,10.74383602343199,0,0.07703347905812102,22.537684060547058,0,0,1,0,0,0,0.1831824067924409,0
7.15809841875327,11.579192292629827,0,0.15868805595945906,0.46737999986877815,1,0.29432243493894333,1.0713474605178581,0,0,1,0,0,0,0.11571178426097763,1
0.8337652436483666,0.6732859617214385,0,0.10495887401091536,1.9900028834037498,1,0.18415434242205744,5.472521208789283,0,0,1,0,0,0,0.3718107758302695,0
18539.32513562639,32108.96911851689,0,0.035550641368366706,200.39877258928067,0,0.08860245962305519,14933.712735780522,0,0,1,0,0,0,0.6263660841767834,0
3.6209629475644487,2.656721923286652,0,0.17284964861935065,1.2800788481560343,0,0.701630600494958,8.296812777357646,0,0,1,0,0,0,4.914266608220787,0
1.0045437941651443,0.7066058209229271,0,0.4549295690054197,0.10769285513268255,1,0.0218692065646785,0.18599461995203284,0,0,1,0,0,0,0.11732999155217426,0
1.416432956797439,1.387640621365373,0,0.09103331657831396,0.1501199205686162,0,0.17563441084643275,0.08641939813408159,0,0,1,0,0,1,0.4586806698789986,0
1.299727505937871,0.553045859243711,0,0.17327635795914645,0.025661230083644404,0,0.2124314887709693,0.3415434752975558,0,0,1,0,0,0,0.8325387207415884,0
0.4146993531165255,0.31763500708310927,1,0.08801889761450099,1.1734367437138113,2,0.11595842831695824,1.723008216137044,0,0,1,0,0,0,0.12135948291700811,0
0.24423184628494826,0.16919406224585268,0,0.015818830576331523,0.04002325858547644,0,0.010566270489018393,0.015761502639957785,0,0,1,0,0,0,0.03517919978807117,0
0.29971047397677847,0.0968331345965436,0,0.06792365716538448,0.07732823614597549,2,0.10376071840713899,0.20596394991863637,0,0,1,0,0,0,0.27153637264212427,0
2.1563544820399443,2.7782173341461895,0,0.10330846452992487,0.5245012446115765,0,0.136406975543176,1.680688588310685,0,0,1,0,0,0,0.8192804866112351,0
3.2646200063202695,3.8372164071517467,0,0.1247646018999217,0.35254811878048575,0,0.288713017679166,0.8248378349134348,0,0,1,0,0,0,1.2721649226129441,0
4.166612267143094,5.122028811685031,1,0.07673594334390949,0.33752918243298824,4,0.6073620657929011,0.7893510673919144,0,0,1,0,0,0,2.663616670098702,0
3.316074480019229,4.774101340537364,0,0.28897802101129655,0.4306200780566395,0,0.4242972242344752,0.7320267265415472,0,0,1,0,0,0,0.40303857186018816,0
2.053150304278313,3.232964897121675,0,0.11163311224051414,0.3258658524507265,1,0.4972328131220154,0.7586540515287763,0,0,1,0,0,0,0.2826805917459059,0
3.0934142688277233,3.098970705247479,0,0.07468089777128162,4.82390263812883,0,0.18395003207288343,11.874953793602586,0,0,1,0,0,0,0.366875890231137,0
0.21549448595515738,0.147651138889851,0,0.015970717906890038,0.02140840176359158,0,0.02840251018602977,0.02591036138113216,0,0,1,0,0,0,0.10730636997680512,0
0.5189631467011753,0.2595469487041448,0,0.24463265680426668,0.17353153666440627,0,0.08973741080626124,0.20868466076626063,0,0,1,0,0,0,0.1744889823555357,0
0.6401549283356656,0.3710250353344853,0,0.034631361943941244,0.02344014114283957,0,0.044788796444187554,0.05400884077971026,0,0,1,0,0,0,0.5658054365592984,0
583.924986230629,1007.9302571049122,0,0.26137436202354697,147.31811101889326,1,0.10902498725975852,9495.87530069778,0,0,1,0,0,0,0.7618343666200791,0
0.9331416069788565,0.9709620267141426,0,0.017105150932556497,10.265817607656864,0,0.10354718578039093,21.10143417544133,0,0,1,0,0,0,0.3570170947189094,0
0.9643950770832108,0.37261919121726406,0,0.09008996361220395,0.5506687747195885,0,0.039038030042413616,0.42309256609300855,0,0,1,0,0,0,0.49320359297996114,0
0.5111418009223596,0.2224921077543479,0,0.03212805702713591,0.2614881782638049,0,0.1534529732540503,0.7793773300186879,0,0,1,0,0,0,0.8422457901015065,0
0.24181709635317533,0.19879042440203795,0,1.6173468357446077e-05,0.9748398199667572,0,0.037687113378788176,2.4555107044967186,0,0,1,0,0,0,0.04728776622309126,0
27899.942418624818,48317.17905071765,3,224.5374854508255,0.1976962796824338,1,19840.367747968106,0.3497938736051678,0,0,1,0,0,1,111587.7513897385,0
43.443932387121976,70.68629900582549,0,0.002648986530675022,0.058546591330134595,0,0.004787205348003521,0.3354069090484182,0,0,1,0,0,1,165.83819356842133,0
39628.2969779508,68633.03507848104,2,314.02173858115515,0.3214512063434803,4,20045.733789257494,0.3696671184212536,0,0,1,0,0,1,158504.20080393308,0
1.5295768861715144,1.3781278226844402,0,0.21913760801288937,4.820364970294696,0,0.21206869275534462,14.560584151638455,0,0,1,0,0,0,0.9585907966952043,0
10054.134884108698,17413.9097632524,0,2.098321585863405e-05,134.4360093058288,0,0.036376728926142236,8734.708085362145,0,0,1,0,0,0,0.12774708050979008,0
1.8119492989309496,2.7715880216173567,0,0.08867705620140409,0.7832455753770957,0,0.1584548099022614,1.603774905613978,0,0,1,0,0,0,0.14837169737219733,0
3.6046893861036042,4.416377151744185,0,0.07228519223703196,13.588480654972905,0,0.06826970086382929,0.5266802155895278,0,0,1,0,0,0,0.119943919577155,0
2.0153051009978578,2.8288572554953713,0,0.11213316955453659,0.23584141770128111,0,0.20788875508839388,0.6986222257080863,0,0,1,0,0,0,0.28581350016156876,0
2.5953652125020805,2.834906192698177,0,0.1436971822975197,12.838201141801347,1,0.45484494532757647,0.5116015144050355,0,0,1,0,0,0,1.793416656590263,0
2.727638558331712,3.5134634173577908,0,0.24616717187530907,9.040115810399305,1,0.260704194364727,0.9329002638436562,0,0,1,0,0,0,0.20941472701988617,0
4.289616845884179,6.634192094028016,0,0.0274663599490282,0.7569247765285626,0,0.14346856414931417,1.5577900142212688,0,0,1,0,0,0,0.4616151124326116,0
2.006068960312368,2.912110888884464,1,0.07247855724353822,0.3993958557223516,3,0.22742243307010568,0.501253112356996,0,0,1,0,0,0,0.14125693523469943,0
5.087924789711614,5.100603439047726,0,0.22043118268371742,11.221244175904184,0,0.3503392147061908,27.128607175316702,0,0,1,0,0,0,0.7210385746247902,0
5.298678402325866,6.929490352783055,0,0.17823805744506693,6.466187546699136,0,0.4535502111228159,10.840714271874965,0,0,1,0,0,0,0.8559627162258416,0
5.186416908561732,7.997134807875437,0,0.36650324454136296,27.575396467704593,0,0.17881020714490514,67.73618042549272,0,0,1,0,0,0,0.2617176515124671,1
2.4133564864298602,3.462962040608303,0,0.18845163779328067,0.3055050616857309,0,0.5483937300346475,0.7512571404472805,0,0,1,0,0,0,0.9763660051702447,0
3.053971531531708,4.891779743173597,0,0.13586306523387381,0.34391762627898226,0,0.28922249435172886,0.5915837262036775,0,0,1,0,0,0,0.13577081954817008,0
2.948129187827658,4.100464586383876,0,0.1395893396404337,2.649515666096195,1,0.3164946400094686,5.964738062052152,0,0,1,0,0,0,0.4112542011189335,0
145.75183597549236,246.1896613608335,0,0.40189861833957585,112.49237423648545,1,0.6006099473500508,21246.905467231092,0,0,1,0,0,0,1.1999335334212025,0
2103.7453558334673,3635.572387924141,1,0.31437160061046615,91.58561438999206,3,0.35538159274855935,10415.396274153843,0,0,1,0,0,2,0.3380754177505576,0
19.676056469957256,15.89616077006499,1,0.4988643813221712,46.280063193781494,5,0.721682829463951,97.60625101677326,0,0,1,0,0,3,1.7551393369784745,1
48493.0402868787,64355.42090172173,1,260.7056798401188,111.87488303215802,2,19951.179592152177,24681.112142442842,0,0,1,0,0,1,156825.77358211938,0
1.9854829250597075,1.3585948813574966,0,0.0012601070980895988,7.581032174316206,2,0.0010573221639144947,21.10564161166981,0,0,1,0,0,0,1.1727606153152403,0
2.09597400077227,2.2872159241817838,0,0.0005846291538434199,0.23332040182133118,1,0.0007026597513875038,0.29267819753287927,0,0,1,0,0,0,2.016981043015762,0
5.514415320775056,6.476508270704641,0,0.00027849432143576007,0.2952340553005316,2,0.00033159386838664914,0.7810647101713959,0,0,1,0,0,0,3.141212532485932,0
4.38802431291982,4.807236908515883,0,0.00021919782018449416,0.25647531119857747,1,0.001189399691199226,0.5938050834199027,0,0,1,0,0,0,5.380458960346925,0
3.058723569569031,3.656383545453329,2,0.0008140470474767695,0.36310503003795536,5,0.00039168232484189673,0.6410261445779508,0,0,1,0,0,0,2.625531058042198,0
4.399196330385652,5.667225388614948,1,0.0009796265145596862,0.44346924511745267,4,0.0011812623545407591,0.9425080575545833,0,0,1,0,0,0,1.4734066597041227,0
2.36868732236511,2.7824139757243653,0,0.0010745377861833254,0.21902718905018678,6,0.00015769682917532015,0.6924700937113206,0,0,1,0,0,0,1.976176059409288,0
2.506935296889691,3.1256358302476714,0,0.0002595281721428686,0.10647815100796815,5,5.449450362872339e-05,0.381741648108062,0,0,1,0,0,0,1.9035648858193517,0
4.34906994864269,6.33820159957106,1,0.0014669300089136645,0.33789592152838666,7,0.0009805427385152672,0.8576031658358738,0,0,1,0,0,0,1.6935325202854188,0
4.037303919582118,5.56916176802631,1,0.002322963968797552,0.41469177444631006,0,0.000259534283187481,0.809195448134417,0,0,1,0,0,0,1.3064589445604822,0
2.1051254672481767,2.0027736333498005,0,0.0006225845701613045,0.07352702805509628,1,0.0007844358317065478,0.2951962189045445,0,0,1,0,0,0,1.0374549501681367,0
4.485791949921347,6.157401853368561,0,0.0019067865281942723,0.35556338926773023,1,0.0012028043071798653,0.7214077934352013,0,0,1,0,0,0,1.6870922433534126,0
7.026526967713704,10.344196209136054,0,0.0007633086797482567,0.5731289763848579,2,0.0005820073758339194,0.9084356907096836,0,0,1,0,0,0,0.867157940106424,1
18.208975932604535,17.98235632988398,2,0.000281080015255482,103.56965544801713,1,0.0014899635196548946,255.78729042692623,0,0,1,0,0,1,0.804170122044819,1
28756.819189063004,49745.36055967322,9,158.39315557712627,24.75952782357531,3,15098.81902989614,48.63819351616492,0,0,1,0,0,2,114918.29568493336,0
488.3995824626967,838.7232424067556,0,0.17935888053079774,84.08518701122661,0,0.24262478286737565,10640.67767331704,0,0,1,0,0,0,0.5520399867797335,0
862.6197343762437,1491.7673662223228,0,0.23598524477926358,60.98235116609573,0,0.31477331340980635,11099.503973211587,0,0,1,0,0,0,0.21980978412064622,0
13540.57082653427,23255.091425855793,1,104.32593062128007,47.708675659184266,0,8971.441481864455,12552.339024189094,0,0,1,0,0,0,53818.91004285596,0
16819.39532313963,29124.967751162,0,0.32369755849863613,178.76030263669804,1,0.2119491393247571,16773.133172051967,0,0,1,0,0,0,0.531058072167375,0
2.8068011996420212,4.291962240697091,0,0.13645080742976234,0.8980262968073482,0,0.2597140107898225,2.2042362748678177,0,0,1,0,0,0,0.5983309544890192,0
3.086336079381086,4.463240510959392,0,0.07451522915321543,6.869258048538821,1,0.2842677524986373,13.730174917805394,0,0,1,0,0,0,0.18525181260701296,0
2.566828533437663,3.755673833996202,1,0.10202005586116294,8.930273434115735,0,0.24920365389235746,19.603740529804064,0,0,1,0,0,0,0.9101493936047418,0
3.6033848676229074,2.759268630926483,0,0.36306851296506076,1.8518528646273027,1,0.5222081070972351,1.1495218455301335,0,0,1,0,0,0,0.8732926369857215,0
2.7596935761433983,3.0776145300876427,0,0.1779724388158218,0.5638683858704491,4,0.5538483614551851,0.9768556455695245,0,0,1,0,0,0,0.44874428516192655,0
2.91011585462358,4.466110909635101,0,0.0933255579256079,0.6042556098967748,0,0.4086165900387878,1.337550573691268,0,0,1,0,0,0,0.47754157545722925,0
2.173155353991289,2.8699132337772566,0,0.11087821534777664,0.22792661707062414,1,0.23083973616933895,0.5332889251397831,0,0,1,0,0,0,0.12381534215714438,0
2.154064699431051,3.155251881512724,0,0.16866419119891013,0.38675074661285647,3,0.6956638038954581,0.9698785034472491,0,0,1,0,0,0,0.5818473660895758,0
5.781040807390515,9.184105805725808,0,0.3380775881485862,0.4414924530330675,0,0.27852453227849944,0.973743864521079,0,0,1,0,0,0,0.5802821957004061,1
2.248062359797835,3.5663799159007166,0,0.07113570956635225,0.35907327175279113,2,0.37429608347778265,0.8551580777522739,0,0,1,0,0,0,0.29344119808448355,0
2.1247964376417645,2.6711979172927127,0,0.10984356038687751,0.29604856724054185,4,0.3017389715082309,0.7292153779900898,0,0,1,0,0,0,0.8212131076671809,0
3.298804307736497,4.604085786958481,1,0.09002691580307212,0.31853047656436606,0,0.15022071495594444,0.9193093097013909,0,0,1,0,0,0,0.23093899303056703,0
4.088476917268578,5.343502068300285,1,0.2159240367270546,0.5504878188172643,0,0.4768378482830859,0.7598577573191314,0,0,1,0,0,0,2.0923530417150267,0
3.6335988372381083,5.039898211681896,0,0.19818634859880763,0.3356886798820385,2,0.39275545978902904,0.6311401644794811,0,0,1,0,0,0,0.35849254389091934,0
9.233251135430379,11.26978695526591,0,0.8463733421030436,1.0953129535578197,1,2.7135841104629836,0.6425351868952117,0,0,1,0,0,1,3.1328689523495195,1
1.9681688261404948,2.0411037773290355,0,0.6686643295988147,0.2706705187136703,0,2.4466075246052323,0.9384064716881301,0,0,1,0,0,0,0.7093024582498331,0
2.3886364474348567,3.101759376339999,0,0.20696128206423406,0.26950606549030776,5,0.5806585035461341,0.6871332549084772,0,0,1,0,0,0,0.6694015020888248,0
2.2885201190099003,3.5548125509656026,0,0.10908063406351996,0.36651307456647686,0,0.2468837514391525,0.6056719705460234,0,0,1,0,0,0,0.2697614975536456,0
3.853682297864243,5.950623237794901,0,0.16251248192322315,0.36160512610558826,5,0.46760241155136983,0.7995805142795017,0,0,1,0,0,0,0.27292258175893863,0
3.7707607666302723,5.144108145892894,0,0.0708415483925231,2.423320019529718,0,0.5023589316836294,5.544283385460369,0,0,1,0,0,0,0.3578483042959757,0
2.479803133475619,2.8133091645970287,0,0.03643305756352183,1.5822152276473704,0,0.24106339958513556,3.966810881548306,0,0,1,0,0,0,0.7556135549019934,0
2.2377225530551375,2.3006055883169427,0,0.3638903069028401,0.4946632509017493,1,0.2434202419982458,1.2606669506727624,0,0,1,0,0,0,1.0655094209948173,0
2.2274993612783405,2.9344026088244504,0,0.30136788445126467,1.1192467559967316,0,0.31253915706853025,2.6684004768630443,0,0,1,0,0,0,0.4836097947147905,0
2.4345589187627477,3.728637272931691,0,0.14814561194971154,0.4222987150034605,0,0.2643185478204926,1.0054098932120927,0,0,1,0,0,0,0.08516577589975735,0
3.1288722150476036,4.401586582416801,0,0.12672073156317676,0.7296993417699269,0,0.12104882784415189,1.2845734272199938,0,0,1,0,0,0,0.23589666680570964,0
9.86830765612906,9.781958797724357,1,0.17525058722051795,10.908176640344909,0,0.20325131619647807,24.461165128966407,0,0,1,0,0,1,0.5703745204280405,1
3.746049357240104,1.927255350648075,0,0.38657261163492806,21.06858707486706,1,0.19596760949457842,44.52056376640495,0,0,1,0,0,1,0.9131295777984203,0
18666.078251179842,32323.45209301186,0,163.74720005048437,18.264979533580913,1,15682.872734751083,41.21525953393345,0,0,1,0,0,0,74651.93948678258,0
12.658140165883504,17.947546922385474,0,0.0020161677764473232,0.20028527047327221,1,0.0031308578006402363,0.17434824012355715,0,0,1,0,0,0,43.70915342901335,0
2.531049169571133,1.6977414524770513,0,0.0008967699244538971,0.3102690536127364,1,0.0006834309755842532,0.23312841627869,0,0,1,0,0,1,1.2338632886532652,0
1.349588404859762,0.3418402763793811,1,0.0016456707735723762,0.3446100599729691,2,0.0006751808153005663,0.29000350536575775,0,0,1,0,0,0,1.0801898676397044,0
49565.712003567605,64046.40464071034,2,253.20924843032418,145.98195216511323,2,20327.07604372596,9009.05599751209,0,0,1,0,0,0,156495.65184411802,0
654.4710405641289,1122.4691692831395,0,0.18510760784620578,115.58054442952232,0,0.28955178140338755,11114.939293561356,0,0,1,0,0,0,0.6427195658867554,0
3.7897393271681334,1.7235213616987386,0,1.2946901404893612,1.1147706777206454,1,2.628475904815997,1.509747719865666,0,0,1,0,0,1,1.5964718915583762,0
2.39936656321224,3.519153667100921,1,0.2485775887352789,1.7248371024828764,4,0.3174534687687377,5.988761127860558,0,0,1,0,0,0,0.2096610231389423,0
3.3528139673402237,4.653142344300523,1,0.42203156954166277,1.4167964343227915,5,0.7846525893158275,3.4259618771073956,0,0,1,0,0,0,0.38421536929805256,0
2.367140685981367,3.5982494225235433,0,0.1668708936394026,0.3297245657071299,2,0.552669911765802,0.7025053546574893,0,0,1,0,0,0,0.36029966509352873,0
2.680625621377784,2.901915536095209,2,0.4192557696016202,0.33709168068849804,2,0.6667389293697716,0.7064065968959867,0,0,1,0,0,1,0.11563825503379009,0
2.812397626430362,4.559421813262493,0,0.24568497274936232,0.3867185296971518,1,0.6701391268998638,0.7391660935870019,0,0,1,0,0,0,0.09526319562729008,0
2.816137031503481,4.111744128645492,1,0.1711823162249119,0.21784301232187855,1,0.53871530321381,0.6215572465761254,0,0,1,0,0,0,0.40122073680262416,0
1.9387756417368847,3.0044900074664045,1,0.1759328857925693,0.2506319161535712,1,0.4504423578297306,0.8501244719575346,0,0,1,0,0,0,0.18002494087380924,0
2.975762869533314,3.890202732261555,0,0.22755843643703,0.4005639827126319,2,0.3700973525225385,0.6216959279518681,0,0,1,0,0,0,0.13439802113659427,0
2.6209642294380324,3.8135154401055544,1,0.06967002840527915,0.4679476071652592,2,0.298334329844844,1.1753430312250315,0,0,1,0,0,0,0.19932349911370473,0
2.611017331594413,2.71843036853164,1,0.19081790628791206,0.4118112757382485,2,0.42662958661333594,1.2210073335964018,0,0,1,0,0,1,0.21722803761958148,0
3.2618810483250114,5.076678252295738,0,0.20266974675505264,0.40229824049340646,0,0.5864874860453586,1.1237135983448283,0,0,1,0,0,0,0.511919600549092,0
3.042890486263563,4.7422023475094885,1,0.21275118797654938,0.3995421699957083,2,0.41496946077354563,1.2075244659212245,0,0,1,0,0,0,0.2314594476862727,0
2.8155729218711807,4.557685369594725,1,0.15880521484503055,0.4349570997143125,3,0.2741709586139903,0.9955371121053298,0,0,1,0,0,0,0.1536078113019126,0
2.0794584168557377,3.1336165677378944,0,0.14007098731618942,0.557525941070645,3,0.5000594582401195,1.5396005235993255,0,0,1,0,0,0,0.2511445984322798,0
4.20782731843426,4.566124824205306,0,0.273915888512295,0.8558832361500639,2,0.6245456746390978,1.2738782822254464,0,0,1,0,0,1,0.5605562246884176,0
3.3089323744567825,4.808860357703295,0,0.2356651226396108,0.23384548253725537,1,0.6590421019631988,1.0524796153327378,0,0,1,0,0,0,0.44385296888734127,0
937.6655029897113,1612.7811317079793,0,0.2542711461849285,168.02038576691842,0,0.1084355535951442,9836.608977927965,0,0,1,0,0,0,0.5446019196216212,0
12.618576278104921,15.741541074638397,0,0.2013160930528475,3.5461519899961393,0,0.2256986014432737,1.3910229363932807,0,0,1,0,0,0,0.5294761192897168,0
5.16503256576706,5.530116143919239,0,0.3566085483702244,12.539704284987877,0,0.39407648271360396,27.31603385270082,0,0,1,0,0,0,1.0950503257582382,0
4.391584832040859,6.689819766129716,0,0.2199938657983912,0.5971771634844834,0,0.14209344000664606,1.2024145973247815,0,0,1,0,0,0,0.282085040299498,0
2.3935012772322093,3.6035879969002638,0,0.21649690639879426,0.37838890716346996,0,0.32154252368954606,0.6424821594012013,0,0,1,0,0,0,0.1520951691275899,0
2.51094995236787,3.9077312178097805,0,0.10949014976833057,0.5300684261044217,0,0.2596527275422692,0.9719108812971784,0,0,1,0,0,0,0.1533060232158952,0
3.0468143720661365,4.88458428092599,0,0.07000909507837172,3.8662663765011995,0,0.26820627552846804,1.9445719728955255,0,0,1,0,0,0,0.14605172335722688,0
3.717423066999179,5.0309015358692015,1,0.24245957092194848,3.614598536073665,1,0.545667752462511,6.491894034526609,0,0,1,0,0,0,0.0978650250729392,0
2.692533483014199,4.455240633513865,0,0.12525993990015094,0.19300638229111433,1,0.45933581734496665,0.46976011468272594,0,0,1,0,0,0,0.1093087137134089,0
1.0671857012661112,1.4908418924642493,0,0.10618487474996789,0.2676132264435447,0,0.4107590352634206,0.5893578904048867,0,0,1,0,0,0,0.24725111451939616,0
2.8021719271124104,3.718555479402761,0,0.16938198442773691,4.913901220603289,0,0.4871242101761043,11.600530648130146,0,0,1,0,0,0,0.3461372964049436,0
0.6875760178766772,0.5206963914955595,0,0.1334395205435524,8.717794002278472,0,0.1527748758559392,0.2730530502115419,0,0,1,0,0,0,0.17194571032949182,0
0.6725788255393597,0.7973046231634336,0,0.08713418568059444,0.03632580150979866,0,0.12908602567241362,0.07749453193728476,0,0,1,0,0,0,0.22785409863579267,0
3.10663771105735,4.679211866782731,0,0.034323285769730295,0.3032515664277616,0,0.05963388828960222,0.5834275736678234,0,0,1,0,0,0,0.2992205280890517,0
3.7980878725077805,6.158933968012169,0,0.03684963408902982,0.5257859599910515,0,0.2090920149155696,0.822285622270658,0,0,1,0,0,0,0.2670776317208091,0
2.7668182797162455,4.026186517853164,0,0.1420041237677439,0.535897274995105,0,0.12628460208452663,1.0601793841913196,0,0,1,0,0,0,0.56370255474305,0
1.9417087267774122,2.8681623143223,0,0.07153877552698586,0.27724421744028305,1,0.48248705459914176,0.6848447799395718,0,0,1,0,0,0,0.24832114121233595,0
1.4255240256258617,2.119311842847283,0,0.08936737910591275,0.37902540847457256,0,0.3446359735440463,0.5635232032825681,0,0,1,0,0,0,0.32511390218922503,0
0.717992448114317,0.7070060199916355,0,0.13624034723028472,0.1370138915981226,0,0.41724082235725035,0.17055286127834873,0,0,1,0,0,0,0.37697366307676555,0
0.9736646727455265,1.397393156434755,0,0.05208564704057662,0.032230206611810835,0,0.1885397896851541,0.045592111474475915,0,0,1,0,0,0,0.19005545679317284,0
3.992193190115777,6.298901203312885,0,0.03557441478328363,0.19195996763213255,0,0.06613777311131802,0.514972184807162,0,0,1,0,0,0,0.25956951893398283,0
3.3625207841646345,5.194828158454103,0,0.0710305514376628,0.5092363516449295,0,0.19798832237148561,0.9084922095801531,0,0,1,0,0,0,0.4812908044643581,0
2.513860096316824,3.9234737420622623,0,0.036241283499821475,0.3330160648254699,0,0.1650610870394667,0.5692672772513983,0,0,1,0,0,0,0.11391414199248982,0
0.8942304647338613,1.2267733108530674,0,0.1450869585176239,0.21360207917544438,0,0.4719353560088107,0.3670907878391058,0,0,1,0,0,0,0.21268868457959272,0
0.42243106614219006,0.38794140531795,0,0.10744335432959595,0.11962007504982396,0,0.4439039335602824,0.20391620106261998,0,0,1,0,0,0,0.28085186041070276,0
3.601357213418203,5.7291386172649545,0,0.1085623782782051,0.1917447432800185,1,0.5052035567897049,0.34897919005848627,0,0,1,0,0,0,0.41062316241575697,0
4.446092421549981,7.03804948098533,0,0.06497735113757219,0.5312497378617638,0,0.21621263989764397,1.1064812393683625,0,0,1,0,0,0,0.22246035826088628,0
2.9847491235249444,4.557507916134314,0,0.12861620852059205,0.5036775110564504,1,0.3488617934402121,1.1772700003554433,0,0,1,0,0,0,0.4800943886818031,0
1.9775458092553184,2.9963744466774336,0,0.10795319117443625,0.40793072034477496,0,0.3293644628497333,0.9082678144169793,0,0,1,0,0,0,0.34670631228908755,0
0.6124417584996829,0.9021329118214285,0,0.10647065602480574,0.08594232096160419,0,0.33917237723878185,0.2017915056295196,0,0,1,0,0,0,0.13861831470459857,0
1.5028813620515116,2.3475222265659013,0,0.10775650758519756,0.11818606364765047,0,0.10620578023328608,0.104319478410523,0,0,1,0,0,0,0.14233999106541922,0
3.7117492933835172,6.186628768297991,0,0.02718045176608605,0.43867830522923446,0,0.05309244450349163,0.6813915412551129,0,0,1,0,0,0,0.13383013109593767,0
2.859452741222403,4.382336264270766,0,0.06401107050401404,0.47390589240887115,0,0.28533292132675553,0.7485993785339999,0,0,1,0,0,0,0.13235468974425169,0
2.5157173193446343,3.9650924632665174,0,0.07435973194940829,0.4627487013255499,0,0.289151967184215,1.053544661965361,0,0,1,0,0,0,0.2208218177709826,0
0.5375691573804856,0.7174493234003695,0,0.08842878030902732,0.1377418262310758,0,0.42114894384442825,0.30819527034986344,0,0,1,0,0,0,0.11768464137410448,0
0.5958440802685244,0.7834431703565032,0,0.10599588114586099,0.028687500941792787,0,0.19800366410288633,0.16348588039932582,0,0,1,0,0,0,0.0913093652999454,0
2.853177231557907,4.716182614384984,0,0.015847301974719747,0.1843804477362563,0,0.06079066516052502,0.461507763860897,0,0,1,0,0,0,0.06470641004813207,0
3.3433676055738735,5.35670732042329,0,0.034615941442505634,0.5196200394142021,0,0.1680459634227114,0.8519999358794483,0,0,1,0,0,0,0.2536933886081836,0
2.2040832713671596,3.3775316899505063,0,0.12502229981464164,0.3501914805650802,0,0.34407677763524847,0.8532279304914424,0,0,1,0,0,0,0.30746084891471354,0
0.5645381758220899,0.7561478627756831,0,0.06393807087629677,0.15511286846889538,0,0.3800496022641161,0.26794621046321637,0,0,1,0,0,0,0.12325988871877189,0
0.5546877601362965,0.5865546226085562,0,0.1277508051696779,0.11170660699463217,0,0.1368414195585776,0.06906088835017384,0,0,1,0,0,0,0.10314926477633313,0
2.2286668289918907,3.6476207555540907,0,0.035974896192118494,0.11654177233856797,0,0.06570527151216038,0.25655753673147524,0,0,1,0,0,0,0.10126734553976874,0
3.437873283958662,5.67691160760966,0,0.03491238117188201,0.5202411314096241,0,0.032575175393639605,1.0960740774528501,0,0,1,0,0,0,0.11713572990130483,0
4.019623023172242,6.5244271073645415,0,0.07102047819263985,0.5483870048672914,0,0.18268172700251,0.9354696983202164,0,0,1,0,0,0,0.09242813492571694,0
3.1277415528427586,5.162480154861607,0,0.11013179577737969,0.4470880324597125,0,0.29331277309040826,0.8012921069720265,0,0,1,0,0,0,0.1990651720143353,0
3.489786980636732,5.7418707408164344,0,0.06319155311118586,0.7085721532826612,0,0.17815530193414336,1.0889701381968921,0,0,1,0,0,0,0.13070758095472504,0
4.293701112041668,6.809847279550104,0,0.13638350087651668,0.998095260868957,0,0.16342949026260184,2.3432677717224877,0,0,1,0,0,0,0.15831724898707025,0
31.9848247227161,47.224699034519396,0,0.2523332530524353,56.75049128191728,0,0.2649717213133431,141.18394949398763,0,0,1,0,0,0,0.2874871554584518,0
2.790767330617449,4.0873030048231715,2,0.16265268177664027,0.30415479945009366,0,0.2220588480276547,0.6147732877076367,0,0,1,0,0,0,0.5151104545206642,0
6.595738405669915,6.389257835061884,0,0.4714733028203858,11.222430689605549,0,0.15786965413590354,23.06024141426773,0,0,1,0,0,0,0.49045861728856444,0
11.345545830891318,11.092017546934693,1,0.8686148016301339,1.1270204033192022,0,0.8992684655531661,0.9171941984512247,0,0,1,0,0,0,24.74049639781424,1
13.112791842463169,10.395924614948093,3,0.0005293905161225962,0.468932775037175,1,0.002201276407453176,1.388729774687178,0,0,1,0,0,1,29.731383133191574,0
4.072358545428884,4.59516188284585,3,0.00104530077907777,0.30650036508006456,1,0.0011686495054351702,0.7521087902201304,0,0,1,0,0,0,1.45813275611747,0
4.435503101818242,5.703629466733805,0,0.0009709672691124238,0.3269951255985638,2,0.0006750574283318257,0.813286869918982,0,0,1,0,0,0,1.2620362134187881,0
3.244024189135712,3.8564370481936536,0,0.0005989123318712413,0.21403127662483812,2,0.0005587449715355201,0.7285496676930816,0,0,1,0,0,0,2.5571557284356534,0
2.9438924109358644,3.05287771744391,2,0.0012702226301314074,0.3696976254568423,7,0.001038209363898021,0.558512033055189,0,0,1,0,0,0,2.063844129358589,0
4.690745241938121,5.937340660810876,1,0.0009937667131417888,0.2848243536952082,2,5.44945036287234e-05,0.771809476318376,0,0,1,0,0,0,1.3305376329395902,0
3.6714163328216385,4.9955093941412105,0,0.000533084327280303,0.3322186609873258,1,6.813550468779469e-05,0.9826559194171214,0,0,1,0,0,0,2.170935316648973,0
2.4471502385043933,2.2231359583995602,0,0.001993234071070636,0.23772510505678238,0,0.0003102989142584883,0.4914571896015761,0,0,1,0,0,0,1.557602235307912,0
5.308911610115971,6.196565562323101,0,0.0009635273372136739,0.40177663092294114,1,0.0013753837674499545,0.8150087349943499,0,0,1,0,0,1,2.34620493745165,0
3.57422507834435,3.5405677472536974,0,0.0013689776397070492,0.24844766683085423,4,9.932237414223688e-05,0.7037636424724044,0,0,1,0,0,0,2.549156898944731,0
3.5689708079896416,3.327360449787569,0,0.00018165153864015138,0.22290352152594822,3,0.0008181022147049535,0.8267992482657465,0,0,1,0,0,1,2.2437885707520024,0
3.539977415951407,4.800903633572817,1,0.000400873245574107,0.28768617434006283,1,5.449450362872339e-05,0.8260767896967871,0,0,1,0,0,0,1.756013689245421,0
3.748563962096704,4.956683737848976,1,0.001493898670772488,0.2922148014858376,3,0.001763417111255545,0.5205241490685715,0,0,1,0,0,0,2.1570344032542788,0
4.159924497510987,5.163904523927221,0,0.0011674687451941022,0.3824331234853111,3,0.0004270730621513961,0.8849561144662885,0,0,1,0,0,0,2.570315723635137,0
4.42218189955578,5.200380625576271,2,0.00065880030805845,0.2816271533557671,2,0.00010800776649070425,0.6764107891279325,0,0,1,0,0,0,3.207395921463733,0
3.403777740442979,4.620849306474258,0,0.0005187291040610921,0.30696260918440577,1,0.0006586427872856545,1.1264884391832557,0,0,1,0,0,0,1.527964006344816,0
3.218983960395969,3.457410380432069,1,0.0006185205608584287,0.35694443208148174,2,0.00035168533957154007,0.43567009042642,0,0,1,0,0,0,1.6702663206673658,0
3.4338528897570177,4.251121309235642,0,0.000720553757842359,0.14580568227141227,1,0.00039195424363346623,0.27375171128093206,0,0,1,0,0,0,1.2756301069948828,0
3.477124086384019,5.037839874982606,1,0.0010340032637773473,0.2978819775682073,0,0.0006812432630002637,0.7046773197341573,0,0,1,0,0,0,1.571664449388939,0
2.9248516351994622,3.163996473684634,1,0.000444233092636888,0.1924161654507936,1,0.00029951398873119837,0.5015549123407613,0,0,1,0,0,0,3.3057625069613965,0
3.5513527933669504,4.978461023540749,0,0.0013059361705673941,0.39185844096197275,1,6.813550468779469e-05,0.7953962810077952,0,0,1,0,0,0,1.790384990977544,0
4.107918477507225,6.092103873792042,0,0.0013212206608432344,0.3711224313988758,0,0.0005652529183389939,1.13423392266359,0,0,1,0,0,0,1.266768126482325,0
2.1751914975614515,1.768681946969477,0,0.0002595281721428686,0.2841748451368321,0,5.44945036287234e-05,0.6798969213521928,0,0,1,0,0,0,1.903564885819352,0
2.4737107398556972,2.501764418139969,0,0.0012151729251647981,0.16386799401279575,1,6.813550468779469e-05,0.6293817396714776,0,0,1,0,0,0,1.564959748354139,0
3.8852053524730454,5.202363770092676,0,0.0011441523988353329,0.3696976168350984,2,0.0002306114305742062,1.1846403590074404,0,0,1,0,0,0,1.052072344033893,0
4.945624067133782,5.217455760550959,2,0.00018101327900317294,0.19360271104823018,4,0.0005400642753370479,0.5944423122834046,0,0,1,0,0,0,3.392284719929426,0
8862.930509564492,15339.202532833835,2,0.0014697877042446266,161.15847161802364,7,0.001136113406803805,8402.667812291536,0,0,1,0,0,0,2.1000161116416933,0
11063.9815283974,19145.75352349942,0,0.5127836548258938,179.48255264257332,1,2.811098198163702,8009.627709961326,0,0,1,0,0,0,6.1273169876445355,1
3.8248894444522006,5.0083831729773625,0,0.07910750490040933,0.331242377815238,1,0.35157404143533916,1.4685156614792731,0,0,1,0,0,0,0.9526555170418683,0
997.4618245098444,1720.827063237863,0,0.17133617291796277,162.0661100066779,4,0.4125289143277273,9498.926589117898,0,0,1,0,0,0,0.658082452721561,0
5.218954697317179,4.6922106946351745,0,0.255948297772053,29.609752503409243,0,0.7253357907509476,69.60522040106831,0,0,1,0,0,0,0.9454446092831635,0
2.73369728755719,3.7398831301305404,0,0.43672580659751725,4.0779207040519765,7,0.9507671456169542,12.43437604520687,0,0,1,0,0,0,0.08104820902967844,0
1.6805780384563112,2.0450295677968655,0,0.2480988123361021,0.3232186704899541,5,0.401591916015739,0.7735200885005413,0,0,1,0,0,0,0.24933827204250153,0
4.118036268135123,5.989711724217752,1,0.15835997543784278,0.4553603886273995,1,0.375965780621057,1.4238880273096348,0,0,1,0,0,0,0.20981709990668063,0
3.0327481713009115,3.46104397304468,0,0.19086016146184032,0.8377942438945127,4,0.4694408795498909,1.6869679262725419,0,0,1,0,0,0,0.16607491475984745,0
3.0625603526575675,4.683002099496951,1,0.26221498774560714,0.9112626176185161,1,0.4585628392053331,1.6350629676380208,0,0,1,0,0,0,0.16123578670185146,0
3.174101063530819,4.825825313114939,0,0.0875633886679426,0.5760998222284708,0,0.35754126732622515,1.2407268773757993,0,0,1,0,0,0,0.08063393864088113,0
3.3737238294659697,4.0729846869093285,1,0.2112325975622293,0.4782888542910285,1,0.56436165103599,0.5657671775311196,0,0,1,0,0,1,0.16278001596907277,0
3.304891708727236,4.570177792083592,1,0.14018468931291175,0.426076096714553,2,0.42280896252518707,1.342936961647284,0,0,1,0,0,0,0.2306573830999803,0
2.5871726100824017,3.199299385702112,0,0.069541045056685,0.7042392195101173,1,0.20546435471159213,1.7830452401999706,0,0,1,0,0,0,0.3149400626863294,0
3.2574054517655355,3.9450930076670976,1,0.10291269500830375,0.4257333248663254,1,0.46630218381022687,1.288340860296593,0,0,1,0,0,0,0.869918088045514,0
2.406877632087401,3.083155674548213,1,0.17330288203134542,0.33898176361969706,1,0.4723195808801185,1.097003298806372,0,0,1,0,0,0,0.4438992212064953,0
3.6483716815268727,4.8681036345740845,2,0.42151319332209003,0.7936778341370669,3,0.5407090129702727,1.420010392526546,0,0,1,0,0,0,0.6289900765694318,0
3.442035390050426,4.709790924008228,1,0.03291361388804495,0.5836585502948901,4,0.5406414324352092,1.202479664859526,0,0,1,0,0,0,0.24915613495352593,0
2.4582870351118316,3.831905535220561,1,0.096761676998001,0.31120044513563183,2,0.32047943326404815,1.2958192244124938,0,0,1,0,0,0,0.1155818479341244,0
2.04141781866734,2.7764224871718137,0,0.15815015150930445,0.3783801516334764,0,0.271287083180832,1.4089820452593789,0,0,1,0,0,0,0.08463649833470543,0
3.0488194940455684,4.353146626118233,0,0.15725526978979215,0.40846994247157253,1,0.4937877342303593,1.0952319919314855,0,0,1,0,0,0,0.28896984526276565,0
2.368507631012493,3.729080464041012,1,0.15431158201050227,0.38595210668572416,1,0.5310317927914959,0.5854865463707566,0,0,1,0,0,0,0.1616836167529872,0
2.2395197309943162,2.828900954910254,1,0.2128980126811328,0.3509108082684791,1,0.3536294677058096,0.7390217496841874,0,0,1,0,0,0,0.135118444374327,0
2.2935652538228513,3.661138531001942,1,0.1746620827728117,0.45784789683754645,2,0.22928746339947673,0.8997495065961892,0,0,1,0,0,0,0.13778916743524866,0
2.5955933031909537,4.193103838516142,0,0.08485546041047369,0.3554819308721815,0,0.41220760712333526,1.0432926631955355,0,0,1,0,0,0,0.11639393270984084,0
2.3736712471818198,2.6990787402214482,0,0.13284510843301534,0.36799075134892095,3,0.28721129223288683,0.7512085260089238,0,0,1,0,0,0,0.4573257406361978,0
1.55248415860332,2.1536229088528294,1,0.1564108018994077,0.2736400045017463,4,0.30621857840389277,1.0434942953643866,0,0,1,0,0,0,0.23239495001656219,0
2.772435018274433,3.8423241971151647,0,0.24258464495189722,0.40080146258245014,1,0.4812709119137335,1.1490069271436145,0,0,1,0,0,0,0.6739557441683643,0
1.9949711927636808,2.7062291035547776,0,0.09546394870285228,0.4412771431368012,1,0.3065840085149597,0.8424632186856315,0,0,1,0,0,0,0.32818513660374016,0
3.018427927908143,3.6706079652661723,1,0.13116631059859687,0.4218951836924434,1,0.18727013174105311,1.3313484668269662,0,0,1,0,0,0,0.31425923264367084,0
2.62556086892992,3.9321867829262747,0,0.16574460426674753,0.4345898822644779,0,0.3138989626314045,0.9907589637499874,0,0,1,0,0,0,0.3264211320708028,0
2.519088204178373,3.3159074377639493,0,0.14203538856664383,0.44068491146706756,1,0.4036359133061465,1.231404865369372,0,0,1,0,0,0,0.1147122120855168,0
2.737794127345463,4.263428047177321,0,0.16514857947893874,0.48523163386158047,0,0.3441148474794688,0.9781334877855897,0,0,1,0,0,0,0.33016595181993447,0
2.9325072093647453,4.664635691801883,0,0.16918173097567854,0.4576849805093004,2,0.37176492487381363,1.1593034739428578,0,0,1,0,0,0,0.13889818737466433,0
3.324184600781533,5.091952953019956,0,0.10348620519056625,0.4281343339320313,0,0.04453630295834464,0.8640371057577727,0,0,1,0,0,0,0.35029372998409325,0
3.0943573734711936,4.38689631438081,0,0.10550824930536484,1.7437471232265258,1,0.41839159065651416,3.254612700607395,0,0,1,0,0,0,0.26662856766306,0
2.3865190220146424,3.0416104448599786,0,0.09423426666165045,0.48969213850298443,1,0.464319724965267,1.2718724354868352,0,0,1,0,0,0,0.3221848232209098,0
3.3200749496409676,4.8493634436532265,0,0.1335818806328684,0.45239325741058856,0,0.3868943563159497,1.043268340470536,0,0,1,0,0,0,0.22421573200404876,0
3.4646168591160516,3.2732864408715496,1,0.3168936169750902,2.6009672030733113,5,0.3498568160519181,3.961785063862822,0,0,1,0,0,0,0.4341338229984002,0
2.3554101331050763,3.420959146097147,0,0.1724939814503489,4.39883638499189,0,0.3265088888259642,1.5654396267022315,0,0,1,0,0,0,0.37316497038325536,0
4.339688631691361,6.849511425727359,2,0.21021187591518622,0.49207913731301456,1,0.44379264118680284,1.157768525823087,0,0,1,0,0,0,0.11597053250861811,0
3.3576773376084157,5.096013923141906,0,0.17380614728218036,0.716638715384228,0,0.39352105730822673,1.3278855072412374,0,0,1,0,0,0,0.36846643226297515,0
2.044613198140282,2.6226346698957195,0,0.13267471094335426,0.4548131837876643,5,0.5980532474163407,1.079753989193004,0,0,1,0,0,0,0.09050508127255927,0
16.32941735475402,18.879359435594896,1,1.0467543599541402,21.691400781133385,2,0.039882036360149475,58.78828652548313,0,0,1,0,0,2,0.3185824555617215,0
6.530743530364231,8.006178575301655,0,0.9126909144214925,7.613728023939514,0,0.3411304084091573,24.42838966402617,0,0,1,0,0,0,1.7507512203663784,0
2.6140740144096917,2.044775560042037,0,0.27629724652845555,10.98941652175859,0,0.3649089048583275,27.562459585494405,0,0,1,0,0,0,0.3463993037234081,0
3.395561551325141,4.362372508751037,0,0.1544567524960517,2.6464981745895093,0,0.45241694533289334,5.896576031450298,0,0,1,0,0,0,1.043380113007635,0
2.353902647987097,3.167956276133915,0,0.17839501563942206,31.191238745574815,0,0.3814730148664461,77.56109785009284,0,0,1,0,0,0,0.5323217211526798,0
1.5484362136568495,0.8683997958845837,0,0.23049760135407368,16.844646641857985,2,0.510355385165381,39.18327194709277,0,0,1,0,0,0,0.7459174619256446,0
0.9220875215036395,0.7607230210478677,0,0.06462865875162302,0.17588613355736088,0,0.14863887785766677,0.6979335077288206,0,0,1,0,0,0,0.2241342755820794,0
3.1997954578490635,5.034969595126915,0,0.027418817233433566,0.22819607492849803,0,0.036500568344915926,0.47189105015256166,0,0,1,0,0,0,0.2207593674764175,0
2.6077343787559872,4.15214611984807,0,0.12565147724313297,0.2958872126999879,0,0.1853163146080823,0.785829824186435,0,0,1,0,0,0,0.14419748652313025,0
1.3522011797227003,1.5579084432516102,0,0.16324867426388207,0.3095187646984186,1,0.4607725584067345,0.9801012459599008,0,0,1,0,0,0,0.21561038042563757,0
2.5035929185071066,3.9640350312322323,0,0.1813833567835019,0.13181116641201818,1,0.5121273722090867,0.2569862927901067,0,0,1,0,0,0,0.1650454867153895,0
3.269545304077576,5.3479722699713985,0,0.12531889010014216,0.35461978010542383,1,0.15986757623154596,0.6931839053379809,0,0,1,0,0,0,0.09296030241776118,0
3.481965487193707,5.300007783775509,0,0.07282684268796571,0.32363548804620057,0,0.20420921035779926,1.0045384967308975,0,0,1,0,0,0,0.24421462017047063,0
1.5174110858743592,2.209908531456705,0,0.16387712463656845,0.3554370357054026,1,0.45187986121089424,0.6367729626803142,0,0,1,0,0,0,0.30152080548811194,0
1.4316011662993122,1.7845334507585269,0,0.10078095980554953,0.08426223372658606,0,0.3142769426703754,0.129266442241177,0,0,1,0,0,0,0.34322961731621315,0
3.000736222145156,4.678461079364688,0,0.0907334656782806,0.3010412586418817,1,0.21006178995261232,0.6192724704910457,0,0,1,0,0,0,0.03561734641133392,0
4.142238983064493,6.4628138988942245,0,0.06537156674752131,0.5198303236165769,0,0.42275093751251425,0.8887523832573205,0,0,1,0,0,0,0.3348563037050347,0
4.640307112232202,7.412684812661466,0,0.08939084581905841,0.37849977414643177,0,0.2643179622186891,1.2121153759785335,0,0,1,0,0,0,0.13679373215149898,0
3.8544446975721187,6.1537645939832775,0,0.03350287168773594,0.5700853208687076,0,0.24594186677256252,0.9072955093339266,0,0,1,0,0,0,0.2884565358439827,0
1.9455772592608183,3.0459051756321607,0,0.10921007067248797,0.33227706841270743,0,0.4705062053341974,1.1784587867337093,0,0,1,0,0,0,0.10054882367376268,0
1.387590297403338,2.073071301727736,0,0.13865149880015537,0.19804736749337853,0,0.31567849973267137,0.7658855311656836,0,0,1,0,0,0,0.2743277316471678,0
1.1290078175568306,1.350769507099412,0,0.07290901495894764,0.24733942240814893,0,0.3720013645985428,0.5643513226321234,0,0,1,0,0,0,0.3069147814334662,0
1.3010132461675992,1.859294985897524,0,0.14769129287273794,0.2818334318519218,0,0.4611945369459796,0.3665315907208881,0,0,1,0,0,0,0.18731838516031019,0
0.9383994449022711,1.1747323726179302,0,0.1417637663602812,0.20210786031624084,0,0.46680380396749244,0.5708358072968835,0,0,1,0,0,0,0.3168201005158555,0
1.0548768542975315,1.4147878104131508,0,0.0746905456477259,0.26494775620059474,0,0.5998301736569858,0.49503450092733736,0,0,1,0,0,0,0.5781652741869715,0
0.48021928434534467,0.47342474353257774,0,0.0974593526898971,0.06166735173578855,0,0.15497308940706073,0.10190586757628185,0,0,1,0,0,0,0.1492320696534753,0
2.6124569797060775,4.124354304556294,0,0.07303083379174155,0.17364189005734698,0,0.20513478742192232,0.3506189411774902,0,0,1,0,0,0,0.12496060407488256,0
11865.857492337758,20542.355275539536,0,0.18132221517490385,311.98674580164413,0,0.3281110837012325,14443.26280215518,0,0,1,0,0,0,0.18520786412539186,0
1.082886534211517,1.436206942876459,0,0.13448958044125958,0.2528436700990416,1,0.6409086995072745,0.4083341503749913,0,0,1,0,0,0,0.28136992464161065,0
3.1458980457016206,5.072626966985058,0,0.14334693009045824,0.13411382362894084,1,0.48583822358576567,0.35106226507324434,0,0,1,0,0,0,0.07732669121722902,0
5.399918300056078,8.41820873953241,0,0.14072823353052538,0.6131025909916593,0,0.21080896870842106,1.022143622972198,0,0,1,0,0,0,0.24258563552921408,1
4.113478581661447,6.428790130660732,0,0.10923551001956697,0.9043500421180029,0,0.17976776519106408,1.4110747853815582,0,0,1,0,0,0,0.3320918350989379,0
3.3271638367657737,5.3712478957649665,0,0.20064384005484148,0.48138369055949126,1,0.3070891071796388,1.0555010870446584,0,0,1,0,0,0,0.12933264987779225,0
3.361009909884061,5.534172559107147,0,0.07544894522548332,0.3972329675043321,1,0.3161969848657363,1.0958573775575975,0,0,1,0,0,0,0.1895790662053273,0
3.4506577662755666,5.53876310456618,0,0.14539790845905332,0.4180112200333992,0,0.3171805632070391,0.850588640708843,0,0,1,0,0,0,0.1599064795472755,0
2.843130477894479,4.692376753379061,0,0.09047967076282405,0.4862347157007014,0,0.31227439222677994,0.950684098441577,0,0,1,0,0,0,0.19170770776639756,0
2.0946063099531824,3.2067812193955367,0,0.10817117179806066,0.37398228964885055,0,0.25682459137901464,0.8952645483961752,0,0,1,0,0,0,0.11372598197571704,0
2.16060301280274,3.4597789661452185,0,0.08842262659696695,0.31085244344871843,0,0.37679229371992995,0.980860152235079,0,0,1,0,0,0,0.13359781491666017,0
1.8051948142783711,2.794492363495498,0,0.10758000955130159,0.3866854296136833,1,0.2932002529674207,0.8883702741654182,0,0,1,0,0,0,0.18469405455336785,0
1.087242334699284,1.202842937285561,0,0.12942983298436478,0.1195289322086009,1,0.4731872959717212,0.5013162670648955,0,0,1,0,0,0,0.23778554239091837,0
1.0610238879148286,1.578705046930497,0,0.12894012759647433,0.2782876591499168,1,0.6069823281371369,0.5286764869109974,0,0,1,0,0,0,0.2202177909820433,0
3.0675306670833358,3.4999552623384864,0,0.2502092489672143,0.10358924757108734,1,0.5488320442295136,0.32269314740424043,0,0,1,0,0,1,0.20749812232192283,0
6.425969637945625,9.71011362267657,0,0.14548817234205477,0.29895709231283496,1,0.3677226064942324,0.7040668528584619,0,0,1,0,0,0,0.29396206280722065,1
5.855068224293449,8.761910289798841,0,0.12010194673647223,0.3658390165525069,0,0.20700309226315436,0.9302820188499759,0,0,1,0,0,0,0.5536442788227608,1
3.932804388430152,5.291941499031967,0,0.17053458744432026,0.29758109223482704,0,0.823924124959942,0.6000980258170644,0,0,1,0,0,0,1.163540752016013,0
1.8128834829308835,0.6806849663387898,0,0.10783265384159166,0.7928708298812346,0,0.6446614926213577,2.482713748882385,0,0,1,0,0,0,2.6083236229235878,0
8990.446318574468,15542.687807778984,1,14.886903981342755,296.2733629402125,0,31.58059581025818,17569.234837770713,0,0,1,0,0,0,21.512909912212457,1
7.1696784075278455,3.9782652457939345,0,11.916417722608848,0.22801012561801182,2,24.97047117809176,2.2823288432828477,0,0,1,0,0,1,10.865257395580702,0
6.523328671822681,9.472155388814063,1,0.5652561543035318,1.7386367225435744,0,0.17189993882324683,1.370874265871413,0,0,1,0,0,0,1.1071303637271164,1
5.450746840586989,4.782322023851315,2,1.8608476090095136,2.031394065399834,0,0.9289430018356148,1.1152838618826504,0,0,1,0,0,0,3.68074351098113,0
3.7999621856667156,2.713008807366637,0,0.2027611099658591,0.2666567215062819,1,1.0056609541180257,0.4483713331268846,0,0,1,0,0,0,3.304825233460668,0
16.650020777284773,16.686003516239268,0,2.064129787045723,66.06144273398694,1,1.1646786952535115,178.87423374279746,0,0,1,0,0,0,4.349149538516502,1
24.01534878523673,28.719097159063786,8,26.772540931986157,20.4448685542928,2,67.8216893362147,1.799419856456297,0,0,1,0,0,1,72.80799328235139,0
1.6525992003919865,0.968443717418768,4,0.9402484946770083,0.4161178768084788,2,0.49651867949971573,0.21689347398819853,0,0,1,0,0,0,0.5518741372247649,0
16910.094771532822,29275.952982248513,4,145.9158488312486,0.9554095397108247,1,8926.278038970124,0.6157860295747517,0,0,1,0,0,0,67617.53037674284,1
39100.59103720993,67709.31672492181,2,334.59365132236445,13.661121527628389,1,20306.94821614003,41.5701848104115,0,0,1,0,0,0,156376.56678530574,1
3.7032648919771836,4.351945588529168,0,0.4366112230286374,43.77815561224063,0,0.1344441671022351,91.79271137896328,0,0,1,0,0,0,0.37736234682706976,0
3.466031855485789,4.624752430242253,0,0.1460571751777056,0.5080032043064326,1,0.43635932660901755,0.839760687774213,0,0,1,0,0,0,0.2631291705699881,0
1.3344048161322313,1.2803287001017418,0,0.21390512342297732,0.13499567116932323,2,0.6001494839608219,0.5422397102263313,0,0,1,0,0,0,1.7012110651928154,0
3.1140944066546394,4.9538364975567495,0,0.1012371854165795,0.2911890387672914,1,0.41973977453893907,0.40947827510831764,0,0,1,0,0,0,0.38804620231854925,0
4.927625375561439,7.9948623196676545,0,0.13950613186124472,0.4568381468304879,1,0.20770351263349024,1.3602708435502557,0,0,1,0,0,0,0.06611252615889937,1
7.325278374325325,6.397224866091439,0,0.14025640991611366,62.58584405063837,0,0.8068677061548742,152.9123866411507,0,0,1,0,0,1,2.412940351406917,0
6.5820896567601705,8.558821737128211,0,0.23138810712197191,4.741173415919362,0,0.4329633406976897,12.611812099271406,0,0,1,0,0,0,0.38823964232141184,0
2.3509248831556517,1.9018363452170826,0,0.18199022262107478,40.30173283548736,0,0.6596710739148057,87.58631069797495,0,0,1,0,0,0,0.8844241740614117,0
2.6425848921109987,3.8320479980059403,0,0.036548632796829,0.16568808803595625,0,0.09264297772018404,0.2695392708012363,0,0,1,0,0,0,0.21078790116047502,0
1.7455473574872018,2.719724654829283,0,0.18363432332669927,0.14707991540467258,1,0.6918700780405491,0.6082543105316165,0,0,1,0,0,0,0.19894360632313382,0
0.9324775350870732,1.092806617571695,0,0.14531625859943015,0.22050778990658687,0,0.4157473889794371,0.589622815911917,0,0,1,0,0,0,0.3613678544407115,0
3.750937656750659,5.529982038941662,0,0.1062346408065088,8.707641760215802,0,0.20510233601864536,0.8565822024404735,0,0,1,0,0,0,0.06627520499778082,0
1.0703340919252993,1.4750392326677075,0,0.034070224913617886,0.022459454185759484,0,0.2378224756073647,0.059671637267365185,0,0,1,0,0,0,0.15390783527921037,0
2.5261780300293877,4.092991516302557,0,0.13439589152442422,0.1519398094841386,0,0.3468804912019745,0.40716362463869693,0,0,1,0,0,0,0.13987578403816314,0
3.441210561082973,5.4352790333596115,0,0.1955491015743665,0.2588533583853595,1,0.4372732628596878,0.6941704620825514,0,0,1,0,0,0,0.0734166341399154,0
1.758954941648724,2.5786814523982495,0,0.2172235875864108,0.10610243130976063,1,0.49060951069556236,0.21347631251025137,0,0,1,0,0,0,0.38953022714614327,0
0.6404321172372801,0.9141265591956347,0,0.07244640773816426,0.07044055770039834,0,0.34459028053290375,0.2172281575097721,0,0,1,0,0,0,0.10170986048104122,0
3.00450587393983,4.739200345819137,0,0.24547574878000056,0.15405114091182348,1,0.4652539853119173,0.3946443972007056,0,0,1,0,0,0,0.23363819403764036,0
25.848577654592276,35.665531832419376,0,0.2532611895638922,67.54511628672037,0,0.3592834547789814,174.6616614134548,0,0,1,0,0,0,0.4261735609817741,0
19.502271851198905,23.30061083854182,0,0.19862275221713993,106.4213766991004,0,0.2316338539278119,280.01131707566253,0,0,1,0,0,0,0.3655337245389397,1
3.185781043012566,3.5416602854142085,0,0.07167433627116675,2.6428082316707666,0,0.31695072747207187,6.214741796025036,0,0,1,0,0,0,0.1686894117286836,0
1.4481766799918274,1.1453978820942359,0,0.0732809492016501,9.350139600379743,0,0.07571322456669669,5.254931485886033,0,0,1,0,0,0,0.3876222803774123,0
3.1830234652757587,4.702202532212666,0,0.03437046408810567,10.913687310689985,1,0.34638381021295556,0.5961356578123136,0,0,1,0,0,0,0.09493828980464487,0
1.6799065450471158,1.6706128824079753,0,0.20067268624833912,14.570170935881062,1,0.5136794937599202,1.7553925708096667,0,0,1,0,0,0,0.37702964025267094,0
2.7548938519815906,3.6693896441411806,1,0.07278217050401589,0.26593974684693045,3,0.4021560087173762,0.5803440810701994,0,0,1,0,0,0,0.2966378689817505,0
1.197487271792261,1.0267095348282615,0,0.16214865010617288,13.200073135279375,1,0.4249460974551881,2.020876841560426,0,0,1,0,0,0,0.32545855771699145,0
2.063988786348889,3.013889036644018,0,0.08934240712392813,9.166203543839348,0,0.1315294898614582,0.5484417303420099,0,0,1,0,0,0,0.18170394997696188,0
2.0580487532415277,2.55904870291546,0,0.0639416255622923,14.773554635019561,0,0.16327711495035674,0.2684125419698497,0,0,1,0,0,0,0.06743227361774498,0
2.418659858198593,3.5923721592805005,0,0.11064692796762486,0.34750025216010844,0,0.5727124686576899,0.8210399238175888,0,0,1,0,0,0,0.28486070157069865,0
5.044312967531987,8.436336980035502,0,0.10809544848924392,0.3429064865188854,0,0.31078937601761264,0.8582898568101704,0,0,1,0,0,0,0.05595514084739657,1
2.7201925229939308,4.1090439872500095,0,0.10928594179321216,0.15155391958108053,1,0.5269556436874316,0.25816281421546616,0,0,1,0,0,0,0.4937626562590337,0
0.8323806279620038,1.1879052032800685,0,0.16125008191282886,0.09437833279193267,0,0.2977738630395084,0.17445074354445017,0,0,1,0,0,0,0.04315347693181629,0
3.4663312808211533,5.066664979078774,0,0.2212048234076294,0.34710499979752185,0,0.5052889499814517,0.6349948776617272,0,0,1,0,0,0,0.2643000117712021,0
6.993545264129403,6.37622704844307,0,0.14597971655002098,9.382725420151322,0,0.11546954409820781,21.058410370206015,0,0,1,0,0,0,0.8997997534875244,0
0.9529654061385394,0.7659775415525967,0,0.06901869500883273,6.56885990108731,0,0.26362217222493095,14.294046203431693,0,0,1,0,0,0,0.18641033681833186,0
2.5924703418588497,3.7978292645457348,0,0.03314490741208889,0.1863265361681197,0,0.05184233381074133,0.32105411814950247,0,0,1,0,0,0,0.13509721818039327,0
4.2649889034642,6.637985770547775,0,0.2139379399470866,3.1584280111767677,4,0.3808129409583899,7.382895120583263,0,0,1,0,0,0,0.2687988516871371,0
2.8191549729311927,2.4841863557205395,0,0.24709929149002063,10.989910829811866,4,0.6344796042513575,26.273807738251584,0,0,1,0,0,0,0.5514654469707335,0
1.5825168328575243,2.166902603997321,0,0.09981077752415948,0.21476755028341116,0,0.49658731866893446,0.3959590566295022,0,0,1,0,0,0,0.5299727903006725,0
1.3215213123681044,1.7005534135929017,0,0.07246889836291762,0.034141031377328955,0,0.11207948056461631,0.12910637595037192,0,0,1,0,0,0,0.33183251262128527,0
3.951252193277988,6.2183986444370625,0,0.015730390669314236,0.3368544487155498,0,0.06386844071230967,1.0139545243362313,0,0,1,0,0,0,0.10210181164710998,0
2.536453097498893,3.928682281117903,0,0.08788741474893677,0.3644089968050867,1,0.3699855243471649,0.8260533485809181,0,0,1,0,0,0,0.1029411741554911,0
1.0573806340739125,1.539746158714,0,0.21544210616066636,0.17004745807737065,1,0.39891781637876816,0.3110597648735839,0,0,1,0,0,0,0.2065881188237128,0
4.891480951937773,7.845325897338694,0,0.20857373341574,0.3809969482350867,1,0.4020811943772526,0.7831654534578465,0,0,1,0,0,0,0.06343928032581057,0
5.173550363840811,8.411629769733365,0,0.1079470878132,0.47236153765423605,0,0.3561810238371039,1.3140940201119804,0,0,1,0,0,0,0.21401853399768028,1
2.400510992906198,3.845036311448516,0,0.09984092911145549,0.29440182747789934,1,0.4953069539894832,0.7950129489583817,0,0,1,0,0,0,0.1659377377165018,0
2.5758080183968395,3.954197339956312,0,0.2184383286652557,0.16877192137984026,2,0.6016415300175462,0.26235236148907637,0,0,1,0,0,0,0.30067121579632616,0
4.458288152374386,7.1645465906368875,0,0.07163591727387267,0.43111851785456756,1,0.3249234129071683,0.9831374209426723,0,0,1,0,0,0,0.08620710707035274,0
2.9843967900166484,4.674767837881689,0,0.08879633763453221,0.361357087507033,0,0.18072966984061606,1.121813974211897,0,0,1,0,0,0,0.34408777573220684,0
0.7179433553188077,0.9080406662111892,0,0.1260549675515921,0.17619887569738116,0,0.4329563732001855,0.3083461975730952,0,0,1,0,0,0,0.34851349475318205,0
1.9072716811621881,3.0957850339850936,0,0.016090221811146808,0.05571081691969379,0,0.08088725871154596,0.16179658953464054,0,0,1,0,0,0,0.05051249398372662,0
4.461774847855596,7.190849562163181,0,0.0363525498644804,0.34955602122448665,0,0.13233999649530948,0.8743219759514931,0,0,1,0,0,0,0.27880892091243736,0
2.867387171195021,4.3700689004748,0,0.13762538420937706,0.30616442867270893,0,0.3235440724799217,1.2190356499875077,0,0,1,0,0,0,0.2737526312087901,0
1.7927418307231107,2.8436127373649214,0,0.18156115323466374,0.3257532169655931,1,0.492210053876121,0.7453827413682681,0,0,1,0,0,0,0.0971651965416101,0
1.171941040691161,1.3369991828389542,0,0.16422426691419328,0.14589763065140177,0,0.5828895952935103,0.363435362885692,0,0,1,0,0,0,0.401942424574817,0
1.0181324023360105,1.3389459340153627,0,0.14659280443413994,0.08412232304540461,0,0.3902611784855157,0.11318769274342837,0,0,1,0,0,0,0.5376034074723468,0
2.056786126179738,2.6743393521272303,0,0.03593238672153337,0.08040258562154183,0,0.2895805155856539,0.16243449014598801,0,0,1,0,0,0,0.8542794459320129,0
4.878803039955274,7.755025273287812,0,0.034065921254715324,0.43772965804363406,0,0.15803166411731706,0.838519748371596,0,0,1,0,0,0,0.27554105401228235,0
3.4444007965926655,5.274475906872494,0,0.08945561692502967,0.45438203623560464,0,0.42202192292716456,1.1028991460016988,0,0,1,0,0,0,0.20036712750866284,0
2.1961655461377503,3.4951816880662583,0,0.07332186995048975,0.2850731933122721,0,0.2596230994106079,0.8210967256482715,0,0,1,0,0,0,0.07947821772144983,0
0.7414332042615963,0.7333362215834596,0,0.1646848777235606,0.11368546198665071,0,0.34754783996862615,0.1687974577315357,0,0,1,0,0,0,0.3402709654457269,0
1.0364805281694849,1.2961016086916552,0,0.03537801553280498,0.030833151032798132,0,0.040941665052969194,0.08951664254062452,0,0,1,0,0,0,0.3286431183606162,0
3.25667398797027,5.241154073355252,0,0.026800303443391512,0.3109653615357229,0,0.09364149295662663,0.5764397002033039,0,0,1,0,0,0,0.08711268050446366,0
3.300983688125968,4.995440896798976,0,0.13655103033578297,0.5270788188615022,0,0.517446113256645,1.252125614523338,0,0,1,0,0,0,0.28618982232514856,0
1.1916921364364652,1.7382256900034516,0,0.07340656685534724,0.2464205517525237,0,0.3592778569244524,0.6269164809045383,0,0,1,0,0,0,0.24326992237153033,0
0.7902728552296618,0.8059274339963907,0,0.1123865405160192,0.01924775191552024,0,0.272663517809437,0.16535868312320717,0,0,1,0,0,0,0.5544690751268526,0
2.8184314001767494,4.099416949067458,0,0.18044522018365491,0.33296078007657554,0,0.0738198013814104,0.39552536095740704,0,0,1,0,0,0,0.2555583418458163,0
3.832806963294207,6.224009994565263,0,0.07546532713646745,0.35912094736213873,0,0.12096219374557719,0.8503203533357105,0,0,1,0,0,0,0.11505232320625419,0
3.5927812508350847,5.7857666373498775,0,0.14711337973690955,0.4303881248928594,0,0.2523111705375076,0.9112467440419735,0,0,1,0,0,0,0.16239295378647872,0
3.111240038063309,3.3286130877689315,0,0.10895516036185196,7.715763224305653,1,0.4907980392887059,16.733780805542835,0,0,1,0,0,0,0.24046239521872584,0
1.1828588007918337,1.60292935923891,0,0.10004635514903568,3.8397342135995354,1,0.44011899634243334,7.9312177431757105,0,0,1,0,0,0,0.29229807227574667,0
4.823071251496966,7.514259602094497,0,0.09697696954390038,0.6559553201692983,0,0.16846295570379,1.090338077095801,0,0,1,0,0,0,0.2825557744201877,0
2.5165978736772554,4.187671311733207,0,0.0269081417803989,1.7982397078199708,0,0.05229464979177675,3.8655960842413384,0,0,1,0,0,0,0.057663110470383194,0
3.408778101453911,5.590311882056552,0,0.01634482248968407,0.2975871719636039,0,0.017955498649909113,0.7625285474989284,0,0,1,0,0,0,0.0906775199132946,0
4.018064957460653,6.305134129383085,0,0.03338870172677734,2.8519431769197268,0,0.05881865793907361,5.364873470731695,0,0,1,0,0,0,0.3040562632198339,0
3.09186861651819,4.881167402036821,0,0.03512645475099871,0.5496869545130405,0,0.03717905592599191,1.2623937342081821,0,0,1,0,0,0,0.09576364081423491,0
4.071308840458103,6.568546539385644,0,0.05162587102821982,0.49987601909325374,0,0.05492203531437938,0.7949067249812615,0,0,1,0,0,0,0.20663706893513728,0
2.464706041693941,3.865672813105549,0,0.05129257422001924,0.45586667744008,0,0.043949888572042406,1.466159552405644,0,0,1,0,0,0,0.11560593395420438,0
2.2669627012689646,2.076290597911931,0,0.14550805861551297,2.834647397546046,0,0.2790219423194817,9.496898378583268,0,0,1,0,0,0,0.2778726788724525,0
10084.43459316941,17454.77574331769,0,0.2866762339371804,186.7392576758742,5,0.6575376109377642,8508.18006596537,0,0,1,0,0,0,0.9793139709369139,1
6.246864349961605,8.666131325709488,0,0.1913772308598578,14.658763843419276,1,0.5614541299172647,19.376007665541,0,0,1,0,0,0,0.9581896339157618,1
5.205471100982873,7.4642105103714975,0,0.11680312233785932,7.4806451194726105,1,0.414578536822836,15.297373473363805,0,0,1,0,0,0,1.046239300425825,0
5.489906854085717,7.921364965880187,0,0.10071472605082032,1.5059717303063773,0,0.8339846208566215,6.306206176003661,0,0,1,0,0,0,1.7880422556495403,1
4.616471878527793,7.03102193480861,0,0.159889812710993,1.0799980422035076,2,0.3892460132210185,2.8505774552708525,0,0,1,0,0,0,0.988570125443974,0
4.410937087281525,6.303714597534387,1,0.17154558234590567,0.5899236571014242,3,0.5556376303582675,1.6376228866291678,0,0,1,0,0,0,0.31902074143020137,0
3.5894380810232156,5.577836152658913,0,0.09707737431640662,0.5907558874230896,1,0.20355558710405736,1.2921718431280944,0,0,1,0,0,0,0.15315426233480256,0
3.2392098652326506,4.8021537241749135,0,0.12295238606009888,0.34439170778620853,1,0.36081082461004477,0.7986133243905659,0,0,1,0,0,0,0.13822981274744311,0
2.323025829251045,3.134078318800781,0,0.15963890569414504,0.585916526689253,1,0.31474675381633155,0.7197824285119443,0,0,1,0,0,0,0.5255644171598423,0
3.037791493094944,4.216057578927673,0,0.07199561550761441,0.27329893829459495,1,0.3376245891831516,0.806103159838943,0,0,1,0,0,0,0.2468793597390107,0
3.0452865876804456,4.324304304801173,1,0.2081002422738209,0.6090922604271469,2,0.525240489299948,0.9822844268971422,0,0,1,0,0,0,0.40825727965085895,0
0.754073009884555,0.3213872892074528,0,0.1925305455120136,0.05123829828617826,0,0.9314578296048396,0.04079232467154954,0,0,1,0,0,0,1.1651835155787391,0
1.0832290613596798,0.7252823241490498,0,0.35081940333358963,0.03195532870842052,0,3.12418339871002,0.061226257428498694,0,0,1,0,0,0,2.068344803244068,0
3.5636833743900063,2.753966806189562,0,3.7324057040516783,0.6350074612389199,0,3.3019452681259445,0.42592097978477744,0,0,1,0,0,0,3.9568211680594856,0
24.45967360586868,8.249144926603986,1,10.298703304808084,110.30214756415836,0,3.4278617133065907,40.63783114228706,0,0,1,0,0,1,27.103279054191148,1
11.412772755460926,9.076526452672157,0,2.0422339248895303,1.9476493043045604,1,12.306719875796752,0.17405910153240922,0,0,1,0,0,1,22.197070831917063,0
0.9903068418482464,0.5865590055039326,0,0.3658430842913558,0.11869819565443654,0,2.2139088729211176,0.03971268053877525,0,0,1,0,0,0,1.3241707969948018,0
0.8902625335137544,0.6180086098659296,0,0.40556300926789246,0.0735498323503601,0,3.589375332954784,0.07941380151706465,0,0,1,0,0,0,1.6701273924807991,0
0.7587401889269759,0.6846122288788191,0,0.29684547134698636,4.4860052133825735e-06,0,3.8314938550541484,0.05830792879933305,0,0,1,0,0,0,1.7806919148248181,0
0.7979885601820396,0.6581887586141087,0,0.31883043403957534,0.12580282961552186,0,3.5437804046934627,0.03904828397865952,0,0,1,0,0,0,0.8566376359078232,0
1.1669516222034853,0.7275381109662933,0,0.2982828247810657,0.16471020533916253,0,3.1245178554033206,0.049487954985512464,0,0,1,0,0,0,2.2508063848258795,0
1.9091921637974034,1.3535599798390474,0,0.35776171463214823,0.06792081764549103,0,4.753535825828785,0.05447767492841862,0,0,1,0,0,0,3.881046005202489,0
0.8026487446890885,0.6056266778107913,0,0.19445667251420345,0.0442521636351583,0,3.027581741460482,0.049487954985512464,0,0,1,0,0,0,1.538830831653534,0
1.5297573756577063,1.3067256205329465,0,0.40454085072251666,0.06985099346428107,0,3.502311706470961,0.03709023556732376,0,0,1,0,0,0,0.9962312437033447,0
0.9853088488914694,0.8791674780665426,0,0.6999985399096863,0.019032648440499584,0,3.863668362244996,0.0350174687773858,0,0,1,0,0,0,2.4221511334236148,0
1.2465027543599754,0.6801167921703973,0,0.321220318076321,0.03964027266029588,0,2.575576524941532,0.07935127746587667,0,0,1,0,0,0,1.7380689161884106,0
0.9190273526161543,0.6019090750644795,0,0.16304648158262441,0.03789434684773266,0,3.175443482475951,0.0881527005285167,0,0,1,0,0,0,1.7868898802931943,0
1.0372677869693399,0.8851942544207769,0,0.29026871020075823,0.02113006757317818,0,3.654514928010144,0.03859637852675792,0,0,1,0,0,0,1.4675852943380434,0
0.6595648025264694,0.4368619115585311,0,0.2181579756129185,0.02632069021467768,0,1.3232156265435673,0.04690527706698807,0,0,1,0,0,0,0.6694528914112012,0
0.4721883686723903,0.2865409187344186,0,0.1682567961354942,0.02258685230919618,0,2.5020604496423444,0.03290280148087791,0,0,1,0,0,0,0.9430727141099919,0
1.9369518579748473,2.0494006685876958,0,0.2135757213726287,0.04106120864057691,0,1.8410554105084898,0.037055810257074884,0,0,1,0,0,0,0.9993066921103796,0
0.7864666551818837,0.590310639490266,0,0.34276558459742623,0.040306953186952085,0,1.7286390571756298,0.0995634644114599,0,0,1,0,0,0,0.7464331180734958,0
0.8227224259136525,0.5728285044080522,0,0.5054366559366033,0.058499552793568096,0,2.203629065637932,0.028164537647237232,0,0,1,0,0,0,1.531259584766516,0
1.1836892502454452,0.8636597026627078,0,0.33651156357869094,0.10968576509871891,0,3.675711369262287,0.13494199671898233,0,0,1,0,0,0,0.7555347840003965,0
1.328177785517593,0.6440677973633897,0,0.612345684236046,0.07224430889027245,0,2.4226864491845426,0.06033293014240816,0,0,1,0,0,0,1.4621096706129713,0
1.3125125463498208,0.8372754313290796,0,0.84716634846769,0.05870988523895875,0,3.893325378891821,0.03762619951270474,0,0,1,0,0,0,2.408073968569071,0
1.3780811770582753,0.8433458219174105,0,0.5421075722223692,0.10862519706628884,0,1.4408436272216043,0.12790410155662202,0,0,1,0,0,0,1.5341526289839567,0
0.5602711212975106,0.25631316755584066,0,0.19925770965594178,0.078824057683382,0,2.0132278899387743,0.02844458407631678,0,0,1,0,0,0,0.3153292305508111,0
0.6418268627528384,0.40969256219566147,0,0.25895690762145046,0.015191291462509613,0,2.34463811800026,0.03818868356662754,0,0,1,0,0,0,1.2000070391630868,0
1.9504775240959042,0.9504566603189163,0,0.32110865046671866,0.03521379235339403,0,3.353734405492655,0.059737220144773416,0,0,1,0,0,0,2.6029678635778666,0
0.8547102579490033,0.7256238471728707,0,0.4585918660746077,0.0376273322981514,0,3.332118541294597,0.05396925206345241,0,0,1,0,0,0,1.0378073018755847,0
1.1980536921869334,0.7747297456365396,0,0.38320161724083945,0.10621891904808411,0,3.4125216568238876,0.039217435565902084,0,0,1,0,0,0,1.017472984597326,0
0.8024188800437887,0.5910979146761131,0,0.19705337685098512,0.1266190669519317,0,3.2508427438019982,0.06728874226959711,0,0,1,0,0,0,1.657254381125631,0
0.9816927391956065,0.5144576507438273,0,0.12697916839538584,0.049329919198875555,0,2.6236863030333475,0.06888521388135942,0,0,1,0,0,0,1.071668216244663,0
1.2636846780045081,1.2255480482945853,0,0.12134368732110022,0.06785848940739878,0,0.8871921653696646,0.03594528653644887,0,0,1,0,0,0,0.5863487293492131,0
1.299416076910648,0.6822240739361681,0,0.3352700423570246,0.04086428651594396,0,4.549285584916191,0.017227406350845388,0,0,1,0,0,0,1.9339191846684765,0
1.0992819901841382,1.0234837879994698,0,0.2569693307098822,0.014271942148393014,0,5.0611539413603115,0.01756842425968979,0,0,1,0,0,0,2.7420721897517306,0
0.42001636419015875,0.23179821872523723,0,0.15555812288329623,0.01917668392744797,0,1.2040946569447044,0.0331027605654773,0,0,1,0,0,0,0.2765210443563819,0
1.0096137849635944,0.48854488612418523,0,0.22684895635936303,0.02898988871679379,0,3.0899880199825036,0.03806857937321363,0,0,1,0,0,0,1.2399514387218056,0
0.8280288375733645,0.3751723001420054,0,0.13106266028271027,0.02692233998396887,0,3.5507864292236877,0.01767811865032516,0,0,1,0,0,0,0.9311294322664108,0
1.2511407733954911,0.9964478052249414,0,0.11314614946305931,0.1140403601463213,0,2.0718296849635163,0.15841793754328942,0,0,1,0,0,0,1.2629080017780243,0
1.1517452671571062,1.1562288878670728,0,0.3764407315013508,0.15676928934556808,0,4.134714142468468,0.08008688055513397,0,0,1,0,0,0,3.06354970750714,0
1.2527876911768185,0.8361229213132211,0,0.4661155151934765,0.012525768265786648,0,4.62716242907112,0.008788877538707971,0,0,1,0,0,0,2.229621300539139,0
0.435048531433706,0.3426757206998104,0,0.1660178346356063,0.0433692316323753,0,2.8677321564824014,0.038299137306815334,0,0,1,0,0,0,0.9186004859725848,0
0.9787687616263254,0.49530645007290774,0,0.2264426044194262,0.04145058136471573,0,2.373997431394227,0.03419192045111766,0,0,1,0,0,0,1.190273106408715,0
0.6451827061656721,0.43185218060572256,0,0.2008398196623446,0.02131111144100285,0,2.594492514662532,0.038596378526757916,0,0,1,0,0,0,0.7460164497757795,0
0.9356908827943855,1.2644386755584114,0,0.10508130361265969,0.06563663685110088,0,0.969485873471673,0.05782561004897372,0,0,1,0,0,0,0.2923297941883164,0
0.8608091565189084,0.6283667267166735,0,0.38976954399133423,0.02984921350304777,0,3.231182687260527,0.053021890179913087,0,0,1,0,0,0,1.6253539467345004,0
0.8692989612431931,0.7643809826829773,0,0.20490936482215982,0.038950654588175426,0,2.721290124933571,0.053013733733235334,0,0,1,0,0,0,0.5338800385498376,0
1.043235473227727,0.87105881291902,0,0.1475115385847983,0.03627652167764982,0,3.8689338492141436,0.05692174852549971,0,0,1,0,0,0,1.0668894750626503,0
1.794644683651597,1.8451282699245635,0,0.09902473203901507,0.0018004591437480494,0,1.9711419262575436,0.46394538721300993,0,0,1,0,0,0,0.8273819015887524,0
0.7377416049777532,0.8023499875427481,0,0.06658833052742825,0.028294405987795868,0,1.3840162438652022,0.0562965628645323,0,0,1,0,0,0,0.4781584744619496,0
1.435159247659103,1.2397809248045137,0,0.37343816798354007,0.0006305864514768486,0,3.6138716464063663,0.027207455621645064,0,0,1,0,0,0,2.876350377032523,0
1.0856526197435903,0.7946126242759067,0,0.32095179402553986,0.03574286455056916,0,4.2965516767072955,0.0976780048626413,0,0,1,0,0,0,2.1537519328311805,0
0.7511004624119657,0.7646619358134213,0,0.4005839000347893,0.026904769260558906,0,4.8995320088627885,0.033715203000195364,0,0,1,0,0,0,1.9188243321758869,0
6.458674660747274,9.057083776796365,0,0.9302239834130759,8.839305496601586,0,1.913492789097174,2.1596882468231944,0,0,1,0,0,0,2.2488751494188803,0
6.854179508144868,7.512720902007027,0,0.3992981526761272,7.838557288578814,0,1.1578320079569868,1.421727610178746,0,0,1,0,0,0,3.5724890470382986,0
20.420841521691045,27.549123521132,0,0.47769554334394515,28.68981742343707,0,3.043135753754579,3.829504311890939,0,0,1,0,0,0,5.209890760200491,0
17.200771185262766,8.177091395712319,1,10.893904130979777,58.32859041390912,0,8.459060764368267,31.334555951966713,0,0,1,0,0,0,30.868152901278542,1
9.30335940509596,3.3376418170258972,0,2.428930788237818,3.995500990142612,0,8.787437669665898,0.36135281007423037,0,0,1,0,0,0,10.870022786880622,1
0.9954561917075414,0.4994044929451457,0,0.30000441422150814,0.031100086587615098,0,3.6972026764987174,0.04118647968978574,0,0,1,0,0,0,1.056604735062941,0
0.46988627296568497,0.14990438024164313,0,0.06637503333399948,0.0379562129274562,0,1.0842528377780134,0.055476349994818576,0,0,1,0,0,0,0.718504448463365,0
0.69488140637705,0.4576056054102291,0,0.33346583171788763,0.039476835614119424,0,3.331160352867,0.03773399898099093,0,0,1,0,0,0,1.008724630383467,0
0.5367094418271111,0.2503176567603492,0,0.23604985552841812,0.030508958518839516,0,3.0177412599590725,0.09836285460638902,0,0,1,0,0,0,0.8678228727510303,0
0.45937307249308884,0.3331604991156419,0,0.13537362897000424,0.038454556039099516,0,2.3238383064155452,0.019299148692324214,0,0,1,0,0,0,0.6350514505511234,0
1.055371249995958,1.2716945640729505,0,0.37314168565302575,0.11824392059438898,0,3.5773937046721023,0.01986939565313817,0,0,1,0,0,0,0.7346995976974,0
1.1116458001217566,0.8748617576252521,0,0.21245562702126874,0.041058618592697375,0,1.9508100363480279,0.1127193307754378,0,0,1,0,0,0,1.9888247127772978,0
0.43357351366381247,0.23238866311617368,0,0.05054078621931528,0.0706507592141204,0,0.968266346255169,0.016532564377119745,0,0,1,0,0,0,0.25531518546523885,0
0.5549222811229383,0.567464926619462,0,0.424162201491973,0.035797258256280454,0,3.98312007755649,0.05582767308018659,0,0,1,0,0,0,1.4847497812614885,0
0.7279504517009647,0.31091581862364853,0,0.3293854144075672,0.03877474290058633,0,2.8348903208909126,0.05908247456617789,0,0,1,0,0,0,1.0202672882623272,0
2.073074316766422,1.7498589651176084,0,0.18677334090197734,0.03781657525111575,0,1.3929005024142584,0.0657459671850833,0,0,1,0,0,0,0.6250703942759945,0
1.4528230937028177,1.100769269538606,0,0.30187662498919277,0.034261690373125014,0,1.3901742978300236,0.03730800839625584,0,0,1,0,0,0,1.6378719689914591,0
1.3486183838718069,0.7941893768116071,0,0.1339067154159066,0.0887126722965301,0,1.9327397463005365,0.008538523988231196,0,0,1,0,0,0,0.8610453848823154,0
0.5315883907675216,0.408933007207045,0,0.13433501141223492,0.03436352156066828,0,0.9711694925350304,0.03821332660371054,0,0,1,0,0,0,0.29395970617065736,0
0.6296022922053347,0.5775014175710222,0,0.06135482745490657,0.09765531272375248,0,1.211379635510735,0.053860086124355416,0,0,1,0,0,0,0.18039110086748772,0
0.40024879921201145,0.23938960429947254,0,0.11762342320331955,0.027384605217749925,0,1.728112746593304,0.020585758605145832,0,0,1,0,0,0,0.707073580509997,0
0.5868911658421859,0.4941775233086893,0,0.19535810719461244,0.030482173683616377,0,3.882760311149559,0.00917396325157985,0,0,1,0,0,0,1.1231081167891923,0
0.19694043963654612,0.10094174855293177,0,0.03517589448184518,0.00036121604032064003,0,0.7107876008013858,0.015726794145565458,0,0,1,0,0,0,0.12357603315061808,0
0.519772894201364,0.4171681226777985,0,0.20753120654374968,0.036101993810281,0,1.942484194644533,0.03341793063537215,0,0,1,0,0,0,0.5602347742838514,0
0.3683492360470785,0.19711048180317506,0,0.1268749255303411,0.023358605116367715,0,1.1061805418582962,0.020585758605145832,0,0,1,0,0,0,0.5700865928840477,0
0.5973590446244701,0.5550736532863356,0,0.10198811233786809,0.03045565522883219,0,1.754849417059717,0.019299148692324214,0,0,1,0,0,0,0.3821924339960982,0
0.5068770061199495,0.41858977152004423,0,0.19994047540764126,0.03942376520195626,0,2.1170607274976767,0.059150027335781154,0,0,1,0,0,0,1.1469256505056569,0
0.4784743268475874,0.3496397300413997,0,0.25289293765130366,0.06494690869631362,0,2.3006472705247987,0.050608336458096856,0,0,1,0,0,0,1.073885583355723,0
0.7598255049372938,0.8483985370067617,0,0.13811579335219976,0.028727335481242143,0,0.8038429728880989,0.018391215830842855,0,0,1,0,0,0,0.47124699463893854,0
0.5659591189706442,0.4517818173750073,0,0.337119023389417,0.05249604169882432,0,2.681670700765168,0.014339816182904318,0,0,1,0,0,0,1.1727090433790424,0
1.0245232268217044,0.7786153514262562,0,0.25314754097463904,0.02229886032205622,0,2.457400220995613,0.0548687090866528,0,0,1,0,0,0,0.9432459281433585,0
1.7491136042890212,1.277277439726221,0,0.3322057032970158,0.07987567696755843,0,2.4308765070627674,0.09875641634124169,0,0,1,0,0,0,1.0399483146428585,0
0.358934991829307,0.16123139780038845,0,0.3399435330278463,0.032185419632743274,0,2.3293047405255782,0.029649448781474172,0,0,1,0,0,0,0.5723637848322032,0
0.6468231457795363,0.29590916256366373,0,0.21970248972750883,0.03338282184541502,0,1.8745436069961483,0.015859948679937234,0,0,1,0,0,0,0.4762628911452471,0
0.6350055643119716,0.6498638021742572,0,0.15308808268268997,0.042302922590047115,0,1.1760506884584496,0.0790962562235676,0,0,1,0,0,0,0.43661887919106024,0
0.7128278660086061,0.5356430327533203,0,0.3017054802344141,0.06739597610740569,0,3.491723410944391,0.0881527005285167,0,0,1,0,0,0,1.4826422068827076,0
0.5436159723748312,0.3878809468653647,0,0.0799372434478541,0.03309360468138084,0,1.6411462666478938,0.03826385861090943,0,0,1,0,0,0,1.1489985088118324,0
0.4117882380415907,0.27553377823178016,0,0.026108537924611555,0.030146218285280274,0,0.3689580719403986,0.016317026691408956,0,0,1,0,0,0,0.2930042223017059,0
0.18916004328045727,0.12877357826757915,0,0.12149699763175827,0.015646998898262553,0,1.254283167857829,0.01661988302298147,0,0,1,0,0,0,0.28885718500865,0
1.4760636451667033,1.766697375247329,0,0.17147254687127272,0.030396398396565133,0,2.3688801575972147,0.01661988302298147,0,0,1,0,0,0,0.3532494935205054,0
0.8322997721525631,0.7053011238611878,0,0.050097263424891715,0.06670801704801772,0,0.19730641330931964,0.0203962833642612,0,0,1,0,0,0,0.952047977765556,0
0.30834154859587604,0.16441921792834904,0,0.09965086899769687,0.11647904657456369,0,0.33959459989593577,0.009694931763405856,0,0,1,0,0,0,0.42052164652424207,0
0.485969595058904,0.42743746197096005,0,0.09528714841265044,0.03627618239206884,0,1.4874893743653623,0.039988117118945704,0,0,1,0,0,0,0.6677534427922202,0
0.7059953439342141,0.8734641819049207,0,0.13562511726154486,0.07386820619591752,0,1.2038888600867976,0.049217013264142045,0,0,1,0,0,0,0.18078282077167368,0
0.37978278723428355,0.41534768215147044,0,0.034620087765446526,0.09866620193901732,0,0.7496814043399092,0.01661988302298147,0,0,1,0,0,0,0.2867136180583334,0
0.7315367487590064,0.6520842194853338,0,0.12804737555445603,0.03748684356812798,0,1.590932496372027,0.028890819486894502,0,0,1,0,0,0,0.6709272431172352,0
0.21772522771299505,0.08322494186247953,0,0.061143350579278735,0.01917639152538367,0,0.6788610378268449,0.020396283364261195,0,0,1,0,0,0,0.3182771230568686,0
0.26856115326719165,0.13994731523574375,0,0.0702920535674223,0.0787401343143557,0,1.1339667918518235,0.016317026691408956,0,0,1,0,0,0,0.24346263427184162,0
0.4956585235231206,0.38103311523113564,0,0.1283643061819278,0.021680686988985558,0,2.0934690481081764,0.03150121133753517,0,0,1,0,0,0,0.4315613606080494,0
0.21300861328354725,0.10506275073254362,0,0.11765575584318227,0.1057613777768024,0,1.1806444119886308,0.009694931763405856,0,0,1,0,0,0,0.3305199311101171,0
0.9693859873686059,0.867133852551544,0,0.16666139322230103,0.03366818106835401,0,2.437140685467304,0.06069667675926377,0,0,1,0,0,0,1.1934306953426825,0
0.5075192116129111,0.5209779871455126,0,0.22745605834113805,0.033298846751783934,0,2.87535385579541,0.020396283364261195,0,0,1,0,0,0,1.3134943403943966,0
0.34085071894465907,0.12849029672871895,0,0.032908690969601556,0.029426275551295664,0,0.4769456424953867,0.029266047997993243,0,0,1,0,0,0,0.2973714671792685,0
0.2551074110627275,0.19429360954761074,0,0.10478258746977775,0.09739203907145397,0,0.796253068425378,0.039988117118945704,0,0,1,0,0,0,0.0772665179619718,0
0.368161928855017,0.23934365275990566,0,0.015538262717792049,0.05666367585625188,0,0.5617758678490936,0.016317026691408956,0,0,1,0,0,0,0.28693526870737784,0
0.7855866912271854,1.013254237690886,0,0.13926331640498935,0.04350688623965735,0,0.7261960070029603,0.0203962833642612,0,0,1,0,0,0,0.27380361606246195,0
0.6032663437276182,0.34127008964189676,0,0.128513613828941,0.059340391694420166,0,2.23944174196874,0.0203962833642612,0,0,1,0,0,0,0.6673162690017338,0
0.47373209265293853,0.3285363993133617,0,0.0588994952868921,0.02809989444651058,0,2.4129711970986274,0.0,0,0,1,0,0,0,0.5041578446029441,0
0.8782318311181833,0.48663511700301887,0,0.1489034387938297,0.0003841150792444193,0,0.49401167688752795,0.02195782377475459,0,0,1,0,0,0,1.0463867286254018,0
0.258224992444983,0.12163197296303366,0,0.03328645449774408,0.08342108127854142,0,0.7551787966249727,0.07805242665044591,0,0,1,0,0,0,0.12662807915247407,0
0.6155379780618278,0.5087448365475233,0,0.1989628236777982,0.0364792855907541,0,1.7105337807256822,0.01661988302298147,0,0,1,0,0,0,0.39915722218553606,0
0.4421315287396825,0.23958782042257015,0,0.16294355806986538,0.03798740453156886,0,1.4900814016915782,0.009694931763405856,0,0,1,0,0,0,0.5571096622943261,0
0.514154713365798,0.2088381396952901,0,0.10052348486676711,0.03644047439847445,0,2.585127459148706,0.01996764207081298,0,0,1,0,0,0,0.7686353726410156,0
2.6703718950477007,3.917236008582532,0,0.02442851108188487,0.05724866234605805,0,0.9432262411710248,0.009506492077755724,0,0,1,0,0,0,0.6895416248429141,0
0.5953754153664533,0.7021087098610412,0,0.13342611149471773,0.034195798847955414,0,1.4844056708420488,0.04030148693255364,0,0,1,0,0,0,0.14605897139877544,0
1.2373167704819044,0.8888984522393585,0,0.2730319197450231,0.09919326542014217,0,2.042236880625325,0.10546959882528316,0,0,1,0,0,0,0.38541804991234657,0
1.917562293841451,1.732830474574445,0,0.2636330540656764,0.12547402080566228,0,1.2647690100148947,0.1460725502164461,0,0,1,0,0,0,0.2672384451810477,0
0.6877415623522268,0.4777494010161692,0,0.22229206769000323,0.07011863653125493,0,2.7787945486740213,0.08605376051356875,0,0,1,0,0,0,0.713156588397966,0
0.7981442243193557,0.619094104271032,0,0.03476371420737649,0.07270507317728928,0,0.846205459282084,0.05217714992464149,0,0,1,0,0,0,0.386433599405271,0
0.8380142675787859,0.6204265111054634,0,0.24032278897588205,0.028790591375657967,0,1.7720011325672165,0.017349724471053058,0,0,1,0,0,0,1.1871514896985131,0
0.8012727632745075,0.6202103141877384,0,0.1463734506852413,0.000321787815427813,0,2.3911018424276635,0.05631659723598698,0,0,1,0,0,0,1.8040590423658782,0
0.741649021990126,0.4334502601854541,0,0.20875106845013533,0.07822561456028332,0,1.8913658016085848,0.01661988302298147,0,0,1,0,0,0,0.9194916545092031,0
0.47098672717334705,0.25433810351615066,0,0.23172369761174233,0.04186734979603704,0,2.36630168917314,0.02215984403064196,0,0,1,0,0,0,0.8041971296259968,0
0.28432225836402425,0.22854619560196676,0,0.17243737124913994,0.07703723827169204,0,1.6194573410248974,0.07215357672530323,0,0,1,0,0,0,0.23943294846459903,0
0.6405750139067762,0.4313385233572659,0,0.14980544201065332,0.04129617418635875,0,2.820951915749104,0.07830763325361167,0,0,1,0,0,0,0.9424895497213417,0
0.450465432662279,0.4446494023116892,0,0.20412519937872542,0.034996380316960396,0,2.7481221151658204,0.01661988302298147,0,0,1,0,0,0,1.1932876320958297,0
0.27003691694752596,0.08196171001309582,0,0.050653006969149976,0.028172864518474908,0,0.7006859660831822,0.032085599053570946,0,0,1,0,0,0,0.3353012302335194,0
0.6724101841555264,0.7970952407958004,0,0.21163728546752775,0.054983776006689564,0,1.5290806899388858,0.014884513281672031,0,0,1,0,0,0,0.1857664521921504,0
0.8358309239792203,0.5295667952955866,0,0.37502720846826043,0.04206292935370099,0,2.0825014217528874,0.03852699867279592,0,0,1,0,0,0,1.1604373210540644,0
5.827796534223894,4.336561327355335,0,1.0685776741909936,1.5165690493034099,0,1.496586872205181,2.2485503515742686,0,0,1,0,0,0,0.7174831677198883,0
9.914314598790014,12.760940520393511,0,1.055924477204063,13.229785545406905,0,1.6721820262397986,5.922816905398031,0,0,1,0,0,0,1.8032126493569334,0
27.89268280584132,30.012004277964966,0,0.8630979324264108,59.90648960137065,0,1.4845610724383433,51.635929671256136,0,0,1,0,0,0,6.741556147654661,1
3.1864929691020243,3.4125757103984595,0,0.31582109309106543,0.4273819974425793,0,0.7442371468766291,0.16796642348115906,0,0,1,0,0,0,0.6369085834670483,0
0.7081037331882629,0.26554623637697106,0,0.47398278119581755,0.032053883053842394,0,2.6798309269100304,0.04089527523946936,0,0,1,0,0,0,0.8693988826011196,0
1.1823718522993112,1.1243518698390378,0,0.18014330214852134,0.041442926787411544,0,0.8632970260232345,0.028887762508465684,0,0,1,0,0,0,0.5928818965574673,0
2.415843864245463,1.8457705729701506,0,0.24230651374089432,0.07847080009018526,0,0.973024566259425,0.10022725469539209,0,0,1,0,0,0,1.2751901502772909,0
1.5968354132485503,1.4944901683223928,0,0.15681917966578718,0.14166758112677832,0,1.6908474280138468,0.05815160052676763,0,0,1,0,0,0,0.6816639262095849,0
0.9194155527536046,0.5717372388520067,0,0.2894116053387125,0.11473363347555801,0,5.388508807152032,0.021163981461228734,0,0,1,0,0,0,1.630035760014731,0
0.8481955817885614,0.5042147505192711,0,0.5244972637712655,0.1490341080546378,0,1.7870990399915536,0.09009053578028374,0,0,1,0,0,0,1.5307098106698702,0
4.407950976484948,5.1475814466339065,0,0.32378197362176586,0.04527532963209759,0,1.5352788215726907,0.09827782817333955,0,0,1,0,0,0,2.508234594704341,0
2.20985472549332,2.1089602070735056,0,0.3238836165304092,0.1564747343416494,0,3.9056318509456247,0.17206938529477311,0,0,1,0,0,0,1.5723190913064853,0
1.3931647638168405,0.8610538348477076,0,0.08656861080505683,0.19923539432714907,0,3.0638132044536146,0.08152300642806345,0,0,1,0,0,0,1.2954934495010557,0
0.438807578128092,0.25809217790691963,0,0.13698575719431355,0.12709469168868892,0,1.3347151578186245,0.06695146851890157,0,0,1,0,0,0,0.527253207703809,0
1.564020701568869,1.0887025774687806,0,0.7684820528550438,0.10070734991617818,0,3.674956246566203,0.01317631819476734,0,0,1,0,0,0,1.5461908890631584,0
1.5056148527892965,0.8173929047387444,0,0.5151158300288068,0.24481382473037666,0,4.619754878911648,0.09666023962058065,0,0,1,0,0,0,2.4209562431561022,0
1.9453455089669938,1.3073568702160239,0,0.10368290610917158,0.050742028551433976,0,0.8697526491039764,0.04063171721060849,0,0,1,0,0,0,1.1298624587893955,0
0.6566407153885154,0.6432127661724679,0,0.21884408099411756,0.1146170024869009,0,1.8372660914005563,0.03499721249630195,0,0,1,0,0,0,0.5243493231683838,0
0.9153855007540082,0.6517198861548102,0,0.45272506857430916,0.07282588823886849,0,4.5039205046805435,0.0194699929628112,0,0,1,0,0,0,1.736864243741587,0
0.8686105347408607,0.8135489684047715,0,0.2556231806914176,0.035057946902764814,0,3.2416810103296254,0.04776979993299237,0,0,1,0,0,0,2.1548888419838885,0
0.3424144585528634,0.20230340065730656,0,0.07100633244320473,0.0697639029421518,0,1.2469492161922897,0.039844867664124095,0,0,1,0,0,0,0.6216293227396512,0
0.6484012929465595,0.6225825922634293,0,0.20362962483206176,0.0542511576301344,0,3.041671193752482,0.052583131426939156,0,0,1,0,0,0,1.7055297706778878,0
0.7912033087638041,0.6458712828535871,0,0.48293950439958155,0.032855055912742306,0,5.021082964063046,0.009518265569988558,0,0,1,0,0,0,1.3355426981812488,0
0.9011972497415492,0.6194409773366534,0,0.41161868254897693,0.041161438284383296,0,3.2910137900689085,0.020024183185628656,0,0,1,0,0,0,1.674571846393461,0
0.34831619490810817,0.1724049854957715,0,0.18100823707672994,0.07181307078611643,0,1.469735754912564,0.020024183185628656,0,0,1,0,0,0,0.4197148707610064,0
1.248569557967768,1.1534771298296176,0,0.19704569128931643,0.03749880510739722,0,4.4957637500136824,0.016019346548502927,0,0,1,0,0,0,2.970076488202971,0
1.6272907346747938,1.1894343552675646,0,0.1321224982883623,0.04135081834854441,0,2.7835856477608147,0.03092677928988316,0,0,1,0,0,0,1.8821415920685274,0
1.216415142838208,0.8064046972682725,0,0.13084539261447184,0.03481826967635722,0,3.6970283796862353,0.0,0,0,1,0,0,0,1.6992626249142728,0
5.585372938485536,5.939956337444579,0,0.4409799459693339,0.36803871324521453,0,8.898624830725321,0.327465697190286,0,0,1,0,0,0,15.486952279811947,0
5.004105189280554,2.6313908067391254,0,0.7496629532628094,0.3299264771531797,0,4.374511827098772,0.24858233332748847,0,0,1,0,0,0,3.5885163413658434,0
1.1759439305146424,0.909825275357367,0,0.4442592526676419,0.03531818086018024,0,4.899479664284716,0.05290032862149578,0,0,1,0,0,0,2.3935053039737193,0
0.8408305978503707,0.8174418105102381,0,0.2603801434665183,0.038015519694995434,0,2.839764263951745,0.0369393096709834,0,0,1,0,0,0,2.231242404977478,0
0.5925240410613465,0.506745702586184,0,0.1026625660608981,0.03701004769236055,0,2.738871945211189,0.00917396325157985,0,0,1,0,0,0,1.2360553702030124,0
0.881038713948243,0.6173973252640552,0,0.23174286413018982,0.000385525164232995,0,4.472929300933442,0.019658492681956824,0,0,1,0,0,0,1.5243492566761638,0
0.7212410386267778,0.525369718014627,0,0.20516293567802335,0.03724713039511354,0,2.6826866705938883,0.03458485069383349,0,0,1,0,0,0,1.2051194505544665,0
0.3337882924697998,0.14735846063226693,0,0.205978925655825,0.03401990949593263,0,2.0539198255337046,0.0369393096709834,0,0,1,0,0,0,0.5558186338767951,0
0.9712752356215838,0.8735929055963019,0,0.30952833561485377,0.028708742447696434,0,4.490895390233851,0.00917396325157985,0,0,1,0,0,0,1.7096928222780665,0
0.8803675854230375,0.6398240443727925,0,0.33039688307485093,0.034744618510513955,0,3.413440054272024,0.030362211744903188,0,0,1,0,0,0,1.892053945050955,0
1.4325249776372457,0.7912771891375835,0,0.35424376468278174,0.037545633154609084,0,2.405599833423604,0.05718490264155623,0,0,1,0,0,0,2.132785091159279,0
0.9006789489980531,0.6533817889350306,0,0.4424628090802135,0.015983295131870464,0,2.8329015880270214,0.017469021059108032,0,0,1,0,0,0,1.949699304855157,0
1.473667099687246,2.083897557058499,0,0.17226855914525785,0.03702335253781735,0,0.8293101951488211,0.03291768893125372,0,0,1,0,0,0,0.3245517059935717,0
0.6598037653588199,0.4489014429173609,0,0.17674967410717685,0.0560851608401737,0,2.9502249369071083,0.016019346548502927,0,0,1,0,0,0,0.6045040792210574,0
0.9085579549648387,0.9509037979918046,0,0.8321389367269609,0.015785194034537365,0,5.254318448651615,0.007686185613614282,0,0,1,0,0,0,2.5052181993927958,0
0.8509352862004849,0.5150193160695915,0,0.5146089270698218,0.07139192104110517,0,3.130019340861462,0.0790962562235676,0,0,1,0,0,0,1.243995431545228,0
0.8423056790686076,0.6360597264201211,0,0.5008993088250012,0.05252436093938845,0,4.784122316636941,0.06671212999241302,0,0,1,0,0,0,1.8402009609339935,0
1.1176378117541275,0.7838551844129825,0,0.2312376667417915,0.0964532669553306,0,4.442100387281776,0.020024183185628656,0,0,1,0,0,0,1.5321327477250704,0
1.0240229157028815,0.8152437774652447,0,0.15831296138516496,0.09738305353235228,0,3.051457010997706,0.037134344606275044,0,0,1,0,0,0,2.153119558578705,0
2.4832059242386237,2.33235591991145,0,0.26047370554088833,0.06733571176988896,0,4.345080853330585,0.0693172068029743,0,0,1,0,0,0,3.14473695039821,0
0.996102444535285,0.7927138658179478,0,0.6202244377134765,0.033250692383427004,0,6.140304553580489,0.018625154513277127,0,0,1,0,0,0,2.280954047685805,0
0.5696765833565717,0.4492188379159315,0,0.15045775539716383,0.0173177394459355,0,2.04465442042593,0.015726794145565458,0,0,1,0,0,0,1.302212711427774,0
0.6473841985973651,0.31178841501262344,0,0.1385750360172902,0.0008720608240991099,0,2.4139428959506994,0.04170511363266652,0,0,1,0,0,0,0.9474140743980577,0
2.658539723769816,1.4470371335262868,0,0.49609077623628617,0.03234929032391685,0,4.425843124658545,0.1087406256932917,0,0,1,0,0,0,2.883421896496349,0
1.7403088334731773,1.0076785263668953,0,0.4240288957874977,0.07143312553713213,0,2.701126025144363,0.009344618819960042,0,0,1,0,0,0,1.970202427051975,0
0.6279982434696794,0.30484018098017607,0,0.08528634881608077,0.055365132519461735,0,1.0520156072118747,0.039217435565902084,0,0,1,0,0,0,0.7229304510595763,0
0.9949232427391874,0.5805840463947519,0,0.10145162005185757,0.07234846777352331,0,1.4621329702774912,0.039217435565902084,0,0,1,0,0,0,1.2850210485208207,0
1.8704529596903716,1.5447360483341708,0,0.23440024234756515,0.08343260915042064,0,3.0098098998439387,0.04242947311739184,0,0,1,0,0,0,0.8668149217636918,0
1.4904789049861495,0.817199677944265,0,0.2965685110047816,0.040576824234860406,0,5.207937722742795,0.03105081268276068,0,0,1,0,0,0,2.0506392671286706,0
1.368842764179317,1.274317529360041,0,0.35077689729523476,0.014812218909591293,0,3.9879092442637285,0.021359128731337235,0,0,1,0,0,0,1.382515105013227,0
0.6599185835596101,0.5805891965935982,0,0.2489283781440998,0.03109608754584176,0,1.7237947362238353,0.030484108579460465,0,0,1,0,0,0,0.812119276994786,0
0.29872226682874664,0.1654157046685659,0,0.07043297772470067,0.07822272116664006,0,0.4430925667435326,0.021359128731337235,0,0,1,0,0,0,0.466840843224831,0
1.1503158285537625,0.6939862583236976,0,0.1730317743222773,0.03953918953511115,0,3.1494640673937995,0.0499276888158846,0,0,1,0,0,0,1.5557844429814938,0
0.775981867779777,0.9192059335687718,0,0.1329126787954501,0.07917181879385228,0,4.356028329607966,0.03762619951270474,0,0,1,0,0,0,2.360248059712839,0
1.2363020593091125,1.0586257367232104,0,0.6203882693694698,0.030887117839650514,0,5.766023317729276,0.048672051981201725,0,0,1,0,0,0,2.569878961108871,0
0.5149339339009675,0.5536800999238797,0,0.3717573945970244,0.02796855286631699,0,3.845896490608814,0.0,0,0,1,0,0,0,1.4262116278657286,0
0.38937175366396853,0.2956468102535076,0,0.28054505331764934,0.029334168927515926,0,1.3393354342039634,0.020396283364261195,0,0,1,0,0,0,0.8620856758431786,0
0.2586040940575776,0.14682580173325366,0,0.17792956920421124,0.03442882341641067,0,1.783147423176839,0.03832509445174759,0,0,1,0,0,0,0.5005924769817537,0
0.8309018799896981,0.9029991871740201,0,0.3216194674975039,0.018587254275818813,0,3.5050050177001424,0.021756035588545275,0,0,1,0,0,0,0.500652041167226,0
0.9557624616390064,0.8247396027665826,0,0.5232649196538459,0.00038289853946055143,0,3.8657291250743118,0.021756035588545275,0,0,1,0,0,0,1.1324129143379191,0
1.6757667238924534,1.5747840738186976,0,0.20308043001494275,0.0651707090277525,0,2.7112513046544313,0.08823613710507627,0,0,1,0,0,0,0.9019644142035513,0
0.6954650721574923,0.4807628716558428,0,0.13427080548498918,0.11256586775335492,0,3.404519139956583,0.07518934548919184,0,0,1,0,0,0,1.4161068770201977,0
0.9322996101145202,0.991871575835829,0,0.08285745822500792,0.030394136118826173,0,1.6810413554105952,0.03703637779936181,0,0,1,0,0,0,0.6212834008175918,0
0.855695250598999,0.6727312962978532,0,0.10466460251078201,0.018954281697124323,0,1.287360683893982,0.020024183185628656,0,0,1,0,0,0,1.5078429202874477,0
0.3088335335822182,0.24518856191237481,0,0.09629833497094564,0.029991206920062838,0,2.8076590523354645,0.016019346548502927,0,0,1,0,0,0,0.7136391128057644,0
1.160675685841643,0.9243453017512622,0,0.4385217174999597,0.03697294732841534,0,3.965261371806698,0.021359128731337235,0,0,1,0,0,0,2.1348720454938404,0
1.1990136388068138,0.8106536885058114,0,0.26188258190727165,0.09908457545369448,0,1.9421372856788572,0.037134344606275044,0,0,1,0,0,0,1.5685894376205862,0
0.7451925133708076,0.5270350889025707,0,0.15785975356885362,0.03403802564559097,0,2.8070239055483084,0.037134344606275044,0,0,1,0,0,0,0.7285432337121105,0
2.470738670530737,1.9985945656974244,0,0.5390532132969771,0.00041262761885057787,0,4.147717985518181,0.021163981461228734,0,0,1,0,0,0,2.6750845922665034,0
0.9676821651166242,0.8041448763926556,0,0.2716707420069894,0.0007213974241524529,0,1.0666880663398768,0.0369393096709834,0,0,1,0,0,0,0.7513766884797897,0
1.7952938971074777,1.9418046948304581,0,0.7072422633372297,0.06439163322410699,0,2.7744060138771873,0.020024183185628656,0,0,1,0,0,0,1.3584265893110385,0
1.2450114198930613,0.8201156744856131,0,0.9372742734551676,0.20419116171895368,0,2.249148735422014,0.041878988751288676,0,0,1,0,0,0,0.9436065369626234,0
1.2691214308267866,1.1522756230893523,0,0.3407957637756768,0.03378706996206046,0,1.476924497490872,0.05250871139121266,0,0,1,0,0,0,0.5996643813177026,0
1.1697627828863983,0.9383286744531788,0,0.35265721836462655,0.015520261469708715,0,3.2190263799115586,0.03826385861090943,0,0,1,0,0,0,0.8068280243664512,0
0.5166627481767653,0.4053242816643772,0,0.12893875139039257,0.029914800413947187,0,2.2221843883271934,0.039844867664124095,0,0,1,0,0,0,0.9754975135336144,0
1.0081855260301957,0.9866540944409751,0,0.15812168566954282,0.05610154253551523,0,2.8961693501399095,0.021756035588545275,0,0,1,0,0,0,1.120748113107465,0
0.979621036198888,0.8456809038147151,0,0.03409556424759645,0.02969537372225997,0,1.3774678579467983,0.031627401475690375,0,0,1,0,0,0,0.454691177050481,0
0.8595208464805618,0.9410989586188113,0,0.09121308770717987,0.12801552504714386,0,0.5882755135071072,0.05348392503540372,0,0,1,0,0,0,0.4359844676652614,0
3.9288793728219367,2.8015676178965143,0,0.15119829986531935,0.020823297743676587,0,0.40697974986737845,0.07125952039861574,0,0,1,0,0,0,2.033308104276152,0
1.6004127217166566,0.7791984183659194,0,0.5360628017608925,0.02446738543972841,0,3.8569337579581564,0.05639876348511605,0,0,1,0,0,0,1.999605353381613,0
1.4597038813802958,0.8274730576897279,0,0.2998441177136188,0.01901324467656741,0,2.515603660682496,0.020024183185628656,0,0,1,0,0,0,1.9748835725408522,0
0.9499328120723682,0.9334964888759671,0,0.3836983610531608,0.07793533478807374,0,1.93281704309647,0.06527304687638952,0,0,1,0,0,0,0.6172722666216321,0
1.0304040097967593,0.6568946439246409,0,0.1758463978883491,0.10644498955976721,0,1.8070698945130446,0.05258313142693916,0,0,1,0,0,0,0.7323030224958167,0
1.4416853092480475,0.7822780016096605,0,0.43389165477200814,0.11576460652730944,0,4.348211870571126,0.06393843366632126,0,0,1,0,0,0,2.704857058587445,0
0.9523616558104948,0.3336294170077096,0,0.15185920693939187,0.31677256109411744,0,2.4117481974596275,0.08631940076890735,0,0,1,0,0,0,0.6677966400466299,0
4.33089708683812,3.8256186932473755,0,0.25016212420132533,6.324908527757147,0,1.6161480872833625,3.5456020848601364,0,0,1,0,0,0,2.0762686746358705,0
6.438957997079454,8.380810119774955,0,0.285402641597058,9.728666297323954,0,0.5589159624681308,0.6438106944340447,0,0,1,0,0,0,0.6037361863412033,0
30.940547156876324,49.85828116486418,0,1.1716190899000394,36.377755412458995,0,1.756874423026249,4.946704882642935,0,0,1,0,0,0,2.639344190391662,0
2.9880267449750786,1.7017306825214786,0,1.2000159941482074,1.0151327009297035,0,3.648416721880371,0.7197489650299758,0,0,1,0,0,0,1.6002670181330556,0
1.609397487968257,1.1506925298626425,0,0.3561884247135211,0.03812329551459487,0,4.516446181995973,0.037134344606275044,0,0,1,0,0,0,3.059819585913621,0
4.289371513276771,3.5195522781366426,0,0.8729686013899283,0.027369376724852363,0,5.304338068265905,0.0,0,0,1,0,0,0,5.138372039881439,0
0.9173781069389533,0.5158966166957828,0,0.30972205568270494,0.05103429101827904,0,3.3182442473543285,0.01906423303723719,0,0,1,0,0,0,1.6931098335046184,0
0.5939856309695176,0.4851611066834457,0,0.2927617276631288,0.05596529792007946,0,0.5104282614309577,0.00917396325157985,0,0,1,0,0,0,0.48237311668920235,0
1.23585959839445,0.8566153794685721,0,0.3757758036025135,0.08529671037933755,0,5.239726584753207,0.05824911799441345,0,0,1,0,0,0,2.59057209252306,0
1.6931487565270404,1.7062858379207535,0,0.4739084171464701,0.03693410193169291,0,6.48839523609489,0.00917396325157985,0,0,1,0,0,0,4.552801491705614,0
2.125251069022842,2.3674018803733987,0,0.6983914754658261,0.036994015808094,0,6.179964513114843,0.019658492681956824,0,0,1,0,0,0,6.06048451899078,0
0.45050510703834606,0.23149324259304704,0,0.3501294858872043,0.06965935478329721,0,1.4513981542691972,0.021163981461228734,0,0,1,0,0,0,0.7951198246375741,0
0.5918057202079032,0.3761363893918701,0,0.1610013421185199,0.06109998663646253,0,2.0216073726817263,0.030484108579460465,0,0,1,0,0,0,0.9854575253785716,0
1.2525548028055162,1.3570381735664483,0,0.33347469545182123,0.055400898451580353,0,5.238238954355959,0.021359128731337235,0,0,1,0,0,0,3.5375433954597826,0
1.483049199506014,1.0897004668409296,0,0.271841538607627,0.04239530844197028,0,2.2982209479702798,0.020024183185628656,0,0,1,0,0,0,1.5531448259848704,0
1.8721340198497145,1.6951935871964905,0,0.3563139793430311,0.06453934561984243,0,5.754727763073371,0.041655728644109144,0,0,1,0,0,0,3.2056735327787154,0
1.945377776820731,2.0238724771409626,0,0.6368656507677857,0.03576650200951295,0,5.307902913514452,0.016019346548502927,0,0,1,0,0,0,5.135871309073531,0
0.6291418460146968,0.37819095732951424,0,0.10813982979214704,0.03371408505438093,0,1.179090029561559,0.029266047997993247,0,0,1,0,0,0,0.394685609391274,0
0.9116759732365769,0.8459247782719913,0,0.5665629818387574,0.07451820243389135,0,4.225746691677602,0.03105081268276068,0,0,1,0,0,0,2.3052478461526116,0
1.4212819010109714,1.1848433217899947,0,0.2965457480395941,0.04187176670994755,0,4.091835019018832,0.04311470758269524,0,0,1,0,0,0,3.32613419445376,0
1.116802641186854,1.1660753162084783,0,0.3694856988778313,0.09356148009788992,0,5.536195673516854,0.009344618819960042,0,0,1,0,0,0,2.975375071024984,0
1.8175457629530078,2.3346176804900467,0,0.472846704901009,0.028055553517239144,0,7.499830423585808,0.021359128731337235,0,0,1,0,0,0,5.765402995226562,0
0.3853035479612878,0.2777088781800426,0,0.14348282317558098,0.02889562723597496,0,1.2236854388609548,0.009344618819960042,0,0,1,0,0,0,0.5544494375838137,0
0.9132290165806374,0.7922903683355456,0,0.27434189757782323,0.07414302033446594,0,4.091443072476208,0.016317026691408956,0,0,1,0,0,0,2.2210702457034817,0
5.541370566332913,7.8463756161522085,0,2.8392279937576146,7.318547699031205,0,8.849317529870687,0.017051081322573904,0,0,1,0,0,0,19.043452522225646,0
14.6107311875573,18.078626307993268,0,17.402938333572525,0.07837789824820793,0,10.426621096704501,0.10029315460421917,0,0,1,0,0,0,44.923806907034084,0
20.13772173884621,23.284630006635886,0,33.14825838879433,5.944780806275028,0,11.856591243285152,0.05348392503540372,0,0,1,0,0,1,58.24561347920779,0
115.17709536454149,192.50841710943968,0,101.53041589277078,0.041505141704499676,0,34.18478110442015,0.04242514338565273,0,0,1,0,0,0,448.53511531653015,0
0.845069301896594,0.6000459946031708,0,0.3470691906017797,0.07767552591468194,0,1.356967568054098,0.05348392503540372,0,0,1,0,0,0,0.4866749922380852,0
1.1939827594729897,1.271516072245362,0,0.10644739779610721,0.01844929142387365,0,0.43210490851680866,0.04165572864410915,0,0,1,0,0,0,0.7266806382692439,0
0.5959058713289368,0.5026120121058517,0,0.2336809993261798,0.08249969360083512,0,2.272032986028492,0.03762619951270474,0,0,1,0,0,0,1.4327091933980372,0
1.203092611611297,1.3080712580060412,0,0.6485607510731204,0.04237515180765679,0,2.86380438606177,0.03762619951270474,0,0,1,0,0,0,0.4528081696275381,0
0.8989389690405587,0.6783612193332308,0,0.943864232988237,0.0003388491473579279,0,2.7697858924175,0.016317026691408956,0,0,1,0,0,0,1.9294265341867733,0
1.3058324834844177,1.0132581023229177,0,0.7267136474696752,0.10859447328863635,0,2.913722880619857,0.059332050822614925,0,0,1,0,0,0,1.187735388983667,0
1.1798913716930366,0.7139503561947057,0,0.2405714827904083,0.07959473313286505,0,2.880560312646387,0.08011338155521658,0,0,1,0,0,0,1.4824345325117774,0
0.7903363398383859,0.541753595463104,0,0.3178044548097741,0.07625425124515502,0,3.3798596773786467,0.03105081268276068,0,0,1,0,0,0,0.9259084136436571,0
3.9529377522576308,2.6559903906458415,0,1.1804767295144907,0.03734853919276205,0,4.4066262789937145,0.05989312835043989,0,0,1,0,0,0,7.613906195611876,0
0.5210002129007704,0.5577461237746301,0,0.28818022861458886,0.027854615741085772,0,1.6207751262276113,0.0,0,0,1,0,0,0,1.4427136706927979,0
0.5409523639401728,0.2865295991926667,0,0.44291938971490347,0.09740195929302906,0,2.9930730978106688,0.020396283364261195,0,0,1,0,0,0,0.7698658877749802,0
1.8241976465747731,1.0492411932082308,0,0.48163696169846587,0.07876973765318046,0,3.814851385597646,0.021756035588545275,0,0,1,0,0,0,2.8520252639113446,0
1.3435727070378398,1.0836084627742615,0,0.3765194846914668,0.08031803409629062,0,2.4750410100665015,0.09264840436905535,0,0,1,0,0,0,1.2715899031981563,0
1.6211563385217862,1.5616334135427081,0,0.9404294751377076,0.03645082787689141,0,8.998847088884501,0.10797945578039138,0,0,1,0,0,0,4.25629535398692,0
12.739711073979505,16.409058252981062,3,8.652266666080692,0.40899046485256546,2,62.72996649369194,0.1385258885403838,0,0,1,0,0,0,40.482163866734034,0
0.45568079032337033,0.2741243929644619,0,0.2836777928213555,0.0005525455348703,0,1.7508672535556844,0.031627401475690375,0,0,1,0,0,0,0.768841952889875,0
0.34061522182880294,0.23625471359559386,0,0.21051018061540355,0.0825993551300784,0,1.5499883990094072,0.031627401475690375,0,0,1,0,0,0,0.7323904749819744,0
0.6401222457281395,0.45909171331822995,0,0.4257461848631925,0.07300557315742236,0,4.205905571348497,0.02077485377872684,0,0,1,0,0,0,1.2143952678448406,0
1.1226977167525112,0.6866330224994498,0,0.7781616474003665,0.04029943748327515,0,3.1278620417460887,0.032085599053570946,0,0,1,0,0,0,1.7561175220758076,0
0.91818071047911,0.8793368967155585,0,0.5810209835507992,0.06654592512783616,0,2.9872597651120065,0.04921701326414204,0,0,1,0,0,0,2.3852326756038695,0
1.0913318179006208,0.7735438352145448,0,0.6024898554321512,0.03389134725171988,0,2.485284269088618,0.02921622190998141,0,0,1,0,0,0,1.845857264174122,0
1.0538612106993768,0.676911015429611,0,0.878564698669364,0.027535068355504372,0,2.9775245594784145,0.009694931763405856,0,0,1,0,0,0,1.262439757970744,0
1.5492686336152257,0.9616134123273566,0,0.23343209694129827,0.12756275084685997,0,1.829558211283436,0.07689189955238095,0,0,1,0,0,0,1.950558154584358,0
0.9802294729057884,0.7216582202054186,0,0.31096187486994853,0.10168257916772926,0,4.0405922580338665,0.039241491457154394,0,0,1,0,0,0,2.0688920703839973,0
1.0303316489264644,0.550798222416109,0,0.39991038099889975,0.040389454360998264,0,3.301665968210929,0.021159952159547746,0,0,1,0,0,0,1.4172750804770429,0
0.9921449583721085,0.5383776211804667,0,0.19945821190481738,0.038097364359278435,0,2.199437248802128,0.031627401475690375,0,0,1,0,0,0,1.4650674746849965,0
0.899693475130412,0.6958099476209876,0,0.10445679038231563,0.08440517595981367,0,1.6552833931462745,0.03903610565404991,0,0,1,0,0,0,0.31872344711289585,0
1.9733094448328714,1.137895633754652,0,0.4299735688954376,0.13645193635526934,0,1.441399535574714,0.13972780452782715,0,0,1,0,0,0,1.2291812508350275,0
1.1636250193355187,0.7061751841861283,0,0.10460417478971118,0.08022897585101235,0,1.226538768363267,0.10569185633908684,0,0,1,0,0,0,2.339695472222158,0
3.309214105962637,4.350567300623793,0,0.24218089442187243,3.299868866785272,0,0.8605637942151123,2.050587261026013,0,0,1,0,0,0,1.0411172623170997,0
5.6077307310135325,6.517975877836916,0,0.44619943013436497,8.289615402405195,0,1.4651643639746337,1.4246584653175096,0,0,1,0,0,0,1.1179622689863007,0
13.31933769553265,18.92056430062301,0,0.9032408075326426,22.94038791171657,0,2.8544713374575763,3.10441921759975,0,0,1,0,0,0,1.0728606161517278,0
10.929947779837367,9.08310560024386,0,2.5302044572985762,0.9328570040683493,0,5.270704577134499,0.15358622231328525,0,0,1,0,0,0,24.944904653061357,0
13.38844694600942,13.247994884670716,0,1.885909893554496,0.6851450892975285,0,14.670959880792704,0.1929480370616944,0,0,1,0,0,0,35.724763051761755,0
0.5102365984108785,0.3146169652382795,0,0.19019687347151254,0.05670956230611093,0,1.6493901698064022,0.03975933884243091,0,0,1,0,0,0,0.27502916141163875,0
0.9996491757405931,1.004949187835147,0,0.32048166813236145,0.1311189328952205,0,3.9222240766831167,0.06259047649489241,0,0,1,0,0,0,0.925488451854579,0
0.8339405872405626,0.6185411532839626,0,0.1795588368315279,0.039111156392086864,0,2.8801746847796483,0.04015397362390635,0,0,1,0,0,0,1.1355603608482288,0
0.6169277440463896,0.37969458853840843,0,0.09972401005365142,0.15963486785825753,0,1.21318552434054,0.12565844703480755,0,0,1,0,0,0,0.4447055075017155,0
0.6570004002326231,0.3671607890162745,0,0.2185671567633297,0.16092835836499492,0,2.102688156910354,0.03975933884243091,0,0,1,0,0,0,0.8868283391132591,0
1.9587556706642335,0.9961732400338824,0,0.22179433553863748,7.161329950415191,0,2.0707532164370925,0.009874644341122282,0,0,1,0,0,0,2.1075076205049257,0
1.055755238517394,0.5953254223768705,0,0.22104681837016882,0.06440041524914365,0,1.647831657131714,0.04178265842576927,0,0,1,0,0,0,1.0316445077164458,0
0.6209656811926638,0.6655356663201194,0,0.10766057086515232,0.18393194638946117,0,0.33485520055234347,0.03852699867279592,0,0,1,0,0,0,0.18943291428289372,0
1.1564592064721344,0.9236516191606791,0,0.19981055045450852,0.034360333499822884,0,1.4682057631111844,0.01661988302298147,0,0,1,0,0,0,0.7722025777015734,0
0.9439458663913466,0.7241060768167438,0,0.40236842920767735,0.07587457350056973,0,2.4429634051485354,0.03852699867279592,0,0,1,0,0,0,1.1920770799170757,0
0.48415442578547496,0.2515027868652927,0,0.2189049682632747,0.15114965741329267,0,2.500355335359302,0.12261147546174164,0,0,1,0,0,0,0.798539307940096,0
0.8347621226877721,0.6983846261649858,0,0.2985525591921444,0.056695619387197096,0,1.9799408104698655,0.05773913620286872,0,0,1,0,0,0,0.700818977345442,0
0.6946674301332769,0.5156143836338118,0,0.1386412316931922,0.08130489177075041,0,1.255462148719213,0.04391541547983113,0,0,1,0,0,0,0.8339174651662589,0
0.9068251103398377,0.8588605549778635,0,0.3959741456726238,0.10663175475426952,0,3.8016227025227494,0.02684286776612653,0,0,1,0,0,0,2.3711913686837507,0
1.2291503599195774,0.9408861314738501,0,0.4828721835490453,0.17421987484629897,0,2.5963725505465756,0.04391541547983113,0,0,1,0,0,0,2.7220887861567187,0
5.574083236674684,3.5788391343882453,0,0.4316762929085506,0.8691941285760709,0,1.8046505151588157,0.9148035666280311,0,0,1,0,0,0,1.4371805345756632,0
10.932027502576213,9.45547985136798,0,0.987618108810271,2.010396581030001,0,2.845915035276847,2.187846358360097,0,0,1,0,0,0,3.3498080179823138,0
11.333349552233544,9.770514157120761,0,0.6219109260187985,2.8987707008685466,0,0.7457529007909075,6.216070608481135,0,0,1,0,0,0,0.4183406887207357,0
1.3733286555404423,0.8633941704876834,0,0.313742975938133,0.14982100583712463,0,2.706544671779594,0.1211859963192037,0,0,1,0,0,0,0.6629987612578043,0
1.2097506033376209,0.6970921596802925,0,0.6170687394169645,0.05985994730012876,0,6.462250692347714,0.02077485377872684,0,0,1,0,0,0,1.6439289695352373,0
1.1014470181629574,0.9559566388919797,0,0.2892305897670634,7.703896616531188,0,5.202420649519128,0.031627401475690375,0,0,1,0,0,0,2.703216658332997,0
1.632523647727103,1.0214229343367471,0,0.1332663222731832,7.280499717484192,0,1.6329871841419519,0.0203962833642612,0,0,1,0,0,0,1.1540498931525343,0
1.2706268873717423,1.1593711966548388,0,0.051048374604261065,7.0174654806930885,0,0.07976431999436645,0.04165572864410915,0,0,1,0,0,0,0.10651428560381324,0
2.490957202723364,2.7333209798146365,0,0.13054519711881904,0.1560732646867583,0,0.26062408987766494,0.16386580416843818,0,0,1,0,0,0,0.9264974241486834,0
2.3396079900155895,1.727984022193904,0,0.19171387291793204,0.0740116042043712,0,2.6838532378974813,0.11957726350721656,0,0,1,0,0,0,2.9097758264176443,0
7.4430609160468535,8.33907718730572,0,0.7718456674258211,0.6958618820479154,0,9.362983975109566,0.6039968587563325,0,0,1,0,0,0,21.86660590995592,0
5.854569675596709,4.375702143937025,0,0.9106679548048604,0.510998539755773,0,5.829218932115454,0.33007853266158116,0,0,1,0,0,0,13.316666562485956,0
4.941654212150506,4.45840585327953,0,0.37742904999166926,0.10039634600082895,0,3.1765237547884,0.06085099783398008,0,0,1,0,0,0,2.9476226959318765,1
2.095786705786579,2.1457481001381056,0,0.24352380474948554,0.03094965758698609,0,1.1321846532372466,0.07352600803792338,0,0,1,0,0,0,0.5725886151720966,0
1.2167596294726095,0.5900260059494227,0,0.2830418837796008,0.5770261403038786,0,0.42255952712477174,0.2958735108314341,0,0,1,0,0,0,1.4215064005504439,0
18.055246957467183,9.813980661366232,0,3.959183297766528,6.538333498560901,0,1.0608256338575988,3.373904472418405,0,0,1,0,0,0,15.827780826871933,3
32.65906045608087,35.67246506309848,1,6.432423186088403,11.954623639581461,0,1.9448378083303899,48.56304606059798,0,0,1,0,0,0,2.9742078886760455,3
3.751106981458548,2.9411091555130024,0,1.1406999202077848,1.3840642946778,0,0.2240692159451737,0.4694481662973805,0,0,1,0,0,0,1.5029031209159942,0
1.5499373666305183,1.3964524440878419,0,0.06974531970257711,0.08430594069315364,0,0.1484691623952067,0.1640514669045739,0,0,1,0,0,0,1.1486462478448913,0
0.9847049850692026,0.6940686940087281,0,0.21634811714372146,7.654188781615432,0,1.861392853834393,0.06284180279470729,0,0,1,0,0,0,0.2881584244328492,0
1.371043183180798,0.860359160237472,0,0.7310934501904466,0.1664319712191286,0,1.6906329459813563,0.1087868468436363,0,0,1,0,0,0,0.5878177419815145,0
8.441930351309848,9.89776399809306,0,2.9010129947063943,0.6232892059184352,0,3.084066267413554,0.47966544054865967,0,0,1,0,0,0,25.56852775598014,0
32.31057564161748,39.80483322331689,0,0.35323943773446964,49.785809904008374,0,4.171701842378688,13.624238699490265,0,0,1,0,0,0,21.436596584883063,0
35.85127799631928,36.38958468860407,0,0.4389696544547076,48.4772299463545,0,3.6443578734186834,11.766058159621537,0,0,1,0,0,0,31.93258596768444,0
2.693312550401787,1.4460935423005445,0,1.533589690341448,0.17800059232766965,0,5.880158237296021,0.2587033263526606,0,0,1,0,0,0,4.941428999235635,0
2.414330084016928,2.201429464666938,0,1.16460888107361,0.03742797314407126,0,3.2559426567738057,0.07117663806226429,0,0,1,0,0,0,5.909389265268633,0
6.924822308234375,7.6531496585239704,0,1.993001580283753,0.16821021712324644,0,4.900796557054157,0.06645975089346148,0,0,1,0,0,0,19.994871089646015,0
11.163720099124365,16.94419227748103,0,3.9015713297458605,0.4513629491216328,0,6.365395971866983,0.06325264367712313,0,0,1,0,0,0,40.498378215003946,0
2.8089436225470465,1.8120330027631126,0,1.0994502948471243,0.34276446308164643,0,3.0516367103151376,0.11992435270689539,0,0,1,0,0,0,4.213769165209442,0
3.423523814410318,1.4675264605393883,0,3.810865684476036,0.09780484737995818,0,3.827079949273746,0.41296499922623975,0,0,1,0,0,0,4.736230555200276,0
3.2744473962482825,2.822172131967498,0,1.6154993943606866,0.1756946226813187,0,5.037623091100554,0.06769810869428736,0,0,1,0,0,0,7.191208084118271,0
3.477340709247375,2.02226861797704,0,2.26733676876081,0.11496865664069561,0,4.247525337099375,0.05501087226459403,0,0,1,0,0,0,5.576524846071716,0
1.6255188319428089,0.8925634543040598,0,1.0032175422421994,0.11926083285764333,0,2.4337197833743978,0.05465751331779985,0,0,1,0,0,0,2.779386361156807,0
2.1001138432047943,1.508432896730977,0,1.1267599953141254,0.12458982550215329,0,4.440785255281313,0.0741913418138376,0,0,1,0,0,0,3.723341358921099,0
39.78553255355123,62.381193939614256,0,13.41442943184804,0.12742821088699696,0,7.529546753333662,0.2585248558269106,0,0,1,0,0,0,147.75812053082933,0
22.056132971843027,29.487414211413487,0,1.4390744853849928,21.95153211063316,0,3.452784518833443,20.605144652615223,0,0,1,0,0,0,5.002502475466818,0
1.273122491050668,0.5092222181775662,0,0.13468171832400666,0.37671115394945587,0,1.9154689690698037,0.5198565886938352,0,0,1,0,0,0,1.2869514833305016,0
1.7499003487527052,1.7690230482504414,0,0.26379901825934815,0.12261497736552375,0,0.6308875041348684,0.21568424763908373,0,0,1,0,0,0,0.1675136549658836,0
0.46908523843839967,0.27605696977078353,0,0.31276729858203234,0.3029918424250302,0,1.7975828718304723,0.05628659621294393,0,0,1,0,0,0,0.32867408087506356,0
2.581166886955593,1.3593427968528946,0,0.6046437190079846,1.1532079910399773,0,1.969570178339703,0.10927102480731274,0,0,1,0,0,0,1.6342898901743164,0
1.094293652148817,0.4096466820819257,0,0.5513881676548503,0.06301846950247861,0,1.217960611376409,0.17251211408633033,0,0,1,0,0,0,0.5274305837089088,0
5.249048581921571,6.060916079827795,0,0.3308651695135258,19.110799397996125,0,0.42992266765771264,4.239178973812903,0,0,1,0,0,0,0.556367116690136,0
5.918256456705027,4.362681515638778,0,0.11434493730231712,6.782292280205107,0,0.8760818419450216,3.5907026655811913,0,0,1,0,0,0,3.118583421068651,0
2.8544573557604243,2.453033391900033,0,0.10970318267405152,1.3018730269703398,0,0.30588655820224087,1.027979588467476,0,0,1,0,0,0,0.31164656945196323,0
12.52075955147537,15.336145012012546,0,1.0146735672411191,75.61466773021854,0,2.0076299262213038,9.573335251628956,0,0,1,0,0,0,1.3516897638684946,0
8.98623203588275,5.869836537539432,0,1.0155167515625765,5.16892254292204,0,6.9859699643694295,4.13067632131629,0,0,1,0,0,1,2.3184632624851966,0
5.644197941064766,5.288799640729152,0,0.10390328928647868,0.31345677977529113,0,3.2994414189716736,0.2611774451566399,0,0,1,0,0,0,0.526982210873348,1
1.269343290843921,1.0246371220841717,0,0.061125940856713926,0.07732085859298726,0,0.1839295977018246,0.03821332660371054,0,0,1,0,0,0,0.4060215116241639,0
1.5781249599295446,1.0119924387384387,0,0.07296584534032763,0.15510049849178295,0,0.8514779201541849,0.049000666977518856,0,0,1,0,0,0,2.1263802745749336,0
0.9787637119202013,0.9955105880744983,0,0.05174616247173046,0.18994885017961544,0,0.10424776631022599,0.08997377523099863,0,0,1,0,0,0,0.20309078900265498,0
0.5657974334639833,0.5421049580992024,0,0.06389086246766786,0.22146953324078217,0,0.11775429644704798,0.11855521277269707,0,0,1,0,0,0,0.14520393244893237,0
1.3897804839638916,1.1648649996791935,0,0.13516571399332045,0.11466399037682146,0,0.0692436219167693,0.13196717804184346,0,0,1,0,0,0,0.404531665076594,0
1.7798041718808038,1.4904350717524122,0,0.07403589756463141,0.2653579643551719,0,0.30886189545700127,0.07661936718382922,0,0,1,0,0,0,0.4289717886616152,0
0.9959491848448933,0.5989279770121241,0,0.06050158457282877,0.1255055999970649,0,0.07561448145314664,0.03954658068625199,0,0,1,0,0,0,0.5956250131771208,0
0.36913318290764946,0.25417078654211156,0,0.05154885830368001,0.2158214016940986,0,0.13610465156977652,0.09907000328745405,0,0,1,0,0,0,0.13964201076224952,0
0.6243318175894059,0.5634180759018704,0,0.14489907110231792,0.08008011584551386,0,0.8552567916802991,0.030362211744903184,0,0,1,0,0,0,0.4841300457482137,0
0.5110853521639476,0.3802315741372943,0,0.028195831967203405,0.17755079286573122,0,0.2628526002854057,0.09902599029021977,0,0,1,0,0,0,0.3824815257109634,0
1.2416007210092617,0.9264290085649566,0,0.33350049066270393,0.09764750274167487,0,3.262613724486471,0.06839371007687493,0,0,1,0,0,0,2.2173082938533946,0
1.8762772512650532,1.6188925924848532,0,0.15894219355306005,0.041433607736808084,0,0.6742709607810691,0.02851456547203674,0,0,1,0,0,0,0.9519083154453898,0
0.764493186121066,0.29795718876435867,0,0.570433126458147,0.043080987974951745,0,2.5171596940885475,0.09017989312055813,0,0,1,0,0,0,0.9711684870938522,0
1.3257034640614878,0.9367846255263601,0,0.31955962474376515,0.06679766486070665,0,1.9406249355120817,0.07671890868695783,0,0,1,0,0,0,1.6506994066447689,0
2.5689558105626196,1.134859535284456,0,1.2027365452299505,0.18612260412641407,0,2.8635302677587147,0.3743189644887717,0,0,1,0,0,0,4.253469099645063,0
12.808471142441643,8.850673676654294,1,2.6235243041632295,74.16863338752783,0,3.586514548953538,14.374176744278625,0,0,1,0,0,0,1.5057090342468893,2
10.062228120990426,5.353624841757694,0,3.5998389690138937,0.9450098101302766,0,2.4478072948308576,0.6581173849731484,0,0,1,0,0,0,2.614558452880343,1
2.482196166588236,2.739210311285753,0,0.18553940902568222,0.14055924859283225,0,0.8829064187754903,0.3056850602342699,0,0,1,0,0,0,0.9658028561357833,0
4.560123148076553,2.6883800226588273,0,1.1352351401844156,0.5019314939596444,0,1.761304718346999,1.6233280812862976,0,0,1,0,0,0,0.8925392398782757,0
5.70555357556122,6.099917201615611,0,0.5475135663376428,3.9553131802684853,0,2.417847014867644,2.9211412071077794,0,0,1,0,0,0,0.9068653119877019,0
7.015740639212975,3.89170825115233,0,0.5132621551119004,6.836196082400192,0,1.3509304950795844,9.638004086036911,0,0,1,0,0,0,2.916760729059767,0
11.08256850043839,6.729170076411309,0,5.476731393916511,6.424402045481693,0,2.056988368434279,2.009810031539959,0,0,1,0,0,0,12.797667627595894,0
112.508261179709,135.3366174942241,1,4.943390025732572,112.84712846862229,0,2.2003626878797626,87.30515191317642,0,0,1,0,0,1,12.584987424569816,6
1.4977442991303662,1.155964634053925,0,0.2655277946495237,0.2061693376129223,0,3.3922898369582324,0.19735721082527088,0,0,1,0,0,0,2.7411199599743608,0
1.6780813544640805,0.9270454844505099,0,0.5684538265186643,0.08546855846404475,0,2.8498373693389754,0.12011004444100415,0,0,1,0,0,0,2.5929337628205245,0
3.92946562770562,1.0741051385280853,0,0.21694644126515353,0.23560078807424617,0,5.630931032189856,0.4414340226459831,0,0,1,0,0,0,3.7794810309878217,0
2.7716510570010855,0.9985306074278645,0,0.39906922085365226,0.043142596431918256,0,2.4591803094328526,0.3234613492116998,0,0,1,0,0,0,3.3715873639807934,0
1.2988880542786247,0.9887802622158988,0,0.26960660478320464,0.1419150396166725,0,2.5525149283942064,0.1029217874324434,0,0,1,0,0,0,1.6947960378963802,0
0.8107694555838849,0.44809424163262646,0,0.22583661381426046,0.0833918237563435,0,1.735436309802422,0.14568556216651538,0,0,1,0,0,0,1.2292827831907243,0
2.3279859522641515,1.947818254060833,0,0.19564138741541393,0.13433551193067056,0,2.9601839870544806,0.1974250402471427,0,0,1,0,0,0,1.8715996575719456,0
3.7535984706193637,4.154357176042659,0,0.39878891027319663,0.12211751026039921,0,7.425472912449225,0.0677168440432678,0,0,1,0,0,0,10.863678027259429,0
6.609601636320593,7.12936017510895,0,1.7444514142443879,0.4390939540560222,0,10.600666077058019,0.5340725455625173,0,0,1,0,0,0,18.925162143089572,0
2.33142902045022,1.0358671095577612,0,2.1390627522261916,0.1913407070018563,0,10.874758612244158,0.10601133018350076,0,0,1,0,0,0,3.9295219862145565,0
4.975093955515659,4.280425352612498,0,0.4141005977599182,0.05285233652602634,0,5.414941653712164,0.15701672639125192,0,0,1,0,0,0,11.522814150649278,0
2.0129895973429965,1.7338229134624392,0,0.4795537105086813,0.0669476939120193,0,2.357316029559216,0.062259770740557316,0,0,1,0,0,0,4.934976279396039,0
2.0522976768383034,1.7107993421584933,0,0.17682758560978923,0.06541318607782312,0,4.039692944176911,0.04309253505720117,0,0,1,0,0,0,4.837195938112911,0
1.1949123804614876,1.4129427450680043,0,0.19954063114704673,0.06123828726976743,0,1.8727601523541708,0.04923817787498358,0,0,1,0,0,0,3.6299742549849228,0
2.08831455559624,1.405392610640185,0,0.7268789739854917,0.03564238903265205,0,4.246199486450358,0.08352654888915417,0,0,1,0,0,0,4.369897652184886,0
2.6459006451977087,1.5706908501709158,0,0.15952438742675348,0.19215246693089327,0,2.3172650385490368,0.09741754503033861,0,0,1,0,0,0,2.9023924045648997,0
6.073723415133214,3.5450691522467053,0,1.1985700604651157,0.18845544551672508,0,2.841939133193984,0.1171176037521307,0,0,1,0,0,0,9.543997081614851,0
3.246919113945176,3.7453085429776007,0,0.815263855607927,0.016200999539523968,0,6.265958429677698,0.027176378188650863,0,0,1,0,0,0,9.652944368134449,0
1.734670145485637,0.7849496763666268,0,0.7846160706213527,0.0767286005922404,0,3.5542303713981225,0.07274143076601636,0,0,1,0,0,0,2.3302478162434657,0
2.086508357925208,2.3805723337482374,0,0.6688922609003225,0.20400088580422954,0,1.3400957927120465,0.07249154743322268,0,0,1,0,0,0,0.18743525099731667,0
2.4076764387256677,1.7888709167681482,0,0.5459737143941501,0.10256226968665762,0,2.702611253760196,0.08044414901222452,0,0,1,0,0,0,3.722313428180091,0
3.4425500103987545,2.5138047859452053,0,0.8346241361834698,0.06522397297957484,0,8.006304743477898,0.10014275901303203,0,0,1,0,0,0,3.681597055752728,0
1.4912182823033748,0.6219281532695081,0,0.2247907161450502,0.05870118885779604,0,3.3722217364587537,0.07689342614417989,0,0,1,0,0,0,1.8883658508105714,0
1.6711007073209805,0.8585687775123391,0,0.5908377827799529,0.06391171614499773,0,3.0299601905325746,0.055612801602033746,0,0,1,0,0,0,1.5502602419142537,0
2.3599238661347552,1.6584314747557378,0,0.1525173848972794,0.07486367567755259,0,3.4711665294591976,0.09938705116284464,0,0,1,0,0,0,4.197097738979387,0
2.2568917834424154,1.5998507681938516,0,0.7341901090837981,0.17519473638703079,0,3.221628302667917,0.05377217947258009,0,0,1,0,0,0,2.1132504037122004,0
4.3934235768457235,2.5729114549595846,0,0.9577770727819429,0.14959786691246632,0,5.070896026059115,0.055104490973063525,0,0,1,0,0,0,6.861060880952486,0
2.9766663669815516,2.3956945619457786,0,0.8609295061147311,0.031161044408072765,0,3.8179398075585214,0.14862427212595755,0,0,1,0,0,0,4.777765289991257,0
1.8676920183912962,1.2154065378638221,0,0.9553711235152529,0.09035841375341064,0,2.792473821295234,0.10006852735059224,0,0,1,0,0,0,1.6902683310331001,0
4.1449908736108405,2.4453757335563977,0,0.897797208375037,0.0389513581316709,0,3.896639128028117,0.055178772742383655,0,0,1,0,0,0,4.445882080484097,0
1.99858060057228,1.6921976837789754,0,0.23289403203462772,0.06817289305675711,0,4.446994952412963,0.02678557468103466,0,0,1,0,0,0,4.636800563576938,0
1.0060954720235593,0.6489808036171991,0,0.3286231778326079,0.054774811355871866,0,3.35486811397733,0.0724915474332227,0,0,1,0,0,0,1.4439093170847555,0
2.175032228737173,1.3223212922358185,0,0.4324167877641185,0.10895036993871729,0,3.3295189640943614,0.09931793403301346,0,0,1,0,0,0,2.87396265471278,0
2.3225857368548,1.7452929383283777,0,1.0469842200179884,0.0637942474486048,0,5.002303503989084,0.03499595382955756,0,0,1,0,0,0,4.81016892916181,0
3.074321580339415,2.123128565234708,0,0.42521011137785014,0.03550006243450516,0,4.898590250910495,0.025912459123047946,0,0,1,0,0,0,3.9062097467160015,0
3.6517047759044825,4.09038712326439,0,0.5219556044480371,0.07604743163679727,0,3.800812848359175,0.02667800459583027,0,0,1,0,0,0,2.6519251139830873,1
3.273866456065604,3.1692831399477295,0,0.5451175497229799,0.07098669484199907,0,3.5891402254385376,0.12346438380999264,0,0,1,0,0,0,3.155548620048165,0
3.0604666283162882,2.661093358624814,0,0.2825323776322343,0.14403860242635505,0,2.8904522783144735,0.06874089633418093,0,0,1,0,0,0,1.9247825265284588,0
3.4274414092656187,2.3165393945147223,0,0.46799417894519524,0.07087148124431804,0,3.183680691237147,0.03262978938016646,0,0,1,0,0,0,6.849861084813587,0
3.96355762772963,2.863199057928107,0,0.5040713294169907,0.12823836208734538,0,1.6982224231709793,0.1630831612105102,0,0,1,0,0,0,3.811420102131399,0
2.515915030536794,1.7009016691568464,0,0.17462944983836276,0.10548546836010181,0,2.819688415110898,0.05593868589275544,0,0,1,0,0,0,3.91169905354786,0
1.810289973001987,1.3111830541714915,0,0.6021848076496399,0.07429880151634782,0,3.400244262022267,0.05472766301836763,0,0,1,0,0,0,2.8522968023546262,0
2.7134258931755255,1.5390656962724143,0,0.7996484426229052,0.12298087989998592,0,5.043123883672519,0.05108680876882757,0,0,1,0,0,0,4.2500515866129644,0
2.1444011999766897,1.6051151778066755,0,0.5463549393769375,0.04996353286899985,0,4.16543335115266,0.07442199258666192,0,0,1,0,0,0,3.596993407304839,0
1.2061780571496339,0.5458995463363976,0,0.338853745610056,0.09799117010351716,0,2.7247760211773495,0.07560321245960508,0,0,1,0,0,0,1.6286715397705729,0
1.377415371506573,1.2719035957078282,0,0.4725751763941175,0.09878675622247501,0,3.231641653125309,0.03560204865439248,0,0,1,0,0,0,3.2233199272241086,0
2.4414700385122696,1.6444955137382227,0,0.6161406634968631,0.06766021357924316,0,4.144944504505963,0.11078343073776832,0,0,1,0,0,0,3.474111264408907,0
1.6665539990358298,1.2123319086445272,0,0.521850001297089,0.036265092642449794,0,4.175140420004654,0.06339188650698083,0,0,1,0,0,0,3.4950536435102384,0
1.1878570211256483,1.1340704318769848,0,0.6151480446635131,0.06600491348510229,0,4.406823770280832,0.06419936419193562,0,0,1,0,0,0,3.047767766549733,0
1.26067684271446,0.6332746332608057,0,0.4830872097107127,0.07261149399451829,0,2.425481124375433,0.045235288632485895,0,0,1,0,0,0,1.9196976714442924,0
2.3620108188683817,2.172341626734708,0,0.6121043056463231,0.1093646989586659,0,2.7279062353717034,0.07015716993296024,0,0,1,0,0,0,2.6654127410465054,0
1.638842944827637,1.3482262166633678,0,1.1866350539079042,0.0521302985631462,0,3.199616850966887,0.08810502053844266,0,0,1,0,0,0,3.7958304992161604,0
2.103862296831572,1.6832219201002754,0,0.9954491382496502,0.096723389654423,0,3.8561048335393115,0.13051108188325017,0,0,1,0,0,0,4.511360123081422,0
2.867151971993812,2.611910282938149,0,0.8778455770917858,0.09545724136869332,0,3.4365159448252207,0.03430941138873908,0,0,1,0,0,0,3.4712777810637485,0
1.5036080811884416,0.9159991164959614,0,0.5486910373019018,0.038742863297140565,0,2.2439221973786716,0.06466151124248021,0,0,1,0,0,0,2.8677471143442355,0
7.93150954109349,5.062759779526741,0,2.0350218344086715,0.3136176720120423,0,4.298580167979897,0.12162942476141478,0,0,1,0,0,0,10.161288854542995,0
15.150117853394972,9.146664277236596,0,4.590208005451408,2.7139225773515823,1,2.889677333596049,11.08659730172706,0,0,1,0,0,0,16.631686391176572,1
16.475189183020774,18.29268581461513,0,0.5912080012439105,6.588336709671843,0,1.4751557512337867,11.294879493161384,0,0,1,0,0,0,1.42612421621467,0
7.3018927741472694,9.19083938239255,0,0.2025547641286366,0.32358127579510443,0,0.3992661744680752,0.5287316235050863,0,0,1,0,0,0,0.4745936310084586,2
12.444330522464739,18.305441132512513,0,0.17944173239984365,0.10982028520451732,0,0.9767097953264117,0.13339041182084915,0,0,1,0,0,0,1.2638949536784696,4
3.8956010913496946,2.2037512323985102,0,0.4411982283317391,4.0719031625845306,0,2.357014081206258,1.195829716966443,0,0,1,0,0,0,0.9165365655235187,0
2.918304319307196,2.6095930453504734,0,0.3527990781774579,0.1189047699313384,0,2.3775003009488085,0.0797253651794618,0,0,1,0,0,0,0.352358386170191,0
4.873673990959548,4.410805054165258,0,0.4397743570633074,0.09802668052139693,0,2.4510605635277742,0.08800284917395655,0,0,1,0,0,0,1.7971161655525567,1
1.2879639040710833,1.1048286169940993,0,0.2813120909807555,0.20755677549693546,0,1.3587238367096348,0.19430920740420168,0,0,1,0,0,0,0.5294439613105592,0
4.058884179079882,3.924354230447829,0,0.2463584903367782,0.2758122842321692,0,2.3945064761782295,0.1567072786931732,0,0,1,0,0,0,0.8415218233549825,0
1.493909323369506,1.4383985911188262,0,0.5828445628762889,0.11891853151031523,0,3.748476187058154,0.03719981632604578,0,0,1,0,0,0,0.47057337868755883,0
5.833448749238416,3.963263429677091,0,1.2798464147809572,0.09342435893851156,0,4.625733888265198,0.4677690768700416,0,0,1,0,0,0,1.6184799572432387,1
7.34191319415589,3.327600062536718,0,0.3839109934461076,0.10469172108456028,0,1.6853820979641079,0.9427669869834227,0,0,1,0,0,0,1.9966296724563604,0
1.452750328194544,1.3025185601741935,0,0.21779785305422586,0.2982553822909601,0,0.4218055260455583,0.1588275588212312,0,0,1,0,0,0,0.49755402883420996,0
2.9163887383247955,2.0469176288306627,0,0.07071045457558964,0.7430044002786838,0,1.2741433391912333,0.39594547193225005,0,0,1,0,0,0,0.255399697537996,0
2.3391840690547854,1.2516681113278985,0,0.22269605114009486,0.1647941294898665,0,1.1275861384254473,0.2387702023841179,0,0,1,0,0,0,1.441094140416494,0
3.203719446241524,2.9085954623432677,0,0.2739723316539455,0.034079064704107716,0,2.4200200343758054,0.028713629637686408,0,0,1,0,0,0,0.8718164193691831,0
3.8192872619040044,3.4971638515536703,0,0.43565743023488446,1.2349197473244078,0,1.2044386492059656,0.3061521553758645,0,0,1,0,0,0,0.5420724635455403,0
3.534881345824619,3.496838090699885,0,0.4822232578825141,1.4962767945345163,0,0.583034041131914,0.10600800524660237,0,0,1,0,0,0,0.0491772349706496,0
4.576008979094415,5.0124034656197125,0,0.9174947186184437,0.20783183361298932,0,3.237958504178942,0.1428899461309506,0,0,1,0,0,0,2.052940109110356,0
1.974266650940322,0.8419919146671803,0,0.7257466682744518,0.3169017669796095,0,2.920906288822235,0.04186760957499033,0,0,1,0,0,0,2.787911013016111,0
0.6495236333644849,0.4254741163331311,0,0.1534996889152354,0.03765504939495944,0,0.47699975090867497,0.06620489857860379,0,0,1,0,0,0,0.3493956828193492,0
1.5413493332162904,1.0169037813277786,0,0.1761044257775834,0.12454517764190236,0,1.2201853345792917,0.05228522780285032,0,0,1,0,0,0,1.055742648926808,0
1.8823314903865909,1.57623171090764,0,0.3387560417107475,0.1395511073508242,0,1.2393160674562673,0.05186455781359858,0,0,1,0,0,0,0.428439006041474,0
3.7972662448435504,3.7938232460698953,0,0.17322513441777226,0.08342153931965055,0,0.8193961788406515,0.19227982377338315,0,0,1,0,0,0,1.132604206718377,0
2.60288207584523,2.3828796202898084,0,0.2541914795625174,0.1367426131972761,0,0.647783457218124,0.08557851912030742,0,0,1,0,0,0,0.25352708197355245,0
1.169101464063553,0.7717926248099068,0,0.13466038377194006,0.038316057797206565,0,0.4166793434593178,0.0706738041294542,0,0,1,0,0,0,0.5349523380982357,0
5.000413269675084,5.938794758927762,0,0.015503215203643438,0.0987953251774662,0,0.134480010162616,0.04774048620944671,0,0,1,0,0,0,0.6024926707996389,1
5.762675274148515,8.073901215265293,0,0.4907661949335868,0.12266137227294843,0,0.8308438730432326,0.05032334424038773,0,0,1,0,0,1,1.8653687102342222,0
1.3377608550424502,0.8722820362560438,0,1.3230355243842538,0.032612346995019824,0,2.663084935001478,0.0714101547470963,0,0,1,0,0,0,1.1512694115447757,0
2.53293400865301,2.0697912866207555,0,0.5384957546095772,0.07994507346807858,0,1.940671561395999,0.07365684316888546,0,0,1,0,0,0,1.0313577093440849,0
2.873475105720785,2.0214282735474205,0,0.42754514976658786,0.10028635417285943,0,2.4571813950524057,0.1729345022004637,0,0,1,0,0,0,1.2350227603933948,0
0.6985244475527993,0.3733989797082696,0,0.45727348135344803,0.10720659782868822,0,3.326650736308201,0.07514539118997565,0,0,1,0,0,0,1.0816633700135423,0
4.164685698644718,3.7571411387888496,0,0.5634510822049138,0.09697611217430421,0,3.0697806461777253,0.09236478851162255,0,0,1,0,0,0,1.5905346389606474,0
2.7584944014797026,2.5051924606547753,0,0.22515019254858992,0.04748531157305906,0,0.6283472564992002,0.05770506075925177,0,0,1,0,0,0,0.3125121730042151,0
2.5871677777150883,2.386700086256675,0,0.41210212993298356,0.08692295623794079,0,0.7655823715379066,0.1362583935110215,0,0,1,0,0,0,0.6950437920300975,0
2.217423184999703,2.1974509782338423,0,0.41075257304616075,0.14753843392225408,0,1.9915500427568094,0.09775776849186152,0,0,1,0,0,0,0.4226646356600242,0
1.0689787977962413,0.5864518427723063,0,0.7281230405973844,0.1124531737055524,0,2.4730546203912516,0.020860464066622772,0,0,1,0,0,0,1.070080316822755,0
0.7238395030520701,0.3971758420561351,0,0.5809729899979563,0.08577779647918593,0,2.2438426253432264,0.09966508686779957,0,0,1,0,0,0,0.6592087716124031,0
1.7975572011302283,1.839258684818305,0,0.29451687434463586,0.12525321893044639,0,1.2166409272666472,0.06735463901471117,0,0,1,0,0,0,0.32230163830837,0
6.584497180790429,8.046030875928496,0,0.45158853985612896,0.24283579647731135,0,2.968841941647843,0.043094719598815515,0,0,1,0,0,0,0.9955421359012375,1
2.0887975168825674,1.2000108475534994,0,1.093801374085465,0.028976173269199185,0,3.510279696067537,0.05039458595170955,0,0,1,0,0,0,1.5303002128545247,0
1.5482301517254287,1.8961453660373704,0,0.1415713162485553,0.06888517351019,0,0.3285674404597885,0.02048078833578426,0,0,1,0,0,0,0.266457496179192,0
14.112382810673585,14.389509716394503,0,0.1678080792963984,0.20630667788160734,0,0.9128267947643973,0.16713709321442052,0,0,1,0,0,1,1.009662094302813,3
0.7509702602432706,0.38677925554677595,0,0.746687634956542,0.10004973924917634,0,2.2706251584469084,0.06657203338398433,0,0,1,0,0,0,0.6681142115646865,0
1.5074426905557532,1.7254372917831964,0,0.8128539180981156,0.10584674414124734,0,1.6090103832185285,0.08101215795892511,0,0,1,0,0,0,0.26798475268388633,0
6.925408226428992,6.381554368060712,0,1.0014827953024685,0.09006067728847497,0,2.4159274089312213,0.22322053928031146,0,0,1,0,0,0,0.9581753978542207,1
1.2998762675430555,1.018240138066184,0,0.7489674360210106,0.08385031815584562,0,3.3425590843519846,0.12079059651192346,0,0,1,0,0,0,1.6116116707714014,0
3.248265875577652,2.4612808551915846,0,0.6603729223267546,0.08067281970590887,0,1.5734429328515995,0.07385363952594179,0,0,1,0,0,0,1.9723509758317963,0
1.5842544502241842,1.049764408656329,0,0.8077329312359094,0.13472185706036086,0,0.8912156228540291,0.02877573881547369,0,0,1,0,0,0,0.7861124869547598,0
3.8483952797168746,3.187035198603631,0,0.6572092318002197,0.1277870313839751,0,2.2811822936556183,0.12321431401582679,0,0,1,0,0,0,1.611286655657362,0
1.3233363337506348,1.0952436391488052,0,0.6662265243479029,0.36044682443138076,0,1.978863069967796,0.20274843767329906,0,0,1,0,0,0,0.3331764687466079,0
1.9352737004470777,1.4042707702961126,0,0.5749508247590358,0.14169624941447614,0,3.289803126068616,0.108291456946627,0,0,1,0,0,0,1.1420915322972442,0
1.5947028862031636,1.0041395827809305,0,1.1847428798968345,0.03705749240480791,0,3.4557701260929905,0.07568673479886318,0,0,1,0,0,0,0.9760990497815913,0
2.830794348405755,3.528186975459684,0,0.40289157316298385,0.08403767817388692,0,0.8757563624708913,0.0495758706502241,0,0,1,0,0,0,0.7031512479275392,0
2.567695170022632,2.6402057062244766,0,0.3315001912303784,0.14324771721260135,0,1.2451908376880783,0.06344396925095323,0,0,1,0,0,0,0.4135154029592414,0
2.5786854362340526,2.811497053316379,0,0.9607734010214708,0.14680310182642767,0,1.5069126115342053,0.2737748103248079,0,0,1,0,0,0,0.7359264104826113,0
2.5165045563074946,2.1927495370530834,0,0.33103113498146236,0.11888766822603608,0,1.8435619806915131,0.1346189398064711,0,0,1,0,0,0,0.9160840343684877,0
5.964627885559833,8.22088007588724,0,0.35317608956131125,0.13005551769548163,0,0.9219493100342974,0.036573656153341655,0,0,1,0,0,0,0.8675712279104891,1
2.346540545242756,1.7068640333945027,0,0.19313309216317565,0.1419496147866891,0,0.25180474710084455,0.1167912233128687,0,0,1,0,0,0,0.8388845330386413,0
5.836437660072233,4.491317619515464,0,0.23862198795030634,0.0922906865923519,0,1.2559004707473234,0.05424242950646656,0,0,1,0,0,0,4.556336392170021,1
2.184236667780039,1.6433883354064573,0,0.32597336022563395,0.12365972742289082,0,2.7570486047475558,0.049558751153027686,0,0,1,0,0,0,2.0430624332151885,0
1.9333021187390627,1.8421875252175302,0,0.7507543119608342,0.0725335878165252,0,1.980587307387862,0.07311619115589837,0,0,1,0,0,0,0.30213698215738655,0
3.4154355526000884,3.8924871566149664,0,0.3295953016295652,0.19343707989853723,0,2.3631038139427165,0.18725082215942257,0,0,1,0,0,0,0.3161057379485323,0
0.8753406684970099,0.6232722312053722,0,0.4774686598305531,0.14626344433779245,0,1.5453440378928973,0.16679697788800765,0,0,1,0,0,0,0.6374444649289217,0
5.2796382439021805,4.516859737953378,0,0.8569081903798367,0.05883523764708258,0,1.7029816763521228,0.19435258130651925,0,0,1,0,0,0,2.078151822276154,0
2.0007326702970123,1.5099864289759728,0,1.28087875791952,0.07482330155411086,0,4.033545492401365,0.023254360663662155,0,0,1,0,0,0,1.75871120863399,0
7.804849277784644,3.1347601908690885,0,2.7835471353245778,16.16919700948419,0,1.9437267081982919,21.544112957311093,0,0,1,0,0,0,5.393597903418774,1
30.93115302054394,18.92310011507284,0,7.876726994061764,4.719824801052114,0,13.007150296563804,3.061195082523512,0,0,1,0,0,1,63.349696474746835,1
18.3569287773937,14.062654650220187,0,2.949339493966036,0.16194970229183334,0,5.263860466119697,0.7189038153942104,0,0,1,0,0,0,23.15131710425272,3
3.6432259639875957,3.6271541684570674,0,3.8232474640837846,0.10090793829903855,0,4.380107387048664,0.1151775617729939,0,0,1,0,0,0,9.489430458746481,0
1.452054560665303,0.9861795823346049,0,0.2672952117496651,0.1619526731633706,0,2.7849424188237717,0.05582147952306969,0,0,1,0,0,0,2.787063714724952,0
0.7924815483774941,0.6739813253899092,0,0.37431637369622955,0.143281664338597,0,2.8390832143689586,0.11321449896898945,0,0,1,0,0,0,1.7817401875744214,0
2.9898654408856107,1.5699997836154556,0,0.8437632421054052,0.11733658210698099,0,2.8493452871014666,0.16981412172049914,0,0,1,0,0,0,2.9136276139016895,0
2.1566160936496286,1.7939670013255702,0,0.34854382462481104,0.06925513587716456,0,3.9018675570464625,0.1229949469651422,0,0,1,0,0,0,5.008141814041778,0
4.346982683614661,2.525744093793396,0,0.8575366370056318,0.0933001056007945,0,4.194371566596689,0.11149372284913422,0,0,1,0,0,0,6.555334492270111,0
1.7324594461396248,1.393490250572267,0,0.9917627867290064,0.14254384184744706,0,2.8933506765864996,0.08425487672435947,0,0,1,0,0,0,2.337495876757651,0
6.546497764119735,4.7868158101571545,0,2.4331389466881257,0.18454794682467301,0,4.480860177230049,0.13101852593002805,0,0,1,0,0,0,3.7064538169411936,1
1.8064359945360904,1.6538420829790768,0,0.26205764011655713,0.06808900521901237,0,3.599190333928851,0.0773271987968585,0,0,1,0,0,0,4.4272604878160875,0
7.900748561893463,11.429900494409944,0,0.414823543754814,0.13308634059600133,0,1.660301191125979,0.09447633769491537,0,0,1,0,0,0,2.311063227940423,2
3.2928265553408083,2.4686799984168157,0,0.703988208406218,0.20079068224097013,0,2.647844020706854,0.21602627885669126,0,0,1,0,0,0,7.1961192491370545,0
3.0113141642862375,2.3446877361548637,0,0.48040675257976206,0.06895891261727756,0,1.589211459084992,0.07143732153952947,0,0,1,0,0,0,1.1900719009296032,0
2.95189586735476,1.8714235025188628,0,0.7792495943721263,0.10511713239103315,0,3.7300300149347256,0.07522417365543702,0,0,1,0,0,0,5.095411593330729,0
3.154963218981419,2.9286882646660874,0,1.0933610729950407,0.10295369317812306,0,4.343439733253875,0.06431874023566418,0,0,1,0,0,0,7.895749546249929,0
1.6765946127416484,0.8666837513051675,0,0.4068971831722549,0.23354661448593594,0,1.7745610734009523,0.15623185237522585,0,0,1,0,0,0,2.513776034481952,0
2.0967838297681705,1.2282369192954554,0,0.32052324723649084,0.03278177166696712,0,6.094393886137823,0.13151149239149906,0,0,1,0,0,0,4.046461569500821,0
2.3760433951303854,2.2530915148502486,0,0.3792157994616413,0.09508663816822407,0,2.7338930228262273,0.03583817275417635,0,0,1,0,0,0,1.877117294801825,0
2.6436426291698805,1.8067252838025045,0,0.8705581261504411,0.17995352027781006,0,2.5088601479716606,0.09554410766029853,0,0,1,0,0,0,2.8143173267169903,0
2.206056773047185,1.4922212582006062,0,0.9330148441631924,0.09066927187493368,0,3.021375617030399,0.06584125922851178,0,0,1,0,0,0,1.7935976975573,0
1.8771577113559776,1.7773886825466347,0,0.8937867310734908,0.1088381919832069,0,3.4019407210256416,0.07587692080323076,0,0,1,0,0,0,4.683255527908903,0
3.335133722197367,2.4925824262888656,0,0.35274944792209995,0.054944527165045415,0,4.105039026693957,0.10963606889056683,0,0,1,0,0,0,1.6012430541344214,0
3.8178576262330637,2.335387339533085,0,1.0902237209180412,0.07433022644440113,0,1.3585202631731494,0.0905511606418656,0,0,1,0,0,0,6.753470249799978,0
6.456550393495641,6.5284063953304985,0,0.9493568564498136,0.10500297995300106,0,2.2784286662095896,0.05671658391168883,0,0,1,0,0,0,3.169491923404733,1
9.045380638197038,9.00283519066221,0,1.4092513300035672,0.05705254944877976,0,3.3871281124868524,0.15533605775626455,0,0,1,0,0,0,1.182460308928007,2
19.434820713868508,28.00371924979873,1,1.4146394765032295,0.1556698152156409,0,2.814193227022554,0.2832173789377638,0,0,1,0,0,0,1.239889359264588,6
4.0815197007429695,3.2680902227789086,0,2.7930110344479635,0.11618997133044702,0,2.605476811605917,0.047830338097057265,0,0,1,0,0,0,2.120546694031489,0
1.8383327607128526,1.5898022897824282,0,0.487714407816204,0.11044887418981554,0,1.6524107320160732,0.12551807034465107,0,0,1,0,0,0,4.444178400073793,0
2.540151402908558,1.4591551405413172,0,0.2929462210908161,0.1892308672543638,0,3.0316068157841443,0.19105980479670115,0,0,1,0,0,0,2.021386095012676,0
2.0050149423644963,1.2235916353185128,0,0.2684168309750025,0.11402771739170649,0,2.333695370484609,0.09553627490495958,0,0,1,0,0,0,1.5385504090106437,0
1.2398370082332302,1.1566547458509309,0,0.1817808757651475,0.11173857047706051,0,0.5483494143551336,0.10919795242612612,0,0,1,0,0,0,0.5095227686810877,0
1.6822874184221817,0.9248848910914721,0,0.7786309238916089,0.10123157481258555,0,2.1884640461703158,0.11505422796475619,0,0,1,0,0,0,1.267780360665713,0
2.4987843007062027,2.375283499750662,0,0.5968074435676807,0.06847028691020678,0,1.9632829012226185,0.07274173782175841,0,0,1,0,0,0,0.5978418246359877,0
2.1136328125424666,1.430066795692507,0,0.21422401341702343,0.10719138179060327,0,3.8253854555295685,0.07587692080323076,0,0,1,0,0,0,1.8242880862131308,0
2.302842794167465,1.5199779886271054,0,0.39856049093863755,0.12015330719976075,0,2.4004774522577206,0.1655272770446661,0,0,1,0,0,0,3.374577432310162,0
4.9182982036496234,2.855834597500812,0,0.5062166170759012,0.20816934741767817,0,2.6501574960094607,0.05213855422980584,0,0,1,0,0,0,4.919277429751621,0
4.651697218755017,4.104964831584156,0,0.5953918537744557,0.1537775291057261,0,4.814963251492855,0.1038945986127581,0,0,1,0,0,0,5.513731805218847,1
4.237592711034422,3.6669270369316482,0,0.6964879031129967,0.03643667870812921,0,5.139999173157853,0.12774873675488665,0,0,1,0,0,0,6.9347387057827925,0
1.384735030377065,1.183869931967794,0,0.7351218504055228,0.06651424421093359,0,3.6064865450140213,0.07587692080323076,0,0,1,0,0,0,3.3223143914717177,0
2.693531563587749,2.028954388899984,0,0.5670984691244327,0.034782103263087456,0,4.36488175580935,0.09444149526539555,0,0,1,0,0,0,5.715533486118604,0
2.2255603811803977,1.383458798055862,0,0.34146159249008645,0.08878486274721302,0,3.6872513696642346,0.05139142842652475,0,0,1,0,0,0,2.1611983507233665,0
1.8247446291582283,1.547477887731456,0,0.5471646003839373,0.02872818502557398,0,3.8604973635273465,0.05730183270078903,0,0,1,0,0,0,2.3505349613494033,0
2.8454293224994553,1.4768380067390603,0,0.7967656297504006,0.1492475044987699,0,2.8213088149673413,0.12919919188092413,0,0,1,0,0,0,3.5102596416463867,0
4.0849587681515,3.4864393753908494,0,0.8360356882914035,0.15102304949444195,0,3.612786466684767,0.08944583230093704,0,0,1,0,0,0,6.070528966005661,0
2.144628622396585,1.553252928142006,0,0.6720628438547982,0.07781757851673288,0,0.9207158050308833,0.11132038869126884,0,0,1,0,0,0,0.7065103173149389,0
2.9556776087381804,1.921229934218246,0,0.2527449638413162,0.13336604991440498,0,1.9809184833721636,0.09447633769491537,0,0,1,0,0,0,2.9654039873305282,0
3.3117626778553033,2.2223107919454486,0,0.7994418254432495,0.1871545810620757,0,2.760162160780294,0.09332601282375333,0,0,1,0,0,0,2.753756893390406,0
1.8454185643060372,1.597483529726119,0,0.16150843654683433,0.18581244565415184,0,1.260770491959751,0.055193920062217794,0,0,1,0,0,0,0.3741028421091729,0
2.9810506675132267,2.8948746411229886,0,0.3034222297746122,0.10659200994988627,0,0.642019020854505,0.15337446501878058,0,0,1,0,0,0,1.0957056913445862,0
1.1849325294298392,0.7835307014352733,0,0.27496491256920713,0.21397858024277894,0,0.5350218750714717,0.17336827896898138,0,0,1,0,0,0,0.9272846756940593,0
8.801637541107715,11.162668381754893,1,4.552572870731141,0.24552475639635712,0,4.916390363680055,0.05728553253767581,0,0,1,0,0,0,28.017841012329875,0
16.49309533225695,9.778279969229398,0,4.0669431231181585,18.724368921807606,0,3.517892439557859,6.031578484933407,0,0,1,0,0,0,10.835589648582921,1
12.471922364807195,8.619391881716504,0,0.6193988357810343,43.66985937369545,0,2.120159276940566,7.340516954763739,0,0,1,0,0,0,2.391493788311937,1
56.35857304442164,38.64975907753055,1,11.952583857038917,11.129867339215266,0,18.082775087117586,4.501632414711826,0,0,1,0,0,0,114.01583019103163,3
41.445414914566825,9.303189482574338,0,10.332166471493801,45.67161815345291,0,2.902045285739332,11.362009509501739,0,0,1,0,0,2,46.793157315185255,2
14.074529226446497,10.725189107795545,0,3.552477088124814,59.84500785629139,0,1.3211057817975196,3.7076110797122084,0,0,1,0,0,0,4.290395447213729,3
7.2764828465881894,4.794339736741826,0,0.743208162271153,0.7777427822347784,0,2.010430661787213,1.384847842722822,0,0,1,0,0,0,1.0992298228442345,0
4.409775435302229,4.066366094718093,0,0.7231087254461478,0.10988159223469292,0,1.7246313503870718,0.28409592619436846,0,0,1,0,0,0,2.0127886651315565,1
1.55297898543694,1.333323670439018,0,1.3124332285733005,0.1420517335268636,0,2.0303811567958876,0.10649814595385318,0,0,1,0,0,0,0.6407387335205783,0
0.8447005138428733,0.42933494263771815,0,0.4588591730249473,0.07432451933167991,0,2.6495817934087817,0.10676568032010765,0,0,1,0,0,0,1.174132497135876,0
1.7778576304466225,1.7388748168192434,0,0.7510603486701201,0.11760809372306437,0,1.6410152183632332,0.0784604941479414,0,0,1,0,0,0,1.4259625134173894,0
0.56718598372406,0.34219534619849873,0,0.7255959868400048,0.08786933747520775,0,2.372593175393385,0.017495376842558735,0,0,1,0,0,0,0.883664099541398,0
3.5671695365005567,2.027766552587819,0,0.5312651366219023,2.925121214197646,0,1.28946165673453,1.6455618857923833,0,0,1,0,0,0,0.3325061309272964,0
1.361819238855108,0.49876655462206443,0,0.3810408301530117,0.2159799137023212,0,1.0237838423276964,0.23982796131960016,0,0,1,0,0,0,1.1989844767034021,0
1.0493174226611095,0.9478661835129832,0,0.22051730873009795,0.07204407120192798,0,1.3283864978781257,0.30977381463062786,0,0,1,0,0,0,0.39125026945381,0
1.4420754688881288,1.3109160587469233,0,0.8031250471404376,0.07112435829634911,0,2.2875057376041976,0.05863394175867458,0,0,1,0,0,0,1.1243651247194055,0
5.942966960254994,7.0545313452322835,0,0.28672392902322363,0.10696728780169165,0,2.1118972850041167,0.11309610283128468,0,0,1,0,0,1,0.38977265668366634,0
7.399341739929615,4.652901977484494,1,0.869188539079192,0.828060484818066,0,2.23337290416301,0.47222178943388843,0,0,1,0,0,0,4.632405159837431,1
3.593168406600113,2.5414296651049986,0,0.3916316533235132,0.1987948037870037,0,2.1588241519870444,0.09257426864535587,0,0,1,0,0,0,1.4253122486984755,0
1.0983250077001765,0.6579577297089835,0,0.1950399909901426,0.10116379312105264,0,0.8333152479402599,0.16979010934673217,0,0,1,0,0,0,0.6560914508248981,0
0.6801440588682977,0.5355352682332912,0,0.6029526845866271,0.12389477302840204,0,1.4768023461592403,0.0833595518704004,0,0,1,0,0,0,0.5375952738003418,0
2.316070112958181,0.5883650491974047,0,1.0543254996304907,0.1147631446405126,0,3.2250530316905506,0.3841030182154378,0,0,1,0,0,0,2.0088077684524075,0
0.6243839387219979,0.4372042920086667,0,0.0728829943351937,0.04257205208822361,0,0.3639936149133446,0.03586810695049302,0,0,1,0,0,0,0.31439495227278036,0
0.4225596261511322,0.2400660513429338,0,0.41444146363534307,0.07825853687360833,0,1.4757728601208848,0.03543677844835583,0,0,1,0,0,0,0.2942804681273409,0
1.2428313561520248,0.9070400590227321,0,1.039988286140638,0.025074745947002063,0,2.6077900722448946,0.03847765868293355,0,0,1,0,0,0,1.9295431948755595,0
1.105967879928234,0.5190318591973434,0,0.3559162230124736,0.114982696412021,0,1.3749303161182946,0.3130284149743869,0,0,1,0,0,0,0.8205713763636084,0
1.8484485793818668,1.1607154917469549,0,0.8822158470727715,0.08169481813648953,0,2.924343637018846,0.062100353142497386,0,0,1,0,0,0,1.4489772204002531,0
1.9376533210975437,1.1680322348098238,0,1.222034361256351,0.021192560475960097,0,2.308287777475066,0.021681869636273,0,0,1,0,0,0,2.2342482644820834,0
0.5070038526874846,0.2568133631834953,0,0.1891159151482212,0.031160991099707054,0,0.718138967408087,0.08393218257773796,0,0,1,0,0,0,0.4086628379959087,0
0.4147732151918601,0.2332776657493286,0,0.5754843889294938,0.03743986186361854,0,1.4986165434623817,0.09947684945956797,0,0,1,0,0,0,0.6294916970084113,0
20.385716486948322,30.966789718556335,0,1.490180479768823,38.72804341006125,0,2.475897313075819,26.63824460205733,0,0,1,0,0,0,1.7754556832493344,0
35.49306377930282,40.293167881941805,0,7.582621027386376,6.434837329411645,0,2.777764566684497,26.57811551455612,0,0,1,0,0,2,2.525431687704738,0
2.146997662597102,2.4829226130956976,0,0.47011930283734576,0.07103750656195802,0,1.435844731109714,0.027233089177508312,0,0,1,0,0,0,0.7957550688709862,0
0.5783911023350696,0.4912916835145876,0,0.09584593835584565,0.060125756250651,0,1.6152023193583922,0.05424116230209969,0,0,1,0,0,0,1.3856451518491126,0
0.7361201227860303,0.41836761080130597,0,0.29192900727348914,0.015384113575471411,0,2.003255097199779,0.015439318953859374,0,0,1,0,0,0,0.8178375602554881,0
0.6008918091941977,0.4634747355692475,0,0.2444964310405091,0.11646648442259067,0,1.2850787019803878,0.015726794145565458,0,0,1,0,0,0,0.37721711316861906,0
4.251849846252502,5.35332110298194,0,0.4511623449151302,0.03117687814693824,0,2.6437899620102874,0.05958244108009762,0,0,1,0,0,0,2.151097632163297,1
1.6934743668665666,1.134348798214998,0,0.4660143164350805,0.06159591455041778,0,1.7318019262230417,0.019376161117773662,0,0,1,0,0,0,1.5787237168255397,0
0.4194916402240708,0.295311246808304,0,0.17265998492617163,0.07738309767042058,0,0.8464677781130956,0.04813119582770412,0,0,1,0,0,0,0.26808108487937066,0
1.3209948595296839,0.9362594982692668,0,0.36984519511192904,0.08412414028827192,0,1.9610591748750386,0.03048410857946047,0,0,1,0,0,0,1.1171945146179747,0
4.011517175491126,4.058932372694223,0,0.4227855352802734,0.048473451424697535,0,1.426556932076346,0.08447586904402808,0,0,1,0,0,0,2.0393017049609417,1
3.3008068773886974,3.4715785365166836,0,0.36090276218723355,0.19065050184307714,0,1.0195547381934253,0.098826005096252,0,0,1,0,0,0,0.6714176366347449,0
0.8047411645674144,0.35256020651190156,0,0.27212459640182557,0.14892601649523848,0,2.716057352102321,0.06104108718271717,0,0,1,0,0,0,0.5504312439101422,0
0.7202580179715015,0.3083120488918126,0,0.35446134584119393,0.10590993308652524,0,1.7403475523586862,0.05941473867947923,0,0,1,0,0,0,0.9501274238591233,0
0.6814206841355427,0.625394058451615,0,0.2361078855576549,0.06765374307497019,0,2.4716475102487268,0.02077729824469901,0,0,1,0,0,0,1.7218829575429548,0
0.822650679150333,0.4141862397770908,0,0.33910294078071035,0.04037477456816996,0,1.932537058778423,0.0791614160821328,0,0,1,0,0,0,1.22908402048532,0
0.8570385891912691,0.5453965750826151,0,0.4462510734405279,0.05359196272589126,0,1.7790910687203525,0.015439318953859374,0,0,1,0,0,0,1.4800744439368838,0
1.5783582307491724,0.9262530456534983,0,0.41385032346588835,0.12318851820463561,0,2.1906388488771023,0.04155437551289628,0,0,1,0,0,0,1.8630371889024624,0
1.0299228699052794,0.7852736816932231,0,0.6656036075931825,0.12145945344586787,0,3.426420300852831,0.15888294878679876,0,0,1,0,0,0,0.8174564501275845,0
0.9629033714489019,0.5996824751787844,0,0.4495347330056074,0.03366219708593327,0,1.0486715302916645,0.05981473710062184,0,0,1,0,0,0,0.6100645603170918,0
3.081216956945526,3.125523063659928,0,0.7765627299121594,0.20340867087007758,0,1.1204568780131692,0.15968369080508754,0,0,1,0,0,0,2.536824932540883,0
1.8548601826527529,1.115163290075088,0,0.37800697438982306,0.13801848475353692,0,1.7036403788037835,0.08563030551584261,0,0,1,0,0,0,2.271195179135921,0
2.6176475653085816,1.7394446217540218,0,0.41259888290053853,0.12336243539620964,0,1.7392602213939488,0.21875472572563096,0,0,1,0,0,0,1.6524183240173476,0
0.7939056465894007,0.47726245593080324,0,0.2562118119431517,0.15869178611779947,0,1.6257000085731566,0.11947949388302521,0,0,1,0,0,0,1.420967269723461,0
1.2156587985869138,1.1003662779535932,0,0.3425598985301247,0.07632005501073973,0,4.710635599283481,0.020024183185628656,0,0,1,0,0,0,2.9436793884256827,0
2.0604117807693374,1.7060127190124448,0,0.44972494320399053,0.053635726318614366,0,4.370536428859287,0.00917396325157985,0,0,1,0,0,0,4.755944677627664,0
2.781888961256701,3.128045974407035,0,0.7399891502274525,0.1413127094197028,0,3.214922123606612,0.009018782130820283,0,0,1,0,0,0,2.699040902065503,0
1.63453934996472,0.8890162581614449,0,0.6053966116286811,0.047257149248406974,0,2.4593341153456825,0.06164868447026222,0,0,1,0,0,0,1.8442124329461327,0
1.9317305763609196,1.6500848297371054,0,0.2992073311526756,0.19311006214152188,0,1.6957204173930536,0.13706935823702102,0,0,1,0,0,0,0.8325148031800913,0
1.002520194658694,0.5985502099170724,0,0.13977971136974288,11.455626851901162,0,0.9604600338036298,0.059520245811224226,0,0,1,0,0,0,0.31903444042626955,0
1.0750285087089335,0.7715667227682604,0,0.03356312399062361,0.09844815935137369,0,0.21338820904358302,0.04232773825282376,0,0,1,0,0,0,0.46441525339566325,0
0.9003784466916839,0.4339841616824774,0,0.19419118088680629,0.03322418678960242,0,0.6975667680575,0.050680205256023375,0,0,1,0,0,0,0.7765101672482826,0
0.7274371742654685,0.26393327459006766,0,0.09238894672472209,0.029244978639943936,0,0.5005388053005082,0.07995508739894595,0,0,1,0,0,0,0.7178887089117296,0
21.307927354957354,33.705727770718134,0,1.9538197627341822,12.158558271405814,0,1.292728245629655,4.246933821565538,0,0,1,0,0,0,1.1137117832387204,0
32.51526425945204,41.85694595065071,1,3.926948432750585,20.352427909091112,0,4.8144355418786375,60.074161599215245,0,0,1,0,0,1,1.2005168923995921,0
1.842325941552311,0.7976426061017668,0,0.46636956594956414,0.0939017420812249,0,3.2869529691965242,0.14235645567553362,0,0,1,0,0,0,2.416340892561834,0
0.9170668119140809,0.8559337281902979,0,0.7808792553069195,0.03946308881694437,0,3.0287176798885787,0.03681276543134032,0,0,1,0,0,0,2.2167078410648813,0
0.3799115060567573,0.16859277603210623,0,0.06244948180965494,0.029051161246057118,0,0.5930279209976297,0.028568548275265157,0,0,1,0,0,0,0.4317499545300444,0
0.8839032074332738,1.119897014796559,0,0.17917743632037283,0.1000353804967925,0,1.232405621360872,0.021359128731337235,0,0,1,0,0,0,0.40956706101249574,0
1.1044140717928403,0.888406601270869,0,0.3987250029124491,0.0726874412661257,0,2.2521635463359524,0.05250871139121266,0,0,1,0,0,0,1.4855512405711186,0
1.9244372447949265,1.9571049105230982,0,0.6902006964215076,0.017476534662547047,0,2.653697508131364,0.016019346548502927,0,0,1,0,0,0,2.071424971172311,0
0.9191378298283447,0.5869459518590792,0,0.3751899480876567,0.08291176508945296,0,1.632579672883476,0.1683416568707066,0,0,1,0,0,0,0.9982589816508617,0
1.1793055468504363,0.8762899518522942,0,0.3546224260319073,0.07771261988059902,0,2.379589956908597,0.13914813034149875,0,0,1,0,0,0,0.976923218818162,0
0.9771063784659417,0.716388362789654,0,0.7708027302930966,0.037437285885392614,0,4.283780351242293,0.0,0,0,1,0,0,0,1.8173323960870835,0
0.5665511513802993,0.28052245381633206,0,0.46662164166135256,0.02517339912917413,0,1.136747057180279,0.04611572672506173,0,0,1,0,0,0,0.6915248706147843,0
1.851662783056987,1.6114935941980062,0,0.46916901516719833,0.1212219333980572,0,1.383633625548315,0.030926779289883164,0,0,1,0,0,0,0.904906392905567,0
1.279282524245779,0.8616827157177032,0,0.7721099833160256,0.03746027655296239,0,2.6374917387738375,0.021163981461228734,0,0,1,0,0,0,2.3521627506406446,0
1.6675689751435687,1.0201412414049105,0,0.44507234083558456,0.10976357971771819,0,1.9378332758556502,0.07276241408956019,0,0,1,0,0,0,1.4888101638563311,0
1.278547774445702,0.8329417418765738,0,0.49616762076011606,0.15957245544641047,0,3.741380647059996,0.03048410857946047,0,0,1,0,0,0,1.1919155186666157,0
0.6190924293180776,0.410641563954759,0,0.13674699681212887,0.029117996290236193,0,1.3614024071891024,0.020024183185628656,0,0,1,0,0,0,1.114825458353828,0
1.2814958982441678,1.3937971650700989,0,0.09877838918689016,0.040934139997113025,0,1.5064972876924352,0.021756035588545275,0,0,1,0,0,0,0.40127990638397915,0
0.6566168760873081,0.47925299844877817,0,0.11019006188184491,0.07538925617983526,0,0.8356082514738596,0.05250871139121266,0,0,1,0,0,0,0.10058838742228518,0
0.8807478127402546,0.5084955136615036,0,0.2860164278479742,0.1051136504846654,0,1.223838602847798,0.10372088371797829,0,0,1,0,0,0,0.6163615443108649,0
0.9835395478223949,0.42764986486450646,0,0.4859788252315652,0.1107159969783873,0,3.0460884645388866,0.074115221802524,0,0,1,0,0,0,1.4024863957519258,0
0.8956563805597574,0.8905991967819487,0,0.6659241561394813,0.035097455517555574,0,4.973785065004419,0.0,0,0,1,0,0,0,2.310722277308516,0
0.5172685977746292,0.36727346549703377,0,0.5376712026892225,0.01873846322913008,0,1.4099268912516765,0.020024183185628656,0,0,1,0,0,0,0.7919828492578359,0
1.112875255541269,1.0321885623009364,0,0.08920616114285711,0.03758529034863148,0,0.5543184724358714,0.058341945495699904,0,0,1,0,0,0,0.6676453262263674,0
0.6760528056109579,0.5650262254966357,0,0.2201102475366879,0.09561878608495264,0,1.5016590671178056,0.04311470758269524,0,0,1,0,0,0,1.0340577008708975,0
0.6848225411529051,0.5102656697999102,0,0.703261872462615,0.07213757788335448,0,2.909926896658205,0.021756035588545275,0,0,1,0,0,0,1.4823953575867963,0
0.8959532092223661,0.5394468722364985,0,0.5983750175484446,0.061465836906396856,0,1.9640558009903466,0.10154745489485273,0,0,1,0,0,0,0.9104973140409038,0
0.5848762632876577,0.34657936467387374,0,0.3864671245821071,0.11650400101720096,0,1.7423664082379435,0.11974155732936127,0,0,1,0,0,0,1.1094939830712027,0
1.2987953141590018,0.7649286219096314,0,0.4023610513807995,0.0810982228233927,0,3.3297497628016517,0.08240331855155936,0,0,1,0,0,0,1.7709882904613976,0
1.4594132124204349,0.8355341183145291,0,0.3798873313991143,0.06177408211531715,0,4.4261958572217,0.03105081268276068,0,0,1,0,0,0,1.5834539410445267,0
1.3130162855308016,1.0990394520350775,0,0.6789154528716996,0.019484529966253758,0,2.0688968232872402,0.029613459908827293,0,0,1,0,0,0,1.7915740431655645,0
0.24293249268338735,0.12143466546599556,0,0.14421725674626543,0.034345221260597344,0,0.7911233516799597,0.06033293014240816,0,0,1,0,0,0,0.1839056153982583,0
1.5045620256735297,1.7637172070702922,0,0.4420917316867323,0.079022974517923,0,3.3247724381725394,0.06043388225293232,0,0,1,0,0,0,0.8631399353596505,0
2.0844381142152573,1.2345137790827825,0,1.3719493728687093,0.07269932054890357,0,4.387402839415737,0.050420840145528834,0,0,1,0,0,0,2.742360145956295,0
2.1626337501452166,1.5181772264196076,0,0.7356830647259467,0.05000921940458272,0,2.356471485953498,0.020396283364261195,0,0,1,0,0,0,1.4932022544042227,0
0.6905688954631684,0.5409080055171434,0,0.03779013866274594,0.06297765287276305,0,0.36369682098406364,0.042429473117391835,0,0,1,0,0,0,0.3104309838992808,0
0.5518258582722348,0.4307912248119101,0,0.1364868543576429,0.16461778104017372,0,0.6354869946369219,0.031627401475690375,0,0,1,0,0,0,0.19421470138388258,0
0.4725904787679541,0.40690333295744335,0,0.525473912887003,0.035389100444982946,0,2.222676965812475,0.02077485377872684,0,0,1,0,0,0,0.2052224266309579,0
0.9396458371423994,0.49682564439977195,0,0.5585027160292589,0.08790349907295585,0,1.7370779488121806,0.06453814488373755,0,0,1,0,0,0,0.7707573198719435,0
0.7380455551942304,0.43424868185026294,0,0.3850748601804553,0.07704654593081425,0,3.268221510136307,0.05631659723598699,0,0,1,0,0,0,1.267289131485616,0
1.0462845700478307,0.62502001493579,0,0.6712538564391781,0.0338312417780864,0,3.2027426952664593,0.041203196296045116,0,0,1,0,0,0,1.6332610679430783,0
1.02062744447091,0.5079299801408006,0,0.7490550666911593,0.04313601971447841,0,2.971713724988173,0.10245125556910561,0,0,1,0,0,0,1.1565206016408833,0
1.3380787720545442,1.515894045592199,0,0.19625146459274667,0.0828144870470764,0,1.5656922114323257,0.06129832246011285,0,0,1,0,0,0,0.5749145907403147,0
1.1406994061667086,1.0379514117570576,0,0.06393042909097901,0.9063462844437976,0,0.4185664287755225,0.4088182621104458,0,0,1,0,0,0,0.3234022146880459,0
12.66952055213327,19.824422766535953,0,0.1296545779836028,21.157974194078424,0,1.1708162580387653,2.5576646184872267,0,0,1,0,0,0,0.3628443175589672,0
1.0479001197371483,0.7987790970776177,0,0.18727233367381427,22.071871754780478,0,1.7305483986531072,5.435480853212693,0,0,1,0,0,0,0.5431503445795268,0
20.82186766584729,28.85557322256261,0,0.34931975063243703,14.886424879636763,0,1.143311613282033,7.4907263586709885,0,0,1,0,0,0,0.6822510698298219,0
2.5833459299165558,1.417085049048723,0,0.4991225659679554,0.1093331715416817,0,2.2378603241155024,0.07164695895104635,0,0,1,0,0,0,2.458559179254091,0
2.0544341915415396,1.8211837657092014,0,0.49635783729389693,0.06522510090048214,0,1.8909902504716904,0.028890819486894502,0,0,1,0,0,0,0.8391108793518518,0
1.2466173037727772,0.8534868476813229,0,0.13568406537765926,0.0775362304400343,0,1.5356202045490728,0.04242947311739184,0,0,1,0,0,0,0.7499994421395256,0
21.562245387979374,24.12041293934773,0,1.5490640571749554,0.14573088799744438,1,4.4088005079310095,0.6226278551446586,0,0,1,0,0,0,63.051782878757564,0
34.87895080696011,16.408807069930344,0,23.16193405163453,5.489623252889201,0,10.409377144022566,4.217919830485252,0,0,1,0,0,3,44.6786530455179,0
11.743839782724274,10.173082907642662,1,2.5571969210368586,2.9435318669343222,0,4.12162174592522,1.5127431609235549,0,0,1,0,0,0,2.4069841047634744,0
6.137870069543667,5.743113880290088,0,0.6087469817068911,0.19923042768778004,0,6.582538838388966,0.14082628011456924,0,0,1,0,0,0,15.175824304420523,0
1.606174237151861,1.6498310772434275,0,0.38776811751252793,0.028382964293776375,0,2.6161137601875155,0.061986302193376246,0,0,1,0,0,0,1.1293344440694042,0
1.9551977102130274,1.2536794464748549,0,0.6365082063725567,0.0719508505162307,0,3.8527871942488856,0.019103937817848173,0,0,1,0,0,0,2.9947490306323283,0
1.280186851151615,0.6544666617826672,0,0.7232055874223375,0.03847517744658592,0,2.9872068824669653,0.05355963911829685,0,0,1,0,0,0,2.0759902912287007,0
4.260418543734287,3.6887300500958724,0,0.7193354817026589,0.04154744100394388,0,2.038057910548435,0.04401625155551627,0,0,1,0,0,0,2.4422305361253116,0
1.5109965823421514,1.1001925487948687,0,0.3735051926901206,0.07949200516790252,0,2.729352564958939,0.09872023262356404,0,0,1,0,0,0,2.0394805144487895,0
1.351813310283556,1.1057436685486135,0,0.5809597081997118,0.15536206594578245,0,5.380045606095534,0.07119718011750668,0,0,1,0,0,0,3.0112328467096705,0
2.6171153111537286,1.709523933686138,0,0.21352685534090132,1.7700165097608618,0,0.8918289841343587,0.5237636153232208,0,0,1,0,0,0,1.598093558553872,0
2.3231503494608505,0.9764538320135235,0,0.42600074355416107,0.372984822848042,0,0.5259627385070929,0.10468960468818286,0,0,1,0,0,0,2.875716431704639,0
2.8969633381957274,2.786044236798869,0,0.7326270660040006,0.0805403499375398,0,0.9616543316895837,0.1415995209372134,0,0,1,0,0,0,1.3100621211044907,0
1.604142622051118,0.7003350495096211,0,0.8218302660354375,0.12158625198063092,0,2.3834889568875415,0.06505446609527037,0,0,1,0,0,0,2.347842664012472,0
0.9258432776323553,0.7172946167475123,0,0.7007285203110138,0.04637961491853705,0,3.127666573500565,0.08518618170587267,0,0,1,0,0,0,2.118845785856589,0
2.220900664116649,1.6360808268574636,0,0.5782395232127032,0.07876081497854649,0,2.4567188369337885,0.05323368980810289,0,0,1,0,0,0,3.4253846665990997,0
0.418830646275094,0.19608827749647176,0,0.2919852308198402,0.0533989524575568,0,1.6100106753293821,0.021349614301448758,0,0,1,0,0,0,0.6467128261692545,0
17.47311991612603,19.191669470374517,0,0.032923565244855235,0.2729107289817281,1,0.5410847081172596,2.0142741769262966,0,0,1,0,0,0,49.88873693041616,1
4.531368308913542,4.246016645817835,0,0.09057969129816174,0.3110952933899441,0,1.6211076818923473,1.0909524963695167,0,0,1,0,0,0,3.330299666543388,1
7.30195019186174,6.368409057590408,0,0.06079834307576765,0.2508268958317715,0,0.24992488511691477,0.18067211287685656,0,0,1,0,0,0,15.698436361641926,1
15.504179599528744,14.299926924835702,0,0.12224413255946143,0.2924693915803695,0,0.984331990917829,0.7959052517569847,0,0,1,0,0,0,15.212083219672813,3
27.493630650214605,27.88472284694521,0,0.1415918161277982,0.3255108404743584,0,1.5928045518462763,1.3557559249028404,0,0,1,0,0,0,74.5937741735404,1
23.278015852539585,30.786222589663776,0,0.0694880157113008,0.23169833721791394,0,0.393742337627939,0.2895356111435773,0,0,1,0,0,0,76.21272908456098,1
2.1130564430666468,2.155706163883707,0,0.1655208528000611,0.16889066292381327,0,0.9115771006596991,0.11926316629047327,0,0,1,0,0,0,2.321304268005648,0
13.33244477485516,15.819126565892937,0,0.036466129914524484,0.3843679215511815,1,2.1038343554609,0.4163362533016487,0,0,1,0,0,0,40.41666029652785,0
6.806071402556026,8.636994371301572,0,0.1144986209466694,0.25715497180610297,1,0.13814222001082918,0.1480133281180518,0,0,1,0,0,0,21.561928591616166,0
8.094700939756466,4.450843203417314,0,1.5359709543879059,0.39460746886556247,0,0.7433656298846775,3.616406730409741,0,0,1,0,0,0,4.236025946479193,1
25.159488291315515,18.03014786620887,0,1.9214711465236056,0.8783742550274656,1,1.0376001759283766,5.552291080204929,0,0,1,0,0,0,49.17746591071988,0
22.07314996337485,28.495263048129942,0,0.18751874026759532,0.2017961074575152,1,1.513916515308123,0.21331146259677447,0,0,1,0,0,0,70.77819349602348,1
4.218577842280896,3.850846766181985,0,0.04877033958461954,0.16555446667718537,0,2.017547783307462,0.6305769780031729,0,0,1,0,0,0,4.491378295849048,1
6.185628986928785,8.21368909487496,0,0.047701390714259884,0.07384904606775797,0,0.5590680965317089,0.09230388531323017,0,0,1,0,0,0,20.306879777567644,0
3.666542177994497,3.7057265598026854,0,0.039411433941938294,0.14151380015552834,0,0.5047068234599027,0.1554447925191791,0,0,1,0,0,0,9.78384353617714,0
9.88066853911373,11.772599402981236,0,0.046256300218930416,0.1452856133217175,0,0.5343114324096363,0.13855304057627696,0,0,1,0,0,0,30.003450778890798,0
9.484297277145243,12.64962303853694,0,0.02996741170604248,0.07124438609893019,0,0.6339283537932803,0.023494163645846135,0,0,1,0,0,0,31.26300475836945,0
1.8153721149863609,1.5288564206614008,0,0.05495201699091604,0.09073870968220232,0,0.8620124798070631,0.11286864701534668,0,0,1,0,0,0,2.163204804453968,0
15.933765496656722,14.533685168812713,0,0.03442052935108691,1.1030352043048817,6,0.7728381367661751,0.7843262125019937,0,0,1,0,0,2,13.10538340123652,1
15.822427789050304,12.354536469460886,0,0.04588496599202404,0.4882971012113897,2,0.9944553650969984,0.39628434993864087,0,0,1,0,0,1,9.942603438871245,3
4.658811132777039,4.865842598109985,0,0.08596695997719941,0.37362805770649565,0,0.8071236686681427,0.17590985244855542,0,0,1,0,0,0,4.984477212263556,1
7.644790915514356,4.698410256233278,0,0.1078605015781813,0.5011104826552353,3,0.4380770383446093,0.3158898367989986,0,0,1,0,0,0,7.179300073033096,1
2.94832093003943,1.7320359228194857,0,0.04995783773898906,0.24741566064767845,0,0.6011380696174677,0.1968041005345808,0,0,1,0,0,0,4.007027547207567,0
4.728948918807568,4.521192000493749,0,0.03161646065022117,0.09145798672728643,0,1.3942883397473125,0.012757798499471269,0,0,1,0,0,0,10.433853944410508,0
13.801940896802098,9.389506935607683,0,0.001155334591575576,0.31309039878749656,3,2.7325273044965455,0.23109752091701424,0,0,1,0,0,1,13.650971844789789,1
16.511392397329924,17.753379681061926,0,0.06485305672327075,0.377510154580914,4,0.42715644528485736,0.2977442768611639,0,0,1,0,0,0,46.48359363393105,0
9.157185753367441,5.293409342273275,0,0.12517560513005466,0.37801112831172384,4,0.7531297015415592,0.4816790671454928,0,0,1,0,0,0,10.814708467797505,1
9.95367763010995,8.751844871568125,0,0.06823077327676264,0.15466699800610595,2,1.1563838598181009,0.0844702499529551,0,0,1,0,0,0,23.030641525799897,0
1.7013184710545914,1.8423695680764045,0,0.053857810007878024,0.10969274585008726,0,0.1651688910800709,0.06928791344092602,0,0,1,0,0,0,1.4502164792495722,0
8.010615618893086,4.5348917412845005,0,0.025926598551525473,0.4001918152892824,2,0.16732049199008547,0.24047798778098212,0,0,1,0,0,0,10.060634900121254,1
3.6470468889000687,4.750148400088662,0,0.060321701439667245,0.16944088836514326,0,1.4847293499834677,0.11275421656404172,0,0,1,0,0,0,11.72809782540606,0
7.1785025216732725,7.586867389986956,0,0.10273103913108787,0.1701346443395653,1,0.9692836795552335,0.09111353887743323,0,0,1,0,0,0,19.954074618746333,0
4.283103613302057,2.545545440428851,0,0.0227192650266027,0.29791147392051776,0,0.535105736419303,0.15159876619426915,0,0,1,0,0,0,4.277425976799387,0
16.829863758482155,16.28548419825999,0,0.10696999300919915,0.20554636542672788,2,0.44778324617097415,0.07774859383242408,0,0,1,0,0,0,43.59892346385311,0
6.62779701743999,6.878491111834307,0,0.05115352864832452,0.4286776840253427,0,0.8441168289915729,0.06401197184164133,0,0,1,0,0,0,16.454220211098175,0
3.280920356802361,2.629932204873825,0,0.07950402689440603,0.36442743934458494,0,0.2622329554508654,0.13191396052561277,0,0,1,0,0,0,1.311154004079001,0
4.113887578700123,2.963705377625439,0,0.04952608305664458,0.20388194310288202,0,0.2427418830138553,0.06544977052589696,0,0,1,0,0,0,8.269861303707229,0
4.7515773939254125,4.783540881968731,0,0.04400559995942219,0.16127128173504368,0,1.3853213388961438,0.04659462142277547,0,0,1,0,0,0,12.747005525433467,0
4.139418019455542,3.951944588265709,0,0.042098680854952344,0.33729662392331883,0,0.5270517089838056,0.12967700601841306,0,0,1,0,0,0,1.3597132353850883,1
2.4666006797043583,2.273644236776483,0,0.08051858884945653,0.1520517955244291,0,0.760930234567671,0.08960848246130693,0,0,1,0,0,0,0.7479993555930138,0
12.748678970974378,16.451521275268835,0,0.09803331441709862,0.22042689089007828,0,0.6672638807815513,0.34376648046829306,0,0,1,0,0,0,5.11397154028074,4
5.373405017560154,5.513401577375217,0,0.051079627058734395,0.4948913299029317,0,0.7306530968078687,0.36882855708709966,0,0,1,0,0,0,1.5326811581711928,1
5.596265498064387,7.426881444578603,0,0.18308105895004384,0.10929228454566502,0,0.37197226574807285,0.03327162932948406,0,0,1,0,0,0,2.715042872559237,1
3.245022067991827,2.984896902394853,0,0.053233156966471434,0.2076009645268142,0,1.1255534384061696,0.18053863649657204,0,0,1,0,0,0,4.139689707881965,0
6.7435528540984375,6.994713028111584,0,0.035860856097123736,0.39455611598863516,0,0.6130987146616118,0.15940872317346927,0,0,1,0,0,0,8.728768086143749,1
4.807336235303752,5.1650229051690895,0,0.050913089757945715,0.1681990388876764,0,0.547103527382773,0.07487482710716631,0,0,1,0,0,0,5.99252158608996,1
7.183237254662652,6.434892922333507,0,0.5713613337755328,0.2266210056187781,0,2.768111412906201,0.06575059365847738,0,0,1,0,0,0,15.582997142536742,1
1.4017070549805997,1.5660826527498863,0,0.1726935113408427,0.17552225470202754,0,0.47812500497096616,0.16308613608624095,0,0,1,0,0,0,1.2984368847185723,0
26.97763411986481,31.874504920639193,0,0.10910472188577006,0.7795980365019577,3,0.09866010812291201,0.3782841122205066,0,0,1,0,0,0,81.44492112181062,1
10.701972548756638,13.080483017149014,0,0.041785305065467696,0.19213001487028425,1,0.611087547826177,0.20014559523179107,0,0,1,0,0,0,33.119953372348846,0
3.140117568535629,2.9137234888649095,0,0.08638318812603246,0.13640749226813595,0,0.8260265409902234,0.05427630672092037,0,0,1,0,0,0,7.628192971425977,0
3.7936263752235875,4.953416123615112,0,0.047039842800788864,0.347505062409851,0,0.22815482625492017,0.1466951253278267,0,0,1,0,0,0,2.214124951316233,1
2.998177861207201,2.9140054922833603,0,0.10278140045622125,0.30283396762438947,0,1.068626327500459,0.1668562864586198,0,0,1,0,0,0,3.735580238137671,0
3.1038567061190045,3.0091055585943995,0,0.05138732455270939,0.17698448805931785,0,0.5613923989030714,0.07217266031084706,0,0,1,0,0,0,7.506240199171053,0
5.374096667056586,3.1691761226132136,0,0.022563984887159,0.10972485197456161,0,0.08128354853779766,0.06667721486452334,0,0,1,0,0,0,8.887159405564589,0
7.3845645816461305,5.010270230981928,0,0.044044065051526415,0.29965724177218156,0,0.17407825812194383,0.1929628474900301,0,0,1,0,0,0,14.177146465838366,0
6.61572880094513,5.317017198411263,0,0.018305392280840948,0.707105948493833,0,0.9385794288556717,0.13043207652363212,0,0,1,0,0,0,2.6822853266595024,1
4.189765898334546,5.843404563481136,0,0.054840146683729094,0.13005700792992841,0,0.8214124427717896,0.11093715874114385,0,0,1,0,0,0,2.1226424662981818,1
6.75777333553423,7.116206912783147,0,0.0924969763209163,0.5167523042984303,0,1.3226316488037244,0.2807240292514014,0,0,1,0,0,0,5.740976943840775,1
2.7541937072964,3.6373214880955715,0,0.09797061431456772,0.35238605686403746,0,0.6624833433870664,0.20288931263876853,0,0,1,0,0,0,1.358759106687778,0
4.327442633937893,3.5223642025352073,0,0.020959169064107004,0.21426977094910374,0,0.9921314893370639,0.11406328892237755,0,0,1,0,0,0,9.841723928653014,0
8.016048997826008,7.140735232702752,0,0.14727546080695272,0.24192919910928745,0,1.3362092463072464,0.08473761786779704,0,0,1,0,0,0,11.435702950185808,1
6.592282379075137,5.952124180573726,0,0.09497645569735388,0.6969648305899612,1,1.7867130553340422,0.37127950911902835,0,0,1,0,0,0,3.9597024698205985,1
25.913575057239683,35.41182679833703,0,0.13988026494352862,1.067252902895166,0,21.484290690529573,6.092518116615217,0,0,1,0,0,0,14.856203949079482,8
4.6704683212207225,3.054104602387218,0,0.03647028908159611,0.14411286803037493,0,1.0408319962123853,0.32572926212763265,0,0,1,0,0,0,3.6081725790446844,0
3.2654988601849517,5.136979532869689,0,0.04930727836667195,0.6406982615067505,0,0.8345264749567403,0.20644349568748815,0,0,1,0,0,0,0.41948941419647634,1
3.1757965768935286,3.9866483667818584,0,0.08269729095051656,0.5365858212525073,0,0.7455450665375398,0.25208252747365084,0,0,1,0,0,0,1.6903216045103209,0
1.064281480679999,1.5549316010010055,0,0.045290303023545614,0.11776541999070625,0,1.3905215738843832,0.16821237135057307,0,0,1,0,0,0,0.37618422028185605,0
35.40307443207462,49.178743731236054,0,0.022809677123484667,0.48019917538104695,0,4.500287427779805,0.48797180529927053,0,0,1,0,0,0,119.40565692204522,2
3.2952855979809765,3.566107491756274,0,0.01820267760235766,0.3362661524091071,0,0.09737904357018978,0.14485662620585846,0,0,1,0,0,0,0.3747235286157518,0
5.130246558944787,4.893875972289807,0,0.10559063109521102,0.36852146851333717,1,0.14331949967239827,0.13327375106563516,0,0,1,0,0,0,0.9111174202985286,0
3.36795563576764,4.78757345554001,0,0.06941000758704949,0.1542017619737051,0,0.06563772140065871,0.10604192935913824,0,0,1,0,0,0,0.3234514666830704,1
11.02934302397355,8.255687295289603,0,0.04147863656516128,0.37304707491374656,2,1.0323053647772793,0.18053863649657204,0,0,1,0,0,1,6.930955601702703,1
9.561529471666141,8.624825080005854,0,0.03730629976685609,0.31077361510343016,1,0.6459554744195218,0.1003104051138731,0,0,1,0,0,0,2.3875001691489617,2
18.429925105096434,14.590347365212073,0,0.07855375552673778,0.6711874323500349,3,0.9661743313284279,0.286699447751767,0,0,1,0,0,2,8.356577945195674,2
6.961750955790813,6.420157947167537,0,0.03941953352811912,0.48115061177195306,0,0.49917353888779425,0.3687275734446831,0,0,1,0,0,0,8.126966850141145,1
8.415480783712619,7.500598763800424,0,0.0688422327845144,0.7627965520305984,1,0.6726386028836877,0.26143300602234043,0,0,1,0,0,0,2.269452967224093,1
14.016826885783274,10.91097700122701,0,0.015235759049079286,0.5726605745194304,2,2.5645614632159557,0.2790891104370245,0,0,1,0,0,2,13.882171716900238,1
9.983748314149665,9.354880626952673,0,0.033998182695234344,0.3427153660754544,2,3.0405812674272488,0.1426932270333715,0,0,1,0,0,1,9.663014119518593,0
2.1370464942930427,3.431721616301107,0,0.017264431645748698,0.16011129015600606,0,0.09829228122870196,0.06103023265795163,0,0,1,0,0,0,0.09475561053273537,0
10.220110567230758,7.339787524808523,0,0.02004778860944822,0.3692173787992584,1,2.0892630884636345,0.2095046910675493,0,0,1,0,0,0,7.322170223755085,1
9.083343997887015,10.614203684724034,0,0.05608360742612438,0.7265445081472394,0,0.3340163305876318,0.35019783756219525,0,0,1,0,0,0,0.5839278473022774,2
9.126228829131007,8.025465349164557,0,0.04211743724393076,0.612930610629054,0,2.2961166429338173,0.4171300322009128,0,0,1,0,0,0,7.7010853427638875,2
2.798732931772933,3.740459499556394,0,0.033008653999909356,0.42155708464091385,0,0.5566316937694171,0.3424040534282306,0,0,1,0,0,0,1.1443333005029714,0
6.883725044086094,4.916533585218335,0,0.059998089649046786,0.22778404047658546,0,1.5103952637127753,0.20321806503422152,0,0,1,0,0,0,4.55688420650181,0
6.557756782827127,8.770442172823516,0,0.016956127249846648,0.33120104252571914,0,0.06914442334629205,0.14919373852279827,0,0,1,0,0,0,0.17889561748785707,2
4.954771468451989,6.322702514176429,0,0.01983958855858964,0.7248852090873236,0,1.0571496771050235,0.3201131980080367,0,0,1,0,0,0,2.739254310666392,1
9.65378232971161,7.746204447160078,0,0.03346583739637793,0.5176295869827443,1,1.1043981940251097,0.23659153214347142,0,0,1,0,0,1,6.021836250669346,1
11.648562750916383,10.06274164960399,0,0.014444852308637698,0.18883723380977727,1,5.259126446536169,0.06592456195323959,0,0,1,0,0,1,17.864137046972928,0
5.1610268977885845,4.306366708164914,0,0.07882152166263155,0.1674446644058802,0,2.049968566889262,0.06973077901748748,0,0,1,0,0,0,6.780800945142571,1
9.14061569270697,11.37500329443989,0,0.06591496168797742,0.6820094157647281,0,0.23058779200406904,0.3719343940110649,0,0,1,0,0,0,2.09451817408227,2
25.152427430076827,13.213788108291574,0,0.8235801468049352,0.7276631843951346,4,3.478850440949869,5.430758804200534,0,0,1,0,0,2,38.59850150096589,1
3.544947387148193,3.1869204978474324,0,0.11959776575329958,1.2672697313871273,0,0.638039052095569,0.8710028447643138,0,0,1,0,0,0,8.609933113276757,0
4.238599977309979,3.786139315726227,0,0.06717105970947848,0.2598142448120427,0,0.51792760074225,0.07884003699181096,0,0,1,0,0,0,2.9150359582309426,1
9.3808781510718,10.024813933559743,0,0.02986391229220657,0.3006546607577069,0,0.8425013372964745,0.3472358768653381,0,0,1,0,0,0,26.460248381635914,0
7.19649536378204,7.534039808306297,0,0.06534993690531932,0.39547639807217533,0,0.4568448356969754,0.3075406087708158,0,0,1,0,0,0,18.565828594040966,0
4.55040550655246,4.491606103664208,0,0.018745405691950122,0.6783120611568314,0,1.1440598900400893,0.31013809673065296,0,0,1,0,0,0,4.467209172476914,1
5.374818505831231,6.974531458088206,0,0.045026081877506265,0.7641229612914728,0,0.8647343079402807,0.5117498248067471,0,0,1,0,0,0,3.196831520417408,1
6.06746525460224,4.006530301657276,0,0.016518427387097114,0.5801344252504859,1,1.3808036839019262,0.3345864633422845,0,0,1,0,0,0,4.940705172583329,0
7.28693841538965,9.118331940836429,0,0.03768687238322854,0.6356964766116564,0,0.5130054931073025,0.21672881336970054,0,0,1,0,0,0,2.3759898613442716,2
5.960323046275393,5.685730713143153,0,0.5984306607766641,0.31575137816104887,0,0.640924129883121,0.2045296615111886,0,0,1,0,0,0,7.917267151642081,1
11.074512733996665,6.865888358506239,0,0.14644024235112474,1.135661508839826,0,0.7770019206681595,3.239901529273686,0,0,1,0,0,0,4.596317561326562,1
8.974869393912414,5.958914031810899,0,0.14996580863868691,0.4298555452192465,1,4.560330775646152,0.21927666274758909,0,0,1,0,0,1,12.351717448690014,0
3.67861559743983,2.6198451938338154,0,0.08238047088887818,0.2011592249734841,0,0.7789599887769683,0.11068229947561649,0,0,1,0,0,0,2.2275872715053295,0
5.884920989401605,7.815994495482985,0,0.04469406541083851,0.472318222394453,0,1.348094706588252,0.164299865119066,0,0,1,0,0,0,2.5059980510420727,1
4.6501168018136045,5.140235033436369,0,0.06389040404777944,0.4205255782341002,0,1.218170048958546,0.20108659934661124,0,0,1,0,0,0,3.5505405854685472,1
9.678356234571988,6.9153340129143865,0,0.040080403891202335,0.7567222933413488,0,1.8699789178275201,0.2846483699871213,0,0,1,0,0,0,9.719543269563104,1
3.6350153180167606,3.544364079868231,0,0.04569109550381582,0.21783267850056337,0,0.5565921189726357,0.15276535741938876,0,0,1,0,0,0,9.33484199689424,0
6.3459954610397995,3.712647662503964,0,0.04536222913376202,0.08297798315953331,0,3.8056261148369046,0.04586440568141242,0,0,1,0,0,0,9.326650600698256,0
12.975533147663006,8.914100965460069,0,0.081240704025316,0.12869563999675895,1,2.274350404531794,0.05535321917511825,0,0,1,0,0,0,25.232118975933226,1
9.546761582220011,6.544124865166632,0,0.04944193099611273,0.3658096542505429,0,1.9730819531169448,0.1296770060184131,0,0,1,0,0,0,9.831568436216237,1
3.799095647284643,3.032932222020189,0,0.04323803643930403,0.5274363139987962,0,2.0314668882267375,0.20406077091345104,0,0,1,0,0,0,3.5085723910781557,0
1.2976035775458425,1.05457809807434,0,0.049062627294649296,0.2776834278905388,0,0.26424841786695574,0.19587700891601456,0,0,1,0,0,0,0.9087995046117903,0
4.360661170338441,2.410342323094114,0,0.0352950669428772,0.48730709588892307,0,1.0527087995456146,0.24596099813072136,0,0,1,0,0,0,4.816380459566407,0
9.98013303469825,7.067184573975809,0,0.03394940973351512,0.41337741351223806,1,4.430499499378236,0.24210145016742335,0,0,1,0,0,1,16.10793115585908,0
8.393563730287656,4.845930838326103,0,0.08986301787377357,0.5945376350934561,1,2.8596886945332,0.20353197101965842,0,0,1,0,0,0,10.362045817385319,0
5.2445749963034025,3.8784896901816244,0,0.027606453104699485,0.307310140133735,0,2.468108780887512,0.23125728304521292,0,0,1,0,0,0,9.160404038348696,0
5.392167790342235,3.131945547711016,0,0.037381001137562216,0.18565277348690035,0,2.715305954842692,0.08551775926194047,0,0,1,0,0,0,8.124820133323507,0
5.772750621637424,9.299168078696825,0,0.01778140235617265,0.34036360668415244,0,0.04356800077521965,0.18145936948767422,0,0,1,0,0,0,0.20151559105838845,2
6.073514559083536,6.969739163271042,0,0.04783154028888402,0.628513727801416,0,1.0041578594988159,0.290640706376985,0,0,1,0,0,0,2.7399531308932263,1
7.486246658333921,5.6023354345232494,0,0.03118297134715597,0.637269887714166,1,0.5501445345256014,0.31832966573732757,0,0,1,0,0,0,3.839705148413308,1
13.00849199204581,11.955874652441413,0,0.03656257282296259,0.2901383252756876,1,3.8667275925130937,0.20289513339649745,0,0,1,0,0,1,30.466228262671642,0
6.319361011877373,4.209964330069069,0,0.04531868683085505,0.2521376472435789,0,2.5009127145218892,0.17964802003119523,0,0,1,0,0,0,6.752416388107056,0
8.780787351935667,11.66077855936221,0,0.03772146508900095,0.7567972000982524,0,0.53401923511501,0.22243074986937347,0,0,1,0,0,0,1.5380433328346372,2
5.122795125852375,3.8675496292084195,0,0.01981651567876218,0.41576659379695496,0,1.895860565307129,0.15079551665942276,0,0,1,0,0,0,10.7597436839875,0
2.054793644924847,2.216816113013249,0,0.031525934844504847,0.40917105968196316,0,0.08125109050562171,0.24320462919566396,0,0,1,0,0,0,0.7902930017767085,0
13.579765791000646,9.19961734408761,0,0.027193789709878485,0.2747421573386853,1,4.493355426275935,0.33133075323727446,0,0,1,0,0,1,14.9883641583259,1
11.950669049393689,7.3408740629225075,0,0.04174531832263688,0.4010122528792221,0,3.9238214652547954,0.11214347617917506,0,0,1,0,0,0,13.449068655108647,1
6.950563476994548,5.6813406727584255,0,0.036106431904844125,0.5148031074187971,0,0.35151432015156814,0.2312572830452129,0,0,1,0,0,0,2.7473663317741055,1
5.050224192878737,3.215390262859422,0,0.00014963144477736528,0.32749292505154204,0,0.9560990790400365,0.10070998232353631,0,0,1,0,0,0,4.276914989757326,0
6.397155272230092,10.70951488464156,0,0.03739433885234004,0.4179922434788498,0,0.07097430851090364,0.15551798981700868,0,0,1,0,0,0,0.1572499507449083,2
6.721509047777987,6.458341614053017,0,0.020081875023432456,0.8111497893044635,0,1.932328449206593,0.2673997027608249,0,0,1,0,0,0,5.198224411337416,1
3.2985724979497584,3.575760101559053,0,0.07998560413450029,0.11300405994518271,0,0.1272661993108669,0.04268802018588429,0,0,1,0,0,0,1.3841435205390518,0
10.660320516598638,9.522355541867839,0,0.05935940110240133,0.6584946346466326,0,3.0995097032606567,0.18340318193071858,0,0,1,0,0,0,23.996816781420804,1
13.494225431363203,18.996374288084482,0,0.1802245677666871,0.9230586692529463,0,0.2645677793401624,0.5120111086836148,0,0,1,0,0,0,1.1191336020117184,4
13.11703244104671,10.478439821272053,0,0.0433706302678013,0.24377559563500673,0,4.17137924941497,0.14122812066084778,0,0,1,0,0,1,28.025411337000996,0
7.781789938726794,6.358795319732485,0,0.023487044628969563,0.6094540164970242,0,0.9724481137853265,0.27624133608825463,0,0,1,0,0,0,5.886724651360542,1
3.23841656265446,3.657522506856199,0,0.03878903934199009,0.4063393739514143,0,1.0362058797326714,0.16174396350760467,0,0,1,0,0,0,0.6822479519689635,0
8.799481027119405,13.515067308998445,0,0.04588272487969787,0.3871457353595921,0,0.4938381020689923,0.33374776895766856,0,0,1,0,0,0,1.0119307514097264,3
6.010319267664552,5.081844227212858,0,0.01692261713070635,0.5548036625198494,0,2.0082232305458008,0.20054886266396288,0,0,1,0,0,0,4.374090059278632,1
8.62761441730201,7.429937785963404,0,0.058468853788013884,0.25416840338636104,0,6.038107309407673,0.11179503730194372,0,0,1,0,0,0,18.16384657630281,0
7.217526547899945,4.113890732276408,0,0.03341348148559488,0.2725090611883924,0,3.0467701870432284,0.10751615761892541,0,0,1,0,0,0,10.036341160646753,0
4.602367674430319,7.577934826584083,0,0.0419135568191662,0.48773202988230663,0,0.09686358085752184,0.3573197742349674,0,0,1,0,0,0,0.3807525697435873,1
2.176225084828304,1.6533158215748507,0,0.043510424347525736,0.29921945136305106,0,1.2836538554495105,0.20214033404471868,0,0,1,0,0,0,2.417367155601907,0
7.693763815297313,5.195330796823259,0,0.02745643294571061,0.19352954122070998,0,2.8516722528050433,0.05187754496545517,0,0,1,0,0,0,9.424255072415967,1
6.997509729640996,6.950238292283413,0,0.04133387850765518,0.7936337482189995,0,0.7779947143568591,0.4250964485105547,0,0,1,0,0,0,6.4701904696106,1
4.316871319493082,3.297108512517203,0,0.049835041304320746,0.24018517996762234,0,0.925465746326612,0.16095896592580405,0,0,1,0,0,0,9.257461422902123,0
4.132392583507232,5.5505846125874765,0,0.05247948655025546,0.2723709993649648,0,1.0103883090395738,0.2270103424789771,0,0,1,0,0,0,2.0132193414757706,1
7.352921716314633,5.270455893225969,0,0.04575601617102518,0.32173154965092426,0,0.6373454943345576,0.22030907269623706,0,0,1,0,0,0,10.921345526609482,1
4.068980251606977,5.453194378664559,0,0.020451423024826554,0.3934785829000349,0,0.27604337120273603,0.21692664399940081,0,0,1,0,0,0,1.5972527388323505,1
19.1151210612923,12.370421886186014,2,13.912650526183652,3.6991283351942013,9,3.8659125990779266,0.7845209375375513,0,0,1,0,0,2,19.821876877903097,2
4.042135428696645,5.730585400797915,0,0.25291102228673035,0.06865970688410669,0,0.9655438965437777,0.12096925198528612,0,0,1,0,0,0,1.0526971145400057,1
3.8883978090166305,5.255860477898582,0,0.03687465066806266,0.3729501017763288,0,0.7473478260120536,0.2072168830571313,0,0,1,0,0,0,0.7624385691232907,1
5.575198475127502,8.846125660929173,0,0.2434760608740435,0.585983565367376,0,0.37149962571189366,0.6568037787877499,0,0,1,0,0,0,0.3128795151351409,2
4.051803453929675,2.9559741786234417,1,1.6023127519765747,0.253677356176787,0,0.9322667329909333,0.5487147487901469,0,0,1,0,0,0,6.090893363004274,0
5.386394477653386,3.4856790596043843,1,0.08272257827486523,0.4340196464759435,1,0.17569049145583912,0.5803445483417892,0,0,1,0,0,0,10.845483353114933,0
29.488275801235165,30.857745719941338,0,0.3223949965298905,5.2942475969770495,4,0.4209692711917338,3.4730729378847514,0,0,1,0,0,2,4.215341378168462,7
50.86010526680663,36.61412815592132,1,0.653740562966277,5.088287189621783,6,0.3209324298592012,2.9677130702076115,0,0,1,0,0,4,36.22853806304988,9
9.23255667102261,5.385618998213773,0,0.27185764038783233,0.6920965089220508,0,0.0740863330638883,0.44890548863908575,0,0,1,0,0,0,14.673897443970755,1
30.557434851237037,20.417861131261997,0,0.3326037173339885,1.8465423831789125,2,0.5676003513135994,1.0623439229808314,0,0,1,0,0,2,27.52113918459711,5
4.982357007568236,7.35115133014245,0,0.03966451736371745,0.43637201739347686,0,0.06950908919206929,0.26917455261173484,0,0,1,0,0,0,0.6077335519015062,1
24.63062429426752,21.25074083931436,0,0.19184376543250342,0.1755996828781322,4,0.4708297799130237,0.30483767864845257,0,0,1,0,0,3,35.5040715499009,0
7.278380391111893,8.573847018681002,0,0.06808616134243484,0.4061794592829838,0,0.5536761837472571,0.2618708762982892,0,0,1,0,0,0,3.4332760644106295,2
20.934839188692965,13.676987020163608,0,0.4197767013701521,1.1488831275104212,2,0.39721921487457945,0.7474061053459319,0,0,1,0,0,2,17.00269541859465,3
9.238150106563783,7.6352435002444885,0,0.039925870319756224,0.41329020280055545,0,0.8097461660515547,0.2819765894463523,0,0,1,0,0,0,10.521844810760829,2
3.2960463242345854,2.477879900679997,0,0.044637096080460806,0.20872125785050374,0,0.22645934797871944,0.14293363399277859,0,0,1,0,0,0,1.8336267377259188,0
6.092394991863043,7.427452675456053,0,0.21845580318213778,0.47474558864184097,0,0.5827578286075109,0.29853663943603775,0,0,1,0,0,0,1.046927819038481,1
21.894421837443993,31.759598683897146,0,1.1772010697737652,2.845685411019137,0,0.3881751081996373,7.389523258846042,0,0,1,0,0,0,1.5502051063826976,0
22.12531798425942,28.84699705996471,0,1.6233682911998653,3.8710387447835393,0,1.1830196811912992,6.967105429812525,0,0,1,0,0,0,2.8586017220424207,0
2.934671205857252,4.36827612518095,0,0.42857826090071893,0.2202644256371305,0,0.6767762584715962,0.18020370153112508,0,0,1,0,0,0,0.7510265866458138,1
4.236634234866427,5.092159117994062,0,0.07220355488968856,0.3928374276126791,0,0.2764382744441932,0.32954872195052676,0,0,1,0,0,0,1.1724079306569888,1
3.066189125727389,3.665280663103547,0,0.14565515964008138,0.238730167796149,0,0.7832699578735163,0.15034740921723966,0,0,1,0,0,0,0.8927030483437122,0
2.9110444707504084,4.611932627619111,0,0.13012488963436325,0.3871235110802492,0,0.4563853162886671,0.19494042984751497,0,0,1,0,0,0,0.2830197723935832,1
1.632850957215881,2.231033168051388,0,0.07159752112750213,0.48119556079844006,0,0.3539893941882539,0.22868154734659238,0,0,1,0,0,0,0.2290699338890298,0
6.668669237469364,10.448653445320604,0,0.19821913902547406,0.3533572710292743,0,0.8398937232285987,0.21201056149403086,0,0,1,0,0,0,0.6081896761499446,2
3.065901742076061,4.777909316023081,0,0.14140743361235594,0.19215027545376895,0,0.42550283718814363,0.15107919651318802,0,0,1,0,0,0,0.3075328032243245,1
3.7596787413012245,5.6559115262156014,0,0.22449285687442147,0.3693364140714961,0,0.544767591524576,0.1934512775837756,0,0,1,0,0,0,0.26620868012638016,1
1.1040234949831125,0.8602643809133622,0,0.13071827728615254,0.09910175845338284,0,0.6426802182642305,0.09125982602510685,0,0,1,0,0,0,0.8419409639063715,0
3.4144968094300556,5.328198372149963,0,0.13733888335912373,0.41656960088313666,0,0.568377254818138,0.2778064562184612,0,0,1,0,0,0,0.19081510217931857,1
2.9958778921642755,4.289563576896503,0,0.03844232127638367,0.23686412528339326,0,0.5734301122738046,0.06817006741504002,0,0,1,0,0,0,0.42766834247272717,1
3.4994737344853233,5.421982537279342,0,0.08528218284529283,0.47472788765133783,0,0.45257343978881936,0.21381367096201745,0,0,1,0,0,0,0.3818711650582062,1
2.3731524353164537,3.7541238890029973,0,0.14773013937912916,0.27412114112944225,0,0.6059820517867317,0.22210759654738785,0,0,1,0,0,0,0.3398853080699615,0
3.0407294347513263,4.654570619300233,0,0.04986491711227886,0.20936010080428047,0,0.3042080742148951,0.11197768479534737,0,0,1,0,0,0,0.5754119091982575,1
3.1593145871683603,4.5928782230811604,0,0.14020413555476371,0.40514559311214593,0,0.4977776521164575,0.24962524759413068,0,0,1,0,0,0,0.526730499809858,1
3.376096319255586,5.088534086175142,0,0.09938881540259946,0.2788537503329146,0,0.6894927753464934,0.12857007449256255,0,0,1,0,0,0,0.4011285057261204,1
0.8141441775749219,0.8423356302782445,0,0.04926480727965822,0.16159942852007175,0,0.3515378904207235,0.19975439640413692,0,0,1,0,0,0,0.6446198673824626,0
2.3775101941977077,3.350865123935235,0,0.12616307416680073,0.3059526483996147,0,0.5379913343401751,0.06153389781395363,0,0,1,0,0,0,0.3334051345292786,0
2.1577796106123315,3.333003873069508,0,0.18044197172586848,0.1158287941571502,0,0.7220503277905614,0.13645850952355873,0,0,1,0,0,0,0.12080892224811884,0
2.2937242134937974,3.5972399310244128,0,0.13140200408868105,0.36767010298726144,0,0.2770094335260717,0.29303220604711905,0,0,1,0,0,0,0.24473869868699438,0
2.765360087549162,4.30476675494213,0,0.08487828224319985,0.37648757064084964,0,0.40972015050828425,0.1651960088790303,0,0,1,0,0,0,0.19339814653326337,1
3.067294378250037,4.271465556337622,0,0.06572589148277724,0.33314349171955926,0,0.3370741824418271,0.14800072609886628,0,0,1,0,0,0,0.7056788947033993,1
4.849436808111826,6.9668646498883655,0,0.83086491093762,0.12154594277101655,0,6.290847240291593,0.13761188159903756,0,0,1,0,0,0,1.2694065762391782,1
2.414058636777846,3.851212322687054,0,0.04506358018310502,0.23974406952343413,0,0.1975000689980967,0.29750052259872517,0,0,1,0,0,0,0.13254756856452715,0
5.02387502970487,6.585063371163665,0,0.17864497653681538,0.49855365566830556,0,0.5724346603656086,0.10728589287489794,0,0,1,0,0,0,1.868178438140524,1
2.653866232565396,2.097968005988528,0,0.1635237711705239,0.37522228752685255,0,0.13183621294734565,0.13078357243419095,0,0,1,0,0,0,3.346077233174726,0
2.1716205882290334,1.3041690393039727,0,0.20497275658779301,0.13219852439883048,0,0.39873942117910294,0.08354576066004883,0,0,1,0,0,0,1.8932002567715958,0
4.31256978334846,6.522338414561871,0,0.14154020291932518,0.535347070609145,0,0.48483244785779267,0.23434641887359675,0,0,1,0,0,0,0.5053778586449681,1
2.8743247674795436,3.9133586979022223,0,0.07195123792331619,0.3010701797333002,0,0.3232718771796514,0.2487021263916651,0,0,1,0,0,0,0.6091200626251472,0
3.849670320745936,5.975784721711434,0,0.18810007527978737,0.1859558493532915,0,0.9256505050149857,0.1404953310841408,0,0,1,0,0,0,0.5544818231595778,1
3.4589539853555866,4.825397562121055,0,0.08651108633510288,0.47276021563314524,0,0.2627248730599331,0.15960675962794496,0,0,1,0,0,0,0.6692844159558724,1
2.9610085137303113,4.323540413121403,0,0.12933469808973563,0.3481386404648196,0,0.5392942370524769,0.24626609362121443,0,0,1,0,0,0,0.3909850093596976,1
2.9136718245593722,2.9115139725547277,0,0.09708160338063358,0.27892634952231765,0,0.3977837641910219,0.33879495584273367,0,0,1,0,0,0,1.0919733737332664,0
3.618582983531209,4.8042726139475604,0,0.03764870757752451,0.4038992204739522,0,0.46064158333406374,0.33390631655237585,0,0,1,0,0,0,0.48507172486767236,1
1.7737317225428297,2.4476525854289406,0,0.09545770982408847,0.21629629582933613,0,0.23887113832087112,0.14040614476214988,0,0,1,0,0,0,0.4147640167090901,0
4.559746880312381,6.660203465682938,0,0.14500605919123818,0.3903218796475381,0,0.5715564276659724,0.29325723808187365,0,0,1,0,0,0,0.8132342712088759,1
1.780856269493587,2.3990987897949023,0,0.019310791610010813,0.45333793202047024,0,0.1817202895225088,0.22600721303163,0,0,1,0,0,0,0.6246265603327453,0
4.460726307076823,6.305964449208902,0,0.14470660053844048,0.27501344805244266,0,0.44879603028542153,0.23102834711139503,0,0,1,0,0,0,0.8485382128810237,1
1.0663027372291933,1.3199610354811306,0,0.06370304495623794,0.1661947072272925,0,0.1992532387204265,0.11814890326893385,0,0,1,0,0,0,0.41938338657008367,0
3.231678990227789,4.554770740532402,0,0.06893340479186456,0.26196542981321486,0,0.7248714369756928,0.22699854018914295,0,0,1,0,0,0,0.5522967469493361,1
1.1385592745409787,1.1122546595151965,0,0.1437371135964649,0.15781292361817761,0,0.1948269743348294,0.13779271914940316,0,0,1,0,0,0,0.3634210427910026,0
3.2152523350407147,5.0833856680051275,0,0.1910695490333998,0.19049773170860004,0,0.7125224536621384,0.14555883496099317,0,0,1,0,0,0,0.40127720412688217,1
1.4207473293223547,1.6702988470319422,0,0.02255130386258978,0.19810550260018475,0,0.22742807522803743,0.2966671472160951,0,0,1,0,0,0,0.3522971866308321,0
1.6407114345806753,2.489715541390896,0,0.16659341781533332,0.13863604575040492,0,0.8964453681347383,0.1683271854840006,0,0,1,0,0,0,0.2702806055586725,0
2.6492414387968246,3.9423068000750296,0,0.14568756039760272,0.3012942519378731,0,0.2138710887876629,0.29161914962425756,0,0,1,0,0,0,0.4263881648673318,0
2.6088495206004607,3.4317537101091067,0,0.09432928184455422,0.13908691593024244,0,0.6879496482645354,0.1414997804204847,0,0,1,0,0,0,0.24232511214713098,0
3.5232434621176223,5.6322323175040685,0,0.1380892199227358,0.3407711871169432,0,0.5828082218724164,0.2614442259851348,0,0,1,0,0,0,0.5265455988540911,1
1.8196320049674568,2.4841578302648553,0,0.035348629569363986,0.1210129766252526,0,0.23461571579462634,0.2534530959293002,0,0,1,0,0,0,0.280101138096124,0
5.0373025744809565,5.94778598026521,0,0.04334710806490207,0.5904439194505822,0,0.87588638978555,0.24810672394929373,0,0,1,0,0,0,0.8661198244972308,1
8.239718354931457,9.15922615264566,0,2.1743885270004935,0.2359737033877083,0,0.8315036922652913,4.295929370288325,0,0,1,0,0,0,4.692310720746955,0
3.0864731090171817,3.0763614908726393,0,0.3081121379057229,0.2624673146101498,0,0.39549696312028965,0.43134562354488315,0,0,1,0,0,0,1.5532264010109524,0
1.94770388389938,2.879475542735329,0,0.045693115732545364,0.3398827699939395,0,0.15495851831490176,0.7045410933509993,0,0,1,0,0,0,0.1765619101881074,0
2.4417830141476227,3.4639142682126915,0,0.06660340809848773,0.15620317739995485,0,0.7787426601342844,0.22010985410513115,0,0,1,0,0,0,0.43634493464619106,0
1.4600229999926504,1.2149333595586918,0,0.31789503988847134,0.9736737394756356,0,0.46226191624298196,0.3257996788226745,0,0,1,0,0,0,1.3736802226606268,0
3.0022459678235647,4.632002295741911,0,0.3372585986718343,0.3357436817513098,0,0.24374790925202006,0.3727320257799345,0,0,1,0,0,0,0.0956742823539515,1
1.2431054161893644,1.5601571123649778,0,0.08006100912199886,0.1409773922199642,0,0.558842743697967,0.1151733964626076,0,0,1,0,0,0,0.5510204440140707,0
2.033491197562904,3.424560493969172,0,0.18722945580440145,0.3317425731997218,0,0.3114240360564795,0.49710717664124304,0,0,1,0,0,0,0.03357330292113418,0
1.9747022894945372,2.7399958054292886,0,0.17172618931339656,0.09583605790487909,0,0.5257001584513215,0.1688909264969306,0,0,1,0,0,0,0.5961713854157822,0
2.619627748077913,4.116457685030501,0,0.11209154536552378,0.342986635400475,0,0.2576086250958849,0.3718860119554117,0,0,1,0,0,0,0.39210403424230444,0
1.0920578558055933,1.3972368317690047,0,0.1254717196648596,0.10879622142531185,0,0.5962694689272041,0.11933777622838762,0,0,1,0,0,0,0.6835615852284879,0
2.905116341158003,4.524919544774203,0,0.13414676107073092,0.33100017445934904,0,0.37501201244472077,0.3799128464375974,0,0,1,0,0,0,0.22984694839039058,1
10.04442980913974,11.268834087300242,0,1.4417914049068092,2.1462290687101877,0,1.057885150279313,3.974546810087797,0,0,1,0,0,0,1.815127267649881,0
5.807479122304378,5.7482180626107136,0,0.442367940650136,0.9661613084877279,0,2.06032487820423,0.25297002461797446,0,0,1,0,0,0,4.0643314157018935,1
12.020755226880695,13.431703648461589,0,0.27514042993999965,5.428671290194658,0,1.3359186163351247,6.043415227806194,0,0,1,0,0,0,2.5742074931045567,0
12.857234156779423,12.544713608232312,0,1.411483414020349,1.5688415619242724,0,0.282850081903422,10.426513396395329,0,0,1,0,0,0,1.2816264092152128,1
3.9807112577310653,5.440730365317601,0,0.09676490764803818,0.2495045244030295,0,0.8306231285665657,0.1789603564372284,0,0,1,0,0,0,1.163749944042943,1
2.542405332157104,1.9242369970630104,0,0.11137499606433784,0.5138922285173223,0,0.22568350677431348,0.3680662017674122,0,0,1,0,0,0,1.9345768740371478,0
2.912657726009336,4.796820445368439,0,0.04360784949368547,0.21968589334181113,0,0.6142667482362172,0.18423394965173068,0,0,1,0,0,0,0.07342725006700063,1
7.170956763378042,8.917940574657644,0,0.07630973809048561,0.33098436329390896,0,0.11821485068651419,0.25251705718895034,0,0,1,0,0,1,1.346587570428571,0
2.8795018642864796,4.3783031499800815,0,0.04745212939272858,0.3130601502898849,0,0.5989756534318386,0.04574296046754156,0,0,1,0,0,0,0.5125932127344419,1
2.327395763160746,2.825704441178133,0,0.06614663077447212,0.2555834664134747,0,0.1256910984302697,0.18748036520328537,0,0,1,0,0,0,0.59235352727339,0
3.8852356804041737,4.626547857574836,0,0.4707017453862298,0.1522272011455635,0,0.7285097444370462,0.7598878378649503,0,0,1,0,0,0,0.7663621741727114,1
24.47447338592052,15.543246019372637,0,0.7622808286004945,2.4474957049126376,1,0.768648710400278,5.019294984700462,0,0,1,0,0,2,15.74995011209268,4
5.364990784377476,3.8441634792748274,0,0.16419700562126474,0.158263322344682,0,0.5611958182280248,0.16748036748039996,0,0,1,0,0,0,3.283064789962571,0
5.322667233188437,7.963442654868553,0,0.18242111591303475,0.2799575944734267,0,0.80968302016952,0.1884820990554201,0,0,1,0,0,0,0.5156263662493898,1
1.7845311281493093,2.3935843588169066,0,0.04176874836550741,0.2258526213700482,0,0.36374751464840266,0.17872339902308548,0,0,1,0,0,0,0.4414730791183633,0
5.1681321295846185,7.423181983789855,0,0.06722254979964465,0.71251228479066,0,0.4412599798903076,0.2731070009009874,0,0,1,0,0,0,0.5456113899385793,1
3.443733225972803,5.188009912129822,0,0.08163734116535365,0.47216524034088947,0,0.6648966443389119,0.13652737028557113,0,0,1,0,0,0,0.550691305573696,1
2.478285933424915,3.5867277830198265,0,0.09014838037880847,0.25062084214777164,0,0.36565430454746906,0.17179983286594477,0,0,1,0,0,0,0.1355157756928672,0
3.7518748361199474,6.010007441857589,0,0.0903716212033077,0.2661071147313769,0,0.40752823333898014,0.19085547766395555,0,0,1,0,0,0,0.38853484934214194,1
2.231939790052066,3.525101463722929,0,0.041907149871576184,0.10520693992065543,0,0.7037633764833184,0.0691201523570781,0,0,1,0,0,0,0.14563651804487246,0
2.07009559660859,3.1620889187627856,0,0.08753818836698267,0.24618421359552117,0,0.38978486028145376,0.1598245794535486,0,0,1,0,0,0,0.15894388802471562,0
4.523945789414694,5.781236945600964,0,0.03539667514376062,0.7032091913810934,0,0.3457146121213497,0.24957134017453236,0,0,1,0,0,0,0.9872235946287119,1
0.7176083719100323,0.8098045523058892,0,0.11561424565441188,0.15173216649975318,0,0.38807582724489476,0.06686750458626406,0,0,1,0,0,0,0.24981928720945154,0
3.329384804607845,5.360219025390145,0,0.12539851760408932,0.24284960489636626,0,0.8832281570567118,0.09381003282574982,0,0,1,0,0,0,0.3182577350136274,1
1.5009324960655586,2.2098578471589048,0,0.0330229794483223,0.16904560703010751,0,0.2941519571314517,0.0853230524470954,0,0,1,0,0,0,0.2684567209174865,0
6.196370542887834,10.129498746549432,0,0.12664789149067748,0.579227352494961,0,0.5697304317349257,0.2878445611104292,0,0,1,0,0,0,0.46983100149204826,2
2.1802130397839647,3.377019775586335,0,0.04294415251294319,0.14455763524197673,0,0.36047444811877727,0.06781164386136906,0,0,1,0,0,0,0.2346504684213163,0
3.660400647567418,5.886017232613347,0,0.04230087803819735,0.26607238490157936,0,0.6152066713887616,0.14075658892757464,0,0,1,0,0,0,0.3194971250624269,1
1.0642327738775457,1.292897895588339,0,0.03603099244202305,0.11711778871274804,0,0.5147235126318822,0.05590977329183726,0,0,1,0,0,0,0.49368634498796665,0
3.1044826720333987,4.7916125792813995,0,0.08821394647893296,0.3199579606918099,0,0.4152832100004148,0.14658725456447136,0,0,1,0,0,0,0.3168032365441639,1
4.679585881651073,6.276631598263543,0,0.11415763165176099,0.21830444238184657,0,0.8890801177353608,0.07257363379064807,0,0,1,0,0,0,1.2808975806376557,1
3.4014387007723768,5.169710078714782,0,0.11123604508473334,0.45391580064344744,0,0.27312771484998655,0.2388506009314212,0,0,1,0,0,0,0.29305458041870014,1
2.516754788538794,3.3428530992306533,0,0.07995645381505218,0.2569867052785797,0,0.7796200249677238,0.15050237612505263,0,0,1,0,0,0,0.6896756007786106,0
2.3651479980576675,2.7176034647048612,0,0.04304610732659764,0.40638741180739996,0,0.1240316871537698,0.12073284117081931,0,0,1,0,0,0,0.8034030353527803,0
2.4031149613061067,3.5417067174486516,0,0.15622997501938,0.24493403720913687,0,0.8402100722150174,0.16046218683729413,0,0,1,0,0,0,0.4584943415427885,0
2.973382946006761,4.95338338805951,0,0.090232783385254,0.33820276245552955,0,0.22600418022398952,0.23653719661487516,0,0,1,0,0,0,0.09283453904587456,1
3.2581081536064405,5.23621050662411,0,0.20834593234723825,0.05173246284921715,0,0.8523733900261035,0.08336645642530781,0,0,1,0,0,0,0.4097934582006122,1
3.3766663078382226,5.501022841960514,0,0.03449870374253296,0.3561878262532209,0,0.4249419232335799,0.1706632537559169,0,0,1,0,0,0,0.11824107888531091,1
4.083801624523796,4.6642715066679,0,0.3109040491351723,0.14499753105539806,0,1.1548380011342299,0.04591482200663127,0,0,1,0,0,0,2.372995730134498,1
3.0305113970931146,4.4874972362985,0,0.17500785296951965,0.4011801281531429,0,0.3110539555295827,0.32235005911833026,0,0,1,0,0,0,0.7391810145579532,1
3.0465739927475344,4.742125151729007,0,0.0865490738728244,0.37166943206037806,0,0.4579048465250788,0.19585251614184257,0,0,1,0,0,0,0.3848689792826102,1
6.881666715223406,11.186789558029444,0,0.18168946125963692,0.7214021776864751,0,0.60069411157765,0.2974730811712739,0,0,1,0,0,0,0.5473527147878843,2
2.75735820788048,4.36798880801554,0,0.11231662544274598,0.30722556900611886,0,0.4094476058082511,0.2357716084470348,0,0,1,0,0,0,0.15594029792657954,1
3.2975662546901816,5.236194883894112,0,0.042803206302030467,0.27650855791005274,0,0.8352755289909962,0.18973677970335887,0,0,1,0,0,0,0.2353281213028334,1
1.878764241360681,2.54456405856331,0,0.02025481479795324,0.3058733857976226,0,0.20444663564036133,0.25423981318483646,0,0,1,0,0,0,0.3320424338715481,0
2.1987630728915253,3.2519889144443206,0,0.04229900889317064,0.2462604417112802,0,0.4465101949337104,0.06239289860549564,0,0,1,0,0,0,0.31428954051265257,0
5.851116069382682,9.213789297374806,0,0.07953935900412604,0.7337705755877957,0,0.387698548874171,0.20858910792548033,0,0,1,0,0,0,0.6728407657344501,2
1.1407808609750667,1.5595592019869817,0,1.9732896057823817e-05,0.21561180830715052,0,0.10252790491159049,0.1651960088790303,0,0,1,0,0,0,0.2236247972822458,0
3.0677851090839674,4.486561124805974,0,0.089956940031697,0.19185358880476025,0,1.0026197337068292,0.1251690745876896,0,0,1,0,0,0,0.529024180798471,1
2.4722588092580007,3.875867886491709,0,0.08761129326937045,0.3243459280284204,0,0.1244906528818727,0.25687994822128435,0,0,1,0,0,0,0.26331661049642907,0
3.7866260616040344,5.826695245963995,0,0.0200615000569882,0.35947473679799896,0,0.2938605503423888,0.19532720900486877,0,0,1,0,0,0,0.31933653777986654,1
7.439427660438317,12.150016820943861,0,0.13496699212034202,0.8922863426980416,0,0.8238750101520647,0.4074666726949303,0,0,1,0,0,0,0.23508386087529975,2
2.4154614790768907,3.680360253697313,0,0.13213396875436936,0.38851307328245505,0,0.31982453292027957,0.21610411108073058,0,0,1,0,0,0,0.21431981735837657,0
1.9636829122740698,2.9579007187201802,0,0.16976670936726904,0.24473511440842596,0,0.67252494803472,0.13883952512348074,0,0,1,0,0,0,0.22112560774257778,0
2.08677340264594,3.208696144701309,0,0.0880865498425401,0.3597212066535398,0,0.43085482004943454,0.13633624313799383,0,0,1,0,0,0,0.3091963384172979,0
2.7361934528230467,4.101782596558035,0,0.12753322462624805,0.19421451154398284,0,0.6784532348955201,0.061270124998220474,0,0,1,0,0,0,0.49037248418740564,0
3.8739939594507966,6.296706425019824,0,0.09066378687544688,0.38253842407206795,0,0.7229270907953034,0.1310357178334083,0,0,1,0,0,0,0.4149619698143648,1
2.416090438745271,2.937764480151907,0,0.10971098632446871,0.5059676300598277,0,0.3104629709539168,0.17854840157974144,0,0,1,0,0,0,0.7213139091499841,0
2.9417814949377394,4.565302935777894,0,0.04655351230296713,0.38023719238124454,0,0.2706454320717301,0.18864425920688557,0,0,1,0,0,0,0.24714163191015703,1
2.5901312312139395,3.4400261940346835,0,0.0793621451532415,0.1416453570283633,0,0.5756844646556784,0.19625877428418337,0,0,1,0,0,0,1.008620976805887,0
2.3164625998082884,2.4711702198284273,0,0.12603949197876368,0.1759846071592039,0,0.3611757076522177,0.09646353830681453,0,0,1,0,0,0,0.8370868275413086,0
12.008902858352009,8.755411629763989,0,0.1661859135331799,3.1423632259909917,0,4.008508141247611,2.6263145047070253,0,0,1,0,0,0,24.420373010361967,1
22.317497278776123,37.51691047029486,0,0.09182133750901553,0.2061983893972584,0,0.37859583476337283,3.96866589938894,0,0,1,0,0,0,0.30117615503842243,8
12.389209758703402,16.50720394569356,0,0.07175143136891213,2.0955504699765184,0,1.8954187454530365,1.8158940893592446,0,0,1,0,0,0,5.88542905726243,4
2.607731909903232,3.5145779318086277,0,0.13084403659903848,0.3741113746174028,0,0.2952708579489402,0.36049325472666616,0,0,1,0,0,0,0.9633090248209141,0
3.8841372293549616,5.094401938989373,0,0.0449772008233591,0.3713330818328951,0,0.3921129107097777,0.28229304381603415,0,0,1,0,0,0,0.8691628942132502,1
3.8085028409266286,2.8063237502103653,0,0.13535373959948932,0.3553833684507812,0,0.2561690299655375,0.36139049729225625,0,0,1,0,0,0,3.4390596065651833,0
3.1424954977626594,4.836466701363846,0,0.09206595022984557,0.5127306461169195,0,0.30520597934046406,0.3185905541796764,0,0,1,0,0,0,0.3025070257774033,1
3.4639974250578236,5.416976806503941,0,0.11071215919430245,0.5575098263504797,0,0.5665292896946743,0.1891188790718779,0,0,1,0,0,0,0.3283006509417693,1
4.123122390946244,5.379984577603754,0,0.04034187830225176,0.5661599324465711,0,0.27298824266329536,0.23555584790442147,0,0,1,0,0,0,0.7789568712322101,1
3.4530285290458034,5.372102101757273,0,0.07904015848527723,0.47066597042563896,0,0.09855745303226729,0.22309062536610855,0,0,1,0,0,0,0.2031660114073287,1
1.118592927434059,1.5188100403597595,0,0.019606813754168156,0.24562602966791292,0,0.06234351168711387,0.1396273954960275,0,0,1,0,0,0,0.09473528311741583,0
1.3378428484159948,0.6731054075651424,0,0.11356133762552548,0.15597568062876366,0,0.4166046090090532,0.05410780186520785,0,0,1,0,0,0,1.6560303072805738,0
2.7731925545365312,4.482811557980928,0,0.27685259935355166,0.35353229786724943,0,0.9878976297341397,0.12019128815929273,0,0,1,0,0,0,0.2831864992374052,1
3.097938566489018,4.996258270822565,0,0.04462819888942145,0.5660999212491623,0,0.21688410329251084,0.2154457094437468,0,0,1,0,0,0,0.18965793743334267,1
1.2375408526338811,1.0690902156986852,0,0.04551676742593954,0.2894371665708121,0,0.36310589642765195,0.0769883795660907,0,0,1,0,0,0,1.1052604340806291,0
2.969876453700455,4.617484292013992,0,0.2372639925722521,0.14486045653113389,0,0.8912337246580275,0.11200984005801165,0,0,1,0,0,0,0.41146899308111895,1
4.380967301736319,6.530748944827656,0,0.09015202665659276,0.35864060384493446,0,0.5589926452826031,0.27513173052572426,0,0,1,0,0,0,0.8609715955463716,1
1.9374058609356335,1.7344199217874476,0,0.0367177984231569,0.35211620702558144,0,0.11147271950366139,0.22357751559584202,0,0,1,0,0,0,1.4076441673421838,0
0.6529297560206245,0.2810136111407669,0,0.09429334151913485,0.18034869093658346,0,0.3064922263138772,0.061647863662192076,0,0,1,0,0,0,0.4810419872128479,0
1.7470148046777305,2.4374648836914083,0,0.04576914532102939,0.03965451705560008,0,0.8037675735797316,0.020648300379640175,0,0,1,0,0,0,0.7127169381241859,0
3.2622721051132513,5.2652546458778335,0,0.182772633975565,0.23012773655182509,0,0.9368851477617699,0.05558400244067939,0,0,1,0,0,0,0.40779590778237884,1
4.126890285708796,6.5241445835927765,0,0.10934980982651163,0.2543488129084882,0,0.9440409250587148,0.21638568646942516,0,0,1,0,0,0,0.25387009791020854,1
5.056753792197411,7.357757711642796,0,0.09261603025485249,0.40581132518142454,0,0.6914800972278953,0.237734101255322,0,0,1,0,0,0,0.5513599814001606,1
10.309062679147157,11.390571940518422,0,1.0631692288979087,0.9631400752326151,0,0.3748012009214427,3.8152207762003716,0,0,1,0,0,0,1.1530618512286952,1
23.33160087611667,25.84324608190807,0,1.9775364836876514,14.03106232831484,0,1.232261305281932,20.643212409072625,0,0,1,0,0,0,1.3440063457821925,1
0.5333047289847539,0.26501905151701605,0,0.08720840925725117,0.19020251326435267,0,0.33167192126688727,0.17739422610390365,0,0,1,0,0,0,0.2831852138728584,0
1.7707997539401363,2.6673991685178975,0,0.1359037262425242,0.07731367369706463,0,0.9787442445217978,0.10495039399198032,0,0,1,0,0,0,0.3349489268995697,0
3.656654902817543,5.60822154255085,0,0.13522582166721636,0.36613511301876095,0,0.7173189825303169,0.19761666755351373,0,0,1,0,0,0,0.33516910486548535,1
2.764533295649624,4.402979450566242,0,0.18130307707091553,0.3515027023703304,0,0.2818714643791884,0.16820125116499626,0,0,1,0,0,0,0.12475139894734658,1
2.2603151897227156,2.9671688059019123,0,0.04464338396174244,0.2955795317892076,0,0.13440484816991644,0.25323105946509805,0,0,1,0,0,0,0.45146987616738693,0
0.9083694509940714,0.7198925085252715,0,0.04583994713112602,0.08671666185037757,0,0.627002480160427,0.08347113832488298,0,0,1,0,0,0,1.0452518533977102,0
4.982828788095628,4.562569360350862,0,0.11457702200424445,0.29902053525642436,0,1.0443342641037847,0.47926945256470754,0,0,1,0,0,0,2.513463354123573,1
3.927805007141603,3.6803856481015176,0,0.04507580795383685,0.4030361863559247,0,0.3646475412004862,0.2549734533595394,0,0,1,0,0,0,2.63875056966868,0
0.7588155943651194,0.5547310466910544,0,0.7873328280131852,0.24650509669398918,0,0.30704590756750155,0.11438764296241917,0,0,1,0,0,0,0.7983221820187572,0
2.489211858852213,2.932342067278828,0,0.12544880020843657,0.15837717077777955,0,1.0768380375513267,0.04186186295329147,0,0,1,0,0,0,1.28972542456223,0
2.801314102747184,4.396416246606869,0,0.26993612318697036,0.47558532758339866,0,0.5308885958550695,0.2514387130499047,0,0,1,0,0,0,0.30462717832430997,1
2.3109973478329793,3.499998783525571,0,0.04130604531564894,0.36420177029659084,0,0.15124798186453847,0.11323412980527742,0,0,1,0,0,0,0.39014428191120126,0
1.0175538725587636,0.6457786778025228,0,0.07507205892925145,0.18448441868427506,0,0.14923756343956782,0.1548035373126452,0,0,1,0,0,0,1.176484716099484,0
1.6967738181704495,2.215002339513069,0,0.181492738315766,0.19327173776860826,0,0.5636968892521195,0.04856293777532179,0,0,1,0,0,0,0.6911074893416764,0
4.630790372598248,7.512910922411359,0,0.09042775602089456,0.3728302603151056,0,0.9261357522009235,0.26101878908630477,0,0,1,0,0,0,0.11129984922783939,1
2.55448873207852,3.4217560250155628,0,0.03342193919228902,0.3760787193986799,0,0.10778937915435666,0.23620122994413473,0,0,1,0,0,0,0.3589646667584133,0
0.6739653526937348,0.5606476283213545,0,0.01967106237155653,0.112255968825026,0,0.2590593160560235,0.04950424460510253,0,0,1,0,0,0,0.4035918461280182,0
2.693102486857074,4.04559084900611,0,0.07717690645948275,0.16675770677551072,0,1.284998152335522,0.1270684383229371,0,0,1,0,0,0,0.3192990734172657,0
3.727919958667486,5.569274747318203,0,0.1368728968979142,0.3679683913294897,0,0.5221297348097889,0.20705301066040258,0,0,1,0,0,0,0.4121942270498098,1
0.9861057559183249,1.3182405951817648,0,0.06556043945642134,0.25289161147957895,0,0.07635945766851704,0.1693370682009887,0,0,1,0,0,0,0.3105278859756663,0
1.3185803103793927,1.5059430645708338,0,0.07816191728261407,0.12338579989342643,0,0.5332313436659302,0.041867075499380575,0,0,1,0,0,0,0.6092296280856685,0
3.3236935204204814,5.1649895609546395,0,0.15785964493353016,0.25891853222685524,0,0.964983435000398,0.20976741847382407,0,0,1,0,0,0,0.3315502303598269,1
3.7255421374557884,5.024209959249862,0,0.0880491234262258,0.43872899598079945,0,0.5118238032263991,0.19094843076123508,0,0,1,0,0,0,0.5712817336462757,1
0.6453659140081631,0.5970003618979528,0,0.1579704875536845,0.12259625070517474,0,0.35832468380761257,0.16311694029895135,0,0,1,0,0,0,0.5404069400066369,0
2.4159920575059024,3.7906459633863756,0,0.22792234930766492,0.3152042462858151,0,0.8005271771801526,0.10697653203972514,0,0,1,0,0,0,0.2830803859945907,0
9.804636489895127,16.315354762722286,0,0.12247444288016424,0.5445156464993194,0,0.6302965771316205,0.3024413440588732,0,0,1,0,0,0,0.3021605290445699,3
2.769102365155522,3.9061806279998694,0,0.041710918042977,0.23149354070608635,0,0.27286976166866,0.08429769548658836,0,0,1,0,0,0,0.5068702990746119,0
4.351398079669214,7.024506421340714,0,0.17926536789675881,0.5147281460581192,0,0.6354416551812431,0.22681584581846714,0,0,1,0,0,0,0.19124703708754026,1
1.5128033372725103,2.210426288793269,0,0.042384391073001036,0.29766557926940135,0,0.07550966666220535,0.22956048916047428,0,0,1,0,0,0,0.3279852472704493,0
0.9149568158887574,1.169846410472817,0,0.11061905977745304,0.09033392303102673,0,0.5617172269444894,0.09350502480887002,0,0,1,0,0,0,0.43623632434248294,0
2.7426744990405276,4.077775867414187,0,0.0865842845066908,0.12651427834850962,0,1.0131456617046855,0.0811732276517724,0,0,1,0,0,0,0.4878221540022629,0
11.401958784297904,10.293749831398332,0,0.19253328670594602,0.6685377132899943,0,0.7923279799631076,4.055941642085605,0,0,1,0,0,0,0.5300443082168825,1
3.3067392570140766,5.103007495497028,0,0.10526316980158998,0.6369354144134213,0,0.6193311288485643,0.3219719153734846,0,0,1,0,0,0,0.21126322451030852,1
2.649605610026848,3.6526357915479224,0,0.2650434515040844,0.4752845274390858,0,0.25698685036977803,0.5806990392401126,0,0,1,0,0,0,0.17045327209760935,0
1.39662523047061,1.9402628012165997,0,0.04260084562674814,0.4417297761049753,0,0.1225465275633604,0.646031987935318,0,0,1,0,0,0,0.2749535088566024,0
2.2681103990196907,3.462551403067281,0,0.14749807560754702,0.35892394077894285,0,0.044037038755045395,0.4439191579063616,0,0,1,0,0,0,0.2712965237713319,0
2.259087192647864,3.5905133780607383,0,0.0855987908308389,0.6160728103288962,0,0.053662430359180016,0.4864632646654145,0,0,1,0,0,0,0.11710266861647445,0
6.631022198921008,3.5857543812046235,0,0.551973398970749,0.4323990491286679,0,0.2540154969861329,2.5346954584128336,0,0,1,0,0,0,2.3862419745491468,0
3.0189333510045886,3.018156642803171,0,0.07252814430068953,0.49698889938470014,0,0.551972405289923,0.265861850728635,0,0,1,0,0,0,1.1501112052536384,0
3.8379705768833885,6.030034630693077,0,0.04480010415562638,0.5282789777119405,0,0.9312785818214364,0.21431858470636672,0,0,1,0,0,0,0.3459754783317929,1
2.5011375910776943,3.7176252979619404,0,0.031409134203236905,0.3785935242000767,0,0.1674742038080078,0.25765055945257503,0,0,1,0,0,0,0.21969450952592645,0
0.8288970676490106,0.9341368881930967,0,0.07702676782161735,0.2093838365815737,0,0.2370824409651143,0.11252123760225786,0,0,1,0,0,0,0.48887003068371604,0
3.293591541656055,5.080266681397403,0,0.07816590500950513,0.20867657784665483,0,0.8014214145604757,0.06635862732813128,0,0,1,0,0,0,0.24325977728418108,1
3.4826502822863934,5.216075223057385,0,0.03162178091586406,0.49403257125074274,0,0.34670136452928496,0.22374555209461605,0,0,1,0,0,0,0.3583791609081977,1
0.9461555147444096,1.197856216646728,0,0.039564169030226144,0.3366997912956471,0,0.17509508387341838,0.15385308787523405,0,0,1,0,0,0,0.21717439721931137,0
1.8747230088290605,2.3014073001878135,0,0.04099004243558705,0.11740090713740495,0,0.7310803986309524,0.022930813357710116,0,0,1,0,0,0,0.4390695145372831,0
6.161528670327875,9.356219148514942,0,0.1484074477117914,0.513225400190949,0,0.8003036040626607,0.20158152306894966,0,0,1,0,0,0,0.9488420562853923,2
2.370161147531391,3.446890422748148,0,0.07743033012692424,0.3839003543518775,0,0.2697093324381794,0.2605908409865906,0,0,1,0,0,0,0.5016778401456334,0
1.020789291833923,0.9277491724460855,0,0.03989062615402758,0.12189696472840425,0,0.36603199052634006,0.05481106349446736,0,0,1,0,0,0,0.3620047579438994,0
3.448217700714209,5.424692220280431,0,0.1522676731012317,0.23101604626598415,0,0.8214888352040972,0.15728054353630688,0,0,1,0,0,0,0.3956408735075696,1
2.641915584988511,3.9445711823707192,0,0.0411704469632198,0.4235673711691741,0,0.17219398283388984,0.26351296784320655,0,0,1,0,0,0,0.29747930423485824,0
2.3374511652373635,2.6048356125505197,0,0.08656077021441576,0.14242462859808394,0,0.5974615151299261,0.09412664053367067,0,0,1,0,0,0,0.9176384523292597,0
3.226176985457781,5.294310279244519,0,0.16478970697721962,0.5515442503192445,0,0.363060781203715,0.22965759230549712,0,0,1,0,0,0,0.1620283208496659,1
2.0304156439780767,2.8019779813718255,0,0.06314680858055098,0.12136483845705813,0,0.5109254960652375,0.06657546857491342,0,0,1,0,0,0,0.21065877723131887,0
4.113946676508192,6.505545237867404,0,0.12792089349892888,0.4703626401325625,0,0.46466081415713123,0.2781580862752703,0,0,1,0,0,0,0.25435221116321827,1
1.3106137776441835,1.255112889234431,0,0.019851701744489983,0.20131595239951486,0,0.3072727138337918,0.16771910945643986,0,0,1,0,0,0,0.7051538771339214,0
4.846801399383873,7.916799990977125,0,0.06198121209109263,0.3445752713793477,0,0.49171224564354693,0.25190334351723687,0,0,1,0,0,0,0.29673540254420083,1
1.202037168946136,1.5956093819753687,0,0.07810234129164625,0.16401076623186084,0,0.6635660377755654,0.0671454279440667,0,0,1,0,0,0,0.3868429563103071,0
3.6304430995096415,5.5529818429720725,0,0.08372520992437513,0.3856721953026184,0,0.5025463462410046,0.2163504810868317,0,0,1,0,0,0,0.36411742040592937,1
1.4133756909561206,1.7763412656319388,0,0.03414856818833272,0.14834104272675291,0,0.578178385531968,0.03981742447531118,0,0,1,0,0,0,0.4989891033510456,0
3.4641592017524747,5.115527917983415,0,0.04099202408540496,0.28084834300158723,0,0.7246021217000027,0.3268710226631376,0,0,1,0,0,0,0.4726909726638977,1
1.9821773452145517,1.7875421111220273,0,0.08564334562513398,0.1245088725149751,0,0.6101707035849884,0.10531965059803669,0,0,1,0,0,0,0.7532741095571638,0
2.6661188561668894,4.0484635579416866,0,0.03189636187761172,0.4364514530507617,0,0.4152507365616337,0.2988102180540142,0,0,1,0,0,0,0.43554336325700704,0
2.3903457283112726,3.3686828819939656,0,0.04037267105219372,0.14115366265337906,0,0.8435718549628639,0.053247673553230956,0,0,1,0,0,0,0.5252825072217137,0
2.481561535107985,3.1800058680888923,0,0.030681032641140735,0.4257369984006737,0,0.28517207754729845,0.3268710226631376,0,0,1,0,0,0,0.3674389972883756,0
3.075545430450524,4.442820858839272,0,0.08539058592897661,0.17330376040647086,0,0.9466244003270803,0.17694030087638335,0,0,1,0,0,0,0.6139362103481608,1
2.693663296069973,3.9404000187205352,0,0.06012851519092392,0.48299929174154893,0,0.2930146328718373,0.28555973376646887,0,0,1,0,0,0,0.12307949745547202,0
2.452372205052524,3.5900635612860397,0,0.07723515698404618,0.1218429202767811,0,0.7616019111454518,0.11934119896182988,0,0,1,0,0,0,0.3490648477232532,0
3.017752849722444,4.350356527328381,0,0.08441300258947909,0.43339884034734866,0,0.32035096544779773,0.16770381686572977,0,0,1,0,0,0,0.3846411833597101,1
3.3741956996944085,4.8871450348903664,0,0.2631793910685926,0.13717633198740778,0,0.7004352842094099,0.08980270454379541,0,0,1,0,0,0,0.4295387446695055,1
1.8175234963241613,1.653083726411203,0,0.01816132766575398,0.26465915124171835,0,0.20959681866145483,0.2893069406855854,0,0,1,0,0,0,0.7911715940379294,0
2.500877853402971,3.2395706915533147,0,0.08305645993448656,0.21395915360108303,0,0.759779305830595,0.2407216452767773,0,0,1,0,0,0,0.4421873707013695,0
3.84280353178101,2.5289558572105713,0,0.046501292115604734,0.5305351050220757,0,0.04915706173668492,1.7505536745217993,0,0,1,0,0,0,2.1693221382569265,0
4.837586286224048,4.3283067259423325,0,1.2236952119353637,0.5353083183138245,0,0.44668997894565954,2.8308456903628354,0,0,1,0,0,0,2.3359041016490383,0
1.2569613811918767,1.4570983951990681,0,0.10588540130683247,0.14389530717277918,0,0.20469087475939496,0.0939425283284956,0,0,1,0,0,0,0.5015940236026525,0
1.9079884338558588,2.0176213614416234,0,0.11328318423263878,0.119675953825466,0,0.8461468714804133,0.5323156054658671,0,0,1,0,0,0,0.3655951344133709,0
2.431706025276877,3.7063533173414807,0,0.10470106735095608,0.24226348252048377,0,0.2528869209241889,0.14556874652915514,0,0,1,0,0,0,0.2683861144288221,0
3.38238167836502,5.148043358073247,0,0.2547745683216857,0.30707370118622457,0,0.506676908327072,0.3052703599343843,0,0,1,0,0,0,0.40008249317434497,1
1.3686918483327621,1.9228878156034304,0,0.030354873137591838,0.2151983333905841,0,0.5007781820911084,0.13210900878933973,0,0,1,0,0,0,0.2340665561625171,0
3.625718135395428,5.837431209266522,0,0.12462099079989471,0.5261124436960848,0,0.45553891072221214,0.24133737629310614,0,0,1,0,0,0,0.2835269996919685,1
0.9451472003791344,0.9120326543267102,0,0.08046171826466257,0.13443390667443236,0,0.1608427210220003,0.25890196728398657,0,0,1,0,0,0,0.5435403790353199,0
4.27113083347794,4.818764949011899,0,0.0850792674393637,1.4867119445957866,0,0.6255602761451263,1.4011314546435323,0,0,1,0,0,0,0.39423683423035283,1
4.221511032254438,5.984690573152535,0,0.038280623565775544,0.6792566430292863,0,0.3356690272259665,0.7243142031567491,0,0,1,0,0,0,0.28752358808312745,1
16.9305957835656,18.819855433777672,0,1.3155422780210986,9.084902064073558,0,0.458792573555726,18.572223019100434,0,0,1,0,0,0,0.5509784244990698,1
6.055337489363727,9.351244512336054,0,0.2433663992624882,0.7429614029155248,0,0.6296444986381233,0.31758091697831314,0,0,1,0,0,0,0.8868667361482119,2
5.970734970893084,9.894435389625523,0,0.01900112359723757,0.7444761220427948,0,0.3173172349578699,0.41681839051121183,0,0,1,0,0,0,0.1699567822002128,2
0.96975922103055,1.06273470269935,0,0.0761862997947883,0.123716653452516,0,0.28358780935759814,0.06766264976014003,0,0,1,0,0,0,0.4308752194313915,0
3.899125802951662,6.186431760538331,0,0.041028636799293895,0.47090563967993004,0,0.40246740271285353,0.3170523533103021,0,0,1,0,0,0,0.48133241677608907,1
0.887178639936444,0.6455686146588501,0,0.044230774352101515,0.06221625502424012,0,0.34472936196726084,0.03981742447531118,0,0,1,0,0,0,0.9616320389626022,0
3.695162530442507,5.547015054013372,0,0.037543450630376896,0.30283720772998673,0,0.4494739657920353,0.3161327719258251,0,0,1,0,0,0,0.7828841907195989,1
1.7844989789738026,2.0865687530572172,0,0.018079864673549714,0.20260170155864896,0,0.30745941693867834,0.16285764059786967,0,0,1,0,0,0,0.5650458496804195,0
3.888851140435822,5.936720987660602,0,0.06348131136259666,0.3065528753582797,0,0.6764835489351233,0.16468961398777512,0,0,1,0,0,0,0.6283071939509566,1
1.8912400055920264,2.780859094278957,0,0.05998464547661387,0.30100921382644363,0,0.12106883212159752,0.14279653594562228,0,0,1,0,0,0,0.275512366217692,0
2.5299663674616517,3.757241389013978,0,0.04469045163631044,0.1712575335559683,0,0.7845660096533948,0.07633904740074818,0,0,1,0,0,0,0.754153651029981,0
3.796604319665877,6.068324840318142,0,0.03913576465298589,0.4818878844510831,0,0.3024110748512905,0.33445392474250435,0,0,1,0,0,0,0.4876047150635284,1
1.0572403391354726,0.8011664863083079,0,0.0328576106545173,0.029670228000736015,0,0.4737309819380414,0.10394986808579573,0,0,1,0,0,0,0.6038929662323967,0
4.113884307730728,6.114202955735536,0,0.03983798954766489,0.5516217385836613,0,0.4192322146567737,0.36004510581465093,0,0,1,0,0,0,0.3867600524299056,1
0.8870674211460081,0.745296616302946,0,0.0598580453675428,0.10585476086427445,0,0.28867555193285105,0.06781164386136906,0,0,1,0,0,0,0.6528429378705165,0
3.0859608332135577,4.439385516069132,0,0.08731902262863511,0.12831584740320273,0,0.7487932737885604,0.08854658479939653,0,0,1,0,0,0,0.4023127174819669,1
2.6089799934736067,3.758769683045938,0,0.13600888523578356,0.4807367798582734,0,0.1863379020728227,0.27944464799618857,0,0,1,0,0,0,0.3706293717152137,0
5.441193670249616,6.996200162564549,0,0.0617850397957967,0.7453857376171044,0,0.17098663301757205,0.5654469228065568,0,0,1,0,0,0,2.192949067770435,1
5.914545614081001,7.891294301049162,0,0.12264886164800223,0.5335096860715235,0,0.3296507197215649,0.2931301675778064,0,0,1,0,0,0,1.9416927045764605,1
2.9879432300012927,4.130394370958021,0,0.26371658736525094,0.3587897952919432,0,0.20222352672758723,0.28355979683173593,0,0,1,0,0,0,0.6612083462344667,1
3.420778227993398,5.46766316308979,0,0.08643470221518293,0.3004580121698708,0,0.6047309548969941,0.13920160649330351,0,0,1,0,0,0,0.3519540650496684,1
1.3073481813393661,1.966876936138771,0,0.03248043046312297,0.24546201255762434,0,0.14598167799249023,0.1305448667862503,0,0,1,0,0,0,0.24497799792905456,0
4.661279747750032,6.566486211907803,0,0.061810122742997325,0.5482497613283053,0,0.5171338180868016,0.302579820796373,0,0,1,0,0,0,0.7687855257688059,1
4.853494717671085,4.952839693282092,0,0.2085513122249571,0.5493943066336242,0,1.3274669883897918,0.7251659872543439,0,0,1,0,0,0,13.01644113843997,0
6.266043767877814,8.810190782985059,0,0.13361435911404987,0.38954412103671177,0,1.4268725890600336,0.23862065020483125,0,0,1,0,0,0,1.639753807671436,2
16.64456047342523,14.106481939594486,0,3.4158301386292074,1.0325422645230486,0,4.741354213928668,4.896045360792386,0,0,1,0,0,0,13.586331185287982,3
29.81450373030908,33.03022338862635,0,3.4235603394455514,3.4635811390035958,0,2.667850731164199,3.9182734428235575,0,0,1,0,0,0,1.221253045716485,2
5.9236382755673445,5.221139709462806,0,8.367812734351366,0.4201462889101345,0,8.831978970910443,0.769903811676197,0,0,1,0,0,0,5.560280066959333,1
2.522795729482135,3.699189622252486,0,0.29094159005705067,0.4537009914308762,0,0.8097276148594129,0.3715185082804695,0,0,1,0,0,0,0.4561835618390548,0
1.8840583061011578,2.251966190927108,0,0.0657660079519223,0.17907264663167843,0,0.46026577062423235,0.40671391391705547,0,0,1,0,0,0,0.4399367933578371,0
2.7787056306237243,4.187910347768282,0,0.28382793463725636,0.39696324397639593,0,0.3579253913022705,0.3102631678272025,0,0,1,0,0,0,0.16699095199062464,0
2.982983630170504,4.420967907323564,0,0.13975190028229964,0.2714530994647959,0,0.6593667577572258,0.22846790121069865,0,0,1,0,0,0,0.3654490998103807,1
2.148967116367109,3.3415399498254517,0,0.11841759028954285,0.2600422187183963,0,0.7931019114392307,0.3104367198608512,0,0,1,0,0,0,0.15878863261579418,0
2.074051372109371,3.1442312666491925,0,0.08210355351441932,0.3018252117940139,0,0.5770817684126716,0.22349835385469002,0,0,1,0,0,0,0.17914177282798027,0
2.275707080341144,3.588675491164939,0,0.053996901230430674,0.41109321848167746,0,0.27930400694856594,0.27291887106161683,0,0,1,0,0,0,0.12603991659456962,0
4.788477324209346,7.562530292307988,0,0.46292631256920463,0.5660641609609977,0,0.6037102500959418,0.4099913072712321,0,0,1,0,0,0,0.23807425221290046,1
1.3364577595326992,1.7315210085617974,0,0.10229774206177804,0.38699130052275815,0,0.7130940995675362,0.1637668337803178,0,0,1,0,0,0,0.24233665650326788,0
2.6648826194708066,4.033041849057764,0,0.10879717268680764,0.36797996946273037,0,0.49670067029458576,0.3194683967038783,0,0,1,0,0,0,0.16737171532305115,0
3.2595244211078263,5.139623263716475,0,0.027931991927201517,0.24743736937886168,0,0.7525707629674616,0.10640345520035355,0,0,1,0,0,0,0.20711138820955446,1
1.6893885050170776,2.457401083978145,0,0.06254839294773856,0.2910710921601374,0,0.703590361692,0.14217507730328968,0,0,1,0,0,0,0.40766317806801633,0
5.015611772649079,7.536996159266088,0,0.20535109556707087,0.4814203983940917,0,0.9957950952099741,0.19839954379284283,0,0,1,0,0,0,0.6832719237894136,1
3.5019274697583667,3.8547795955867095,0,0.14885598699174946,0.15833248265826336,0,0.5650645285556608,0.3065414345431547,0,0,1,0,0,0,0.8716478218795364,0
2.9102410375759673,4.472056461449061,0,0.05083664350209606,0.5202159025455213,0,0.4297093391106436,0.24778149048051648,0,0,1,0,0,0,0.09719992698659805,1
2.5290372447148872,3.4689806528512643,0,0.11230503286669179,0.22904099537567038,0,0.8499013210388625,0.10389588314831746,0,0,1,0,0,0,0.26006417914641955,0
2.5429183862810802,3.4217841522444776,0,0.09236947815329474,0.43100751256209485,0,0.3194357446446774,0.22331138770934753,0,0,1,0,0,0,0.41861046902709687,0
3.1192279987640723,4.472257562525557,0,0.15214303629475323,0.5585738819042672,0,0.5272770762136905,0.25709572179183954,0,0,1,0,0,0,0.9657608358812129,1
7.1827103570643605,7.641004955390645,1,34.22589763143583,0.4300811790598085,0,51.85014468239322,0.17528206628530102,0,0,1,0,0,0,8.686823367146726,1
15.422198903233356,9.378839382205541,0,8.978735177785737,0.4058605552531032,0,3.65063535198583,3.8475041017551774,0,0,1,0,0,0,13.469776237099502,0
5.016185638047552,5.710760064851141,0,0.1620995616172,10.183647998658826,0,0.27584647359142245,0.4001333403218259,0,0,1,0,0,0,1.0934758179303465,1
3.741374998971855,3.449450253502787,0,0.2556152076613618,13.681345575960602,0,0.3349397552336284,8.666823886219293,0,0,1,0,0,0,0.23210353839186326,0
3.9528051582000354,5.3034303181705615,0,0.06303485635166597,0.379245047852211,0,0.3239515967689963,0.36110792123119984,0,0,1,0,0,0,0.35353441284636966,1
2.818832800518434,4.278545260483019,0,0.04006623426729902,0.3376297383398059,0,0.42545712003702707,0.3986363922497482,0,0,1,0,0,0,0.5540636573063169,1
2.282654833116081,3.0238717937734054,0,0.07119041468803014,0.35697198004267194,0,0.22027197164003198,0.29038545230080365,0,0,1,0,0,0,0.8529718217170874,0
2.522151798144801,3.980887852388094,0,0.12991258346508533,0.30400368404345446,0,0.5015143257753085,0.2886170719765496,0,0,1,0,0,0,0.20385641680196787,0
3.530031859099123,5.014029487501367,0,0.2103084914873573,0.14763225267917024,0,0.37326058297144105,0.16682165429969853,0,0,1,0,0,0,0.5151222338330267,1
3.3807499540226043,5.0955353091290645,0,0.08378682392301243,0.4151272762797834,0,0.3666584844010149,0.5066419736880796,0,0,1,0,0,0,0.5095555709576469,1
4.727961060134657,4.258505844596469,0,2.139765035091953,0.45019066923831597,0,0.7896546743590271,2.285577940369111,0,0,1,0,0,0,0.16983173540081797,0
5.447966680526402,8.378804596768049,0,0.04179237991840265,1.2204802599812359,0,0.47757534074690267,0.4305481292060616,0,0,1,0,0,0,0.4746129201578553,1
2.2342823961752902,2.486595131414668,0,0.11926769331682757,0.1965538883339725,0,0.1758806405332247,0.09324176091080191,0,0,1,0,0,0,0.9749115898962899,0
19.494230146974175,13.755612879031752,0,1.2800194555595725,2.0726853428262357,0,0.8606310785135998,5.000711485618096,0,0,1,0,0,0,7.201040187071209,2
15.179200665195282,18.637947871775086,0,0.6130602471812909,11.524665096095324,0,0.5080099157232918,4.764864649437069,0,0,1,0,0,0,2.0814934650261443,0
7.921243133636918,4.846951703838019,0,0.4011963346133034,1.278282462108133,0,1.8749509129126536,0.21782070807956702,0,0,1,0,0,0,13.00797360182331,1
2.5415813809989145,3.4906005254506467,0,0.08256197549630111,0.48500614518009316,0,0.298585431838056,0.25636133579140047,0,0,1,0,0,0,0.9888156392140404,0
2.4166956546007086,3.328551888797011,0,0.08275047175387533,0.24047973501683625,0,0.8569977539165385,0.06353521598179392,0,0,1,0,0,0,0.630680601274026,0
3.8852933978829585,3.600917828308966,0,0.06990307246440623,0.3105405099390107,0,0.37978725085180215,0.08789436705900201,0,0,1,0,0,0,2.0490513048131542,0
4.955888233023601,8.192859158126474,0,0.21153425021743247,0.5000657161525031,0,0.276787909375177,0.2361997881998328,0,0,1,0,0,0,0.3103774587886706,1
1.826432094919952,2.0781709265989377,0,0.07289710545144273,0.32440341799270295,0,0.6132771814102674,0.14427473731655904,0,0,1,0,0,0,0.7966427170216982,0
3.8906904879502155,5.7312948683162785,0,0.07314716764633225,0.40967683579005665,0,0.3986788368368286,0.3118795212536158,0,0,1,0,0,0,0.848952027474354,1
3.4084308616999364,5.29395859326118,0,0.039985565355591376,0.18674190223695541,0,0.5525239376412936,0.06725930588477844,0,0,1,0,0,0,0.39319694670269845,1
2.3524113405222793,2.861459729031579,0,0.07127745321110641,0.11661129717340504,0,0.43004458722775807,0.1038423575390442,0,0,1,0,0,0,0.7371994616799423,0
2.96623641747417,4.163386979605356,0,0.08460077544485786,0.2792349202552174,0,0.33299965168488915,0.3395221292365643,0,0,1,0,0,0,0.47957055859522224,1
2.818021045438782,4.222009947715499,0,0.05930023186889878,0.3227680339962216,0,0.36811909708238477,0.16036478684370312,0,0,1,0,0,0,0.18795771378328896,1
1.3991801027474804,1.6411936938771812,0,0.031963282498918964,0.11803249401267626,0,0.5597182780034263,0.08617086699929519,0,0,1,0,0,0,0.4912089189004972,0
4.160929211747733,6.179672644065544,0,0.03133302364334996,0.3177288969229538,0,0.30517064862845067,0.2929606410008672,0,0,1,0,0,0,0.8219957900667992,1
7.583766342293584,12.325154846972389,0,0.030509719199211593,0.32478584570752944,0,0.422470903346301,0.2170149785401197,0,0,1,0,0,0,0.26413075447093187,2
1.30674957074473,1.64986403465658,0,0.12167017279801737,0.15970190562624692,0,0.45675113677279444,0.06759822567605706,0,0,1,0,0,0,0.4437305215892908,0
4.961762246046909,7.025046998003382,0,0.11707453285050459,0.32308133376941794,0,0.1631320167044603,0.1858923497304733,0,0,1,0,0,0,1.4228028734257059,1
2.618837813518331,4.0161126881074445,0,0.03958615314925449,0.3313210283408702,0,0.23299763297721754,0.34578764781545346,0,0,1,0,0,0,0.2223681717486553,0
4.3250487623697875,6.295300730846769,0,0.081544235189216,0.33582065001919825,0,0.4457362393882041,0.2453207834297395,0,0,1,0,0,0,0.4451314539843715,1
3.210507460236445,4.967585138963902,0,0.10014540516279626,0.30477584463734364,0,0.4074384160599487,0.09411265009009023,0,0,1,0,0,0,0.3508042352766658,1
1.9577134858329106,1.9046966676708965,0,0.04120572854615457,0.24827004608500797,0,0.3547401788675889,0.17225624472514545,0,0,1,0,0,0,1.0522197586799544,0
2.9177980531229744,4.507845058251232,0,0.11464050669924572,0.4217249371158116,0,0.25557804569269627,0.2700785320412828,0,0,1,0,0,0,0.5180706872456038,1
3.694160523587493,5.802473535842098,0,0.05936542663645468,0.41060202962413395,0,0.5587962257378573,0.24567073406202192,0,0,1,0,0,0,0.36523648247516655,1
1.697183384843462,1.753661248351866,0,0.11463815519572731,0.18746304033543285,0,0.5386124507523667,0.0827259876939926,0,0,1,0,0,0,0.9240856789790797,0
2.374348971863537,3.213006743338492,0,0.12443717621972063,0.3081562939501902,0,0.44815244788119457,0.3041371490161572,0,0,1,0,0,0,0.7456557536079405,0
4.538892911243089,6.1770810082109255,0,0.03029669884632492,0.39718091408739103,0,0.4480792640894545,0.16521920350481156,0,0,1,0,0,0,1.2162085095818478,1
3.648254710892176,3.3288090677221054,0,0.0841503317820557,0.25138068153881576,0,0.5795270066072385,0.20141304451579992,0,0,1,0,0,0,2.222060236769539,0
4.174907119250532,5.924042359369125,0,0.16083532809709195,0.4532926228584206,0,0.29200378254641673,0.9217413766931041,0,0,1,0,0,0,0.9993113180474483,1
4.144939048834777,6.098509393557323,0,0.0750630348202845,0.6025939700715554,0,0.2518624781695958,1.100061124502568,0,0,1,0,0,0,0.5709182486863533,1
1.9641805212486148,2.496977372817825,0,0.155755883050239,0.2905875094758571,0,0.2373926293665456,0.27604666487741525,0,0,1,0,0,0,0.44582851469834583,0
3.407582684457134,5.443414290869408,0,0.12037444965676455,0.25318682575521856,0,0.6931168703214348,0.15715891878156651,0,0,1,0,0,0,0.22607107229892676,1
1.179864301993287,0.9965296347217247,0,0.07348285187845185,0.15977047971209693,0,0.4491214504496264,0.09795502228656995,0,0,1,0,0,0,1.0006878480713604,0
3.324170482109359,4.674646200450059,0,0.18736990714868276,0.26962360497226917,0,0.4074224952451284,0.18812374406027565,0,0,1,0,0,0,0.5490617373690065,1
3.947139406637895,6.242484419968062,0,0.039705645602184814,0.611566452942588,0,0.3723193334846182,0.14698873441891253,0,0,1,0,0,0,0.12919773725369865,1
2.6757708634472572,3.8551719769191473,0,0.08358435299602478,0.3690702982882491,0,1.0575503278016933,0.21460543608555294,0,0,1,0,0,0,0.2835080664495703,0
3.753436644858528,5.88505363308241,0,0.07300172892640598,0.25296338422551656,0,0.43456125044990856,0.17034079364922217,0,0,1,0,0,0,0.5527662798671711,1
4.374277136791012,6.511882058632764,0,0.12167609697671519,0.17880967211326465,0,0.4612953059920467,0.12692910812369365,0,0,1,0,0,0,0.9159160150549926,1
2.2667376813492837,2.577938788951362,0,0.25635712612754696,0.09969751175175998,0,0.5235130844778368,0.044948141553700194,0,0,1,0,0,0,2.2311502316132685,0
0.5882884695385557,0.6868637793487188,0,0.07835269212507343,0.07071214577971682,0,0.22019694409761734,0.06702797582433545,0,0,1,0,0,0,0.33820223392980014,0
3.8817984684333044,5.870868213782013,0,0.11938290518544623,0.332489822973382,0,0.3778912222457176,0.1924824057297559,0,0,1,0,0,0,0.8720673269750528,1
2.358607458759201,3.750799438212429,0,0.08345161728562296,0.21782516970472215,0,0.45140816259958816,0.13176094620454426,0,0,1,0,0,0,0.22389201091842653,0
4.831805295870131,7.512628933377016,0,0.11663615869182814,0.27509455774148445,0,0.3792693611987119,0.17360556379781517,0,0,1,0,0,0,0.4563235003129888,1
4.167648140979358,6.63605431990202,0,0.07395705703862629,0.3394104499081352,0,0.38679505740335896,0.19151864839236388,0,0,1,0,0,0,0.6479919799795375,1
6.8991506955798,11.345373201588322,0,0.04116240282904453,0.2810542614391301,0,0.2178699351885437,0.1937597753883605,0,0,1,0,0,0,0.382916162572831,2
2.885431226773744,4.682646685675088,0,0.03990860698966746,0.1731735972370401,0,0.3279513521987575,0.16311700998475848,0,0,1,0,0,0,0.26309750872533794,1
8.703762877296533,14.380341475183021,0,0.039981312948738315,0.47234226324530126,0,0.5911371501594369,0.27727224732074945,0,0,1,0,0,0,0.7592532968487735,3
2.480566076043039,3.3756549146203856,0,0.04185750863148651,0.2101922022619217,0,0.12702256501007947,0.2546946384815098,0,0,1,0,0,0,0.5782976852731845,0
3.1135684905942735,4.514113481694729,0,0.032122567586984695,0.2679092672527644,0,0.4608314697989446,0.10340306503524116,0,0,1,0,0,0,1.2774330096757178,1
2.9552367113459272,2.8373693166954146,0,0.030842787675830943,0.31674948909914896,0,0.14262401433005795,0.11947919953985994,0,0,1,0,0,0,2.876774274265631,0
7.918880281861226,9.031140929553553,0,1.150541810171979,0.262424014805747,0,0.35938483020533873,3.8456458939532157,0,0,1,0,0,0,1.1014923103790841,0
3.936184994847393,5.357373215954222,0,0.3553594465470051,0.5495312484545412,0,0.27332595288601536,0.25845246139356415,0,0,1,0,0,0,1.0926276416936995,1
7.173706280021585,6.557077934827066,0,0.45496142968582204,0.6308150373929027,0,0.9519755859302403,3.7314476424380967,0,0,1,0,0,0,1.5181204396723347,0
4.430192339137604,7.2340413286641105,0,0.0811094382508307,0.3461722510867476,0,0.5580615905840116,0.14121152573233586,0,0,1,0,0,0,0.4949572746422608,1
1.005883065536792,0.7487032583954699,0,0.08465197926824611,0.1262433384455392,0,0.19550335940467586,0.23762020754165575,0,0,1,0,0,0,0.7465962336097831,0
2.971008254082566,3.9663696214483237,0,0.05961665867117223,0.34860296500503263,0,0.5172787924878322,0.16844462661074083,0,0,1,0,0,0,1.0120960387367988,0
3.7805259227724477,4.970900700294559,0,0.03137778706014159,0.43385201277843743,0,0.5168009172543676,0.2204738557106531,0,0,1,0,0,0,2.161982933147299,1
4.294235011468423,5.576117676896222,0,0.9917122163704801,0.5496440550644719,0,1.7024822587678727,0.27535200327968,0,0,1,0,0,0,2.7626203082107175,1
2.3298653711636508,2.429479978836038,0,0.04837205648926003,0.29984108214591015,0,0.3561913652069087,0.06133343771209527,0,0,1,0,0,0,1.972686907148697,0
2.338323372746873,3.7119047679559007,0,0.08627519486179207,0.3663749222558033,0,0.2504127413869169,0.19042963078154218,0,0,1,0,0,0,0.21288140857119042,0
1.448173992304105,2.223121293971926,0,0.19928669299523596,0.18990651157522886,0,0.4389140934568527,0.06565399608863476,0,0,1,0,0,0,0.16918882942284247,0
1.2949399491904168,1.4042150282064383,0,0.0751739965095924,0.10661109039499148,0,0.37613380779148275,0.11150504892195644,0,0,1,0,0,0,0.8071732542318475,0
7.181864978861425,7.599589611175818,0,1.0064534493072375,1.0792715433394078,0,2.6298493068623023,0.10948454855445683,0,0,1,0,0,0,20.019423692970914,0
3.156503127400293,4.890113247497666,0,0.10598126049492973,0.2549748674516702,0,0.24637613570560457,0.19692417308082424,0,0,1,0,0,0,0.5028885956405322,1
1.6491191071554896,2.2729556771454225,0,0.20812275482125525,0.08715077893300083,0,0.3221870638439449,0.07943741391172385,0,0,1,0,0,0,0.3913770913709326,0
1.5608782638028715,2.359555120319974,0,0.08609336941640333,0.2165400924454776,0,0.19548246875121947,0.12375549920220319,0,0,1,0,0,0,0.345770710587616,0
1.94039115764319,3.0129607288264726,0,0.12964201847713325,0.31280546899375467,0,0.22571517088100645,0.17549485149876648,0,0,1,0,0,0,0.16013656131748708,0
3.0735732692142133,2.917191267917389,0,0.21466913391297177,0.19804399372275977,0,0.567952712430148,0.14777965404203836,0,0,1,0,0,0,2.622435408092297,0
5.9122769249438,6.397070596289685,0,0.3473126767782857,0.16609379940210994,0,0.9902266282115835,0.34703420828693665,0,0,1,0,0,0,4.615769837032257,1
14.001851130341276,10.940565952846017,0,0.2675082851830534,0.3151041851625668,0,0.968630674695504,0.47799387240850216,0,0,1,0,0,0,23.005623773555133,2
1.7340408740552458,2.4703959605627204,0,0.04195202905476979,0.2746424654533528,0,0.17613875554520134,0.12610668723534396,0,0,1,0,0,0,0.3860440834726271,0
2.871485455910343,4.485396588710625,0,0.07984355558315129,0.27161855634840104,0,0.37458345513931174,0.12054554546366894,0,0,1,0,0,0,0.39015231539501405,1
2.495233703477385,1.5781372522590442,0,0.1236111048379509,0.14648096564787097,0,0.37881115342401855,0.16385584928334365,0,0,1,0,0,0,2.191621087799623,0
3.0113544286420044,3.977872492141175,0,0.030464594102301346,0.3060735772803887,0,0.3564469926901367,0.11399461238545912,0,0,1,0,0,0,0.9097985599254961,0
4.010502315617475,5.873590151950972,0,0.09758324477486374,0.3670982594310709,0,0.2964467981298223,0.2379341779632706,0,0,1,0,0,0,0.5798061055621948,1
2.7471066989008097,4.099108067513271,0,0.12056190021265431,0.19645870782989738,0,0.6145536853784244,0.14984343879491185,0,0,1,0,0,0,0.5696657984601554,0
3.1489370313378817,4.522285529252085,0,0.04016276422025988,0.2778832844719134,0,0.3434694483061573,0.1730728192760138,0,0,1,0,0,0,0.4618141511046753,1
2.902830406984687,4.263511197513358,0,0.04119559200978556,0.28822543055192434,0,0.43478832292499875,0.18457268886359823,0,0,1,0,0,0,0.7108756193998804,1
2.310434392621521,3.237102503759989,0,0.1533563260140641,0.30984611377495735,0,0.567227621402992,0.21533470150286954,0,0,1,0,0,0,0.6578869711914279,0
3.487251564487782,5.4766642483617405,0,0.07814695225078869,0.2991738537797466,0,0.6123347009692635,0.19178494493844475,0,0,1,0,0,0,0.17853535706969992,1
1.5289700394177708,2.193876383862315,0,0.07966077754434155,0.13090581835014967,0,0.6409542337716299,0.09197136657895284,0,0,1,0,0,0,0.24372955013890601,0
2.1378439851594124,3.1296447701425443,0,0.12352884751474319,0.2847908837639524,0,0.4321560568617071,0.23937326680497856,0,0,1,0,0,0,0.4647457950673053,0
7.70305139906519,7.563078225129911,0,0.9141660350985878,0.4454219485629043,0,0.5556124160939777,4.380274357271947,0,0,1,0,0,0,0.4694728231178561,0
3.2360572267041063,4.551914829222288,0,0.2243449744003847,0.42669692836195217,0,0.2923819024108917,0.2518471108775779,0,0,1,0,0,0,0.2693090425200151,1
2.4463018626278292,3.4825830520751015,0,0.12977021147598225,0.6324166612850236,0,0.41928055571204326,0.2508581533112417,0,0,1,0,0,0,0.717368907638269,0
1.9317826565425051,2.880453759903365,0,0.12332557961582219,0.37086778041629864,0,0.36483535182017346,0.19475060595161642,0,0,1,0,0,0,0.3840753617900038,0
1.3998089087340462,2.1267002339065066,0,0.251428114520934,0.31251934134189013,0,0.7931233007157276,0.31583094835339676,0,0,1,0,0,0,0.23457142436545778,0
1.9279036130512661,2.807524994263783,0,0.14443424533718507,0.38144979769336496,0,0.24767383363722478,0.10804696121352442,0,0,1,0,0,0,0.2341909255697835,0
2.5436063822910047,4.101011209101344,0,0.24218968160612148,0.18779738729309398,0,0.5270453493954506,0.3072733447782241,0,0,1,0,0,0,0.14673490006587753,0
1.38868216544478,1.615123890709226,0,0.10708237665274334,0.24947259530818838,0,0.3368743980548542,0.06031051142517045,0,0,1,0,0,0,0.7809491327652038,0
3.6808739196980254,3.4687171281863423,0,0.16426818262152612,1.6174028540557288,0,0.41939944476436875,0.8294393321130681,0,0,1,0,0,0,0.5864741233876758,0
12.291024322105613,7.730762896355714,0,2.2337795063357144,0.33291701260241435,0,3.6171796717076283,5.349061447160826,0,0,1,0,0,0,12.767570189144484,1
26.018563585601925,29.10374837460641,0,3.8709097292543717,4.148833295529974,0,4.051693024401708,4.906403442176208,0,0,1,0,0,0,8.136843124999848,1
14.890349833606862,10.117623620668127,0,1.5144820070226532,1.1667505554572397,0,1.4565678667548723,3.005279991361634,0,0,1,0,0,0,7.530630965983531,0
3.8003842544732205,4.9953904288712305,0,0.037542137841588864,0.34777974623272745,0,0.49779601104242055,0.1628351354014463,0,0,1,0,0,0,0.5968746537970158,1
7.40999321000924,11.461584913442016,0,0.2425222949491036,0.4376091908759114,0,0.7939442537709289,0.31727685257003735,0,0,1,0,0,0,0.934193401064329,2
3.1485337494478363,5.10534452947383,0,0.0833161633357035,0.32605769001496915,0,0.528239918132435,0.2319441141631007,0,0,1,0,0,0,0.19806308323208888,1
2.2857594533211567,3.470605386963186,0,0.07386869694497301,0.12270740330710336,0,0.6135334102886971,0.13149966565715743,0,0,1,0,0,0,0.3432820442282033,0
2.453879113415386,3.8048095256018004,0,0.03924577578374512,0.2889060916926394,0,0.672047503490234,0.1654375893854059,0,0,1,0,0,0,0.3032465262952836,0
2.138502780304996,2.988590561471233,0,0.125019563213709,0.3212935380179212,0,0.4215889559378395,0.16736801114246022,0,0,1,0,0,0,0.5931575000899569,0
2.622467436278304,3.9597580958665453,0,0.1685825292174001,0.2852196125930266,0,0.5266999918096296,0.1574341232858612,0,0,1,0,0,0,0.6161776065393803,0
2.633405465420928,4.035534857002319,0,0.0416837574257131,0.3134729200938331,0,0.6090599271658734,0.19273649395529352,0,0,1,0,0,0,0.26989533124844145,0
2.1778235866921185,3.5040922150717373,0,0.07250018445074277,0.23151459927397122,0,0.7851805053606847,0.1534481681810569,0,0,1,0,0,0,0.14652865181056332,0
2.1709152164319936,3.3418029101245605,0,0.16604976796907733,0.19101686643700955,0,0.396968360783885,0.09039119154652872,0,0,1,0,0,0,0.28395594577703437,0
2.6999279668356677,4.155253480949106,0,0.12146217572380777,0.3044080256658278,0,0.3756285878246336,0.1313340532087985,0,0,1,0,0,0,0.19385755893275108,0
2.831180297292143,4.328457250595386,0,0.16278129663360427,0.24946617540712174,0,0.561340052039563,0.20157128392135595,0,0,1,0,0,0,0.552693218260322,1
2.0557118707888278,2.9250727223507362,0,0.16818191692854806,0.24776536827674364,0,0.5053315748642906,0.19991037938916983,0,0,1,0,0,0,0.4703760985838742,0
1.8878974506139097,2.9177509033352926,0,0.11334551741078513,0.14805554537208582,0,0.6491210838515242,0.07675972256259539,0,0,1,0,0,0,0.4173077969573329,0
1.8767108131412815,2.7076989670965257,0,0.08096220389801555,0.2253855413190215,0,0.34325356957357456,0.1744726971764943,0,0,1,0,0,0,0.5351719689696205,0
2.7416561988684633,4.324525147928689,0,0.042052464257971815,0.2865688902843112,0,0.3385613973357857,0.23846801713928933,0,0,1,0,0,0,0.32336165129365524,1
2.966710038623755,4.894082598541376,0,0.07976087538045445,0.2961405039034823,0,0.6682794049767304,0.21762923927206088,0,0,1,0,0,0,0.1327857322049969,1
2.3947126052683356,3.775028952320417,0,0.16735032168138134,0.1754174150126567,0,0.5663767725430385,0.11473096540545913,0,0,1,0,0,0,0.22018128277095073,0
2.5636689224653377,3.9413117385637597,0,0.07236327240101911,0.2321774599183289,0,0.4891877899593202,0.17954796056357383,0,0,1,0,0,0,0.3378844537673202,0
3.0641882395989177,4.852369840718996,0,0.10092279045248047,0.3136572642460412,0,0.5142185276015339,0.24193901447935878,0,0,1,0,0,0,0.3187067618233484,1
2.8431027652414187,3.71589272004832,0,0.2911184246401244,0.22544958475895777,0,0.5497798829445951,0.18083286071763763,0,0,1,0,0,0,1.3029002173888538,0
3.761384585777877,5.445187221098988,0,0.08492234643276421,0.113848486044513,0,0.8389586727417706,0.1562502880559142,0,0,1,0,0,0,0.48926941332603746,1
2.3625458814172036,2.7897258206372992,0,0.10163752714180868,0.17913650988797122,0,0.271211827738598,0.15367346579025168,0,0,1,0,0,0,0.9226969402372402,0
16.318733114430888,13.474232745579867,0,0.15618361079134924,6.5455724234621115,0,0.7875887183997445,1.9044455693131417,0,0,1,0,0,0,6.444230817385202,2
14.366156278555811,13.455049300104546,0,0.3234454502578528,4.069871720170909,0,0.8398589651680559,1.9992809171127812,0,0,1,0,0,0,2.776735845729006,1
2.684579898060403,3.5444194695287243,0,0.15079739613654589,0.32162043640529164,0,0.3791188471536838,0.40507697879277443,0,0,1,0,0,0,0.8134539264061116,0
3.998420385471111,5.6864755245832965,0,0.030677400318989675,0.3981634092864259,0,0.30836725516457303,0.23153087462137523,0,0,1,0,0,0,0.5034346908118745,1
3.4777075276703893,5.092823298288913,0,0.0738890816902661,0.2761616390492661,0,0.6929818127391523,0.22113286731880752,0,0,1,0,0,0,0.9096030015770216,1
4.169853278176803,6.511974911696922,0,0.03802037637042526,0.31935609601761783,0,0.5698912237243945,0.16054408495147107,0,0,1,0,0,0,0.4191832747739421,1
2.086046772279261,2.583959406450246,0,0.0582383319179926,0.3084427203946078,0,0.2758585381536509,0.15496376251001542,0,0,1,0,0,0,0.8437745372963915,0
3.0875455522285056,4.9353808705590705,0,0.21040638205757678,0.2503869325690413,0,0.40564484421448765,0.11396880136877988,0,0,1,0,0,0,0.26085516636715844,1
3.214465784391529,5.185069360184047,0,0.07294826308273511,0.3012060568114694,0,0.6082679017579917,0.15543623042503985,0,0,1,0,0,0,0.29981906107338585,1
1.6972593962335658,2.16791927953072,0,0.12190121579088796,0.19072584836089101,0,0.6538275914260921,0.12163817240050613,0,0,1,0,0,0,0.6131483960714951,0
2.5796327807462207,3.9907896562849077,0,0.04107997470258691,0.266674317074437,0,0.5739907266900502,0.15711956406379612,0,0,1,0,0,0,0.12000177142126518,0
3.885346167900117,6.019737663431903,0,0.07088541071200222,0.30390021025317215,0,0.4970451274200189,0.12755135929415656,0,0,1,0,0,0,0.3863438894546867,1
2.9337941877120377,4.066601995485346,0,0.16843154410990085,0.1453449782152574,0,0.8902090356346405,0.10773623087719475,0,0,1,0,0,0,0.6746105874762216,0
5.078964062693366,7.079929612610278,0,4.958626437018848e-06,0.3562522278803405,0,1.0486613693277456,0.13300140393104226,0,0,1,0,0,0,0.6068598873862205,1
4.30344670631969,6.225085401218059,0,0.04130551242872371,0.4490814852811561,0,0.5428229608551857,0.23846801713928933,0,0,1,0,0,0,0.089575883831546,1
2.8002292750259605,4.412975225972458,0,0.07322388201363395,0.25369375109032144,0,0.49322399799863353,0.12574049259695003,0,0,1,0,0,0,0.34025516677680456,1
2.859909715016819,4.394099986550911,0,0.07971166234924972,0.2515225831465248,0,0.5289309096239777,0.20524450914995876,0,0,1,0,0,0,0.42202521994282366,1
8.196639134651114,9.744433939140096,0,0.7189738950712861,0.5583695533406245,0,0.8499605539586417,3.1670941921628755,0,0,1,0,0,0,1.390142244374618,0
3.9751024280604943,6.371105703392962,0,0.07756140039698782,0.4475923329167116,0,0.75659136232397,0.40763386489229025,0,0,1,0,0,0,0.15634607558705044,1
2.141116486599353,2.5518689917509136,0,0.05432734548694002,0.20681202433114598,0,0.5203192781510801,0.2234934769867224,0,0,1,0,0,0,0.8054809789949309,0
1.1708716262524894,1.3991814779859109,0,0.14804384713315874,0.10420696457449366,0,0.9553396326826064,0.05482035433749655,0,0,1,0,0,0,0.2879037808417547,0
3.695939191076005,5.978317778447893,0,0.05729461612501991,0.6295422932053555,0,0.5630822113714364,0.24424459771559592,0,0,1,0,0,0,0.2804490814205336,1
1.0241427638435912,0.9329345937382444,0,0.0756918406562894,0.10562560491871305,0,0.8183496092548097,0.05484300269063987,0,0,1,0,0,0,2.455523992107395,0
2.4386717055824905,3.5988948476595946,0,0.16062551647288537,0.39846811171453445,0,0.5015616807547005,0.17866337880392444,0,0,1,0,0,0,0.39470942832104783,0
2.5024267093074632,3.4127615027942797,0,0.1177240322501509,0.27779999093738955,0,1.1343600558364362,0.3399393164149027,0,0,1,0,0,0,0.42865009091528083,0
2.8949299118433105,4.41791465624806,0,0.0563362784426854,0.4154083172114571,0,0.5524388335530213,0.25734166686373,0,0,1,0,0,0,0.3928961881450212,1
1.0839380956924904,1.041406889249707,0,0.035338212800611876,0.32129449261214177,0,0.5381303602271834,0.14775803034077717,0,0,1,0,0,0,0.7105227807583001,0
1.4591353245235814,1.9981779449944264,0,0.09561924084325568,0.10924471952000989,0,0.9155728655283517,0.06054276376813765,0,0,1,0,0,0,0.5437488201158035,0
2.334719260062871,3.4934438488842847,0,0.1598324807012794,0.2254030194740415,0,1.0316650787192927,0.1833605567192293,0,0,1,0,0,0,0.3012057789372344,0
3.342464476024695,4.682402042490892,0,0.07841470901796886,1.1220226818852053,0,0.8969276480679601,0.32091458575368936,0,0,1,0,0,0,0.3945439871990482,1
6.557346683630303,4.755973752563861,0,1.151482789448008,0.4891258916873472,0,0.7537871016399813,1.1925267763679965,0,0,1,0,0,0,3.4418676666563695,1
1.8648796670191288,2.3534253019587466,0,0.5588264836435342,0.47246575104392463,0,1.0841526348790675,0.6135185244731467,0,0,1,0,0,0,0.7433058385854541,0
1.8587304328594896,2.394581576381553,0,0.046712965034732955,0.22246734567541768,0,0.3443814907160292,0.3038742720318093,0,0,1,0,0,0,0.5740350524950746,0
6.550856459563565,10.787464444732061,0,0.34044438706049845,0.4160935289966475,0,1.1696601838725684,0.33211425155450547,0,0,1,0,0,0,0.33124561618803217,2
5.319292751491767,6.050820888940673,0,0.17249834793912888,0.5757841897405628,0,0.36874210851245703,0.2965238373671685,0,0,1,0,0,0,1.354848375260115,1
9.334538716863987,12.916805678737362,0,0.10386885626543166,0.44423685348435415,0,1.0989516063092037,0.31993410284316137,0,0,1,0,0,0,0.5163268820159882,3
4.5081549469461155,7.548046981376517,0,0.20512603457891052,0.22898630927136138,0,1.1356655688449946,0.25080755796982357,0,0,1,0,0,0,0.2329633863212861,1
0.7616749412035371,0.7407780825848097,0,0.10226493802884395,0.27015120387897973,0,0.7982224953899163,0.22343821734738917,0,0,1,0,0,0,0.06542995536625264,0
3.911710680200048,5.847547757100596,0,0.09480291463640377,0.2466922344437557,0,0.4128303249373122,0.3493441897950724,0,0,1,0,0,0,0.35555485700821354,1
5.052927943155285,7.966645689874307,0,0.13411284496642906,0.40575445734400334,0,0.7813290101101646,0.2822653822898967,0,0,1,0,0,0,0.37821446965649175,1
1.8422564974509286,2.245989799618209,0,0.49696499941156613,0.22731157239356797,0,0.8357284955257975,0.2564488594086505,0,0,1,0,0,0,0.4433682680765078,0
2.6946758505257478,4.097249642335467,0,0.3625006543339095,0.2773958422143778,0,0.4010412500724003,0.17363318964011404,0,0,1,0,0,0,0.41298425519539694,0
6.633422110582519,6.627537453163751,0,1.7317077485965071,0.5549310189642521,0,0.5927309190183134,3.87080770197218,0,0,1,0,0,0,0.6917246244250099,0
22.668033787722983,18.493716635399597,0,1.535465168615921,1.556866735964367,0,3.089152418170327,0.635267831643393,0,0,1,0,0,0,49.58552309550872,2
2.112886420001878,1.8403972998459257,0,0.3086758638036074,0.39701668857752487,0,0.6357729035236065,0.14131619771511925,0,0,1,0,0,0,2.061196096832105,0
3.766353124973046,5.077720345452079,0,0.2633293382059706,0.30686157534176695,0,0.4303448780497883,0.27301995638033716,0,0,1,0,0,0,1.5589072718861678,1
5.136054083476807,4.257788609818013,0,0.4326121534635397,0.30303950923088985,0,0.785036019302428,0.26104875793957644,0,0,1,0,0,0,0.7861824685472101,0
2.1856985259874606,2.687177546300968,0,0.18943451796890234,0.19575396848718496,0,0.2489806681079933,0.25022557244990273,0,0,1,0,0,0,0.5603337408886304,0
3.580358093121612,5.2937652343529304,0,0.317337650672583,0.3170117571807278,0,0.3737349488907295,0.17356852374707873,0,0,1,0,0,0,0.27102532003492524,1
3.5179916393053077,5.235487976857167,0,0.1553408048352467,0.22342586529638928,0,0.41121406816315065,0.02398347247637721,0,0,1,0,0,0,0.8110595527999085,1
2.569454634409386,3.525600238996982,0,0.12289774692525213,0.349883697043442,0,0.2874031154733869,0.25147157014368776,0,0,1,0,0,0,0.9905205333888552,0
2.7447216965122894,3.9107340430773645,0,0.26591694911347147,0.33913929756058414,0,0.2772532884338007,0.24287993490651763,0,0,1,0,0,0,1.1071384985702226,0
2.5560793617494513,3.912999870213732,0,0.31181842527224757,0.17210866439556127,0,0.2861549162872956,0.06907594234755796,0,0,1,0,0,0,0.23396171412036898,0
1.991879076924941,2.8965568394849757,0,0.14965476373941838,0.2791264713589524,0,0.18046055138288525,0.17470252185182558,0,0,1,0,0,0,0.2199896991470735,0
4.127542505156615,6.671878014773673,0,0.036952168512743834,0.49133302479748564,0,0.3285530556377454,0.10808370217266573,0,0,1,0,0,0,0.5361969648551431,1
2.3067738056302263,2.2477454533261145,0,0.11563869025034365,0.16324759128153213,0,0.4136150502156569,0.11587789234105958,0,0,1,0,0,0,1.9142734169284115,0
3.8781353036164603,5.132622946335747,0,0.12413834220256387,0.3314555318828002,0,0.2696662322026872,0.22188901408509087,0,0,1,0,0,0,1.5291498364869804,1
4.969062032005163,7.165141736906174,0,0.11348034447775075,0.3824048531107862,0,0.38866354650706364,0.16519704314836858,0,0,1,0,0,0,1.2506246028741619,1
1.8372531092317446,2.7791379314980102,0,0.03837487197235395,0.21819604191110462,0,0.5566052176041472,0.13479317423346487,0,0,1,0,0,0,0.4294281793275537,0
1.8436960704420995,1.979673662610775,0,0.03035702179095024,0.21152365210832064,0,0.2533231965789111,0.1708356029017008,0,0,1,0,0,0,0.8117507989156452,0
6.107262512769168,9.599836588622132,0,0.059844941788627315,0.312497892494624,0,0.4016075779389562,0.2585423234568698,0,0,1,0,0,0,0.9056366524933841,2
4.093801810536093,6.409843088020265,0,0.2964474261094747,0.4186528264495489,0,0.35928900587915813,0.2608654859377375,0,0,1,0,0,0,0.7959169355138459,1
2.270930658099539,3.5587727883988247,0,0.03816517143467872,0.17780931669821465,0,0.7948070395087377,0.1644194923913221,0,0,1,0,0,0,0.3541843983306877,0
2.3027250917145494,3.436927855836594,0,0.04100963111489577,0.29514453202821334,0,0.22421988854557529,0.08856248491895258,0,0,1,0,0,0,0.2529122462694321,0
2.650756155763829,3.4558527128813585,0,0.017943354849387964,0.210516530802417,0,0.4981014766855166,0.4084939141790098,0,0,1,0,0,0,0.8832185993215644,0
3.118949300580735,4.319892658920866,0,0.0975015261640419,0.4486215134792932,0,0.48216136669257875,0.1905220873401966,0,0,1,0,0,0,0.6122908003071871,1
3.3372819276843604,4.986453989337682,0,0.05907235215594778,0.2512374632032025,0,0.45405412434707026,0.10852692008607903,0,0,1,0,0,0,0.44907904517576286,1
1.8523369418779692,2.7060935176076204,0,2.5577839432411174e-06,0.17296487314141681,0,0.5780967865694638,0.12375549920220319,0,0,1,0,0,0,0.3282184530253578,0
2.603513927818925,4.011743790823091,0,0.017324462788280877,0.4003482780067444,0,0.37006761950649936,0.11549610084158037,0,0,1,0,0,0,0.2766735189631906,0
3.0822968853976316,4.7928981100585935,0,0.04067586653534837,0.39272791688800834,0,0.29881536674396086,0.2273143438513119,0,0,1,0,0,0,0.43367922060314834,1
3.257785735429036,4.791095384279637,0,0.017529113822466195,0.2840545895737467,0,0.45821847079272127,0.11399461238545912,0,0,1,0,0,0,0.7198026115050356,1
4.522262607580257,7.0146113951203315,0,0.05878218338994086,0.36785649072000176,0,0.3907507128726333,0.15091415755394072,0,0,1,0,0,0,0.7665963260149581,1
2.4009437931575732,3.602055946896385,0,0.057816271309772724,0.3060312907536966,0,0.4184521921826972,0.139974445254024,0,0,1,0,0,0,0.6938069016654111,0
2.8238401900775387,3.9510175766869935,0,0.03698584528649276,0.355991803955994,0,0.3950834825155596,0.17063086198847224,0,0,1,0,0,0,0.5035540329419048,0
3.187937276569313,5.054175798147214,0,0.030483864277022956,0.406791977683262,0,0.2505990597074194,0.11549610084158037,0,0,1,0,0,0,0.24920127689855093,1
3.4016967942306615,5.403886836366827,0,0.07039207028425609,0.3747582078361153,0,0.5688927271657132,0.17901497567193903,0,0,1,0,0,0,0.20005630436602906,1
4.279659665058427,6.059102594688159,0,0.038672253995567035,0.4099718655898745,0,0.5113481633614885,0.22057343752506686,0,0,1,0,0,0,1.2520138545467532,1
1.4895491680908293,2.096233468346964,0,0.03877050318284192,0.21086966500835733,0,0.5355780200671492,0.1634666145032589,0,0,1,0,0,0,0.3473162330969199,0
3.159713142702688,2.8905566012441977,0,0.12487338666989858,0.2710020429167366,0,0.38579619419320066,0.4475798925258198,0,0,1,0,0,0,0.7719920056844661,0
6.421609189338222,5.77709388982845,0,1.4192043452490033,0.4526070202794185,0,0.6890763772877916,3.446925488740936,0,0,1,0,0,0,1.0473836364191405,0
1.5191497886177465,0.9193085767202491,0,0.10930851118704235,0.08683585787133183,0,0.3417299963922312,0.07128813269008069,0,0,1,0,0,0,0.8874981568038469,0
2.4280323048612797,3.6647726320881997,0,0.10690145128252904,0.48894145860506266,0,0.4151596512934279,0.36725174454828474,0,0,1,0,0,0,0.6072951109003726,0
3.5643004881820626,5.200950087679538,0,0.038240821245771696,0.515812732832776,0,0.4543731304604319,0.3670384506550589,0,0,1,0,0,0,0.9738304155361512,1
2.8675353638868786,4.047838031859327,0,0.15063923905370838,0.5299013001657448,0,0.19296432134158442,0.5058477759502906,0,0,1,0,0,0,0.7719610031804756,0
2.091515926880041,2.9906346356372575,0,0.028937338217416113,0.44561080689697985,0,0.034585495727981794,0.2655502432024768,0,0,1,0,0,0,0.6554084386362844,0
1.700573811267463,2.3021888892324553,0,0.05669704713727208,0.20915348377584242,0,0.7381478224933709,0.1262230627499788,0,0,1,0,0,0,0.5203710130948671,0
2.873370263204188,4.43662363129519,0,0.10552715105580884,0.14992812638709277,0,0.7807403949923817,0.21508547430213093,0,0,1,0,0,0,0.47938637452155547,1
4.181936608971035,6.814372670646528,0,0.05419183109545321,0.45117984780372705,0,0.47903979181776546,0.3183873715259585,0,0,1,0,0,0,0.2452270401333802,1
4.749559063226596,5.2622565679472,0,0.06059009399627518,0.7584512958742688,0,0.214623969247783,0.4084640766921005,0,0,1,0,0,0,2.926222196298527,1
1.5432598278406093,2.068030737572535,0,0.0709765492216807,0.43701390921086825,0,0.09055036793281981,0.2042015325944608,0,0,1,0,0,0,0.42846443851613175,0
6.139700232891599,9.876639577805628,0,0.16657276561646825,0.874803599463663,0,0.24081729232764373,0.35256132041780985,0,0,1,0,0,0,0.3320710661965922,2
7.070380626526684,10.748454800602582,0,0.041089729259734684,0.740596836563507,0,0.5205157625244794,0.574332687313327,0,0,1,0,0,0,1.1197368902379687,2
3.444689461710109,5.211827317726322,0,0.06669078733422729,0.7322096145624921,0,0.19395948463653628,0.3122207230477546,0,0,1,0,0,0,0.4508347726514237,1
3.5693412310819097,3.989043715432316,0,0.08565994164877754,0.6212024526287245,0,0.3877182531516793,0.16733884347341862,0,0,1,0,0,0,1.0151997473293783,1
1.0571333959004083,0.9682918763773575,0,0.06894368487122533,0.34639334041766656,0,0.2523861588825491,0.29397420339696384,0,0,1,0,0,0,0.41705989238443786,0
3.8593546373450462,5.548201390312096,0,0.07400600103792268,0.5263086168143257,0,0.5327118502653301,0.22412451183879933,0,0,1,0,0,0,0.7141570663491049,1
8.08095608138491,12.514603859140927,0,0.15544776179143951,0.613012290659173,0,0.6227536234003137,0.18225736978047474,0,0,1,0,0,0,0.6598319160580259,2
3.7473849613016585,5.548861038160653,0,0.05522512447734101,0.31817126424408804,0,0.2615171572855917,0.2748077837565225,0,0,1,0,0,0,0.44925325302938857,1
2.747787696636838,3.078999919030372,0,0.15449419771930784,0.1403377624935166,0,0.6878168504148657,0.09553625596114197,0,0,1,0,0,0,0.4990652792324628,0
5.169856765042299,6.278479772108093,0,0.06937198456576056,0.4572112016300279,0,0.5964014699846738,0.24599401734758058,0,0,1,0,0,0,1.6063229377182529,1
6.52172755473025,10.067834568221425,0,0.0774460030437403,0.43459822767687434,0,0.43901059354097316,0.24928308745605104,0,0,1,0,0,0,0.362121446687365,2
3.5985070554614977,3.313026153426241,0,0.30175496776649596,0.14086070137708137,0,0.6095112011350028,0.17735431431808807,0,0,1,0,0,0,2.65948977746748,0
2.4893668045335584,2.5785944965561973,0,0.1392648770610816,0.3772353621450559,0,0.2833839596406063,0.338258870806466,0,0,1,0,0,0,0.5959872446883612,0
3.639505110990788,5.753420952014671,0,0.15997238418061702,0.45140238830232704,0,0.4672753417337809,0.24029885630932857,0,0,1,0,0,0,0.4120198599394964,1
1.8831830141556827,2.8429707397474617,0,0.11687310128834372,0.24474922904212593,0,0.7287810702664531,0.12694756545722594,0,0,1,0,0,0,0.2380337530324519,0
3.2217035210581066,4.9550627447556055,0,0.14007246285242414,0.4245368473741128,0,0.381480932129982,0.33327630051444657,0,0,1,0,0,0,0.2950408219472695,1
1.1978279824512603,1.478906669614739,0,0.09846619756939023,0.27970511773763895,0,0.18340725068645702,0.15286940500471152,0,0,1,0,0,0,0.11266516522560766,0
2.951636842833948,4.578229716949038,0,0.2006853833903481,0.29857717928172456,0,0.6423486456052231,0.11049180303610229,0,0,1,0,0,0,0.3291180846128904,1
1.8112374073028654,1.9426509590920173,0,0.05174583716622125,0.3725519447651531,0,0.3077664856784307,0.12449588326443614,0,0,1,0,0,0,1.0992157533031268,0
3.9618824486941673,5.677453093647794,0,0.3182900578303111,0.2805101499112301,0,0.6316169027144752,0.437295529773286,0,0,1,0,0,0,0.9344125807077925,1
11.32135390799855,6.829756927170714,0,2.8616256764686963,0.5279968184448582,0,0.5704706991795585,4.09821534899517,0,0,1,0,0,0,1.5505780038749122,1
5.496855122062064,8.102683621355673,0,0.2536071205408631,0.9531184946175569,0,0.32960028649146467,0.37334886396682293,0,0,1,0,0,0,0.6037317650986108,1
5.093941003866711,6.926501272973127,0,0.11139434020008862,0.5719742799525109,0,1.25713674063546,0.22613341586509994,0,0,1,0,0,0,2.508618654717714,1
2.755993270131773,3.7247820488763526,0,0.15488355731466838,0.3891920269122644,0,1.1763053241545727,0.33023198129025466,0,0,1,0,0,0,0.5233871272198876,0
1.3535697224224905,1.97088429685465,0,0.03865693465703214,0.18097036572889433,0,0.6433965300950104,0.14222561726666846,0,0,1,0,0,0,0.12159229188003401,0
4.335233361455707,6.841379115723777,0,0.041092084460427225,0.38219754703130027,0,0.509512704302599,0.17925839529514928,0,0,1,0,0,0,0.127211918337645,1
6.842184844727571,11.102736677575667,0,0.030689423873542773,0.6807941932289479,0,0.5954266318264283,0.41936921153225826,0,0,1,0,0,0,0.21972790074670923,2
2.6287674165793073,4.157747749441267,0,0.017858642112202627,0.2577488107795489,0,0.6195590125857976,0.22865570976444588,0,0,1,0,0,0,0.06397648059309802,0
3.0291017204866515,4.368794934223498,0,0.05854049394401655,0.2445503368894818,0,0.2977651988304714,0.12388671392337372,0,0,1,0,0,0,0.3477485527197304,1
5.868083588806738,8.652111875323971,0,0.07854198040687554,0.43280430469195275,0,2.7064544102424524,0.5979920480458452,0,0,1,0,0,0,0.8510361105146043,2
4.660802802686545,7.008876258795199,0,0.05781204221208629,0.3285208029008992,0,0.6173794501604499,0.23905715044035888,0,0,1,0,0,0,1.5981014772767987,1
10.340293619662285,15.756353217310402,0,0.039184423917480636,0.7243593812304806,0,1.468576894379638,0.7231202288455307,0,0,1,0,0,0,3.009188532551674,3
2.0658821986257987,2.6661634226551487,0,3.4300332694633233e-06,0.1989823516757051,0,0.2640721638444749,0.11990625854451263,0,0,1,0,0,0,0.45143985998453684,0
4.1285521575040125,6.364994596362287,0,0.037508082471199355,0.40689170372012584,0,0.4791616639267799,0.16742444819823,0,0,1,0,0,0,0.2998622570211748,1
4.941532093268572,6.022155653028067,0,0.03929478932935104,0.3203559609191845,0,0.7138883073022496,0.09017104767429254,0,0,1,0,0,0,0.8021124445732746,1
2.4256723258907114,3.7427277439589703,0,0.05731956415588682,0.27315241415984903,0,0.3939546984255994,0.2475224587581637,0,0,1,0,0,0,0.20717273657630475,0
2.9799185268811756,4.339418608797473,0,0.07018583159302406,0.3087565696560826,0,0.5301316633795261,0.18507913313126448,0,0,1,0,0,0,0.23011209227265256,1
2.312442817524834,3.369711516189252,0,0.08031905813591425,0.16614364199548126,0,0.6245422591613317,0.12833948011177368,0,0,1,0,0,0,0.3412044132078106,0
2.529734432242493,3.715310598204131,0,0.03680092510919507,0.24069028445429747,0,0.19850442383834765,0.19371602651215808,0,0,1,0,0,0,0.3266940481316776,0
8.291396310646999,13.589495072764418,0,0.07101105161847997,0.2630799331417829,0,0.5616436122187498,0.26573383882778456,0,0,1,0,0,0,0.4051868847689819,3
18.183943707157272,30.28237570951493,0,0.058330891943035534,0.4588349005119575,0,0.7966041985345402,0.25952667275296787,0,0,1,0,0,0,0.14542452910320053,6
2.776162578459447,3.6748309832327357,0,0.11291500932763517,0.22472974317226835,0,0.7371107212031887,0.12763660827623294,0,0,1,0,0,0,0.20613668815462877,0
2.494548285187834,3.839471118398728,0,0.031077430524641257,0.35245804490879296,0,0.3722200185919764,0.18462311408851756,0,0,1,0,0,0,0.3893569514901495,0
3.4452075748839266,5.020239538823688,0,0.0722283582988033,0.17985821288932408,0,0.6081512650640932,0.149078247286172,0,0,1,0,0,0,0.6181022892638335,1
6.015796783277601,9.9736429499513,0,0.07861981909859482,0.3583827075251067,0,0.48204554911293274,0.1810903696526778,0,0,1,0,0,0,0.13382536917572813,2
3.533382215530573,4.68244555457389,0,0.040282885052941655,0.29212217590725187,0,0.30515579994927833,0.1544861766820265,0,0,1,0,0,0,0.5718211229206985,1
4.272518310853055,7.069024151330937,0,0.030764416028555112,0.1924210749938725,0,0.6856578999247268,0.3150590184620191,0,0,1,0,0,0,0.20743374936272335,1
2.4965736749041816,3.8431755434411685,0,0.0793541426949108,0.1733258783144993,0,0.7520779837855092,0.07770438237953689,0,0,1,0,0,0,0.23421276072073716,0
2.469633727107822,3.7163458550243464,0,0.03094457919457976,0.21179963319324618,0,0.33472351006632683,0.09989603335111943,0,0,1,0,0,0,0.17640970600061245,0
3.326769833831609,5.423840896755595,0,0.09990083544781589,0.33785433604373993,0,0.5160400978656747,0.21299140872237365,0,0,1,0,0,0,0.28071123767968786,1
2.2728521843663425,3.3165753682377876,0,0.1520768687462085,0.1409654970648613,0,0.8817994510095672,0.06417059702204404,0,0,1,0,0,0,0.24347319230749123,0
1.8351329151110196,2.730467312579623,0,0.017450397350652624,0.16976876800666274,0,0.387554814950011,0.11443438369982224,0,0,1,0,0,0,0.15067544307859373,0
3.3024904608216246,5.039367227016594,0,0.03980013655516787,0.38104340753287524,0,0.45913354740276235,0.24571934889565655,0,0,1,0,0,0,0.3929993259077168,1
2.9047618334613428,3.953633410923705,0,0.03044157984167386,0.14798657607848856,0,0.8382760524336951,0.10558822540758138,0,0,1,0,0,0,0.4923773854868136,0
1.9007715353040044,2.6926191426234922,0,0.03034601517353863,0.16701919445104838,0,0.36784451017700726,0.22714050117100157,0,0,1,0,0,0,0.19795437509659447,0
3.6480239234920098,5.997790488644893,0,0.037563616060228566,0.32209627911837835,0,0.4715424032653064,0.21716553754713325,0,0,1,0,0,0,0.11164721404993896,1
2.6847136950132624,2.7209527546039523,0,0.03787990229200765,0.11834308032966362,0,1.0018674421691833,0.08699538523088676,0,0,1,0,0,0,1.170275596975745,0
3.047711588080079,4.75230972016021,0,0.03051910532259622,0.4349894006588868,0,0.289154774487327,0.22629349928981177,0,0,1,0,0,0,0.19145405432535145,1
3.5063172712782698,5.533660654875092,0,0.057810566878729694,0.29527173612839086,0,0.513493944695969,0.2444756970979115,0,0,1,0,0,0,0.25519828138479106,1
2.271064622891702,3.496963102779854,0,0.04001211212069425,0.3882415894233814,0,0.24113784216237735,0.35331005049403874,0,0,1,0,0,0,0.08458683886752584,0
0.9690712205658583,1.2651017397070412,0,0.03989488319940125,0.12718598178198845,0,0.5061198437116079,0.091409992183939,0,0,1,0,0,0,0.3020353482824362,0
2.2875977602645574,3.3298507370871153,0,0.017071903752099774,0.3746426833548228,0,0.24890531268375934,0.24778757639247778,0,0,1,0,0,0,0.4470837722348731,0
1.6432837990797313,2.188891189556187,0,0.04023122165701879,0.15219756102369703,0,0.45849595398680976,0.10864292870954645,0,0,1,0,0,0,0.6414586331932488,0
2.621053507034674,3.7936156265791228,0,0.017398754475177358,0.3342016413687619,0,0.3341394823073582,0.1970659077490058,0,0,1,0,0,0,0.5231929911909743,0
2.0816792350976554,3.06006516760938,0,0.03789442683488994,0.21273554435835557,0,0.4254841458948662,0.18911575269915892,0,0,1,0,0,0,0.47026128624280444,0
1.4440306553059932,2.148137206950333,0,0.0578345403005802,0.28954761129340467,0,0.14495392069015497,0.1225126387692313,0,0,1,0,0,0,0.2725328008965199,0
2.8949016321169028,4.676614654680932,0,0.03014020897663775,0.418916915015621,0,0.5032439121559152,0.22361057715118127,0,0,1,0,0,0,0.2829984534014148,1
1.6058543083744812,2.4454006239323642,0,0.05771753439866832,0.2382026307328775,0,0.4211548354877916,0.12476704699167741,0,0,1,0,0,0,0.18393172221378276,0
3.8420172473130534,6.092210535594216,0,0.030315762720178382,0.4775608739806903,0,0.3406560653111245,0.29303477411616785,0,0,1,0,0,0,0.5316471325320931,1
4.537774032207522,7.290384597290841,0,0.08008697380792204,0.18765462502106645,0,0.5406348835512584,0.1718516304851657,0,0,1,0,0,0,0.3109920286692943,1
2.123165757379688,3.352921638747558,0,0.030016902087007385,0.39251580380550394,0,0.2513424313943339,0.1628608800669543,0,0,1,0,0,0,0.09546958822117996,0
2.669439246250757,3.655786466701415,0,0.05823065180508529,0.13089504094733717,0,0.5634837800798255,0.05482217223041899,0,0,1,0,0,0,1.0805379934232064,0
1.616790725716121,2.306883101611375,0,0.056885512893555173,0.25833044393749144,0,0.11702152463791857,0.14891699358638016,0,0,1,0,0,0,0.49447234505394366,0
4.217041366069126,6.774587269001737,0,0.037910542906321024,0.3943366597777034,0,0.3714227122791724,0.2265226878318681,0,0,1,0,0,0,0.46148261100344,1
1.1976596009802727,1.7196823618468777,0,0.017466969814745374,0.2897602056655586,0,0.1930838188062681,0.197558496543577,0,0,1,0,0,0,0.40145209754238864,0
3.2849681610796355,5.0882595678077935,0,3.795513103016634e-06,0.2903440581714571,0,0.2141192718206971,0.19748721824287008,0,0,1,0,0,0,0.5042600513023526,1
3.410316356996933,4.0081658465922,0,0.040051666655683896,0.1702437796088408,0,0.6275912928750903,0.06522230696392141,0,0,1,0,0,0,1.767617316870187,1
2.3243131489917737,3.466340576453294,0,0.039824405001553806,0.295702283831831,0,0.14921598561006344,0.28994208740567323,0,0,1,0,0,0,0.3620265956679288,0
5.945421182465857,9.596045755399208,0,0.037063033211283264,0.2983301043716669,0,0.4869432470065579,0.26918817027053477,0,0,1,0,0,0,0.38487074021491224,2
1.418133497909496,2.130232531235162,0,0.02998710420875999,0.2773512703098582,0,0.23275085169476914,0.1963890570707562,0,0,1,0,0,0,0.2105428339429239,0
3.2282206253711276,4.387827334783869,0,0.02895306812368895,0.3035207758578955,0,0.5156048312662627,0.09111635458351391,0,0,1,0,0,0,0.9454676327808422,1
6.454219400774776,9.580719240835032,0,0.24704689374989347,0.2853791237618243,0,0.2629591829391479,0.18994344227062282,0,0,1,0,0,0,1.4593691869767738,2
5.395227078574083,8.31687824556498,0,0.09758200571547283,0.3789685562100312,0,0.3677787424067757,0.33877928988162354,0,0,1,0,0,0,1.0682825277766503,1
3.3827750359129682,5.101444942700989,0,0.14362760987748857,0.20530505289982143,0,0.27653288333986153,0.17087225086137037,0,0,1,0,0,0,0.44744440589729495,1
4.744502390699681,7.17182804375202,0,0.05895303065278447,0.3296265070689004,0,0.21427609100087144,0.1671331116561626,0,0,1,0,0,0,0.8910204935104261,1
1.6982403015005465,2.1262351768350056,0,0.05922538151232413,0.12716484339336814,0,0.26012240977860546,0.245078519924189,0,0,1,0,0,0,0.7346533250211394,0
3.3005559223583116,3.392996503881483,0,0.0761419796883333,0.25920063674623334,0,0.19518209233173991,0.13671613699124416,0,0,1,0,0,0,3.6089519375228,0
15.65949663463944,24.949019954906348,0,0.11581551828012784,0.7590785897594683,0,0.4362520502424656,0.22434267606753217,0,0,1,0,0,0,2.890622161857485,5
4.391472042204645,6.91464737481046,0,0.1894731423284607,0.21434014937015883,0,0.5288923030151208,0.11425437602470898,0,0,1,0,0,0,0.42063655090753016,1
3.052328102442938,3.0984332052665313,0,0.11925840201825376,0.23481887207098884,0,0.28598680725310893,0.0903293264613741,0,0,1,0,0,0,1.6031820681208542,0
2.549458989743,4.005534139863709,0,0.07946461414862907,0.3202633705418725,0,0.31338864091754437,0.25268486491025904,0,0,1,0,0,0,0.5059245747967129,0
6.997125678740194,7.561200348043115,0,0.09624435671545609,0.506595062495262,0,0.5347909784401013,0.35573960606724725,0,0,1,0,0,0,3.032119894640795,1
12.55228758648813,9.933832099366148,0,0.20424784611408633,0.761680802010355,0,0.5014909126521924,1.035666954411622,0,0,1,0,0,0,7.8504827553902405,2
4.573749493644424,5.413503002264547,0,0.07999051089951421,0.28946899210822974,0,0.27474739612450705,0.305099488067613,0,0,1,0,0,0,2.410956520218595,1
4.036648348295171,6.134858069268951,0,0.03971979291519926,0.28156706259459174,0,0.2891363646392443,0.19268614542042295,0,0,1,0,0,0,0.6073844286536397,1
2.1665114616584504,3.2233541832286328,0,0.017123499090085672,0.15380527206719946,0,0.28486741155954215,0.11985208384502626,0,0,1,0,0,0,0.37452089999432925,0
2.3898279836701537,3.296155167048915,0,0.017194017905795514,0.1263287427720528,0,0.38887245784779956,0.06398452694491,0,0,1,0,0,0,0.4499719557851379,0
2.010460756565568,2.7347586705975497,0,0.056229524385399104,0.24272048427767645,0,0.1206363745034104,0.11180544535529988,0,0,1,0,0,0,0.4455909128326216,0
8.092780601523463,7.070813211601804,0,1.9382928859828965,0.26975639248361627,0,0.747054861406862,4.557057926255152,0,0,1,0,0,0,1.9184620866708393,1
4.361543651842281,2.757059285744039,0,0.33785633089842737,1.213236923345611,0,0.3994604570607936,1.6884684462599129,0,0,1,0,0,0,1.066281561984256,0
29.230304289657667,45.617846608128104,0,1.252460701930623,5.430632012903853,0,0.36510703083082835,12.153634999400996,0,0,1,0,0,0,1.1113659425743379,0
21.15528464631371,16.62556386977146,0,1.3339219891605034,4.790155521020204,0,1.1366825129067621,16.040260046430358,0,0,1,0,0,0,2.417566254958384,2
4.133279436637698,4.5783617103569805,0,0.0737657360710924,0.5613682421050676,0,0.23695385079906672,0.16751096859738202,0,0,1,0,0,0,0.7527250785499028,1
2.46971902549863,3.6608207214106656,0,0.035885551971587354,0.28476354331138526,0,0.3614846584401737,0.08891601783177121,0,0,1,0,0,0,0.31023934703974027,0
2.5032745537894834,3.9628633605417343,0,0.0359739244161147,0.23049595625617048,0,0.35338435841981974,0.09206566384348235,0,0,1,0,0,0,0.18028156071117968,0
2.7658858768566295,3.5952877230130302,0,0.06793913634919815,0.3306047342991203,0,0.25813428547401307,0.21455982864999423,0,0,1,0,0,0,0.5617650909191197,0
3.2527208837696175,4.98867947432167,0,0.02957317423112664,0.23767781648777717,0,0.38561130918519154,0.1945245661653739,0,0,1,0,0,0,0.5126245803941184,1
2.951388077744375,4.45077967993551,0,0.07453184307496237,0.20505276779052675,0,0.2157275453635965,0.1451516982453308,0,0,1,0,0,0,0.19707406289742022,1
1.4888509445626803,1.452226790442702,0,0.03866288775240397,0.21051010523517083,0,0.25358026937096845,0.196883009886338,0,0,1,0,0,0,0.7926755412558674,0
2.5012619288799507,3.4357641830662726,0,0.036430547283528,0.19341287471152385,0,0.1733318158074648,0.19422416381908836,0,0,1,0,0,0,0.4421781545768033,0
2.8551079443880547,4.699764724074826,0,0.01705031711028771,0.4450549824389772,0,0.20675234918555396,0.17112935452602837,0,0,1,0,0,0,0.18475037440728365,1
2.2845502985758475,3.132856285504175,0,0.06901692188966979,0.15842740509745826,0,0.36345442322118393,0.14724967548719636,0,0,1,0,0,0,0.6893042540840364,0
3.829922245506468,5.671707505551941,0,0.11649936975537548,0.2811810912143584,0,0.2380460724567663,0.1575193914268397,0,0,1,0,0,0,0.2506090070268384,1
2.5023012936440083,3.7083831182517946,0,0.07827471825556437,0.3690456205843497,0,0.1605595918088295,0.1819660797267516,0,0,1,0,0,0,0.5847069657741832,0
2.7001592421858027,3.4152390192036544,0,0.036217254181309076,0.26493788332523244,0,0.2949833462072219,0.18885757076464754,0,0,1,0,0,0,0.7926114879608608,0
2.9714342861486363,4.1100233097091134,0,0.036793974202448176,0.28988250920419223,0,0.13013174181920853,0.22542610281082212,0,0,1,0,0,0,0.5989206562059942,0
2.0738144159835827,2.574526164329927,0,0.029415024918523425,0.18306829788162093,0,0.23784712599075192,0.09401145241854167,0,0,1,0,0,0,0.7113253756819458,0
2.2840904379390112,3.549621274464622,0,0.028723467575322216,0.21181587552945347,0,0.17964308482477165,0.1419004946053215,0,0,1,0,0,0,0.17871211700796905,0
2.580651443480599,3.9065681574567153,0,0.017205408617184302,0.418434639735752,0,0.2794471538828257,0.21736157117337276,0,0,1,0,0,0,0.3190377170937243,0
2.9460480230328785,4.301953631379131,0,0.09491204991143698,0.25549876297005125,0,0.32900779946707304,0.1555503970180772,0,0,1,0,0,0,0.5692769271584057,1
3.1430077558288416,3.704842634777899,0,0.01686927731631716,0.28989024595394747,0,0.19057270103493196,0.18231597093993007,0,0,1,0,0,0,0.3030502765340439,0
1.5615881073441598,1.881640382816509,0,0.036701506766754384,0.25642268751979536,0,0.3097397866865574,0.17514869647402392,0,0,1,0,0,0,0.7478447146347473,0
5.27401350994268,8.255598560112288,0,0.11809541387512859,0.3278555144372588,0,0.22386091666911784,0.2608787186445052,0,0,1,0,0,0,0.8066820481413255,1
2.97988820258051,3.35653199767627,0,0.07615921585857481,0.20801894216513372,0,0.21388793184564442,0.12341978530903112,0,0,1,0,0,0,0.4810032884760673,0
4.20687872087632,3.9740211616478356,0,0.07733866903416531,0.37472365550863096,0,0.35464407992241903,0.2995195432754011,0,0,1,0,0,0,1.4053349784976903,1
2.0687443512381245,3.1060185619549023,0,0.0547673815265171,0.25289757246838307,0,0.3154218829267796,0.1310973557745447,0,0,1,0,0,0,0.5542886999519676,0
3.9641663964084226,5.700449930755365,0,0.03632426769104116,0.3446379458425941,0,0.15272654814761633,0.13533543061534342,0,0,1,0,0,0,1.1071018521163638,1
1.5229048714397844,1.7344787252627445,0,0.11639891561560839,0.17223941861817474,0,0.1712614425951101,0.13216660946924969,0,0,1,0,0,0,0.7929167856179418,0
1.835888066983955,2.1619856972725726,0,0.0,0.2300711363176632,0,0.25312815694825697,0.10723885781591092,0,0,1,0,0,0,1.022827540750639,0
2.713671801280844,4.244220580099644,0,0.03720457749957594,0.23870339796035286,0,0.18479671713241594,0.1852318094965666,0,0,1,0,0,0,0.264455036534772,0
2.8160654545015484,4.392699928923671,0,0.06846357977888597,0.3354614100784132,0,0.2741543438465004,0.1938126553089321,0,0,1,0,0,0,0.4694127734334415,1
1.994279809608872,2.922187364220844,0,0.029283933304970474,0.21342620520788055,0,0.2570333161249201,0.07551996281233894,0,0,1,0,0,0,0.47913569188647787,0
3.530062280305303,5.386578985674423,0,0.05667940259563993,0.25364300342926094,0,0.575993346845269,0.13122776416487164,0,0,1,0,0,0,0.4908120963124135,1
2.977213146481599,3.3181372757556913,0,0.07875679588012248,0.29581819118878566,0,0.17687145970207413,0.19688300988633803,0,0,1,0,0,0,2.1190292039189638,0
3.298051816619463,2.899581016023767,0,0.04113611035484556,0.27524066603474434,0,0.27925888164876556,0.11070349903808431,0,0,1,0,0,0,5.098068313856715,0
3.3830105562948787,4.862781755884339,0,0.11470299500777557,0.28986377023055354,0,0.3103755640001912,0.20199734700100752,0,0,1,0,0,0,0.6178190762173681,1
2.159689299026832,3.0078220120336585,0,0.039145961590460354,0.12562822824349207,0,0.29314696780535016,0.060195853457197745,0,0,1,0,0,0,0.7921152945232205,0
2.1756736921446365,3.292022816580796,0,0.02878595858608877,0.14413346869442514,0,0.35715153752626905,0.1403347148680906,0,0,1,0,0,0,0.5564765368051273,0
3.7323086322298757,5.159568766862231,0,0.03670841043887227,0.25253752206585517,0,0.16236600217456115,0.15842597865656438,0,0,1,0,0,0,1.1324320265377965,1
3.1729965037050913,3.7400148510699074,0,0.028863450736057374,0.11897168161055333,0,0.34403020861847294,0.0747993155751652,0,0,1,0,0,0,1.2346914422991746,0
2.0077147029769975,2.7871475985322953,0,0.036046752448090344,0.19518480128358265,0,0.11326323199024277,0.13527716674500467,0,0,1,0,0,0,0.735570758339255,0
3.7087515397704944,5.187694517367332,0,0.036135090546960486,0.40346404588359996,0,0.2650423468386606,0.19439886078184254,0,0,1,0,0,0,0.39659907902426345,1
2.4053476761294594,3.24228802745053,0,0.05662051582036842,0.20428333628163786,0,0.26834071686487354,0.0723488753189012,0,0,1,0,0,0,0.7299335250895871,0
2.508828778352873,3.250637493263677,0,0.016996242071390423,0.29606654041374214,0,0.07516470825784706,0.1472447109838237,0,0,1,0,0,0,0.5585715372460054,0
3.256764993759451,4.809638638608399,0,0.0366587866341757,0.2777572052578255,0,0.1165246160474714,0.2671490631632451,0,0,1,0,0,0,0.4425756051094246,1
2.334639129938205,2.865617933717082,0,0.03663618687604175,0.24394350131872,0,0.41195958914967634,0.19312733421803074,0,0,1,0,0,0,0.3027537518512836,0
3.4221172247804605,3.879463837728926,0,0.08081039844652846,0.30118471394249124,0,0.26998403495684,0.17740617470721687,0,0,1,0,0,0,0.8166801573830524,0
2.6952107758429,3.78624789868419,0,0.01761700094890469,0.3594186552653005,0,0.5855720535050988,0.17703478174934906,0,0,1,0,0,0,0.345971302743227,0
3.546126676407131,5.527195411543377,0,0.03748356295200877,0.49314912639926445,0,0.46124979896279344,0.2254261028108221,0,0,1,0,0,0,0.3033470541458914,1
1.947412533202132,2.5834933951921224,0,0.08045735947433698,0.127605456777363,0,0.5599736812924687,0.0574694099715393,0,0,1,0,0,0,0.12002173367278986,0
3.24921940722798,4.732051215110996,0,0.01780094582519348,0.6188092355748197,0,0.29535309106750357,0.2173084409278292,0,0,1,0,0,0,0.5033507421069391,1
1.4436655407257761,2.167666914240278,0,0.037984539605341025,0.15010253056778505,0,0.2511129305726734,0.11089815248964294,0,0,1,0,0,0,0.32319363653923805,0
2.760106092702588,4.125424978042654,0,0.07018762565292958,0.11829486407956932,0,0.5262491205925429,0.05925829316264067,0,0,1,0,0,0,0.46815279958232636,0
16.38048221452564,26.202831607783903,0,0.7458035494064627,0.49463954781212083,1,10.445190691240507,1.5213095555981353,0,0,1,0,0,0,1.543852750343849,6
23.65956901691033,30.688141980470995,0,0.30586933302098246,0.23325986418286432,0,4.650802745720563,1.2913997753235003,0,0,1,0,0,0,18.336346358096847,7
13.117056445581293,15.337509205441272,0,0.048629629042943434,0.7581526272638297,0,1.4560715371692634,0.35840285772883007,0,0,1,0,0,0,10.951555605841744,3
6.155428374778089,7.733343284563768,0,0.07049647384728135,0.5512201468633764,0,0.5948864076221008,0.1409943595197858,0,0,1,0,0,0,2.6124502582723697,1
2.9893968447888897,4.421881141514154,0,0.073491246919665,0.287518490008554,0,0.864327707276989,0.10934610310916225,0,0,1,0,0,0,0.4669134918560544,1
4.552680983355147,3.478155486641365,0,0.44350199708511595,0.421344404922273,0,0.6665431630713559,1.8126947071897803,0,0,1,0,0,0,0.6580975260120066,0
4.445223396095172,5.11089956635696,0,0.26767283069087705,0.4162252235594097,0,0.5814899162846013,0.7456650057447496,0,0,1,0,0,0,0.8135824686526959,1
2.435656693526959,3.579270001694818,0,0.10666212943521161,0.3065892653381245,0,0.8693962564068844,0.20290757883859611,0,0,1,0,0,0,0.2680971635438363,0
1.515337338552856,2.1354691479727657,0,0.19247791187723057,0.11087748997470617,0,0.6752232960534652,0.08358950187112546,0,0,1,0,0,0,0.31958089507788845,0
3.6688782422008748,5.88173530619173,0,0.14970707523838853,0.5385344068603243,0,0.5053928142453061,0.3527637309736328,0,0,1,0,0,0,0.40765811095616317,1
1.383794852390067,1.8965807390151932,0,0.05359947675107077,0.3210082746949111,0,0.1517333073258741,0.2466240695105631,0,0,1,0,0,0,0.4796771862977432,0
2.3866426712331292,3.760654508886233,0,0.1590157380119207,0.27259689301388634,0,0.8321643968033489,0.07794279022935947,0,0,1,0,0,0,0.23409000365549754,0
4.63538785069284,7.657302083897916,0,0.12274066062665834,0.41522916146574707,0,0.8171918383777405,0.28065684895343473,0,0,1,0,0,0,0.14752716092783608,1
2.7861941967894444,4.181352369127443,0,0.18600910581806074,0.3538062894518752,0,0.7365718641038644,0.18341121228641655,0,0,1,0,0,0,0.4550831669416856,0
2.2906180471412494,3.0885078362048737,0,0.11201629368638553,0.2704034242847093,0,0.45138335308074284,0.19805559710939344,0,0,1,0,0,0,0.7566427748546947,0
1.41955377728838,1.7168754696041753,0,0.02726550528310634,0.16909562256312805,0,0.6872207005054695,0.15651145088668456,0,0,1,0,0,0,0.7058314643233237,0
3.2563906927206965,5.237073118767577,0,0.14892242127848554,0.34089594886616614,0,0.7592723359933476,0.11693330316814497,0,0,1,0,0,0,0.1667821723454183,1
4.2240034274737,6.709075139601759,0,0.1536979756780673,0.3868105195988031,0,0.46325560062216314,0.16154059034875332,0,0,1,0,0,0,0.32436476327736996,1
2.74784158503401,4.1656604728831725,0,0.11248479848307426,0.3722055150787232,0,0.41638810171354446,0.27529913359483726,0,0,1,0,0,0,0.3597161337568706,0
2.045342833377357,2.3536512837579884,0,0.11629067414018862,0.3862884202859119,0,0.5708063418225927,0.24632384050915662,0,0,1,0,0,0,1.1619551773356356,0
1.484808150578169,2.139330423803477,0,0.053360318402475834,0.3188965940315398,0,0.6719741181367433,0.117385229982957,0,0,1,0,0,0,0.35207505872411793,0
1.0558757256291706,1.3146428397155068,0,0.13849571702225244,0.2129025165134379,0,0.48322477071956726,0.19718250957819908,0,0,1,0,0,0,0.5764193551710479,0
2.4254347270927576,3.5255929438841442,0,0.07267589372301027,0.32254549964487694,0,0.775275600351655,0.1388788079182339,0,0,1,0,0,0,0.4786447730738035,0
1.6957575308533865,2.1630397424866956,0,0.12773398569399913,0.2092413143674689,0,0.7309796109618794,0.1496150988008928,0,0,1,0,0,0,0.9479993220194605,0
2.5756432881986133,4.030391656858599,0,0.07605467364368107,0.2094177013628425,0,0.5279628506463276,0.2098411990727051,0,0,1,0,0,0,0.06712082252939947,0
1.709760941511846,2.190622717404927,0,0.1120293886671889,0.10341342352424007,0,0.7407255403526887,0.046869321225502275,0,0,1,0,0,0,0.20111089719912745,0
3.745467629184928,5.8064676651043925,0,0.1455002892595788,0.16777927070868243,0,0.48835541554006767,0.247748672505435,0,0,1,0,0,0,0.41395928877044064,1
2.235453957012471,3.4328920693360576,0,0.10289730951849785,0.027229290929833307,0,0.7952697140874823,0.20887419745871738,0,0,1,0,0,0,0.3309060392019444,0
0.5532183437015439,0.4258919640715338,0,0.1112429543683647,0.0857468566796352,0,0.44522604564094587,0.08813488931339515,0,0,1,0,0,0,0.347492800254088,0
2.023752106350525,1.9661635843378675,0,0.08787778845578839,0.14835975222646625,0,0.5335208327860514,0.09754820839403858,0,0,1,0,0,0,1.7944109490505424,0
2.0675322477723697,2.5970954120103835,0,0.07392598690195257,0.2673455095093899,0,0.4521091180319801,0.25720902626822106,0,0,1,0,0,0,0.9100976824708746,0
2.0187745832537627,2.5406531848811764,0,0.06507581982779741,0.27453127600344157,0,0.4946732518142648,0.1935465958747454,0,0,1,0,0,0,1.0248309429896563,0
3.6458668799618756,5.62370308630225,0,0.029176557340102677,0.6594760369164159,0,0.41907078882781973,0.21637750770858363,0,0,1,0,0,0,0.3054962206252447,1
4.819024181465213,7.8794401023093235,0,0.15142048709986866,0.4246812393524507,0,0.4951685681760737,0.34321322973470714,0,0,1,0,0,0,0.3742160709286752,1
2.0978857662758177,2.900986736776212,0,0.03431843549153099,0.20821510359471207,0,0.3607200032243252,0.10233264909381676,0,0,1,0,0,0,0.657261085870916,0
3.0858619138351644,4.248323082539712,0,0.05291941396830409,0.36153779855687246,0,0.5157056586127013,0.18858833447795473,0,0,1,0,0,0,1.2202269978705047,1
2.3079369982448563,3.3329384955694574,0,0.05703783136363895,0.47360533317707076,0,0.2510237685700165,0.37210854922283226,0,0,1,0,0,0,0.7066031586115611,0
3.9706717612823046,6.473607441361788,0,0.10226774866330549,1.9766403539180373,0,0.2938632727360483,0.3324590832730934,0,0,1,0,0,0,0.3322088842479287,1
4.991044278769071,8.003405396985874,0,0.03672791192732064,0.23363776834739824,0,0.5017923776895619,0.11088105848686819,0,0,1,0,0,0,0.9201932933906759,1
0.6235748464390238,0.6568617015255569,0,0.07170526205680902,0.28666224819436126,0,0.47157777374376364,0.14996862582603998,0,0,1,0,0,0,0.27822111810223393,0
1.659845882398086,2.5284933338779414,0,0.07402043045093608,0.45576503114911426,0,0.28369287096486073,0.37721270164071313,0,0,1,0,0,0,0.2979591422963989,0
1.9998876764601778,3.0834199929716086,0,0.03450042137147659,0.2149236661588909,0,0.16137164399722304,0.18424057801385108,0,0,1,0,0,0,0.2828859351891435,0
3.6565792538360293,5.5916446059978675,0,0.03598998521466233,0.11816361373169812,0,0.5861169737216899,0.11583738491549628,0,0,1,0,0,0,0.8310008783147518,1
1.2428944563552622,1.0216974201665396,0,0.05998568613876128,0.2193335258277614,0,0.33092563943582853,0.23509893368349088,0,0,1,0,0,0,0.6310292373938714,0
1.0969418050201363,1.283732498514173,0,0.07453711497874173,0.3384258274646149,0,0.3326105339815149,0.24776525285449985,0,0,1,0,0,0,0.6068724891072357,0
3.2398343914835666,4.899864139113451,0,0.03618485432884965,0.4789352756846154,0,0.3442733084339088,0.4386849582475412,0,0,1,0,0,0,0.5366418860412601,1
4.045498059817802,6.530833189767609,0,0.18541844714981268,0.2635103634679642,0,0.402673288365772,0.3414976532955923,0,0,1,0,0,0,0.35525589379836686,1
12.852754907283245,11.80273203098583,0,0.8397268787487769,5.980226515774445,0,0.7129885515678408,5.157178636471317,0,0,1,0,0,0,1.0809778940723263,1
2.1780642410085522,1.9465344990209437,0,0.11634745716831246,0.21839640125702822,0,0.47339946405973155,0.2029894610984073,0,0,1,0,0,0,2.8997475515419375,0
2.0686306023014693,2.9835818179087736,0,0.11131978179404706,0.22847683877554417,0,0.31182112621387426,0.13965139763248538,0,0,1,0,0,0,0.5597234053854887,0
2.0985993630197846,2.754171996974348,0,0.07746039465232019,0.15933535309605773,0,0.46918429094412706,0.11954632206898774,0,0,1,0,0,0,0.9469542765668879,0
3.816535538673648,6.093142477611187,0,0.07784259488107562,0.30411968294515423,0,0.3943466198077778,0.20210771083910428,0,0,1,0,0,0,0.5006286446903798,1
1.7491670174778242,2.3459408058165567,0,0.03716590633221718,0.12935194361047025,0,0.6092968257242255,0.06429713051535536,0,0,1,0,0,0,0.6440269126842559,0
5.571459826376767,7.6637477529551,0,0.07733268135900973,0.6569796119647336,0,0.3755946567346622,0.372141911946953,0,0,1,0,0,0,3.26806802481221,1
6.742434089242634,5.873292743567352,0,1.7776285204926632,0.4172637065811363,0,1.8955894591991216,0.4001006461059179,0,0,1,0,0,0,10.236033266277348,1
1.4795235328054228,1.4285202114513003,0,0.2281666841594407,0.21184420632975512,0,0.3903213223445981,0.33415090967015515,0,0,1,0,0,0,0.8507025780661365,0
2.2810929406700224,3.3957466331384425,0,0.1760923033360863,0.2566821009881129,0,0.22807790510852965,0.23626546684587713,0,0,1,0,0,0,0.4960082861545698,0
1.7610049338129692,2.438992741594311,0,0.07111215997681986,0.08330067593016693,0,0.24247337691751747,0.15326473586339542,0,0,1,0,0,0,0.6412888287442974,0
1.1958729825533587,1.333917580055022,0,0.09451587734582367,0.21179753461357023,0,0.17984891419056934,0.14755002281132673,0,0,1,0,0,0,0.5262054328073529,0
2.1943732372599745,3.1909064863683483,0,0.11669616510243189,0.19412027122260803,0,0.2739563666611205,0.1931072634091942,0,0,1,0,0,0,0.5390285369539891,0
1.228623359047913,1.34201003325432,0,0.06344034189053477,0.17993584272028895,0,0.07723250646714769,0.16910239999966903,0,0,1,0,0,0,0.5749140546232416,0
2.5970663271936427,3.8920580485051817,0,0.11289016886067221,0.25849263314056614,0,0.20584795424640825,0.20071236157715944,0,0,1,0,0,0,0.5804597785607397,0
1.1922963154637165,1.760441438319148,0,0.045829327483933445,0.2926593214820895,0,0.07369638345579689,0.23576403087928,0,0,1,0,0,0,0.32636815291106314,0
2380.1447698322136,4117.703589132407,9,153.45228857351623,0.06640537195692542,1,9059.696363066241,0.09690594308621533,0,0,1,0,0,0,9512.216011271668,0
3.0360756429165803,2.7379374642448173,0,1.1166627610322437,0.21229717980444307,0,2.679609437331743,0.15611797252361437,0,0,1,0,0,0,7.091790891913894,0
4.334092558890197,3.9095161061249484,0,2.23216680607146,0.15803518047510642,0,0.8490736485093608,0.19503790818759154,0,0,1,0,0,0,9.222448161069536,0
14.961475913462358,19.573355712282773,0,3.125253609724445,0.31129963512794623,0,5.792734969447206,0.22939387310762982,0,0,1,0,0,0,48.646482827042746,0
3.542982939445179,4.293676306780441,0,0.2299121805848131,0.8156299258484578,0,0.9500604543139126,0.41500942398779367,0,0,1,0,0,0,0.45362497142528513,1
3.5392914361872974,5.062144919255235,0,0.07660400022656838,0.49418159454788757,0,0.38997927439029034,0.2110301407686354,0,0,1,0,0,0,1.5679503049707375,1
2.6219788258947423,3.6835279460897183,0,0.07548682427548074,0.20251002931159479,0,0.4479604628869476,0.1436692547237131,0,0,1,0,0,0,0.5019427281399407,0
2.0218346833251077,2.865332055515197,0,0.056305394348284576,0.24551543862016215,0,0.2890392026841237,0.1491874177081559,0,0,1,0,0,0,0.25806151950539336,0
2.0965489138641304,3.091213270979066,0,0.03606999183889894,0.2592048983095588,0,0.23363510988206676,0.24046977580465784,0,0,1,0,0,0,0.44543089957911364,0
3.5152569901196657,5.46319177619345,0,0.036325358761336926,0.3377632749442769,0,0.28122443858000695,0.21560434132177714,0,0,1,0,0,0,0.4033912458396697,1
2.7018982200061092,3.96541289555867,0,0.039243844720740814,0.287372842219604,0,0.3353898893288254,0.1460052641618567,0,0,1,0,0,0,0.9109871602361082,0
2.4200156838521947,2.9982524274213973,0,0.03635338370391044,0.2031497971466324,0,0.42393290949466367,0.10461544730843052,0,0,1,0,0,0,0.886107699534838,0
3.742425463258518,5.022661417777639,0,0.02900138354092209,0.22097849199467173,0,0.1970996774529641,0.249385801277195,0,0,1,0,0,0,1.8483679464470577,1
3.1336419123546686,4.3926911056173195,0,0.028484414663950873,0.29412126239511893,0,0.1703506742457226,0.19054773159644567,0,0,1,0,0,0,1.2303032809988708,1
2.930048907797606,4.42326452539982,0,5.718562277248047e-06,0.3469474486750199,0,0.23842687933513215,0.15905735628230563,0,0,1,0,0,0,0.8046616443030293,1
2.8538903200414687,4.279934320045996,0,0.03780495844217401,0.28886184252893565,0,0.2810626651303271,0.19413539066327012,0,0,1,0,0,0,0.710424655918202,1
3.0068830051279902,4.174776011101815,0,0.016108528198263024,0.2254715174596072,0,0.25485053607537655,0.06549508302700777,0,0,1,0,0,0,1.172357794180779,1
2.5036226730543056,3.383276626066503,0,0.028669356986729393,0.297202727382024,0,0.10378226125489984,0.24075136923572482,0,0,1,0,0,0,0.9325778970966623,0
2.5563314145224685,3.851102176306035,0,0.028352632040148117,0.24557100766500506,0,0.19242005386373173,0.10970911268107508,0,0,1,0,0,0,0.33131129231587647,0
1.0680300059621355,1.0335950163625445,0,0.028894246946557473,0.06038542904675984,0,0.28446291735426854,0.12910281098344015,0,0,1,0,0,0,1.0524762916290844,0
3.2298736538554573,3.4768885754864485,0,0.03600120438793633,0.22589802095978642,0,0.3245537559575525,0.1492565135218276,0,0,1,0,0,0,1.4633178665368654,0
3.657374401837076,4.757186204433222,0,0.07834542441552793,0.5676347811826439,0,0.14773727740190234,0.21410732680033157,0,0,1,0,0,0,1.9094094956138137,1
2.490302017028644,3.01369386751315,0,0.03934126277397684,0.12200266368293021,0,0.40338780636043126,0.06747532538856651,0,0,1,0,0,0,1.4094913031980758,0
2.036921102932965,2.8168304630270975,0,0.03560674172716254,0.13742423253826003,0,0.2293026050432214,0.09248168244035455,0,0,1,0,0,0,0.7228995869305952,0
1.86024033389965,2.572826235648662,0,0.035522923940239724,0.2152644016862108,0,0.19894638463419945,0.18552725834411227,0,0,1,0,0,0,0.4384919902004861,0
2.8887225022540584,4.281029509278236,0,0.038134914415570036,0.17562432894879298,0,0.2631482694409225,0.2089778580935412,0,0,1,0,0,0,0.8951083199385892,1
2.545762923282682,3.4413313822789773,0,0.028052346867454114,0.24967818636918274,0,0.06348317584910435,0.20309099759750537,0,0,1,0,0,0,1.0889461237344755,0
2.962085560413743,4.448599687401795,0,0.028917110598941153,0.2574187868488225,0,0.5046234549664645,0.1056490739449563,0,0,1,0,0,0,0.4261110010220374,1
2.9178955192518936,4.677826323222225,0,0.03563454921958625,0.2865435633907872,0,0.11901765475546706,0.13941546513708963,0,0,1,0,0,0,0.14017586084701067,1
4.1557642590158554,6.570783205402806,0,0.05544788113242345,0.4149344132436857,0,0.18966402260078064,0.2314865777759955,0,0,1,0,0,0,0.6563341768930012,1
1.5126393547024204,0.9165484965358845,0,0.03958955222349302,0.08544372753189404,0,0.38830049167460867,0.07091196070449882,0,0,1,0,0,0,1.8933684488577047,0
3.155492961110883,3.160785256611679,0,0.05548970779826567,0.32216749396779487,0,0.2818832279807446,0.279294587598657,0,0,1,0,0,0,2.869946677557584,0
5.319603699490795,5.761229882781055,0,0.5851528752583184,1.1989317393084555,0,0.31257085641964466,1.4530535438777419,0,0,1,0,0,0,1.0155869091373302,0
3.7037727521185992,4.096461825190142,0,0.06748784588990399,3.219723944680296,0,0.3779493472448776,1.0290188208813638,0,0,1,0,0,0,0.5214253933376589,1
1.9523790071453706,2.1695241264114986,0,0.15307832301865215,0.20513733853296645,0,0.27151129525709883,0.17238344927390709,0,0,1,0,0,0,1.289115620624022,0
2.4319894612462303,3.4219546871132094,0,0.18841340661720019,0.20365728682766487,0,0.5603336294871378,0.07734319652888809,0,0,1,0,0,0,0.9054152087099381,0
3.29516506744274,5.27514817527509,0,0.1330300638360897,0.2279598685558208,0,0.4625186517033879,0.16361136684188698,0,0,1,0,0,0,0.3495157398747549,1
2.8185274864345247,4.394785215038432,0,0.14326682288674836,0.3281119487874586,0,0.36249887455017105,0.2905498018851923,0,0,1,0,0,0,0.48397837247917364,1
7.24686106374433,6.654543331833655,0,0.12334376510278912,3.2576564900645235,0,0.1972289978769829,1.8754349259227938,0,0,1,0,0,0,0.833535506101403,1
14.36889892138278,14.815978511982866,0,1.333830075450138,3.2174306403768425,0,0.5464856033392922,3.9468116037311294,0,0,1,0,0,0,1.2520330847294368,0
3.4137069780088267,3.8466462373763575,0,0.09070211742462109,0.7941321181815797,0,0.5722955944540176,0.20227927717050165,0,0,1,0,0,0,1.5340508215224968,0
5.167276148520285,6.753406160028291,0,0.07386606009350087,0.5025626656112383,0,0.7552056887532226,0.3348387020511733,0,0,1,0,0,0,2.413628058008057,1
3.209869133303269,4.811108407744864,0,0.03947030573411034,0.2234413572277012,0,0.4189202807104375,0.14467809721552194,0,0,1,0,0,0,0.27032903504685074,1
1.4755075779134834,1.7289360741663082,0,0.11588351685214146,0.1193231831084947,0,0.49259358237379486,0.05972986337519949,0,0,1,0,0,0,0.9577313914976208,0
2.8141373807301036,4.458635983114425,0,0.1385885434869991,0.4141519473151416,0,0.5080886836140642,0.36274326223245124,0,0,1,0,0,0,0.3995685211556864,1
5.088160265140642,7.935461846087449,0,0.040021014489347154,0.3317072225365569,0,0.615040980477348,0.27219642514574693,0,0,1,0,0,0,0.47739806982512056,1
1.47555025728381,1.3383894281180782,0,0.0808934650255716,0.16043008211535623,0,0.43566886599811977,0.04342843331210326,0,0,1,0,0,0,1.146823215917714,0
3.887072581798028,6.30880632036869,0,0.08077879855314529,0.3768560668201684,0,0.41597263459660705,0.31640610288324644,0,0,1,0,0,0,0.2855725995696284,1
3.7090311832490483,5.16948713135511,0,0.03759036250355502,0.30827487621144495,0,0.7475816047141665,0.17163921095909093,0,0,1,0,0,0,0.7821203606649618,1
1.6556642685948795,2.192648608638561,0,0.08005639519275994,0.2660746573236149,0,0.22262522039904947,0.2254261028108221,0,0,1,0,0,0,0.8387515021982924,0
2.403781926581089,3.737235229250488,0,0.12229329301438231,0.3041991070753819,0,0.3043617139869992,0.3770568041417025,0,0,1,0,0,0,0.4115755025344292,0
3.3522575228594937,5.372423582363913,0,0.058046723621087246,0.3310469545626556,0,0.5315870678252534,0.20562263228889816,0,0,1,0,0,0,0.26317348823038067,1
1.509004052024964,2.1091957550607203,0,0.07195305351475706,0.17025466880985396,0,0.32178692537967823,0.11076937151882017,0,0,1,0,0,0,0.2907276041446544,0
3.2046490632822655,4.502272968876245,0,0.07092031482597029,0.39722798813699967,0,0.5087652797328646,0.24300736534405595,0,0,1,0,0,0,0.8488391845082327,1
2.717053729688722,4.423818608942141,0,0.04033047636289386,0.3342917409789557,0,0.30589563868165515,0.2649090473657756,0,0,1,0,0,0,0.3285072643378184,1
2.7475689976859443,4.449056958373851,0,0.12220678835284632,0.17621875972443235,0,0.7028475762291927,0.10694557222402529,0,0,1,0,0,0,0.15699973605763667,1
3.223279169344176,5.023517705578394,0,0.09769852045911682,0.4241789534045631,0,0.39844152942252614,0.2415473585922687,0,0,1,0,0,0,0.3928877855684989,1
2.0185595772802105,2.9030633835131643,0,0.11865561847001241,0.31892816589698725,0,0.43106737964716396,0.24496684746022768,0,0,1,0,0,0,0.5215162101663986,0
3.52127321378124,5.750492544765714,0,0.11170786956490442,0.4553079919334904,0,0.5677523198391188,0.19220125508486846,0,0,1,0,0,0,0.18115791809239934,1
1.4724440382941115,1.7694132722726383,0,0.09916681658050455,0.12537881981025284,0,0.7100130156509052,0.18921264072382726,0,0,1,0,0,0,0.3605355496875263,0
1.8251030603189204,2.52901599265584,0,0.07097926118216612,0.19866752274323543,0,0.3795511090693856,0.2139661344295393,0,0,1,0,0,0,0.39244706168550836,0
3.665972220236697,5.851038422014396,0,0.1195798559889356,0.49734693094434335,0,0.4248652642937677,0.33352890195964846,0,0,1,0,0,0,0.375425514102001,1
2.5550273583529584,4.085517108207421,0,0.09981388463034355,0.22115159285993116,0,0.6834778670007483,0.2258576122060444,0,0,1,0,0,0,0.20696417455602859,0
4.746446992472758,7.792082218351302,0,0.07875467927015886,0.4263816431801923,0,0.5945381877264833,0.23486914764177597,0,0,1,0,0,0,0.22057671644390098,1
1.581870917372616,2.2257736465434523,0,0.017817110170358284,0.33366450611564813,0,0.4341550107466933,0.20651181385641135,0,0,1,0,0,0,0.3126346883005229,0
4.112823043613971,6.7967821065863365,0,0.07828110834824357,0.34359206277437737,0,0.5025616831843734,0.31409412860999386,0,0,1,0,0,0,0.07658322683908597,1
3.7030715176645574,6.0483414472603245,0,0.03793906640312087,0.576837287063958,0,0.46289121112429576,0.34966827158729596,0,0,1,0,0,0,0.3342564278472985,1
4.357275444763949,6.076524710792288,0,0.22597526895902048,0.34517883139025124,0,1.5630672250541338,0.23061438660532554,0,0,1,0,0,0,1.2640604341521757,1
3.2848978562191267,3.886650736774695,0,0.11641520767583745,0.21179213195840363,0,0.7933280296269275,0.03494993504534355,0,0,1,0,0,0,0.9596292950401193,0
1.1997365370747453,1.4698534541850699,0,0.08079156302609171,0.2505581913977302,0,0.37559287853341405,0.1833676539394205,0,0,1,0,0,0,0.6599951737080846,0
2.0708207419282125,2.8239435415535734,0,0.27088052842081756,0.19663900169503246,0,0.9045127138018811,0.04048737031008166,0,0,1,0,0,0,0.7798497409578892,0
3.4041792713380365,3.5468260813250656,0,0.03146308768632934,0.4611454852951494,0,0.6814002915012858,0.45779354237832853,0,0,1,0,0,0,1.3955361311185683,0
16.609402634596446,18.51993950944197,0,0.7288594542011967,0.6735686184773695,0,0.6910253195208733,6.432324448610341,0,0,1,0,0,0,0.9470601984940998,1
5.732123378348053,4.257050505640768,0,1.1261636114312297,9.747869080916544,0,0.37184808869809194,9.322061005934929,0,0,1,0,0,0,2.450155859061347,0
14.492292196900477,10.655064449148584,0,2.1070327109499156,1.084565567609035,0,0.7706240181675752,0.9039100364062054,0,0,1,0,0,0,15.692264948903027,0
20.954828634916076,17.89206039836166,0,4.628128210304995,1.9570796832872963,0,0.9175129683930038,2.697666933719435,0,0,1,0,0,0,15.618899856027873,1
5.040640413197947,2.463981831074378,0,0.4645893015918449,0.8222090643811377,0,1.7339731134069378,0.5434261315787619,0,0,1,0,0,0,7.8704588791853975,0
1.7790375962504494,1.9738500025398829,0,0.08147120478538578,0.20202530202399413,0,0.3648581670487252,0.12529956306118872,0,0,1,0,0,0,1.0326009854504339,0
3.9292923973806246,6.434744103849409,0,0.07815511658612453,0.4050479975488328,0,0.7309840660317314,0.17580002210794068,0,0,1,0,0,0,0.19311076249324916,1
2.165582105736759,3.0079274025758678,0,0.07896803998119595,0.21499957421822333,0,0.5025260661500313,0.087406375472174,0,0,1,0,0,0,0.6385294805886623,0
3.7953088605411662,5.921051224879561,0,0.07926469849421164,0.4122250021124378,0,0.4085201719784036,0.2721399887677478,0,0,1,0,0,0,0.28228972480884784,1
2.4951831460885336,3.501002603974241,0,0.11036826358200812,0.21772604677874652,0,0.5352720926336191,0.06550160904531578,0,0,1,0,0,0,0.6867359109636613,0
2.22688363190471,3.3617422007083433,0,0.09914470184762178,0.1597275174892214,0,0.8369309505813387,0.10486223800187952,0,0,1,0,0,0,0.5423277381566806,0
3.1221632530554446,4.659600254327643,0,0.03077288076218445,0.2712440732939499,0,0.24742790061696587,0.20169277050445597,0,0,1,0,0,0,0.161510275404265,1
2.447443507371173,3.4150642005014062,0,0.2865862043118087,0.2620173241944627,0,0.8499992184082862,0.3573775512152153,0,0,1,0,0,0,0.4503609432952751,0
2.144715084006702,2.7481836096703067,0,0.24562853004077512,0.12314487244912667,0,0.6831747960166649,0.19329152683632217,0,0,1,0,0,0,0.48182621401334835,0
1.9358205390126904,2.5719688207811853,0,0.121537055060666,0.26261671717061086,0,0.37059573565903065,0.16041733345247053,0,0,1,0,0,0,0.7133667650224473,0
3.631456662628238,4.989160507481629,0,0.11048664660798074,0.37396744824638806,0,0.531875107549331,0.2585894003396315,0,0,1,0,0,0,0.03684463069047199,1
4.556932118043963,5.2050289590032754,0,0.1640618322463688,0.22201986184222552,0,1.0285328905151172,0.09658290202395231,0,0,1,0,0,0,2.128479732617465,1
1.8338305665265235,2.2932936193639644,0,0.031152855743651717,0.12241719299905893,0,0.2587370767892443,0.08123164980073985,0,0,1,0,0,0,0.3017046904789526,0
2.8326022281728145,4.184627814425623,0,0.19063941327777567,0.38794566613690684,0,0.4776065047563905,0.20094727987951977,0,0,1,0,0,0,0.43078763190847036,0
3.7450003355962687,5.41654394747293,0,0.09793836696882038,0.24391057023814958,0,0.4819147779064979,0.09110123036106152,0,0,1,0,0,0,0.8061286102116058,1
2.534945310278828,3.577965215370061,0,0.12005202444324581,0.3775254571802037,0,0.6453353122852451,0.26448135041683435,0,0,1,0,0,0,0.6469402414706524,0
5.504513676094845,6.2687416984991335,0,1.050572454066266,0.6517458713753772,0,0.8917683907616449,2.366008486159801,0,0,1,0,0,0,0.5104368284501424,0
2.1344566754582734,2.5131895817665706,0,0.4259136486648935,1.1455483381841662,0,0.7706367040008879,0.152408494666579,0,0,1,0,0,0,0.2150655337125005,0
3.697784310346188,6.032186001605351,0,0.14510879196071935,0.542696944806549,0,0.40758358952901436,0.16319755168297312,0,0,1,0,0,0,0.20313613401712666,1
1.2826936032975982,0.9784233027335274,0,0.10673997045189612,0.1295664315408504,0,0.5796901687677369,0.07769391278015166,0,0,1,0,0,0,1.3281949860123878,0
4.647093391959561,7.64867526144246,0,0.27229270027161145,0.24729469163212137,0,0.6446270424122289,0.15353713823077744,0,0,1,0,0,0,0.4315149064328398,1
1.4703480893115581,1.752001530580503,0,0.036578795014613336,0.21087494027487874,0,0.3229950698435985,0.24565584195644738,0,0,1,0,0,0,0.4863366723051855,0
3.0585889171590233,4.89354389364628,0,0.136805083598365,0.3228677414344351,0,0.4063848638076854,0.31020347881104954,0,0,1,0,0,0,0.4164929388428641,1
1.3624287406765863,1.9018137155555976,0,0.11606440249152407,0.14925455531338122,0,0.4456806662504996,0.13803985031263646,0,0,1,0,0,0,0.22391911296780667,0
3.8813858896289473,6.330780468216763,0,0.15186327448094272,0.5364912872732103,0,0.3764519583581907,0.3712908244995276,0,0,1,0,0,0,0.2866290814877469,1
1.713285847922484,2.622286535870086,0,0.15661587436004215,0.3200313756377965,0,0.5158034370014188,0.24888483121614796,0,0,1,0,0,0,0.23177820744985,0
2.3349042331372876,3.4111130921825574,0,0.23574180154201632,0.5237689201460913,0,0.7616873641395201,0.5300827896773209,0,0,1,0,0,0,0.3475916139953816,0
3.3631127747983225,3.664396629555184,0,0.03639780305612586,0.21672881196225924,0,0.2900698636273247,0.19170546842498287,0,0,1,0,0,0,0.3288851951188445,0
8.879867194943067,10.02271774720779,0,1.0830483339322388,0.8484321846726528,0,0.9704992297583901,3.996217047574349,0,0,1,0,0,0,1.0353639928246352,0
2.646917357429044,3.801921644915455,0,0.0799211610699745,0.2430882364013134,0,0.3103211856457093,0.20910503668651545,0,0,1,0,0,0,0.283780613710645,0
4.401109710591355,7.001056930862626,0,0.017823754858552428,0.3282489337668197,0,0.3971975739536232,0.17007732279715526,0,0,1,0,0,0,0.2502725036995966,1
2.9591947186063674,4.38066750792369,0,0.039710267142387554,0.30400729196688575,0,0.7057429426674893,0.1952002241358915,0,0,1,0,0,0,0.2847499691309702,1
2.6060806916711834,4.029331398362355,0,0.03784701410424342,0.1574303031118297,0,0.6583493337896132,0.12440433762634671,0,0,1,0,0,0,0.3896496917490298,0
3.0450304802651784,4.423685470259043,0,0.057292845367575396,0.23329842393840514,0,0.5934539669358341,0.23105085850410748,0,0,1,0,0,0,0.5258701850955111,1
3.5538098418999935,5.461862541122034,0,0.05853463526051686,0.27751708986496326,0,0.561724081996989,0.08764496749979167,0,0,1,0,0,0,0.47971899042057586,1
2.628476029645542,4.0639422062224995,0,0.017585601256589284,0.24875640339795296,0,0.5865230963821777,0.19843039604634635,0,0,1,0,0,0,0.27645712842995906,0
2.689632682137914,4.139961338021047,0,0.0769722534271742,0.2840813323155006,0,0.6522089614142514,0.23594901565566084,0,0,1,0,0,0,0.36673543279564114,0
3.7315230071408125,5.335725706436625,0,0.06874752047053684,0.4519407167757752,0,0.6882719698490966,0.34070116377784615,0,0,1,0,0,0,0.5703566275658591,1
3.461818829013196,4.699100281497542,0,0.03672079826326287,0.3617227310551435,0,0.3673405272114237,0.09347062865801234,0,0,1,0,0,0,1.055936050327765,1
2.644722703016265,3.4328278757672357,0,0.20246879837353063,0.33888004778476366,0,0.33897587841365096,0.23685840600780028,0,0,1,0,0,0,1.6407915099926744,0
3.123704221148408,4.66028038222569,0,0.19634203311802417,0.26201461947308374,0,0.4542326476073412,0.17253608999424888,0,0,1,0,0,0,0.5021755924194203,1
3.0635317810107434,2.795603455987596,0,0.05883653306555065,0.09290308020988952,0,0.6556516476088944,0.29005179978502116,0,0,1,0,0,0,2.4326549831066346,0
2.675770032283187,3.617522228952837,0,0.4278415296331025,0.28418946068463524,0,0.4619983301128286,0.12912347046384012,0,0,1,0,0,0,0.33964749332747024,0
3.1628983755208626,3.9023713523028865,0,0.15776169566731432,0.2860767248792593,0,0.45299566935504676,0.1883862417612974,0,0,1,0,0,0,1.090042223860097,0
11.543807442656348,18.0790030299784,0,0.4365874971559253,0.7866787047534485,0,1.784247829375532,1.020794282810715,0,0,1,0,0,0,1.984891806171691,4
4.50064437696768,6.700786908580088,0,0.054164191876788746,1.33688181904385,0,0.08031045192122716,0.1926759054923275,0,0,1,0,0,0,0.27531337194234784,1
16.637997170618345,25.30467200653126,0,0.22418983107323526,0.5638021573759907,0,5.235714320825805,0.7998603844522575,0,0,1,0,0,0,2.7777115789150137,5
6.637688527228635,10.80096728172516,0,0.11715353971719161,0.3388759910596783,0,0.880336043617743,0.3643062337534143,0,0,1,0,0,0,0.42365634423498033,2
3.218019814469655,5.176970469332442,0,0.039921085491060465,0.27911415553568314,0,0.4415714522713475,0.14891477816136192,0,0,1,0,0,0,0.22621485458766616,1
6.397952380683317,8.61589341036463,0,0.6035953612897378,0.20264356166911152,0,4.346155558150814,1.5606327427555655,0,0,1,0,0,0,2.0442580516818447,2
4.892585858088566,7.084023632272312,0,0.24296453533767917,0.11960571828189642,0,1.4333453946536432,0.12545474709712667,0,0,1,0,0,0,2.173157572381675,1
7.14551605925416,11.866279297748891,0,0.11970456519285394,0.24705165362822934,0,0.34163708411099053,0.3167901090431223,0,0,1,0,0,0,0.488463425729044,2
6.649557185282193,10.223028727988789,0,0.05614542813245177,0.5546443660491671,0,0.5956714987033442,0.566469898151933,0,0,1,0,0,0,1.3669039239877034,2
4.046681443992682,6.238503099380095,0,0.07703641048026164,0.3908086696465914,0,0.526821742979433,0.23415572303529264,0,0,1,0,0,0,0.45045563260074967,1
3.310878494654744,5.258740956555998,0,0.03881802868986225,0.442520362516988,0,0.5716212800208742,0.2008499422400436,0,0,1,0,0,0,0.36247630393999986,1
6.093872803832014,9.711933690318117,0,0.07463864370963623,0.17571058725216174,0,0.5357546892463925,0.1552958292679833,0,0,1,0,0,0,0.6536447794769631,2
3.296191018116633,4.577867433172759,0,0.02900355854701703,0.25029078919233505,0,0.4711202971182185,0.19078870288307467,0,0,1,0,0,0,1.4715211503834644,1
3.267504703730766,4.099312912006956,0,0.2161204107262557,0.4463754532555678,0,0.28070336892469244,0.375617314864326,0,0,1,0,0,0,0.32423494131470143,1
1.9375596597213158,3.028136979081628,0,0.07737226402668708,0.24976018422068857,0,0.3690893215146372,0.1046333292636086,0,0,1,0,0,0,0.4299685630986929,0
2.4710249240417745,2.2120317634958027,0,0.05683557064169025,0.30839678707400475,0,0.8922962302078401,0.05218758809283648,0,0,1,0,0,0,0.6681887232601782,0
3.3383240936965426,5.419960258938258,0,0.029613716565258644,0.35783109678793457,0,0.20100883784646867,0.396726172558291,0,0,1,0,0,0,0.1527163950059657,1
3.2442454323352976,4.733705523467429,0,0.06887191785647108,0.27935671194118744,0,0.5450904361814324,0.20757218570163075,0,0,1,0,0,0,0.5208564860674527,1
2.5055655610041274,2.709809022853799,0,0.05704868682769934,0.27178306752629283,0,0.3109047487001255,0.23153369662774742,0,0,1,0,0,0,0.6320206264822771,0
2.1585375996788128,3.1337324575077976,0,0.06941224351772826,0.25309554400442835,0,0.3294114853021465,0.15155404475866346,0,0,1,0,0,0,0.5462027927995968,0
2.5113294693605446,3.723928677964194,0,0.0692095134629785,0.4205446058950966,0,0.39089010191792073,0.21517258890345228,0,0,1,0,0,0,0.36985090018599376,0
2.323478855087136,3.384062861491611,0,0.03746508007060571,0.1545236476191006,0,0.24471751624840676,0.1400832171203788,0,0,1,0,0,0,0.38151834434612364,0
2.425657215704986,3.7547129308565226,0,0.0767639607003649,0.34016811495425336,0,0.19340748693365326,0.19597026981837504,0,0,1,0,0,0,0.4643581121874157,0
3.272485033146469,5.2129863314482545,0,0.03694914753432928,0.47005329771650467,0,0.23744912505585686,0.1857270391238513,0,0,1,0,0,0,0.1563399457026114,1
1.7306376201968297,2.033349805081276,0,0.13716696207530812,0.25052919578227384,0,0.3229003282213545,0.16731256397240363,0,0,1,0,0,0,0.7598866383784664,0
1.925285753586958,2.839757460734987,0,0.0571173297961214,0.24156389154130042,0,0.31802239868682114,0.14648810067806176,0,0,1,0,0,0,0.26469681699084746,0
2.869689865342121,4.5050103505218075,0,0.03723238252214171,0.4481184217676448,0,0.2714122910441138,0.23002215811949034,0,0,1,0,0,0,0.2851472474859857,1
3.7917131969946856,5.946024402077025,0,0.037248558141082765,0.40280746311217175,0,0.5961121426847501,0.28267356665408,0,0,1,0,0,0,0.18112668017981554,1
0.9967039591493863,1.2547886336589098,0,0.040050748340238536,0.0666134732254206,0,0.3977681443888583,0.1293344443888915,0,0,1,0,0,0,0.43581377831355406,0
1.6812011223897323,2.4014460193617726,0,0.05730968419969236,0.2584612547589581,0,0.28886201601491723,0.14644770989557046,0,0,1,0,0,0,0.22987656103848494,0
4.160656939480383,6.791138505469739,0,0.0696707034901809,0.4155384789948553,0,0.5714837235526462,0.17246315811519508,0,0,1,0,0,0,0.14022645218271995,1
3.8567989018633884,6.08261179391074,0,0.03733438468463343,0.5113513388592887,0,0.7380183680393343,0.34895191038106155,0,0,1,0,0,0,0.19138492131685803,1
3.36455489631118,5.0456822263266154,0,0.029663534508438318,0.4565738865989184,0,0.4946241859254676,0.17345282214500024,0,0,1,0,0,0,0.31422848376054713,1
1.4585266047077323,2.164716864778298,0,0.02998812173658687,0.33195503470354754,0,0.26424087277216246,0.1938126553089321,0,0,1,0,0,0,0.07868731272369264,0
1.4714824613488793,2.143094036800661,0,0.02985623254298002,0.1946035617108108,0,0.3618318264248592,0.14798767034588217,0,0,1,0,0,0,0.2107904617174106,0
3.1534350936361184,4.947641105486547,0,0.039235566529472896,0.43024440702842015,0,0.19364816293594178,0.22867165730579053,0,0,1,0,0,0,0.4572883929221647,1
4.331839151053837,6.823578068893681,0,0.07982640849990934,0.5210453513222646,0,0.4669123228292571,0.2123151037397473,0,0,1,0,0,0,0.18794174228764943,1
1.8113925128685984,2.700959140374511,0,0.07945956376318637,0.23024346023900374,0,0.14765407915597645,0.08675029409170294,0,0,1,0,0,0,0.30759970256271185,0
3.962908989331271,6.197933936767201,0,0.07922725813153784,0.33877564907320207,0,0.5534541699310476,0.1561126477297342,0,0,1,0,0,0,0.131247648609589,1
0.980953057513652,1.1049450249000905,0,0.02970469983671344,0.16356928068074528,0,0.276844129325273,0.14798767034588217,0,0,1,0,0,0,0.23739019426127725,0
1.2591797808959804,1.756155217979046,0,0.07939629174893303,0.2500967612778763,0,0.23407317547639658,0.062467607871031686,0,0,1,0,0,0,0.39434942538999157,0
2.800490949588325,4.380837989151903,0,0.0,0.3633433553276961,0,0.17815991984518764,0.1763258016012561,0,0,1,0,0,0,0.30351392078068273,1
2.088593708693926,2.7615241686466883,0,0.05681086840008932,0.20787284034152326,0,0.4632327586192899,0.06345772171696026,0,0,1,0,0,0,0.24857781865313644,0
3.9919471319210613,6.193947083340749,0,0.0395211861016346,0.4726439590250782,0,0.5152992337209258,0.07383494791749207,0,0,1,0,0,0,0.11066334469211037,1
3.5013282917028965,3.720146313952609,0,0.12158523613498248,0.2504862128008578,0,0.7215370132017448,0.20612865309933678,0,0,1,0,0,0,1.914878844915137,0
12.345594005199375,15.02080762562809,0,1.0054731599922095,0.912101863164376,0,0.6041562072666861,5.517101016993075,0,0,1,0,0,0,1.5710500884408167,0
2.102112662207857,1.872018103112873,0,0.1404277622226138,0.27819355154152237,0,0.38266276334049293,0.4176010733873047,0,0,1,0,0,0,1.42248825001489,0
4.596826961574802,7.331537486647546,0,0.2138293729720516,0.4366758370058589,0,0.8512142732636616,0.2838793677151881,0,0,1,0,0,0,0.16967718152078326,1
15.218129544055149,10.311297943729146,0,3.377247625472809,0.5975632669301302,0,1.9813987910738207,4.25997099676037,0,0,1,0,0,0,13.32868767705628,1
18.27886294827764,25.412680123136983,0,2.1191501928749155,0.4053675470008916,0,5.855585931557098,0.3568986939813845,0,0,1,0,0,0,62.114223475476635,0
4.959138482521807,4.703857513885337,0,1.2459684201520114,0.3505641024915941,0,3.884609754660504,0.3199110555109646,0,0,1,0,0,0,7.422456459565502,1
3179.1885351798182,5495.682077024648,1,154.91557567368648,0.23646973347019004,0,9149.853966365084,0.13494556373828537,0,0,1,0,0,0,12697.984808523945,1
3.7139691771525616,3.943810998280695,0,0.22426956562460917,0.5733502008276095,0,0.3555430498344246,0.21030947051643317,0,0,1,0,0,0,2.565247506095181,1
2.394482308943511,2.9889697801895023,0,0.27459343914111,0.20247961838097786,0,1.7570856038281937,0.14273187241728263,0,0,1,0,0,0,0.8942357194759236,0
2.259782856357553,3.222037003123774,0,0.03732931558782398,0.1252465605693167,0,0.7685461221477519,0.05608377317476672,0,0,1,0,0,0,0.2652737526700568,0
5.134066129844156,7.57059006273421,0,0.02144670649005037,0.5387525886921627,0,0.4454539807173009,0.18871817526494064,0,0,1,0,0,0,0.13802295108152973,1
2.5360401143726805,4.032330672264969,0,0.04809807433076463,0.361231573867172,0,0.33890864778604335,0.19497085047607995,0,0,1,0,0,0,0.3609827172565139,0
4.2413730592238,5.405524862947816,0,0.037723211469622375,0.07449404650733074,0,1.5648543517931905,0.0742300912466794,0,0,1,0,0,0,0.7710248671731332,1
3.4985850383684953,5.315807501655705,0,0.08706565163684539,0.2519347251160285,0,0.35489240970185165,0.23407388857885067,0,0,1,0,0,0,0.24856576214125922,1
4.475629931141343,6.79055089102021,0,0.03623587420555527,0.2548879882548424,0,0.48610905995412795,0.1907995184391347,0,0,1,0,0,0,0.7483870402792279,1
1.0975887033032294,1.4578806328889158,0,0.09639660624062918,0.15933916300903117,0,0.45611210575084904,0.10438503434697227,0,0,1,0,0,0,0.31628437759353917,0
3.3731412596356005,4.997380437181089,0,0.07276189760607188,0.3383399490003758,0,1.1813945928246177,0.11763572518869286,0,0,1,0,0,0,0.37669690928664346,1
1.7448320621310713,2.447505928205073,0,0.049015484712081364,0.3295758557294121,0,0.3049922653871636,0.2515250126377368,0,0,1,0,0,0,0.41069747231726894,0
2.8369455818937093,3.846728511239819,0,0.09925742075403923,0.1425501646411525,0,1.0885990310986622,0.10604539524382993,0,0,1,0,0,0,0.8274194286845872,0
4.49984407106312,6.682195265142097,0,0.04677881572923172,0.5365791149485178,0,0.7362297244849125,0.38129700101613156,0,0,1,0,0,0,0.7110675480336879,1
17.469521917463176,13.40940721482288,1,23.529997604672808,0.6517129064881146,0,9.295424284994024,1.139332276218652,0,0,1,0,0,0,39.80861835478049,1
7.707129827573148,6.280293790851408,0,0.589656767589605,2.5857929543177516,0,0.5387800497642707,4.940036679163193,0,0,1,0,0,0,0.9647036158517704,1
4.833417873718963,3.946138666245208,0,0.45803196794909057,0.4479943167359519,0,0.7862597475354944,1.1151173130266907,0,0,1,0,0,0,1.3439344359513923,0
9.846487756677611,10.19272786527289,0,0.2437005358244888,17.74071124387614,0,0.3546367117136052,5.628421066027379,0,0,1,0,0,0,2.270302034987893,0
12.344370534200287,11.62797338794339,0,1.2258892760885804,1.6607033768082005,0,0.7476628097178721,3.0648685044661437,0,0,1,0,0,0,1.2478275900232483,1
3.8983507959482173,5.095602837779017,0,0.07733424202192202,0.782390056156206,0,0.45493421394638595,0.16880023747796724,0,0,1,0,0,0,1.308581481346048,1
2.9489532808814674,4.186409596017124,0,0.09869480843243088,0.28165394765493035,0,0.3779851920767402,0.1637661578424725,0,0,1,0,0,0,0.7591035492141993,1
4.187813768634191,6.227941548010782,0,0.02941982156102616,0.5237154548522813,0,0.15014081348502195,0.31291150730801787,0,0,1,0,0,0,0.9827962201407403,1
3.2895088777058863,4.99323851297671,0,0.03847865439647076,0.3869074775286476,0,0.8144544794249036,0.24225871412998526,0,0,1,0,0,0,0.7914105458885072,1
3.375552044203817,5.203999896986133,0,0.07082070760382932,0.3551608534331337,0,0.47801834815317135,0.1487365718353128,0,0,1,0,0,0,0.3876221504334283,1
2.534894619118266,3.4627310605298804,0,0.016662972490300108,0.13231913609113988,0,0.48526148372018824,0.13371522020652488,0,0,1,0,0,0,0.9434806392128281,0
2.5625282697505445,3.983600237774104,0,0.03010246395770155,0.42584010402943084,0,0.34106588853600206,0.251827054519762,0,0,1,0,0,0,0.26048057454125295,0
3.191155960938456,4.260206675815311,0,0.14131427802950897,0.1348039725755402,0,0.7861660826597885,0.04511372351414879,0,0,1,0,0,0,1.1589390706360199,1
4.712470597307876,6.456206478118618,0,0.030557810467757397,0.5197226086326536,0,0.3946676450365179,0.2586731875581245,0,0,1,0,0,0,1.1343407316461342,1
1.3405542593415407,1.7765758834825645,0,0.07026749553787298,0.16680022742371764,0,0.3337003513153177,0.08966860449601881,0,0,1,0,0,0,0.4882473198429055,0
2.6989294238972117,4.046293949910579,0,0.05954171568933014,0.37234225774352,0,0.09930948099420571,0.5621340678002666,0,0,1,0,0,0,0.5432819876411157,0
3.3522976339968023,5.203713627661286,0,0.09809090169835341,0.4206463133505476,0,0.44937602101486973,0.3060768198028683,0,0,1,0,0,0,0.3618921875004121,1
3.06128450832206,3.9178574514784485,0,0.051577528253125546,0.21953276209449837,0,0.463150145529172,0.18061708217563677,0,0,1,0,0,0,1.4682713763108732,0
3.244295129503661,4.181820665984868,0,0.03194560375659016,0.32002341513322413,0,0.644250114503804,0.07587884050074141,0,0,1,0,0,0,1.314844974943157,1
6.384631267076568,7.465995259007179,0,0.18090381931212562,0.3966445756012452,0,1.2740089382946858,0.17886882689353314,0,0,1,0,0,0,1.9707197305150141,1
8.729424793662613,9.991659907857636,0,0.43528479294902284,1.2070192853742492,0,3.6461017476049977,0.2837178251583704,0,0,1,0,0,0,6.935663618813973,2
5.069188466413029,3.341123627962796,0,0.3147044093954198,0.30176224717487893,0,0.7480902519905744,0.22230611996890248,0,0,1,0,0,0,4.489894257739459,0
3.4054407275079335,3.6294852349367592,0,0.19447778860277193,0.20478525202516817,0,0.7282889035307258,0.23369381498166814,0,0,1,0,0,0,1.9994951946430137,0
3.8288652473796363,3.4270284275606704,0,0.08333914903593989,0.3692729059202307,0,0.7048321964634718,0.19463541864262585,0,0,1,0,0,0,3.012871294977109,0
4.313112959262415,6.6450997632443904,0,0.11299995995494691,0.551456421794865,0,0.11124405286531412,0.23055396586064703,0,0,1,0,0,0,0.07758138388843025,1
5.325863157450136,3.558798708980825,0,0.3674082561108939,0.6728565222567799,0,0.7879003768006148,0.12991653449062623,0,0,1,0,0,0,7.625493995392267,0
4.236197781037332,6.483964126184717,0,0.21359154276309555,0.473890013105077,0,0.4175380967027064,0.3322931226829585,0,0,1,0,0,0,0.27092134870154194,1
3.631596708461866,4.972976124877369,0,0.03073072889550329,0.46117622023502797,0,0.05680745516945314,0.2808237835622739,0,0,1,0,0,0,0.20448799366146775,1
42.43072672823593,63.91223972201212,3,0.1213071617950093,0.34180611874442196,1,1.972844331832082,0.24474698838362446,0,0,1,0,0,9,2.490647004801137,1
0.7444017031441126,0.5304414102418386,0,0.028580819179309727,0.1548228509520819,0,0.20900389725872665,0.15508541341895637,0,0,1,0,0,0,0.6178749314642598,0
4.270061048098256,5.693248358703045,0,0.01761130754210766,0.43163763897441565,0,0.10983706301713067,0.31692339370929745,0,0,1,0,0,0,1.5231848067102258,1
2.322606475356583,2.5371391675967585,0,0.07034329354016716,0.17340464355076596,0,0.15000441439148682,0.19769481643775555,0,0,1,0,0,0,1.5446209082789508,0
21.286875039145013,26.644137355137563,0,0.07238305234519794,0.5041980552561975,0,1.4907430748487602,0.2990428052118914,0,0,1,0,0,4,1.424420781232819,1
3.1687927151780224,4.896718947797918,0,0.056874802441279945,0.46703217970485267,0,0.5609954665761638,0.20651181385641132,0,0,1,0,0,0,0.36609844316324436,1
2.937430534650288,4.585307265428049,0,0.15326753225218032,0.33658992587851216,0,0.7367926838623016,0.16474896546883824,0,0,1,0,0,0,0.1951066577886141,1
1.905893690448942,2.506293725147919,0,0.01640509542139531,0.3800071846646985,0,0.28235322328172574,0.23839329870396186,0,0,1,0,0,0,0.6942789633729688,0
3.526117126117923,5.2515694864496885,0,0.09620231998486789,0.5154698608246402,0,0.7437148568971379,0.07609381090013626,0,0,1,0,0,0,0.46591089523809137,1
1.250102384055912,1.693285963823951,0,0.09770541782830708,0.1610159769631985,0,0.4351555443101246,0.08024268481302994,0,0,1,0,0,0,0.26613537382963887,0
3.858766037540322,5.964336667034886,0,0.03836446534289331,0.6533551513274631,0,0.43646466042081944,0.29053973056308763,0,0,1,0,0,0,0.2599044087880261,1
1.464388854361422,1.9569737499490314,0,0.1993513695245347,0.1864652415414555,0,0.774976224235897,0.10937130660849974,0,0,1,0,0,0,0.46500990759714933,0
2.1326262383725654,3.2326220679598077,0,0.03841797432429114,0.34397300951511117,0,0.18872744923620333,0.19471714257272524,0,0,1,0,0,0,0.26643731881242044,0
4.136113970340569,5.458784938583209,0,0.07156338325106856,0.46012819190649995,0,0.7858816824543092,0.5903134618383448,0,0,1,0,0,0,0.22881571243896837,1
3.608516011644844,5.454211846085968,0,0.0723944759515503,0.7440267198768505,0,0.12893337460425097,0.20461229735340825,0,0,1,0,0,0,0.4115516171789251,1
0.8352925113709301,0.8592057942587221,0,0.11865313412375508,0.08635442235126,0,0.3768505721631515,0.1263894752247584,0,0,1,0,0,0,0.43030689470456596,0
4.327443099857502,6.639211041719047,0,0.11944676664189235,0.6299557362664633,0,0.5488412503129447,0.1699992836237958,0,0,1,0,0,0,0.3400567425089599,1
1.8606831713041723,2.64938569614905,0,0.08155255633942152,0.21447661630001758,0,0.26536827183983414,0.12590360249966173,0,0,1,0,0,0,0.4832435574329865,0
3.755031644737822,5.761626505753148,0,0.07906252949521804,0.3129666430271614,0,0.505182174485655,0.30646373957871104,0,0,1,0,0,0,0.6218740760886574,1
2.3006789531868734,2.941062868191066,0,0.15474033656875671,0.08038131263789579,0,0.6476068543852642,0.03350092019261286,0,0,1,0,0,0,0.5153142959824936,0
4.169173928597565,5.126207020611551,0,0.19818716580105075,0.515896380803321,0,0.4209735177696266,0.2679221742164669,0,0,1,0,0,0,1.1083065508153829,1
2.1129470404777773,2.23676154569413,0,0.12131667991249521,0.2671115386508473,0,0.72083684522136,0.11195537432707924,0,0,1,0,0,0,1.1942784776381483,0
3.2936033722153892,5.011478306121723,0,0.09791860996527912,0.4419284102712596,0,0.5050065691536668,0.1916674758886403,0,0,1,0,0,0,0.5179391238020703,1
1.6859134985455815,1.7139561792003628,0,0.11783779462221192,0.08553820120858466,0,0.6510076267176237,0.04264297568669763,0,0,1,0,0,0,0.9738388227563993,0
2.981520988936873,4.610763323983797,0,0.16036976118832424,0.5235586426366374,0,0.43847141757165986,0.2687048492201081,0,0,1,0,0,0,0.2323952658013151,1
1.308366498371106,1.328714378018537,0,0.08130850498517231,0.12362395074343893,0,0.37917044430145236,0.10086114914402243,0,0,1,0,0,0,0.6756251590380641,0
3.71896733569178,6.197972881648427,0,0.2016220203754357,0.3529643158933829,0,0.45792845163012125,0.19848280996016035,0,0,1,0,0,0,0.19761172663694537,1
1.2174087105256126,1.5891500298105738,0,2.2411394856948193e-05,0.30717759468330197,0,0.14165438654355306,0.1075197123822611,0,0,1,0,0,0,0.3127654595393921,0
2.710671038973333,3.8180528567639316,0,0.27859628988661245,0.1449136038213994,0,0.6516245881615597,0.10978357153651026,0,0,1,0,0,0,0.6451016237569174,0
2.5136533516294963,3.303421130123862,0,0.07690514546430526,0.42830194776347785,0,0.27065162098990164,0.17966229984579637,0,0,1,0,0,0,0.6808285671412424,0
3.7239256426323517,5.470611527467234,0,0.13962456175555304,0.17136585297995682,0,0.6252351618902756,0.12741428667971855,0,0,1,0,0,0,0.3694765127582992,1
1.6276476349213422,1.9584062691707687,0,0.04058948461160625,0.22171994087711352,0,0.43208682300697093,0.20819660172090218,0,0,1,0,0,0,0.4742329907501647,0
5.965659488234911,7.297604584627409,0,0.0728648922599809,0.6459172299703501,0,0.8800580572405157,0.5095981772410003,0,0,1,0,0,0,2.553183982762691,1
5.998742524021116,3.147117843244973,0,0.2046167302412872,0.27763887174626595,0,0.33300318422633013,0.33250567069154424,0,0,1,0,0,0,2.212916552118629,0
17.290652734518332,15.783259374842386,0,0.6806642720638045,0.7849140632393259,0,0.6684929661448753,4.232241408929489,0,0,1,0,0,0,5.826198707005322,1
18.27574309347294,28.811081411797915,0,1.4773076403926182,19.59616300275094,0,0.3608279779277658,21.15570443265451,0,0,1,0,0,0,0.6915927293298204,0
9.014312820518803,9.429059726974714,0,0.03847529368118383,1.144510449427421,0,0.6109061986212829,1.536928868103813,0,0,1,0,0,0,0.4872793610357429,2
1.4240041648064574,1.9379428649522163,0,0.0396325147582763,0.1864029258108399,0,0.38374944070729133,0.08516719200152409,0,0,1,0,0,0,0.46048353275435916,0
4.445908988403707,6.790520122394522,0,0.11981006558102301,0.34079256184321316,0,0.8780729873317019,0.11750676225600017,0,0,1,0,0,0,0.4543730824224864,1
1.5710003082915132,2.3804526500784084,0,0.03716997637645078,0.33281540681260485,0,0.18213305117606854,0.22156504788824077,0,0,1,0,0,0,0.22695189185155545,0
3.728332781332111,5.470598534963051,0,0.19300757178128347,0.36664977846692803,0,0.7790755468813824,0.11739972666187012,0,0,1,0,0,0,0.14970524213164507,1
1.7734999354652614,2.5291710432764,0,0.09855012739002958,0.25721673855777094,0,0.5961989560855255,0.13080600518762772,0,0,1,0,0,0,0.4270445089172202,0
2.486593971233681,3.7682602774560205,0,0.08254873133777293,0.2381072247501747,0,0.3861332402387398,0.1161689451687477,0,0,1,0,0,0,0.31902428319367815,0
2.9276393033876893,4.214789473396282,0,0.14123087976925813,0.17179126108751552,0,0.6052606422974991,0.08890041790742467,0,0,1,0,0,0,0.4837971214619885,1
2.172990419599808,3.2840469545053197,0,0.08106819809943294,0.3770517346495518,0,0.4609666259034194,0.15374874229346333,0,0,1,0,0,0,0.12098384706613419,0
4.103733646297013,6.59857761314074,0,0.11265386167275004,0.3476112281573158,0,0.7541565245141436,0.19957088536722425,0,0,1,0,0,0,0.3339745061213038,1
1.677055994053046,2.5222941440869002,0,0.05854265982309052,0.33463265212584103,0,0.3655397869795627,0.12780468757318064,0,0,1,0,0,0,0.24532112647952856,0
2.7895442485075286,4.097266195897683,0,0.07336274024170011,0.42106303865350414,0,0.39212770360693383,0.2334569595233036,0,0,1,0,0,0,0.46731910785288233,0
1.6236248802045192,2.4023505036650388,0,0.2245567049427074,0.10758428705880016,0,0.7080603389653226,0.110522230948883,0,0,1,0,0,0,0.20762129712297012,0
2.9718529796162616,4.776665569151757,0,0.059936155081711504,0.4967195370973811,0,0.24679793756079052,0.26857687874720243,0,0,1,0,0,0,0.262307764133637,1
2.5086219409969415,3.6414202128818403,0,0.15584899964306875,0.18216950835080137,0,0.6806695429937073,0.13571764694725877,0,0,1,0,0,0,0.24875932883990032,0
2.2605222154651807,3.186105249136067,0,0.08045189849008978,0.34523909634845956,0,0.30858747438619055,0.28530724597821955,0,0,1,0,0,0,0.7320260076137092,0
3.9850841303626776,5.733026493431523,0,0.07316385518083907,0.21902404786279678,0,0.989351074387942,0.03691921257388739,0,0,1,0,0,0,1.0966114311324724,1
1.5827187559897853,2.344165688394678,0,0.038742273374838807,0.27982347841320204,0,0.1375535174575125,0.17020386514548094,0,0,1,0,0,0,0.259523834313415,0
3.4976100305181226,5.417857406077919,0,0.12366400049588108,0.29684798065167056,0,0.7513780167097139,0.13627995994308187,0,0,1,0,0,0,0.9360853191149504,1
1.9028319305653718,2.699848188149679,0,0.05998836499616651,0.27543357147925,0,0.2662736033735367,0.18232372123378754,0,0,1,0,0,0,0.10484115477321768,0
1.7829014212689407,2.6306091155008264,0,0.1627571395075772,0.032828465381394376,0,0.6821433470621086,0.044297892167831476,0,0,1,0,0,0,0.3703850308315459,0
3.2224548419566275,5.154348403101364,0,0.15304560255781385,0.32414135500892677,0,0.4945196238585856,0.16500104217337985,0,0,1,0,0,0,0.24059815012689165,1
2.4751127954049927,3.9229859871999264,0,0.18398785946492419,0.21632908496534833,0,0.5726384482434614,0.1084140461254943,0,0,1,0,0,0,0.19570257019436324,0
2.0968047671556302,2.9045364760919012,0,0.08248702377201908,0.1658807439757437,0,0.5646405174982003,0.1057616973796181,0,0,1,0,0,0,0.5487983234787799,0
2.6728994827988832,4.1585252722747175,0,0.12262433768566096,0.2793613613322737,0,0.372177041142006,0.23760118071074382,0,0,1,0,0,0,0.16447014706751212,0
2.492983080868021,3.5759230742532533,0,0.20217150105498483,0.1206216855565733,0,0.6693534782864352,0.15719551824155176,0,0,1,0,0,0,0.5511158510124788,0
1.7570494680419875,2.59877572861478,0,0.10127741802104637,0.2835489722973402,0,0.2795897750306712,0.17264543698645768,0,0,1,0,0,0,0.3885318345551617,0
3.0280525359724457,5.073742285050729,0,0.14118938911617346,0.26812504265739434,0,0.5915418770109747,0.1363427946768294,0,0,1,0,0,0,0.10687362536426394,1
1.19345120379351,1.4120900440982564,0,0.08243610525070288,0.23472034812819534,0,0.22169622336579933,0.2101993089788642,0,0,1,0,0,0,0.5895147674470861,0
3.0606318951382923,4.567528070209579,0,0.16615823378374206,0.4007308069683029,0,0.54561972485564,0.26186340869387087,0,0,1,0,0,0,0.4904598315573431,1
1.7524367884954979,2.6023696080286167,0,0.1922765057854387,0.10796753464277248,0,0.732432996434472,0.09039119154652872,0,0,1,0,0,0,0.2419242388659621,0
2.805723963207832,3.711541701771874,0,0.11755677224495205,0.39273366868802373,0,0.30250419084325025,0.33686057544321096,0,0,1,0,0,0,1.4592449410356902,0
2.507129362185969,3.8589526629726723,0,0.1862569228710621,0.28527788284818345,0,0.41089870336530576,0.13826157209745804,0,0,1,0,0,0,0.277427701765985,0
1.5178225071891926,1.6096332844906662,0,0.12569509567134252,0.1632206428024956,0,0.587141016364253,0.26994744993985126,0,0,1,0,0,0,0.7217342386739954,0
6.5680193463452525,10.615611896103793,0,0.19834647021006313,0.6294056179704184,0,0.4953188371000249,0.1355007455156418,0,0,1,0,0,0,0.4145092801713977,2
1.799814242165319,2.236988722947893,0,0.03983577707996282,0.2178502991833193,0,0.5021170327782265,0.10886742023589935,0,0,1,0,0,0,0.677837384712953,0
2.5972815151137767,3.864920970179996,0,0.0814758560414838,0.32431835099853534,0,0.5162123561001203,0.2613527564658775,0,0,1,0,0,0,0.4975968903376976,0
3.1876693097912443,4.985956758709438,0,0.11181723560716567,0.2436809095390963,0,0.5882371636828599,0.13884356633294456,0,0,1,0,0,0,0.6212114630067052,1
2.2435320227609883,3.31847887927532,0,0.1990313413142554,0.21466722262626603,0,0.4554284670193679,0.11518624636897783,0,0,1,0,0,0,0.4348424610828944,0
2.814391552831283,3.786843763034395,0,0.38295099907641306,0.20131686281948546,0,0.3383357388226088,0.387393300639286,0,0,1,0,0,0,0.6410340079865342,0
8.421267179590172,8.059695724819887,0,0.468542349479757,1.1644508130298605,0,1.003735813938858,2.649307113328323,0,0,1,0,0,0,0.6735611206919957,1
26.1477558730374,38.280227432781416,0,0.4667147941240338,11.30389088625622,0,0.305675510226751,6.559450936595508,0,0,1,0,0,0,1.135452052037008,1
4.805426720841848,2.90680154226861,0,0.4738808659132032,3.0252399697760843,0,0.8204125173198247,1.4157307627427418,0,0,1,0,0,0,1.0203028015372078,0
2.6562010825027356,3.151143998184862,0,0.036782375494084085,0.08248794353920244,0,0.33836165061734425,0.03986921945790088,0,0,1,0,0,0,1.1584375955421273,0
3.3516369491381606,4.957030100652308,0,0.07891599384057635,0.426404040806698,0,0.4255148877162461,0.2570312146628631,0,0,1,0,0,0,0.41029431865255717,1
2.630606538335578,4.113534702241127,0,0.09862003080729825,0.2924992315205066,0,0.5682442929587994,0.10991978157906768,0,0,1,0,0,0,0.2770102031564571,0
1.184173749331785,1.4235818293898916,0,0.030014640206045815,0.21281453248022053,0,0.2668712470444525,0.17732531842419302,0,0,1,0,0,0,0.21960884746895448,0
3.31192740654956,4.556885009357355,0,0.1541436049474201,0.17309721714950746,0,0.44901400931997626,0.13302019671684112,0,0,1,0,0,0,0.4346993451771394,1
1.8548139584231171,2.366215564941498,0,0.04031951442639873,0.1537840295399016,0,0.3641546725670832,0.15039722962550958,0,0,1,0,0,0,0.5926823183687286,0
3.201271334090474,4.834431692686835,0,0.017600572591506554,0.5739259264672796,0,0.22012407386133667,0.22565034440098308,0,0,1,0,0,0,0.37780921938208945,1
2.187421580874403,2.4889942877334463,0,0.08070742677848253,0.12445129011705605,0,0.5058591917454689,0.13278713439070194,0,0,1,0,0,0,0.8778910714653996,0
1.9358404872353336,2.9595274545381662,0,0.04062438971998212,0.2853532601823063,0,0.20671959754280322,0.23417753306732714,0,0,1,0,0,0,0.2657159254698668,0
3.1313685723699516,4.273064149849569,0,0.12243106634989635,0.21868870253924502,0,0.4540054319469224,0.11333005560531938,0,0,1,0,0,0,0.4661480371033848,1
1.9617420713713905,2.4192569322658297,0,0.273396832465972,0.3356517705170723,0,1.2276143587828323,0.3261395901971808,0,0,1,0,0,0,0.901580393889439,0
5.821287052930058,5.570426162605166,0,0.5651494740004566,0.3832090399064838,0,1.3369003056112096,0.23713707865627026,0,0,1,0,0,0,8.450869620468868,1
5.858721881902484,6.411893817365699,0,0.2741420933765599,1.6080765850293481,0,0.2821228294580995,4.025260963592066,0,0,1,0,0,0,0.8343697149378702,0
7.532810559173716,5.392114262835884,0,0.9272259179539051,0.25764529513962653,0,3.0284115393422466,1.0825127363767422,0,0,1,0,0,0,14.906419034447664,0
5.687491551408632,9.299552847489144,0,0.38924014342548374,0.2963348386039527,0,1.1105498713691127,0.05441803499812681,0,0,1,0,0,0,0.3360914404762068,2
3.308144486610202,5.494567905085563,0,0.18250619839083992,0.4359258631413398,0,0.4320955783747439,0.284562139248693,0,0,1,0,0,0,0.14496631547000455,1
81.90733095335554,94.15820818148958,2,9.306673545108053,11.762501903370895,0,1.7099844327887141,22.733304620972767,0,0,1,0,0,0,12.36853146581668,0
3.1791466749834614,2.2774981415386732,0,0.5538956795334271,0.41051465473169224,0,0.5724351232714467,0.17766630805153355,0,0,1,0,0,0,0.8990000162268468,0
1.074389654735942,0.6805440605377729,0,0.14407622818207275,0.12900707313553522,0,0.5527963148417794,0.11954271206093761,0,0,1,0,0,0,0.4575403782033852,0
0.6921826172005039,0.2231298037846209,0,0.09941303465508329,0.0695084897128431,0,0.3366923783850158,0.11183908475271198,0,0,1,0,0,0,0.8742618095668142,0
0.616560884961991,0.4261553547633813,0,0.1146355154081557,0.06904689908823775,0,0.31340366412456966,0.01928312030655162,0,0,1,0,0,0,0.2042379947607455,0
55.857608066048144,40.32937992696022,7,6.569844670566388,7.179020161449577,0,41.69793125513714,2.2625398937129404,0,0,1,0,0,0,78.17592698523511,0
5.498350645301544,1.8710124650402977,0,1.163599911994671,1.7631818235627321,0,0.7600358145634329,0.3710554198705387,0,0,1,0,0,0,4.8005761657670245,0
62.327984663993504,60.36015748226481,2,3.9010987117731917,36.32257002473656,0,7.034771724056245,8.849726804289551,0,0,1,0,0,1,40.87803741166075,0
51.563237933241425,28.8728119446938,5,26.970615649255972,6.812607951337281,0,27.914036003583185,4.935615656044588,0,0,1,0,0,1,100.93054936309126,0
77.67310141796438,98.4664578930079,1,3.5768219927043914,27.35488425793417,0,0.47979139771977475,191.39779530293646,0,0,1,0,0,0,1.1263316710525844,0
3.0115978642473786,4.638399959542362,0,0.3852192793244682,0.12464034600763099,0,0.2477217436202904,0.34183640632427864,0,0,1,0,0,0,0.2535764305573329,0
4.375589574139786,3.3675688470942116,0,0.19127137772341396,0.3295418230534453,0,0.4557918672867133,0.31964825886139353,0,0,1,0,0,0,3.0971220743615593,0
46.071185090783935,42.11884182952021,2,12.032584902196085,2.0801322046131148,0,8.902343099737578,1.3770183515225567,0,0,1,0,0,0,119.01405561932431,0
67.43034689736157,42.83262762315075,5,85.45915793276995,10.884819841802125,0,12.155751828828656,4.788673381852232,0,0,1,0,0,0,83.88763780442497,0
24.83336542789558,34.9131154417392,0,13.409449578469722,0.5799824313105776,0,4.314049718210698,0.329348866303067,0,0,1,0,0,0,3.0613772462129507,0
32.90363331917292,55.40878750145449,0,0.1288122251267484,0.03458969001954076,0,0.08897731814858259,0.06055301054446878,0,0,1,0,0,0,0.9183994217046302,0
0.7959114208582352,0.46177795113978004,0,0.027878048656850073,6.507704409322883,0,0.13576449709408564,0.0,0,0,1,0,0,0,0.4900935587355577,0
0.6776954229122911,0.9967324782935967,0,0.10425317434129804,0.07386591218888382,0,0.21219327908750343,0.14011851664804492,0,0,1,0,0,0,0.16529945409021757,0
0.483385251742926,0.5346112387069621,0,0.08653930997020723,0.1013812337273718,0,0.5742169053599653,0.0797943913910559,0,0,1,0,0,0,0.28562317068877857,0
0.5905442555416259,0.3778835097276308,0,0.14527094663722126,0.050254948248025066,0,0.8304533248902739,0.07167024659082785,0,0,1,0,0,0,0.3205392245307612,0
1.1087038149233928,1.5428063809468187,0,0.10220142009754234,0.029838375846218908,0,0.45269536109992936,0.13088563823794988,0,0,1,0,0,0,0.14690851093855717,0
1.252776159333984,1.5594537487535094,0,0.22232473041833983,0.11670659013877119,0,0.22174549910185037,0.3145792709692314,0,0,1,0,0,0,0.2338901734741174,0
10.669597636941125,7.6709608883463405,0,1.0015220210122164,0.8082113535700508,0,4.409831354014871,0.6689368970769196,0,0,1,0,0,0,23.08125806130353,0
6.176865918358059,3.2665442353979106,0,0.04165362912812096,0.4512851624727694,0,0.483062061363193,0.23517554633650112,0,0,1,0,0,0,3.60898672455292,0
0.8300339131268123,0.5896905273229154,0,0.11712121308137033,0.13063043821035603,0,0.32178273407668856,0.013502330412881942,0,0,1,0,0,0,0.41249370328396195,0
1.4175204823660033,1.3038347433614694,0,0.07137331475818184,0.03306941510078018,0,0.22645402565746559,0.07392160719825575,0,0,1,0,0,0,1.3136497113972125,0
2.6956649980681844,2.6710823596871736,0,0.47565461957604777,0.07089368438218373,0,0.37400412172150416,0.14299923664019162,0,0,1,0,0,0,1.5405873651452482,0
1.9272283012002354,1.5731774525328956,0,40.047383707881565,0.12648303687769694,0,28.386826584464192,0.05527961471689216,0,0,1,0,0,0,2.5718832475454736,0
4.597979305620349,6.04723332224198,0,93.32071161657723,0.027704778326216685,0,73.54084913397912,0.06345351402808941,0,0,1,0,0,0,14.970010728824168,0
5.760966697255952,7.463887465995877,0,94.6692071824779,0.04020547409546926,0,61.75273777436346,0.20306424666906325,0,0,1,0,0,0,18.576100474232938,0
10.701561133841869,9.62628387066361,0,66.34543160295766,0.12303264399723562,0,44.21803324743593,0.4017254132624579,0,0,1,0,0,0,14.21736175402911,0
1.7754244958036294,1.872627960904625,0,0.18483669701295416,0.08337916702613053,0,0.4676389008963733,0.04559138538329039,0,0,1,0,0,0,0.6958022072418814,0
1.4812414337970616,1.7652158076793887,0,7.496932137734253,0.030405385910073284,0,5.085401375208359,0.018288285420669844,0,0,1,0,0,0,4.492777191698428,0
3.55967205980305,5.557841629191384,0,25.907992862488335,0.027725246473701212,0,17.42358820685166,0.018288285420669844,0,0,1,0,0,0,13.181408495228895,0
0.6506568391399425,0.5085242461429895,0,1.4478062014547728,0.04303890686669181,0,1.3257040315805524,0.06408873546559403,0,0,1,0,0,0,1.0115849759652147,0
4.258109861235198,4.835856298082147,0,6.721679627020018,0.6987215606965652,0,11.497705717231225,0.3998085101923938,0,0,1,0,0,0,12.513890532786228,0
18.784377977508587,21.241085638522012,1,11.896952351915738,2.056967591133207,0,7.489161282076713,1.0646242394434418,0,0,1,0,0,0,54.52478647313457,0
8.281720507644957,5.798700367798266,0,2.4910465893384126,5.915620268917551,0,0.7176873479133374,0.21716400857928728,0,0,1,0,0,0,2.462668902412595,0
2.814266103531314,3.504663654633366,0,0.21423776929473565,0.18578788041626393,0,0.28558834844888914,0.13708887231039954,0,0,1,0,0,0,0.8085264449912775,0
2.399355992487126,2.7934518833139643,0,0.2825450350596902,0.06441949585123544,0,0.3944606253915642,0.08557737371065238,0,0,1,0,0,0,0.3298302333823779,0
2.6021828597968617,2.595036188121194,0,0.6072743371363019,0.03939217406207814,0,0.8584651451997378,0.0970033742204506,0,0,1,0,0,0,2.1513506287713717,0
1.24097446908264,1.0047887429850635,0,0.24881267848705776,6.627391857629351,0,0.8234846198554564,0.07121299256598423,0,0,1,0,0,0,0.5927221879123279,0
3.1604810544525073,3.5632376758101167,0,77.053629883461,0.06474968582543013,0,64.82765700244998,0.2640115187874795,0,0,1,0,0,0,9.272675503806928,0
2.4213625881420495,2.9146592127068893,0,41.33212131587298,0.17121823974189215,0,31.318071211058296,0.297642240589827,0,0,1,0,0,0,7.380608713594688,0
3.9871257352691125,5.204748266465441,0,68.49016095582834,0.09566654029072179,0,47.11212355406718,0.26072596548180416,0,0,1,0,0,0,12.942848227246913,0
0.5625180059838027,0.307405531083753,0,0.03457971382249217,0.05597886701331803,0,0.43058216516959136,0.08213956043889752,0,0,1,0,0,0,0.48520640428267864,0
0.4074954951492369,0.35142553002410776,0,0.03830464267783369,0.018628388537957955,0,0.3294651046602635,0.025078441896177504,0,0,1,0,0,0,0.18722792398397323,0
3.1890280183182624,4.502397094519454,0,62.8399933547377,0.03572392192581153,0,50.77238197080397,0.024704809538462335,0,0,1,0,0,0,10.957948817026127,0
0.6713673085527961,0.33628807392971616,0,0.1604568091857123,0.0375290824489137,0,0.19079855030870868,0.02985558157991604,0,0,1,0,0,0,0.7416808744551583,0
4.341235606081822,5.134197244506166,0,97.95597838629095,0.03785026702024723,0,69.40997552054614,0.13412632572900773,0,0,1,0,0,0,13.122933264846472,0
0.41262532294857057,0.09216461473615119,0,0.28015352826558504,0.028575939730908946,0,0.4559380341697214,0.07523626721350123,0,0,1,0,0,0,0.28165110997494386,0
2.569990542442598,2.9429575612295134,0,71.15946814969905,0.1103151551853101,0,57.98357926642163,0.06449132907830532,0,0,1,0,0,0,7.615058448688961,0
11.273608445095041,11.418990507496584,1,5.828142784077763,0.6427570396429962,0,7.327246035647413,0.1585617435128276,0,0,1,0,0,0,30.41201388682154,0
9.585801986117886,6.344892637207088,0,2.6681600892066855,1.226880817573515,0,1.7427454178791326,6.154761018641648,0,0,1,0,0,0,3.086674123239611,0
2.0594781526205557,1.670319004516701,0,0.3009367767112059,0.45663704440937014,0,0.3668089978862273,0.14790352804719747,0,0,1,0,0,0,3.199071301915807,0
0.7230741609802835,0.675220211824118,0,0.09698166762126494,0.03898912311632145,0,0.360101771960351,0.12719876280250572,0,0,1,0,0,0,0.2968014245453811,0
14.805856095011542,19.560463942928475,0,48.67552074314787,0.07726614219873501,0,29.718989427841805,0.14220939246582637,0,0,1,0,0,0,10.644884183257062,0
13.205249911483163,18.699995110685883,0,1.1511735787319437,5.996120086865772,0,0.6935297082019571,0.10088516856462201,0,0,1,0,0,0,2.068250522116255,0
73.172112769922,123.02442837598987,0,2.5316284740942416,0.3576782738593708,0,1.3202326643700641,0.22005966120636822,0,0,1,0,0,0,1.2004427393554775,0
6.637269772096299,9.200779338497373,0,0.3832048233019757,0.1589602060930156,0,0.8164897445653925,0.04475294036755716,0,0,1,0,0,0,0.9611509473163665,0
0.7531848163124605,0.8672052256086866,0,0.10174201494919609,0.037459300348843816,0,0.29309613946591573,0.1744176075382221,0,0,1,0,0,0,0.3031991754764345,0
0.6422503641493059,0.7136451108547011,0,0.13632172647418184,0.03496517871271643,0,0.28235636128662156,0.1308766008865546,0,0,1,0,0,0,0.1413419601814136,0
0.8821432491192812,0.6588345595803313,0,0.09768133069646606,0.054259601205988564,0,0.24171214072701452,0.12140447152015502,0,0,1,0,0,0,1.0642540311381405,0
0.9028830821603635,0.7629406239614444,0,0.07370174267549151,0.10000014519356899,0,0.34756929482715054,0.10454902018423062,0,0,1,0,0,0,0.26082553205597336,0
0.49922122395000124,0.3146180286176154,0,0.10289490571317317,0.013171459758850005,0,0.2715425124911375,0.03627516448944186,0,0,1,0,0,0,0.3593766232523725,0
2.8861349859100867,3.818076546717355,0,71.10345352612168,0.03447501017169828,0,52.27756977707897,0.16620475044344848,0,0,1,0,0,0,9.448894864218552,0
3.9519032932029434,4.9503306188924,0,84.28968337293975,0.025700662725105648,0,59.26644785793262,0.04965506669049134,0,0,1,0,0,0,12.443566730299283,0
0.4815705874373319,0.5991349599686073,0,0.10835723441695394,0.030848067073413383,0,0.3841580095982329,0.0740305260000356,0,0,1,0,0,0,0.06600924058905859,0
1.7693882896752355,2.52851390821037,0,41.52825377390096,0.014879469061249711,0,34.59149394686545,0.05832061130497078,0,0,1,0,0,0,6.147538589238799,0
3.019731067227414,4.318019506340146,0,69.47990128885777,0.03181135706486554,0,47.795530353458275,0.04962806103973422,0,0,1,0,0,0,10.487571449489842,0
2.698489724107235,3.9212522683426316,0,59.37088558726233,0.03933773498697547,0,38.85661839482113,0.12559498368596217,0,0,1,0,0,0,9.466851459140113,0
0.6603062191871694,0.37341099371469,0,1.2979857987592167,0.05443690492443087,0,2.3567625709421742,0.09229276326849935,0,0,1,0,0,0,0.4886309618622672,0
4.880318344391332,5.331880298258627,0,51.26963036832772,0.7154220017599282,0,28.413625385495603,0.03859746809121492,0,0,1,0,0,0,13.902718477368067,0
4.862792047217482,3.9600518848570085,0,3.7723337509696884,0.9103730286311151,0,3.9973259938538543,0.3264854394275721,0,0,1,0,0,0,11.145075409283429,0
9.676026553495992,11.23419136441679,0,6.417192074411877,1.9177129875117171,0,1.7004409953700448,1.101092260867814,0,0,1,0,0,0,28.941539832507928,0
2.258739663466363,1.0324730815317247,0,0.2358196080932624,0.5977403099187557,0,0.9156342511513542,0.10752262665131115,0,0,1,0,0,0,2.163853791103697,0
1.2541075759808398,1.369753609658613,0,0.11324660983701536,0.057126141946560405,0,0.46445433667801317,0.13798160647115731,0,0,1,0,0,0,0.2650486769050926,0
1.0558514342412517,1.212971562429803,0,0.10014993034529399,0.14233190171084525,0,0.20085038426708035,0.3050959101997549,0,0,1,0,0,0,0.06788719301008049,0
0.6489927340226873,0.43026678659191275,0,0.055109003294113515,0.036338788742505804,0,0.3619076592526718,0.10456862773455185,0,0,1,0,0,0,0.2982609671005709,0
0.40619440742781804,0.2854481619403389,0,0.06879897192686982,0.00025071633686045886,0,0.21507361634590105,0.0238305439784225,0,0,1,0,0,0,0.1842330742301392,0
0.6791610274172177,0.865628929505618,0,0.07475546529981378,0.03619466238583709,0,0.09234692408792192,0.04965506669049134,0,0,1,0,0,0,0.16255707687097642,0
0.47816371998209,0.5797697168973065,0,0.10285429980504612,0.029226267458235256,0,0.3473689725519806,0.1629087342133622,0,0,1,0,0,0,0.03814320846084854,0
0.5336391277819085,0.44255759045086257,0,0.18517833569625647,0.06425818632042435,0,0.4161584352086869,0.13093337023353777,0,0,1,0,0,0,0.08398909739632371,0
0.8237094116981597,0.7526326142812739,0,0.2597489438288755,0.07311991546158089,0,0.5167480049533193,0.1230229233197487,0,0,1,0,0,0,0.1763535269167174,0
0.7850531031849778,1.2156247122723025,0,0.12529958157877594,0.1167872416182601,0,0.37800725933201906,0.2516043897894281,0,0,1,0,0,0,0.0699775176238123,0
1.1365092244138033,0.9325878311714795,0,0.38778877678858836,0.13418010290862184,0,0.21837980264408732,0.2128767951564275,0,0,1,0,0,0,0.4329190965129333,0
4.337840761513505,4.59830724472035,0,95.360273418066,0.08400979111344033,0,79.54766247342818,0.04811599750772594,0,0,1,0,0,0,11.851949164113332,0
1.2190349552398492,0.5284454717380709,0,15.591979821301319,0.028621672839471195,0,13.774526831475985,0.05319119056292167,0,0,1,0,0,0,1.751315129727499,0
5.005472489462581,7.932281529487758,0,0.10762684603099101,0.04688805055057447,0,0.07230351611668909,0.17026293539750367,0,0,1,0,0,0,0.16691978667863477,0
14.875076274890928,23.201554609515217,0,1.4641162372030763,0.3068093486187472,0,0.3029694957909656,0.19172829734191174,0,0,1,0,0,0,1.5646400082708138,0
10.13539825556048,3.6679463106614656,0,52.35250153537906,15.841429326859615,0,36.712685115503916,5.129556384054238,0,0,1,0,0,0,13.67196690255705,0
19.768751243098848,16.320187947484758,2,3.53708949252512,2.28811669696414,0,6.276615972661873,0.8486811262759881,0,0,1,0,0,0,31.87085236191208,0
3.271366740105351,2.1561450253087884,0,0.30550774200951103,0.18045178919328198,0,1.792952942985902,0.23394030249601996,0,0,1,0,0,0,6.129681135135809,0
1.4332184969223165,0.7202160125060185,0,0.06384071216593114,0.09063693020212359,0,0.5182312628598944,0.11653579864195546,0,0,1,0,0,0,1.233033907689661,0
0.47238412296868343,0.3842069744763567,0,0.10301779082538384,0.0481671102662488,0,0.3135822738528664,0.051006231231642364,0,0,1,0,0,0,0.21732009673746527,0
0.353489819839062,0.3728408461097059,0,0.02861682788747961,0.03923451629314055,0,0.11540745829417046,0.023472346599807015,0,0,1,0,0,0,0.21301190864672287,0
1.1377389160056364,0.8584343917210587,0,1.7459288130507455,6.402981203378701,0,1.1100707790847744,0.01877787727984561,0,0,1,0,0,0,1.7614099956383271,0
0.9307066431096722,0.5616506511854878,0,0.10973241792425288,0.07287501416969763,0,0.23888058601843326,0.1193205753768717,0,0,1,0,0,0,0.30486449989024994,0
0.5651176292571403,0.4619832385038973,0,0.21586122829206278,0.0648958681611042,0,0.5213518605125245,0.1693816897016615,0,0,1,0,0,0,0.38325002203575054,0
1.3694128322292602,0.8797484207223562,0,0.29063046555394684,0.14579323989052362,0,0.7086102432121735,0.09687360250967862,0,0,1,0,0,0,2.6470101078652792,0
2.743228027913356,1.5926641858945445,0,1.0661614759547497,0.055102069406220075,0,0.7517964424320147,0.0858760213779495,0,0,1,0,0,0,2.7551415415127574,0
3.118243389083017,2.182724950576267,0,2.3424854719732764,0.2547428177081955,0,0.6133801828583334,0.04645017366794797,0,0,1,0,0,0,2.0365967670600975,0
2.633783896621284,0.8756286803820638,0,7.474459721572113,0.3543060910144554,0,1.0885190427810105,0.18329923897665712,0,0,1,0,0,0,3.399305027537551,0
0.8155483991696668,0.6119844276542868,0,0.13873710703544456,0.07255567314546371,0,0.7928501886429475,0.011289876012752224,0,0,1,0,0,0,0.442982603053834,0
1.501237790368327,1.2108724497351657,0,0.5970426596868065,0.03633338113383469,0,0.7425446413440697,0.10861175232864634,0,0,1,0,0,0,1.1274501237948686,0
1.2555853492478066,1.6561118290983579,0,0.17814803596922454,0.07427419811863264,0,0.5162887549479843,0.16865956308237012,0,0,1,0,0,0,0.3805354510469533,0
1.5540522137053847,1.1329521414454835,0,0.2956861225025156,0.06287916173581765,0,0.6409142606778953,0.33511808271892185,0,0,1,0,0,0,0.9808306482020303,0
1.7491970094883098,2.448998200286948,0,0.19811258590523184,0.15053077578503765,0,0.5055313405864216,0.26438074042570797,0,0,1,0,0,0,0.5874617651800556,0
0.8255128509327962,0.6907538098728417,0,0.08934187367533249,0.1055044024010486,0,0.22920097078224447,0.1887748614056902,0,0,1,0,0,0,0.26652937963177814,0
1.282929720357578,1.31172925412039,0,0.07329013063886161,0.12762791392208386,0,0.22402513287765222,0.2041301293072722,0,0,1,0,0,0,0.8102679140903424,0
11.26096865236302,15.23451673942821,0,3.153444399943383,1.4032542385625577,0,4.386456068800027,0.618529460718447,0,0,1,0,0,0,37.589981432104494,0
33.18607239716896,37.7364580075849,0,80.35477012351869,3.7740267297598704,0,11.270716759673231,1.0654506181089813,0,0,1,0,0,0,98.34177372535375,0
1.4196846359704482,0.331541362456781,0,0.425846125035768,0.09005953443037257,0,0.46938765872537463,0.11114961772002206,0,0,1,0,0,0,1.3334390442020183,0
0.741455531343307,0.46807328890056865,0,0.11923727040359386,0.013923387257028632,0,0.5084830297031122,0.05582318533609855,0,0,1,0,0,0,0.32996733613294943,0
0.39279597873421773,0.2540131184806284,0,0.050411064638044435,0.012979760929145575,0,0.19608842947318333,0.08412248535174471,0,0,1,0,0,0,0.18964489863942272,0
0.5733980090375383,0.273088275776909,0,0.0969207239454365,0.032806352442405956,0,0.1762848418647105,0.06052267466363701,0,0,1,0,0,0,0.3158442236005806,0
4.960030825724175,6.132899808034079,0,0.5303337834358754,1.4838174808765832,0,1.885935778520889,0.21292689246287758,0,0,1,0,0,0,15.509897455626925,0
4.519215355845356,5.870052763438823,0,0.48698135348733046,0.7959319248978897,0,1.6138811105662985,0.19994168933785714,0,0,1,0,0,0,14.654127890124705,0
0.5537094087147123,0.27461531587218846,0,0.4320292462502122,0.029059511789666724,0,0.3935652980081048,0.03219386197500604,0,0,1,0,0,0,0.2808518790754954,0
1.1791839376349427,1.2923578801262663,0,0.27520322470873476,0.07512296792058994,0,0.770361430432447,0.18733228734406782,0,0,1,0,0,0,0.4329909061432838,0
1.5529124172200945,1.9154784092018164,0,0.2508974748676835,0.1485055158473026,0,0.352122361878324,0.19635468385976157,0,0,1,0,0,0,0.16613852497526677,0
1.0022204370431562,0.4782319881732828,0,0.05144398833610048,0.15665383514599568,0,0.4076195146261505,0.1947633365991367,0,0,1,0,0,0,1.1781135202909745,0
4.380810686931408,2.801548713967691,0,2.2473361333242172,0.05656832796949486,0,1.576671493140014,0.13136095447436685,0,0,1,0,0,0,3.546496797275564,0
2.7424087880967694,1.6765926769659978,0,0.5695962061130015,0.04861663210221679,0,0.5379313218400572,0.13528860467222192,0,0,1,0,0,0,4.177747317483799,0
1.4094093225235067,1.125209001729947,0,0.4226254551705731,0.30935822356880577,0,0.40216709866282935,0.16140773137147765,0,0,1,0,0,0,0.44655389519700195,0
1.0442429035682483,0.6417907259024415,0,0.1836251356377546,0.14420402462541315,0,1.1191225231283322,0.19871846346402128,0,0,1,0,0,0,1.7379244495886292,0
3.4055223755710116,4.782604179971144,0,82.22275257225809,0.0468258329540739,0,59.94706505639188,0.06495212938605381,0,0,1,0,0,0,11.688551254444171,0
3.1178659082846734,3.3689547307776833,0,44.879338307677926,0.1533697166362636,0,30.05358900255909,0.18820705142951238,0,0,1,0,0,0,8.362631069360525,0
4.6548350090322534,4.529980361281618,0,100.36168768387914,0.11015725056772091,0,63.1328620572955,0.26995005223891066,0,0,1,0,0,0,11.883878297401967,0
8.475991165150365,12.30603946152024,0,79.92766058777356,0.061278124577979834,0,61.76238409102126,0.20703284531416863,0,0,1,0,0,0,29.72939224660916,0
0.6712180452729635,0.3301401395039815,0,0.17470492396507065,0.06340152122850008,0,0.2565313360316087,0.048670819173508566,0,0,1,0,0,0,0.8445767059326786,0
0.4279700610957077,0.34523885137970856,0,0.05977325332279511,0.026053344024552116,0,0.18911844084008783,0.0486993101001119,0,0,1,0,0,0,0.15963564737400476,0
1.222087591364196,1.1203440284564392,0,0.3059088572227836,0.06801987312350896,0,0.373914187019433,0.14001524719709904,0,0,1,0,0,0,2.90592444005073,0
9.279089374025467,13.348071117016548,0,89.78114071536856,0.6543855718880716,0,59.33214517765217,0.24267254568584312,0,0,1,0,0,0,32.309623103744244,0
1.9666615633661306,1.1110612249163276,0,0.6574035674123315,0.05203515625109567,0,1.817166198243777,0.017723708766629473,0,0,1,0,0,0,3.3733189198317075,0
4.256163861440972,4.132785919453227,0,73.19381240442543,0.11454610504225543,0,54.889061116115094,0.21047401498467877,0,0,1,0,0,0,11.292236739430935,0
1.5977212538690069,1.3514211410329577,0,0.4192551699587088,0.6130742593036874,0,0.25636888318945633,0.3349462715826529,0,0,1,0,0,0,2.3884734284845295,0
6.5437986001878246,5.726707477483341,0,0.4721917663335168,0.7397935331925943,0,2.1050815544179815,0.3671390351650204,0,0,1,0,0,0,15.89015769421705,0
1.4917976494796528,0.9241801484380602,0,0.5049452845328976,0.17433716842820868,0,0.36897161978658793,0.6355335683308105,0,0,1,0,0,0,0.5076901923711378,0
1.6456190887084148,0.72752670633821,0,0.45440215709057236,0.19780538581258134,0,0.20790056366180704,0.3896362652188083,0,0,1,0,0,0,2.113292512216548,0
3.1938017967419947,2.5470267566697515,0,1.2039249386248645,0.5152434076593642,0,0.9751812810011724,0.3995207848318154,0,0,1,0,0,0,4.2503349416783385,0
4.358890640596053,4.980452411603117,0,0.3525308137681611,0.16808002889579834,0,1.3950080508160134,0.34867354961678176,0,0,1,0,0,0,2.259768554152192,0
7.584915159512656,9.029087844274276,0,1.9938615812398497,0.7052998710974012,0,1.829867997438619,0.09231345573601563,0,0,1,0,0,0,3.76806233446443,0
1.8306283549262594,1.4321155208433025,0,0.6568217083396826,0.20185036535143513,0,0.30474001209429574,0.32759801469241684,0,0,1,0,0,0,0.6101534133502517,0
1.630896573797925,2.3732624806693297,0,0.15997769683095212,0.10428735175484552,0,0.1746477015537245,0.16783655780163304,0,0,1,0,0,0,0.32372277707378605,0
1.786469756403578,2.3606570426436604,0,0.4115557303728482,0.07745405545533726,0,0.43208543239211417,0.08298473012601892,0,0,1,0,0,0,0.6065951799063909,0
1.5503793725921275,1.163568344870994,0,0.34453027650468104,0.8388006229469754,0,0.6627564241324281,0.032877853883530234,0,0,1,0,0,0,2.2545440773262566,0
7.723727602657026,8.635991885834605,0,1.7235947963863982,0.15547457846892415,0,3.5958342037152495,0.21934332536937617,0,0,1,0,0,0,22.457070959985636,0
15.273350242623597,12.596915373082643,1,2.25732777038695,16.498703484610424,0,1.5483900067346439,3.0103090333884133,0,0,1,0,0,0,6.754462455146343,0
2.7911418508446495,2.03949280771357,0,0.5988215343855213,0.5704889928127335,0,0.5512472661170131,0.7196704891483614,0,0,1,0,0,0,1.3394810273679651,0
0.39968636781399663,0.39438937991027606,0,0.0862024497965307,0.06769304316344679,0,0.4027159832241781,0.09851695568860663,0,0,1,0,0,0,0.17139039942179507,0
1.3553447372437468,1.942110314450312,0,30.632010076437318,0.02953019767270517,0,18.4717356172401,0.03731463297697645,0,0,1,0,0,0,4.71578560281975,0
9.003125132708474,11.603744798534494,0,37.36851869484421,0.09724346921851608,0,29.97624711553284,0.2064276824367065,0,0,1,0,0,0,5.29349243890455,0
22.764296166169167,22.18279375480025,1,62.39092148689173,6.510697477893709,0,63.33346181060513,0.6239588506025044,0,0,1,0,0,0,32.43415347644478,0
1.1003667453028765,0.9571062135131881,0,0.13469635805417252,0.0662211669648601,0,0.2550458008837988,0.3025628245661915,0,0,1,0,0,0,0.5824064505575087,0
1.537853105731213,1.6069725942538975,0,0.1454238696700011,0.08164408117810285,0,0.6441983712709883,0.19161202071258512,0,0,1,0,0,0,0.7137090450187794,0
0.685508968707358,0.3285347713469395,0,0.10713871014031343,6.254165321686502,0,0.5333153974484995,0.07227017699849056,0,0,1,0,0,0,0.16351597300354145,0
1.9134308107703346,2.6111174215515955,0,26.497809913248403,0.014839378319664991,0,19.15289175712075,0.04372033709775184,0,0,1,0,0,0,6.427765522684273,0
2.1531881336454077,2.538519930445714,0,48.29688434467758,0.03080729317228618,0,33.92828790571014,0.051553444082752586,0,0,1,0,0,0,6.493470451106113,0
2.1619813247192257,2.592598017430164,0,34.846106620565045,0.03398025117635022,0,21.044532609627225,0.07931872275044081,0,0,1,0,0,0,6.57436404979731,0
0.5629093687185904,0.40131249707173566,0,0.06588502997710641,0.037534408949165037,0,0.1285469456789229,0.1050726956742422,0,0,1,0,0,0,0.1925228929994773,0
2.2240598618931537,2.2986395129278145,0,1.0770997749701363,0.06828268571585969,0,0.6106671899271935,0.14914371021673822,0,0,1,0,0,0,1.3090216422865688,0
1.3667380046138304,0.9231917663099832,0,3.3002848519995265,0.2090634046497948,0,0.33393655014471374,0.1403932079007001,0,0,1,0,0,0,0.7570781325754323,0
1.179548197231031,0.576152739005047,0,0.1541432677716651,0.05488263306541013,0,0.5214224695984161,0.10181994492310567,0,0,1,0,0,0,1.9878326163017692,0
1.9101482124315163,2.081188601391867,0,15.99112397828879,0.03266638755071441,0,8.405265475361764,0.07822648922500178,0,0,1,0,0,0,5.465037633620535,0
3.0213469318087443,4.678599804061587,0,34.63117026826219,0.03872997627774482,0,24.78803801075527,0.025612247914213904,0,0,1,0,0,0,11.114210107580274,0
3.823630815889823,5.218340481632401,0,31.23731186784938,0.031341097831985854,0,25.077610684439705,0.06710169255633065,0,0,1,0,0,0,12.738320465084803,0
1.4343353706818092,2.1130163436513136,0,1.9072104964694816,0.09277139020555702,0,1.9684507173956933,0.439544189034582,0,0,1,0,0,0,0.17565723947349646,0
0.9682373304681873,1.150474182713422,0,0.3714358414444928,0.1625075159777516,0,0.3481151111041684,0.5041212771558776,0,0,1,0,0,0,0.3452235829769702,0
0.5577179103261212,0.4994232013705063,0,0.09996279672410896,0.10054167999379932,0,0.33581799087484315,0.18125720363856088,0,0,1,0,0,0,0.33236563871994346,0
3.788969134586792,4.947808505942194,0,87.66416299215108,0.06667369276393222,0,59.52129854805703,0.10545914072435732,0,0,1,0,0,0,12.293454581231396,0
0.39641592994615815,0.21190318437197386,0,0.11580440324928745,0.03746542463438337,0,0.5344710644762789,0.07681424811779484,0,0,1,0,0,0,0.26184706304851424,0
4.858500610142968,4.791056835179252,0,86.22996622228898,2.1144701238584083,0,66.54076890446304,0.12881273707450985,0,0,1,0,0,0,12.729085753079625,0
11.930404909414637,8.31527383907238,0,67.3303563987567,2.057681000920248,0,79.88175843200685,1.1339684498282603,0,0,1,0,0,0,21.554945344006583,0
3.401351995575377,3.1812425701573117,0,0.9074688699631519,0.6705102511465817,0,1.151172166885394,0.3651748045152666,0,0,1,0,0,0,2.8495652137171663,0
1.3138606368056924,1.4163988717224785,0,0.16535944756416018,0.21799529679237545,0,0.1513045985361392,0.20612734320869852,0,0,1,0,0,0,0.9082244059840388,0
0.8372119245285544,0.6067024643118105,0,0.5707788653595852,0.1517273851160105,0,1.6954951837157537,0.24881631179516278,0,0,1,0,0,0,0.8263814477592927,0
2.9377874092018663,4.448892926360265,0,70.0362382465237,0.03278392368280971,0,51.81915729396144,0.12028828999263233,0,0,1,0,0,0,10.6341144549665,0
0.43809763559720927,0.28504535618073695,0,0.2146780495267283,0.030443723285311756,0,0.29644075760237476,0.07424519134289005,0,0,1,0,0,0,0.12990899503365963,0
0.40629422064998977,0.35601514109802807,0,0.4948724266150427,0.039532934644780145,0,0.8725370142205527,0.05153533129123494,0,0,1,0,0,0,0.17783016449129407,0
0.46712922718087846,0.3139316523513919,0,8.382634852373359,0.05015490452166268,0,7.409579928934921,0.07187485934828028,0,0,1,0,0,0,0.5702989169250519,0
3.2256474468486775,4.281152420172012,0,65.61655393009018,0.06035096262171652,0,49.71588672639302,0.15025735493270312,0,0,1,0,0,0,10.592556578680195,0
0.5737027073480637,0.2429163737924562,0,0.08987557849022743,0.034457923541920066,0,0.7866378246337224,0.14381409698009812,0,0,1,0,0,0,0.4502909026722671,0
0.6767899278636546,0.6473677585665768,0,0.14693496435302805,0.035113052767345485,0,0.6526278294591891,0.05927660924934051,0,0,1,0,0,0,0.39571023813962336,0
1.1539949311776698,1.6578239008183342,0,0.16422341879300884,0.11611939077105804,0,0.4054025919140912,0.2583975818620492,0,0,1,0,0,0,0.20073815212237628,0
0.8628750600800983,1.127316616365694,0,0.15233060515864652,0.07683333375420355,0,0.37902890364085995,0.3059731322466984,0,0,1,0,0,0,0.08140733631443117,0
0.5570904909382173,0.46776902085972827,0,0.07420280108275847,0.03305538697544888,0,0.4431446539076849,0.12960421656372748,0,0,1,0,0,0,0.16768501179482187,0
3.2178112782270087,5.059046888154428,0,67.28720277565243,0.027679674187237532,0,44.93817246082408,0.05178267012824726,0,0,1,0,0,0,11.976630294227988,0
0.27357002245850803,0.32969541393623486,0,0.06938345230618909,0.03514590250165305,0,0.05406196596511097,0.11063113061395952,0,0,1,0,0,0,0.08672017796107341,0
3.16245560776341,4.039201098158198,0,79.88516878791924,0.07108333429791808,0,57.55405231187833,0.15834893728330013,0,0,1,0,0,0,10.023497840112817,0
0.31508832487897176,0.1823024558569633,0,0.33854740192998445,0.03549356756522114,0,0.5933990912194831,0.09416319898225328,0,0,1,0,0,0,0.21663160465570136,0
0.3556104700856412,0.14521646403379793,0,0.34581764200320697,0.02830346157863071,0,0.5664952752368887,0.04349459828498235,0,0,1,0,0,0,0.3439866723848539,0
1.399931134604036,1.9233708962232192,0,0.27830630651117305,0.0839127229878382,0,0.4566185650507337,0.2828842266446957,0,0,1,0,0,0,0.19535693734466136,0
0.6742018925045672,0.7507610079302115,0,0.13794390613137947,0.10315600813671982,0,0.2137756182818787,0.27232929667838757,0,0,1,0,0,0,0.28256562626330756,0
2.9129033260442525,3.32514099793133,0,72.0189641492617,0.5978686364627489,0,53.314676112577615,0.28505947971232437,0,0,1,0,0,0,8.610997874495332,0
4.769893334116033,4.308296854006575,0,0.620254515603989,0.1721342768832242,0,0.9836853134123863,0.14652609370930936,0,0,1,0,0,0,11.794299198834716,0
0.5560952487516022,0.17080061854188194,0,0.15978158243540347,0.08174435247076246,0,0.25762067837653024,0.09229370914294248,0,0,1,0,0,0,0.8507398931478053,0
0.3548980597292305,0.4177589285780996,0,0.047408599057008005,0.0406263685946109,0,0.06479882694562308,0.13589118201971662,0,0,1,0,0,0,0.08659233747423326,0
0.6810176862501365,0.6973499182788657,0,0.23328273210197248,0.06948621532338874,0,0.16485096029509413,0.08728422457438777,0,0,1,0,0,0,0.2085837193566517,0
2.822114022786136,1.7538672893861769,0,0.31733354789476986,0.06596955074910935,0,0.4803698690375257,0.16558204148235178,0,0,1,0,0,0,4.076965990545798,0
2.868421372391255,4.463550599991022,0,86.57835758492797,0.05316462768224005,0,65.7361363520044,0.09511407801447416,0,0,1,0,0,0,10.59409603095326,0
3.053765605938923,2.834810892622427,0,40.81229190611396,0.03790057711965484,0,24.636812566990777,0.055860217006126235,0,0,1,0,0,0,7.24412244819594,0
1.292830812293888,1.3938029141867518,0,0.28083903625558543,0.09534775380893441,0,0.395410184825722,0.25781403054526997,0,0,1,0,0,0,0.7213426575788031,0
1.7627359721321856,2.351686145113375,0,0.18629721887821749,6.097733707307045,0,0.25607675142339953,0.35403073008036523,0,0,1,0,0,0,0.16772370583561563,0
0.6250057419636115,0.6249922474406552,0,0.1434937391462173,0.1372691732477122,0,0.12649101775248422,0.2513346351189417,0,0,1,0,0,0,0.2704184127278041,0
1.1247704394325921,0.16498224093484185,0,0.19461485088149313,6.8313883545947505,0,0.2445266897698416,0.06383924150437303,0,0,1,0,0,0,1.1811464125057476,0
0.46214163642999345,0.2590180235846102,0,0.21607601355771305,0.014987269193558502,0,0.11599729724943589,0.01864970874604819,0,0,1,0,0,0,0.3365643282414627,0
0.4828021935337121,0.3646335911633973,0,0.14596816873824361,0.02911257769558956,0,0.09611206538082251,0.04568545213025192,0,0,1,0,0,0,0.15994645248067038,0
0.7212576603853444,0.5158648497258894,0,0.0977888987090927,0.04041965925579603,0,0.08700724055403702,0.07487954250540477,0,0,1,0,0,0,0.5962311444776539,0
10.011704042561218,8.908959950755486,0,0.30230098593109905,0.2942662367276549,0,0.7581246462439213,0.278711323410914,0,0,1,0,0,0,20.434994685469235,0
5.35463250288613,4.517745674599052,0,0.22024485287512707,0.2364997286758463,0,0.6604341743105213,0.3006845649013974,0,0,1,0,0,0,10.809125073007817,0
5.167122308462057,5.9995114047932665,0,89.47591628567805,0.026112746863421757,0,61.63546626184103,0.07241004951790442,0,0,1,0,0,0,15.236757724507468,0
3.8675930882196936,6.183838347852157,0,45.59096221306055,0.027801886505679933,0,27.60744719653396,0.05927660924934051,0,0,1,0,0,0,14.577721579683143,0
4.588636934080145,5.747744880348195,0,52.84676438063987,0.035122920714008125,0,38.52540068194388,0.1498585432570925,0,0,1,0,0,0,14.305608553403564,0
1.9699931577215184,1.213253430971599,0,39.349005942187844,0.10969705121976911,0,33.77878147600545,0.4781155057346914,0,0,1,0,0,0,3.432012480324477,0
5.648809464878972,3.695025398801697,0,100.857666794729,0.23874118445297074,0,64.13482132458512,0.2774420397991521,0,0,1,0,0,0,10.106403776284886,0
6.642577986024023,3.0429533239315742,0,1.1020290424859511,0.571366739780304,0,1.5143645492039477,0.5148125074575731,0,0,1,0,0,0,10.00602213283549,0
21.19917495588618,20.5895825437828,1,12.13163581774465,2.5546088987758107,0,7.86175746475731,0.5477097456472133,0,0,1,0,0,0,50.25367751907137,0
18.653363941014,11.740737773953487,1,4.269182212017271,17.414833489841786,0,0.7780467434384425,6.897265383898532,0,0,1,0,0,0,1.9858983197518985,0
1.507518869622897,1.2179378299206147,0,0.6543531471917674,0.06487339686622452,0,0.7900609617419274,0.023243284637896378,0,0,1,0,0,0,1.1945876218087002,0
0.8273420497331074,1.0468888133206564,0,0.20199323190133117,0.07218243040969131,0,0.45107735690200673,0.1946456650804932,0,0,1,0,0,0,0.22394896799442138,0
2.0497280210621693,2.416960096373922,0,0.15098753931156378,0.17017916640356695,0,0.42831266730915596,0.27347897647739755,0,0,1,0,0,0,1.5697705828613342,0
2.1630022863700775,2.2373157662203083,0,0.2767383730365911,0.09462599639248162,0,0.5991004418248554,0.2064089727284915,0,0,1,0,0,0,1.6020096146294338,0
1.4222864907448656,1.2290932217039732,0,0.45198641745770546,0.13793784133320136,0,0.49471926715469217,0.15902302278259117,0,0,1,0,0,0,0.46816075812416724,0
0.417254559879344,0.26166212849655396,0,0.10741823655603609,0.02640487881714506,0,0.13136432377770296,0.028103475661307165,0,0,1,0,0,0,0.22685629025479997,0
2.980385098895104,4.545428171980435,0,0.1744834839627495,0.06731565386004698,0,0.1878642048501388,0.12719328791128542,0,0,1,0,0,0,0.6287459179434252,0
1.031536072151928,0.6380748060699152,0,0.16191741525885578,0.06893752987794867,0,0.5673409017385853,0.21112859524284933,0,0,1,0,0,0,0.36676603659653517,0
18.008965264294375,24.645409209591552,0,47.06121292331279,0.23515569083649582,0,25.10794902924969,0.3880301036148097,0,0,1,0,0,0,60.3191357004643,0
48.61989174019736,50.36347222492307,0,104.30167680270804,0.43462186619791543,0,92.02863879030343,0.3413392051617523,0,0,1,0,0,0,57.95185983023835,0
2.3181103978304414,2.749939324532631,0,8.299581355712787,0.05632161120463579,0,1.5142291773712149,0.10939858294830632,0,0,1,0,0,0,1.0662480102600875,0
8.07245336404107,8.435888876723897,0,125.17449377204503,0.08884023940072133,0,67.39744281571599,0.229669749669971,0,0,1,0,0,0,20.417829081145513,0
8.196231107419203,11.320571889198586,0,109.28710412799687,0.1579497314915998,0,59.779966630807905,0.12056998249361242,0,0,1,0,0,0,27.765024408699414,0
24.251368207555853,23.83705900469203,0,3.4106993746731105,0.19743078748721,0,3.38182830611256,1.2277875039439785,0,0,1,0,0,0,19.43227681790346,0
13.530634077416511,16.892155348518262,0,53.12067356475358,2.85197744864882,0,26.669005390091176,0.48585432976122833,0,0,1,0,0,0,42.72513080115815,0
20.42787963406522,9.610386107474922,1,36.08163753767209,0.4673755600203783,0,30.584433050284375,1.2290137717053442,0,0,1,0,0,0,18.50136489742434,0
16.954572685145333,10.915222254060017,1,5.406352376080704,2.1640204821863507,0,10.791359768173306,0.4966065310402765,0,0,1,0,0,0,31.15545109232688,0
2.5167399395690553,2.0129247249463194,0,2.757564347457849,0.06387199382564604,0,2.2617706486098674,0.20105500161318268,0,0,1,0,0,0,4.093703654872202,0
3.1346046471243034,3.0734841085582967,0,40.767090339517004,0.09872829942607336,0,30.18915657704552,0.2007836601346595,0,0,1,0,0,0,8.056277286237734,0
6.731526515251891,8.014079144633095,0,89.6217655128072,0.11423107978403543,0,73.3208101335857,0.20062902573685118,0,0,1,0,0,0,20.442533772934638,0
0.41594149441063155,0.25166744790064477,0,0.23135310982118212,0.029507424630906425,0,0.24345691841137435,0.023973189922879137,0,0,1,0,0,0,0.31575696440151463,0
0.7346193280696105,0.46874763648874057,0,0.051941848738078125,0.07608001624152028,0,0.07476456686340587,0.11499337020453976,0,0,1,0,0,0,0.6844201074649033,0
1.3098922883531774,1.3051332954400745,0,0.23609234525083345,0.03653589661047431,0,0.3376301660236665,0.1873807391616607,0,0,1,0,0,0,1.0722028452422094,0
2.9763258784336655,3.5308745037015323,0,73.23839259440962,0.39706255785201205,0,62.21582261363926,0.16600224207072883,0,0,1,0,0,0,9.071175318884679,0
11.402202756699996,15.702556150235775,0,96.92450747969083,0.652904279880193,0,43.64088498676492,0.3510080887697477,0,0,1,0,0,0,38.55845265678837,0
7.013528098347818,6.172429621770977,0,1.1317445886065571,0.8884778092821162,0,1.573246254852938,0.6992926154916603,0,0,1,0,0,0,17.128831203396793,0
4.22844686382748,4.102744778593016,0,95.10417859849247,0.18082602929757954,0,74.82657370040624,0.2930029138598761,0,0,1,0,0,0,11.045497242945308,0
0.8384161418558025,0.7132230177284153,0,0.11561910659356026,0.17599773371570193,0,0.2070863485222234,0.21668751829793073,0,0,1,0,0,0,0.289731390013273,0
1.1901667457872147,0.7107490568369682,0,0.41730402983894765,0.05151856863034718,0,0.6884559672272041,0.100297610102238,0,0,1,0,0,0,2.109162897408837,0
0.630437854508996,0.47023600256534825,0,0.3267015862985546,0.062412345741551196,0,2.680546156651415,0.03956294241296765,0,0,1,0,0,0,0.5706718768486496,0
1.6533733097766368,1.7701612274118936,0,38.84447769172857,0.015195949030186189,0,28.345676719663743,0.08291065300156489,0,0,1,0,0,0,4.57860031211674,0
7.628269652027871,11.983941446344163,0,57.31936724760257,0.06937629708437837,0,35.11468318125147,0.17635198704850008,0,0,1,0,0,0,28.359719531109384,0
4.224338793622149,4.255680404090771,0,55.75794725114474,0.1264601598982789,0,40.47466813898001,0.24927387833024897,0,0,1,0,0,0,11.507781096884395,0
3.0906675493438085,2.1305931244215137,0,1.1586069980239466,1.2453698929747632,0,2.231792162387236,0.1961485405801536,0,0,1,0,0,0,5.619654554071126,0
13.079270518797014,19.10270865149671,0,112.16360242083198,1.2455181367979633,0,65.3131735570027,0.45464281612641055,0,0,1,0,0,0,46.14059854843916,0
0.8640520573255763,1.0958323157228205,0,0.38244645105510466,0.15047382783787594,0,0.6535385764603824,0.12288594764431132,0,0,1,0,0,0,0.18805281553371053,0
8.549287756370488,5.164799904664899,0,33.4136798985198,0.25140940392796973,0,24.826080852577192,0.39132181516192177,0,0,1,0,0,0,13.941008813589544,0
7.215081452170526,3.8246022096428614,0,0.7275259454883374,0.7962299654482449,0,0.36672280586955974,0.5290996256021753,0,0,1,0,0,0,3.5480157844970663,0
5.866366796020797,4.29474777346746,0,4.928917023088658,0.13096009478181728,0,0.6328448472296018,0.27851175241399156,0,0,1,0,0,0,2.1076379365320497,0
7.235063412458391,8.995344657342153,0,100.26068474933109,0.23208886745570276,0,75.47401871111532,0.12020955914511551,0,0,1,0,0,0,22.740841134710962,0
2.823765513763069,2.544438408213096,0,44.63797072543786,0.030971879152536404,0,30.651303212171804,0.053095579911240115,0,0,1,0,0,0,6.860347174012735,0
0.5635736950568017,0.5956628753219174,0,0.06297706572484496,0.07254151593255016,0,0.09222674887411042,0.07916515192473854,0,0,1,0,0,0,0.33948538305917497,0
4.348810218588303,5.368721978423399,0,75.26698534023421,0.07458997436274103,0,58.894474111855224,0.16508575074507714,0,0,1,0,0,0,13.588373943621539,0
2.6552375026819295,2.106889251535619,0,0.26553992767422013,0.1417134055776767,0,0.33078313208982757,0.1390039726004377,0,0,1,0,0,0,0.9039174845929573,0
2.1202026250582016,1.6330640667713714,0,39.76530530875197,0.07498346556046266,0,35.80675011399479,0.05578808978020331,0,0,1,0,0,0,4.5725199541873005,0
5.081322472841976,6.8355374196369985,0,100.66606462217396,0.0859696178697938,0,68.93901064081943,0.04633793194857578,0,0,1,0,0,0,16.845544724283393,0
4.221991092875666,3.9580621147545116,0,0.7595450563471932,0.291799914378383,0,0.8637767202165563,0.3140262291783912,0,0,1,0,0,0,4.917485125842513,0
16.29045448862607,11.803122580419792,1,107.38501537722175,4.580844119567966,0,55.712240991482716,10.069196587636855,0,0,1,0,0,0,33.05855791131437,0
10.411052520878673,7.831083796768371,0,74.09913034485547,1.0849033680920461,0,51.87357135528572,0.31712556790244195,0,0,1,0,0,0,22.077309508406643,0
4.845429901939267,3.896543277460776,0,0.6538335229141767,0.1151816819624665,0,0.7528734612127175,0.4121797393086984,0,0,1,0,0,0,5.48474628240165,0
5.580036212694686,8.907610330260454,0,90.8563958548566,0.2023296193874377,0,68.17736037812037,0.08607219896379062,0,0,1,0,0,0,20.997973932710956,0
4.812825914246194,6.81687246268228,0,70.53435773617059,0.12536487580242886,0,52.57053324204384,0.11921928045334303,0,0,1,0,0,0,16.573659326234544,0
4.84351528625383,5.687685168949248,0,81.27057882161836,0.050669828129582976,0,63.089053846666815,0.14752699947080694,0,0,1,0,0,0,14.523688503085138,0
6.062207133522461,9.299300973553095,0,82.63369973791896,0.08996283342570621,0,55.69775772546683,0.1109162890429764,0,0,1,0,0,0,22.150938587863788,0
0.48365706611892,0.16005952694549205,0,1.2473774091638372,0.09936677404261945,0,1.7031873133194722,0.0716172956707076,0,0,1,0,0,0,0.6573637905663214,0
0.29006090928253747,0.1812689382715615,0,0.3470501800108119,0.03054035894892136,0,0.39258002872899767,0.011833638239686127,0,0,1,0,0,0,0.3077200952791944,0
4.04940813433131,5.3106424025767245,0,76.43509745482218,0.03438487983117493,0,57.56143944444852,0.15845189530795412,0,0,1,0,0,0,13.079099467359804,0
2.58630332801169,2.3901149459421447,0,0.38448513269233103,0.10816504597520185,0,0.9423335726388157,0.39524214490423243,0,0,1,0,0,0,2.839408572773695,0
1.6446966732409831,1.0438883026534518,0,0.2698889436705444,0.22845015697397453,0,0.40660949378869005,0.29089633751403454,0,0,1,0,0,0,1.941028280223076,0
0.6033413452369444,0.5113219869106758,0,0.1152904029373873,0.028302649698387958,0,0.47761393812413183,0.1183068886280266,0,0,1,0,0,0,0.41339143775670983,0
0.5985462937688574,0.3622188488446144,0,0.21312979734222026,0.015861836508259765,0,0.4296762754181862,0.07634234868455797,0,0,1,0,0,0,1.018243087255168,0
0.6590058906590639,0.46633193094093794,0,0.057259622490773286,0.017502217621593086,0,0.16571059778950634,0.04659097112245295,0,0,1,0,0,0,0.24358982183318578,0
1.1118634045646847,0.6655734048654238,0,0.4474807377304979,0.06247694254878465,0,0.5332576557210242,0.0668796500705062,0,0,1,0,0,0,2.137493407611446,0
0.4759100833512248,0.40904949470646285,0,0.11299933810629964,0.10467070132138848,0,0.4472968634359869,0.137020297539314,0,0,1,0,0,0,0.2778209625897877,0
0.3839775549076059,0.20386981851976868,0,0.11657048108217924,0.0627244958110906,0,0.49430028590949654,0.08361464399450463,0,0,1,0,0,0,0.3220309970903031,0
0.8880994669211322,1.0741677391701918,0,0.25900744712078416,0.029029775491132677,0,0.7222843376523546,0.10657811244477462,0,0,1,0,0,0,0.13635798475754124,0
1.2037555297386504,1.6398669507138284,0,0.1548623585553739,0.04297798996928767,0,0.47890379363708224,0.3325098723183958,0,0,1,0,0,0,0.3059476917822814,0
1.3720609984197052,1.9858806684064787,0,0.13432669038388828,0.17700394073399628,0,0.4069781468926381,0.3025612274372432,0,0,1,0,0,0,0.36428070669090984,0
0.9457632037788579,0.8503700177595255,0,0.08153682774423943,0.12305045388948437,0,0.43085002250280735,0.17453103200100403,0,0,1,0,0,0,0.5433099220861348,0
1.0015246922332777,0.5572026345021595,0,0.18218835630988187,0.06222872490248649,0,0.7317800333322088,0.08328166829047508,0,0,1,0,0,0,1.652197551330668,0
2.80261154572648,1.139966797518285,0,0.30730234237905624,0.28559203540539135,0,0.9806741432167271,0.08517358137170894,0,0,1,0,0,0,4.029712416840521,0
2.4399990414045174,0.8463136558419077,0,0.4242341026867975,0.8945711332812045,0,0.42043554420568297,0.1439460449065737,0,0,1,0,0,0,2.6879584568091426,0
0.9256245140369294,0.7505361861112285,0,0.503860434796482,0.8396002620828098,0,0.16987763671892847,0.09962974291470716,0,0,1,0,0,0,2.1278342182763397,0
1.0365733319132808,0.6655833348290703,0,0.03210174039809316,0.6259548091686157,0,0.13300640127035412,0.20241640031274777,0,0,1,0,0,0,0.31634530554864093,0
2.0339294749586765,0.6086203634992641,0,0.6700119174389076,0.11320736141595249,0,0.7918997020599743,0.28991182884350375,0,0,1,0,0,0,2.901553790235831,0
3.341029673079111,2.247811223150843,0,0.22609510510959452,0.044777724192789366,0,0.6744994612651245,0.08834540914319308,0,0,1,0,0,0,2.274871611053643,0
2.589797216178555,2.603229937451022,0,0.31246643189620726,0.0660168563603097,0,0.8227186073020407,0.13228145742566927,0,0,1,0,0,0,1.8446625096331604,0
1.9903266301908755,2.404592107795684,0,0.35211065032233707,0.15914108423028078,0,0.5439456945710475,0.2919713750737878,0,0,1,0,0,0,1.4133880217207015,0
2.3700143119721413,3.5283357769702377,0,0.1400960155649814,0.14509489489926625,0,0.353131192035405,0.1371134842168686,0,0,1,0,0,0,0.5097875426555191,0
0.4658914616569991,0.3600266809423548,0,0.06952218702716059,0.0381239571047127,0,0.3691754765189999,0.03638836381505386,0,0,1,0,0,0,0.190792895648226,0
0.38646740467238255,0.15372928326025176,0,0.05364507776127572,0.06586389022552072,0,0.13395066142401588,0.0521320603798138,0,0,1,0,0,0,0.37457047920245823,0
0.8529148318946769,0.8250391098877902,0,0.07371702154610282,0.050232538771804405,0,0.37011440315239097,0.09432201572617854,0,0,1,0,0,0,0.1806654741470732,0
1.2526654664162504,1.0980701300903069,0,0.39599314655864215,0.028077760688889997,0,0.498206503647716,0.10160522235380401,0,0,1,0,0,0,0.36545155913246813,0
6.209635020924487,3.8186349659653986,0,1.969540145719678,1.0562994835432504,0,1.5320894316813405,0.09627469949548881,0,0,1,0,0,0,6.972666846697678,0
8.578740762059997,8.168690516660813,0,1.4409712752487356,5.134806093256609,0,2.9802570967277853,0.42772980500531566,0,0,1,0,0,0,22.24707043499603,0
3.600734555077316,1.6321781027302313,0,0.3959642043147902,1.1299571601540035,0,0.3519042351699584,0.395526782953906,0,0,1,0,0,0,4.461146355462228,0
2.837854894935212,3.5531529958360744,0,0.3483960517374929,1.2392103395878287,0,1.1880758621712157,0.19459995625800244,0,0,1,0,0,0,8.963321128494625,0
4.3325829717049915,2.0681896586363053,0,1.8699842426443642,1.5942178977332913,0,0.7686918619553313,0.2812722373104961,0,0,1,0,0,0,5.454823667392187,0
1.875374068055899,0.7530261308410986,0,0.7728184381955802,0.1231810306643042,0,0.39666359966926823,0.6094453484313194,0,0,1,0,0,0,1.3394384282302059,0
0.9573349687787681,0.6523184889051151,0,0.18863575183439554,0.07240815168985439,0,0.8430904531170278,0.14614877512556107,0,0,1,0,0,0,1.2631406105047756,0
0.4126686339731322,0.2798357983606589,0,0.2346950624236373,0.013635648236441974,0,1.3012320828020185,0.04435725095712109,0,0,1,0,0,0,0.2605179710590877,0
1.6747738436759922,1.1873284384634182,0,0.24209338249460943,0.04969774955420024,0,0.8120155515799045,0.11286982570715165,0,0,1,0,0,0,2.9535820148445713,0
1.3589202778417169,1.5792723765404217,0,0.10538765153375668,0.1664865447637771,0,0.46498717977723847,0.2563606479307828,0,0,1,0,0,0,0.5024313553935797,0
1.0283855546687617,0.7780540972262167,0,0.2941873309729771,0.09265526928681035,0,0.3108409146333202,0.2220102485102121,0,0,1,0,0,0,0.8394777062955728,0
1.6624068428955194,1.6091738651997256,0,0.7150329845823459,0.1693813234702532,0,0.7623934135297646,0.0731228657476623,0,0,1,0,0,0,4.312187300377076,0
0.5093826423512166,0.2650588344018573,0,0.6206233236306983,0.378243076727255,0,0.6925141355973741,0.08304600074055837,0,0,1,0,0,0,0.799655075616648,0
0.8664071241934705,0.6931339820421663,0,0.38334997573204044,0.4260937631559142,0,0.1830801860961793,0.08213299913834532,0,0,1,0,0,0,0.7090204967157447,0
0.9596300492435252,0.6049036987402391,0,0.17955822180504122,0.1092497749246946,0,0.22385550446741773,0.1029131433429378,0,0,1,0,0,0,0.7313778640413346,0
0.6197058899240752,0.6991741974327076,0,0.1550220734473708,0.07106613931389294,0,0.3361083604888139,0.09594092039861415,0,0,1,0,0,0,0.18188788113490756,0
9.81893583597274,12.69459968039518,0,0.15777761795439274,0.0701538626193912,0,1.3324168299834296,0.09798010416905961,0,0,1,0,0,0,4.065005872290377,0
2.3217755186173,1.6003044310210308,0,0.729903877175903,1.7406169707266201,0,0.6760624863638496,0.05556076555272771,0,0,1,0,0,0,4.55847510958822,0
1.858820232767223,1.6620659199081633,0,0.5532756412836211,0.10401085838870945,0,0.6162154795090818,0.12139978732456164,0,0,1,0,0,0,0.5360991045958318,0
1.5648435319355856,1.8005908861275157,0,0.06243313733408886,0.1598968617381614,0,0.4367718622177368,0.24083608312940866,0,0,1,0,0,0,0.4006081408983518,0
1.7773499859787902,1.413899035957935,0,0.3338563429956824,0.18234158118711163,0,0.4832756478013694,0.32799303909847244,0,0,1,0,0,0,0.5812127269744024,0
0.7972202114478022,0.3938494548160071,0,0.28848348916368016,0.0670758584227317,0,0.4341286939390938,0.20418307668526325,0,0,1,0,0,0,0.5571360874100619,0
0.9331919514804292,0.7034634338867949,0,0.10842463148643283,0.1339409164175412,0,0.601567323073448,0.038775451828338685,0,0,1,0,0,0,0.28361482742075805,0
0.7091424159868029,0.5516044833327493,0,0.08208643052139025,0.5139417719198452,0,0.20578733757281203,0.049564031800279754,0,0,1,0,0,0,0.44208961242088274,0
1.9600044840667086,0.44817151242324943,0,5.678759678716583,0.20770330393468062,0,3.8749434405555716,0.23271199986830143,0,0,1,0,0,0,2.5306506939763285,0
3.5176157907746104,3.1508378561876547,0,72.70459368015938,0.19279685152524761,0,59.677953969528005,0.26556779335791564,0,0,1,0,0,0,8.520545849276385,0
13.548694602790718,11.588495292098795,0,2.3417882718156426,3.92485641340609,0,4.783213238698623,0.44068025048586673,0,0,1,0,0,0,33.01622275213589,0
2.0102098943096927,0.661799869306349,0,1.4368244457332189,0.24034375788871062,0,0.8882611618267284,0.2143076790915684,0,0,1,0,0,0,1.6717762175645858,0
8.52599203473451,7.959706635802228,0,16.6415301139467,0.9258527916157742,0,12.486984017024664,0.05314514516913156,0,0,1,0,0,0,11.657421172144929,0
4.344874862086501,3.8745042344783607,0,41.92285098712288,0.08712174511790573,0,43.710781082662706,0.13732649830909147,0,0,1,0,0,0,10.825806214833577,0
3.3277035517164344,3.9209829367879196,0,0.9624686402191905,0.2897570829358058,0,0.47292508128366995,0.25829164320922254,0,0,1,0,0,0,0.8553227908813545,0
9.992220662205659,11.719114704860598,0,1.9876849285992266,0.7488221719678612,0,0.5462340433506006,0.5304154625947912,0,0,1,0,0,0,1.0126081005796808,0
5.9634577677521206,6.358258455658836,0,71.40204865036777,0.2020501472074097,0,48.27504124133843,0.1729198221112237,0,0,1,0,0,0,16.11923438061768,0
6.194433873159399,6.219102989177262,0,82.70889085689832,0.19341860843349146,0,59.74954635119758,0.07016231923262764,0,0,1,0,0,0,16.66757282995542,0
3.3777765040513184,3.057377513397348,0,72.38338237037948,0.2785672583093838,0,54.3025729286109,0.09818883164272835,0,0,1,0,0,0,8.555636468664114,0
20.657678132537626,22.540299099195497,0,104.79265539057295,1.2663178641439068,0,80.11686730481976,0.6198018093080971,0,0,1,0,0,0,58.13361595004389,0
9.052122277790506,7.434497763251877,0,1.6646189754947485,0.7732340457605866,0,1.5951347483212164,1.5536172936603638,0,0,1,0,0,0,5.0801948290769205,0
2.4315569612622396,2.5997382648231873,0,0.2682480392338831,0.28958495533528195,0,0.309620467504975,0.34288997116838255,0,0,1,0,0,0,0.9394121127481048,0
7.38093571329904,8.629510751832516,0,37.54081819859684,0.09198970232516115,0,30.30510559357653,0.14220187410950705,0,0,1,0,0,0,21.86968961482479,0
1.2280227066034475,1.1083185294120168,0,0.17320527866888216,0.15390135209619382,0,0.6787971604363128,0.04405357399271076,0,0,1,0,0,0,0.8506738039978274,0
0.48862328540720446,0.437079421705773,0,0.06906887041794886,0.015830984645086567,0,0.13719699912462485,0.044140371839810635,0,0,1,0,0,0,0.11257548133663127,0
0.5135408322193831,0.5241475085755155,0,0.030116368962476,0.05153822472698606,0,0.1299577574884936,0.0794678236151041,0,0,1,0,0,0,0.3955930430744936,0
0.4752284823764501,0.4235438921570658,0,0.07467521927079798,0.11434475353589123,0,0.41235302983522953,0.12097180695501171,0,0,1,0,0,0,0.05720160917182455,0
0.6772778100446751,0.5716268354264825,0,0.08554568791108202,0.09234216384389304,0,0.5728789988733531,0.04878244603509838,0,0,1,0,0,0,0.17574438265246678,0
1.8319650190935952,1.3473833498775978,0,0.44402998299594265,0.4344354855990067,0,1.1851420130097432,0.04232844901932421,0,0,1,0,0,0,2.162616210190307,0
9.725702471708082,13.17166525952505,0,8.283169485414495,0.3275558837051366,0,6.236443117121434,0.3739182207543624,0,0,1,0,0,0,32.476706967994886,0
25.812175584748935,18.235390441034976,0,89.36733944879064,1.2118563778742593,0,49.59276931671302,1.6100444071556184,0,0,1,0,0,0,53.1895445235298,0
7.766694471956594,8.933648158914087,0,68.89026512803103,0.16976686566241533,0,57.86111354733409,0.33477297045247373,0,0,1,0,0,0,23.182841057143,0
8.83196066628604,10.350713676439348,0,112.84450949566275,0.9775551462183528,0,69.29141435863735,0.20856338661626678,0,0,1,0,0,0,26.282034653156607,0
25.82606506780077,31.25982598823556,0,91.63155913359222,1.3725076143771537,0,93.51078898131877,0.7112730860689334,0,0,1,0,0,0,79.03397097931177,0
4.711598872513969,4.3431783031492035,0,2.0382708483211545,0.2351073252069451,0,2.8553454530352522,0.2020154052877416,0,0,1,0,0,0,2.933400167023891,0
2.1876635478485618,1.9454421387498544,0,56.15958074920937,0.08272652354026425,0,39.78788753541933,0.10563628722401118,0,0,1,0,0,0,5.370069789752467,0
4.756181258357809,6.5031720396555555,0,114.95262135608019,0.035086936966058614,0,63.460985927312954,0.06558885280158537,0,0,1,0,0,0,15.922183484729484,0
5.875578439790422,8.476419995146793,0,113.66781869345775,0.11092517669371808,0,68.77393988196559,0.1925664857842646,0,0,1,0,0,0,20.516856613090596,0
1.5049306555025788,1.586302438622046,0,2.155508391014331,0.029730286377462577,0,2.252340524844853,0.14581426162061045,0,0,1,0,0,0,0.5882951959372671,0
4.929919834018886,6.631097181481986,0,73.02534988863056,0.0792836715041135,0,46.90730265675716,0.07578979807265157,0,0,1,0,0,0,16.323221549027753,0
11.238917530980368,14.050061911280519,0,7.25043688614015,0.17080100523151048,0,1.6174930089094375,0.41795217908810006,0,0,1,0,0,0,4.78200724881166,0
4.851083555165362,1.7943247120099768,0,0.19180748416554874,0.06821694984597154,0,0.9453449760775723,0.5471315872160382,0,0,1,0,0,0,3.9410519097882477,0
1.7601077492344273,2.3344647319219063,0,0.22801799759008856,0.11682845901903262,0,0.967497253632304,0.21119842260560284,0,0,1,0,0,0,0.2279028220342479,0
15.356872998834191,16.13693790625198,0,42.750900136965825,0.04750347835554214,0,28.483899090357312,0.12859229516283852,0,0,1,0,0,0,13.834489309610934,0
3.0169835579346693,3.168875928501448,0,0.9209502172618884,0.09995983292706836,0,0.19790504817504145,0.07681424811779484,0,0,1,0,0,0,1.7639144434822438,0
3.3691317018554674,2.283844973326283,0,0.6355892522240121,0.480010407617011,0,0.40407852253919724,0.09518106733906562,0,0,1,0,0,0,4.698699940277876,0
2.527658600497452,0.8581894850895069,0,1.893790039167477,0.13711499577289094,0,0.16085998329912302,0.7111850155437927,0,0,1,0,0,0,2.073354536553479,0
5.383480494981669,4.771285173470058,0,72.50096697008601,0.8671924888688867,0,55.98852251179984,0.5069738440565521,0,0,1,0,0,0,12.983290513168273,0
1.1043005479533896,0.9404212154116177,0,0.32482910942763754,0.025709485289061154,0,0.1425538991190549,0.11369958349869264,0,0,1,0,0,0,0.20440943563047745,0
0.44170984678030123,0.40133999472024906,0,0.051753339738090195,0.053567209348509365,0,0.09070419655259404,0.025228117893053743,0,0,1,0,0,0,0.4402299672328713,0
5.028135902650927,3.721111951767593,0,54.727320470869785,0.2930361322086233,0,30.541707699077264,0.03884306850844392,0,0,1,0,0,0,7.061015548600591,0
0.9194483340585314,0.53686453138446,0,0.8056003619977202,0.12771865889594303,0,0.8724198166019639,0.03265208864785281,0,0,1,0,0,0,1.5412857191417118,0
12.443399518101529,17.138453918755268,0,28.40479095421777,0.8267887973292238,0,11.660765864630026,0.10265567750570698,0,0,1,0,0,0,41.67704274756714,0
20.754070250800584,22.40230172310164,1,5.338119970241307,3.1943512615412653,0,6.069770292341545,0.7965995454480805,0,0,1,0,0,0,58.754073888958644,0
3.4388737732698442,4.878910597618901,0,70.06089393067052,7.886538392343339,0,64.30188348610913,0.09885948922077022,0,0,1,0,0,0,11.873834543685923,0
7.6333473686675175,10.663292657501934,0,47.327636123792516,0.3514819161531525,0,28.769902713596508,0.2666485946479733,0,0,1,0,0,0,26.028220036831133,0
1.5619352206052297,2.366228210082939,0,14.643007495954489,0.1722753399622622,0,7.887743050048365,0.03297011156580257,0,0,1,0,0,0,5.652848022331269,0
4.2282085935137665,6.548525240785716,0,81.91788600870369,0.03678703882670366,0,59.57900755120409,0.04077761210534725,0,0,1,0,0,0,15.549396436828884,0
1.1019023978838085,0.7798697786720736,0,1.0201681242130232,0.24523082680253616,0,0.4261265484436678,0.03313095281354882,0,0,1,0,0,0,2.243627901271238,0
3.1455587401198075,5.016568653665435,0,66.01545652135107,0.030849478531526073,0,45.89443494563086,0.03455152266255784,0,0,1,0,0,0,11.831846909369425,0
1.4885983978631132,1.0280797472807421,0,0.4811812590192073,0.013156578695644208,0,0.8135189015577963,0.028171065858212635,0,0,1,0,0,0,2.3878447448839735,0
5.582468994077329,8.30121510976416,0,80.45121457726113,0.11482823896519966,0,56.44043110602399,0.040965919845914564,0,0,1,0,0,0,19.951528799623457,0
13.970430516174359,21.67800901678809,0,84.74185138276644,0.9826018089734807,0,36.605282551126805,0.04617673422227317,0,0,1,0,0,0,51.48806321749337,0
18.060186889287664,27.65300992862485,0,99.89489896766801,1.1392465413097788,0,45.437607631995355,0.28169578301797515,0,0,1,0,0,0,65.92620079335495,0
4.643997300039253,7.278614602133879,0,56.50136572262739,0.14148261486052832,0,41.078797556006414,0.04468331134405111,0,0,1,0,0,0,17.245789739844078,0
3.4083182122590534,5.048258847902811,0,85.59162530794187,0.028844816194176805,0,60.7844853453807,0.040262630452260154,0,0,1,0,0,0,12.13469398458498,0
0.270958094201602,0.19806769965745644,0,0.04787288778626814,0.030882453799661924,0,0.06606870508086785,0.01804971044540176,0,0,1,0,0,0,0.1740681232642421,0
0.18649322055500173,0.06922096086870666,0,1.3087885216963109,0.048232682356277846,0,2.342097720177423,0.03582185161172817,0,0,1,0,0,0,0.2175642698279771,0
0.21643805468008018,0.07830994634823424,0,0.1539011995165362,0.034709764119427784,0,0.12460724917768412,0.02820880269407333,0,0,1,0,0,0,0.15957095786845227,0
3.9897816775102983,6.084029990552984,0,74.30752792783137,0.7054635481697619,0,50.679770977294,0.019181467524509402,0,0,1,0,0,0,14.525882343584561,0
8.27780928607257,7.063072335224893,0,2.4228547368331865,0.7217629699838112,0,2.4377729050800543,0.4522910058973551,0,0,1,0,0,0,19.6551568110193,0
16.45264413153484,10.162461040166116,1,4.349553664755788,3.5156596015762,0,4.961567867130566,1.4899473378936277,0,0,1,0,0,0,22.29291785170099,0
8.637072219312474,3.31586195539728,0,0.31747520736457957,6.318321778073454,0,1.3127816783472386,0.6553654577897576,0,0,1,0,0,0,2.978880643583449,0
4.134094862761905,6.402765396379556,0,79.7383252845896,0.07957693478159603,0,56.30605610782145,0.04951492843586096,0,0,1,0,0,0,15.195549796061501,0
3.3670597344846094,5.4805941100544455,0,82.2416761185691,0.03343803214547046,0,56.114752392605006,0.0238305439784225,0,0,1,0,0,0,12.858686951005092,0
2.75742795918037,4.023639917631729,0,67.22505518549242,0.00014758987438999194,0,48.01487351064971,0.011120920523263831,0,0,1,0,0,0,9.682695536267662,0
0.2434589794839837,0.14775796344114742,0,16.451152248678653,0.0,0,15.215857408234925,0.0,0,0,1,0,0,0,0.38897148607842336,0
0.20296402063700972,0.10954901547869612,0,4.036250662248043,0.014297399100556385,0,3.776848459418617,0.017893302920488907,0,0,1,0,0,0,0.34870230063138463,0
1.8281411090456527,2.9249113348136593,0,38.48915531995999,0.028055536877695422,0,30.300859052771237,0.01877787727984561,0,0,1,0,0,0,6.893084353926625,0
0.7391392026973856,0.6010196572050772,0,15.506492140382903,0.009517463530189545,0,11.5208824008588,0.041387434686338986,0,0,1,0,0,0,1.7751831458222203,0
0.11057953931801132,0.0310800155582652,0,2.1907196000028293,0.03351423317150322,0,3.0989338570679887,0.053563598087040934,0,0,1,0,0,0,0.13536323640365783,0
0.22038687543819632,0.16796277771722753,0,0.08880090545878562,0.032113042577588374,0,0.07583373543887388,0.04467965992496637,0,0,1,0,0,0,0.15419053524437248,0
0.7250113590364597,0.4522688326874986,0,0.7556411118968434,0.02652567986060892,0,0.5734902907268882,0.011127782180475856,0,0,1,0,0,0,0.4145884253802695,0
1.4968670139707816,1.4794442419057081,0,8.34140446701857,0.06829704030679427,0,4.501022364658604,0.013945762914306539,0,0,1,0,0,0,3.98839785065945,0
0.5282916520644252,0.3465210041975224,0,0.08138456522666393,0.00023532860155411027,0,0.13949457409664023,0.01877787727984561,0,0,1,0,0,0,0.6554403032731034,0
0.20556563074165518,0.1544392546117141,0,0.06710795311483721,0.03159399725501348,0,0.06816027507766359,0.010953761746576605,0,0,1,0,0,0,0.2326154285085445,0
0.5163121628826444,0.33215055271193894,0,0.09680434118781445,0.0333469392011288,0,0.08655489605715294,0.010953761746576605,0,0,1,0,0,0,0.4039860116642178,0
0.8848316953262247,0.8666845057405124,0,0.13236637118836542,0.050618954024389214,0,0.08985038254696359,0.005134762379491941,0,0,1,0,0,0,0.1999013066484943,0
0.5628759116559383,0.4367330311717148,0,0.06969127363706082,0.0853375835398952,0,0.11607017526285648,0.01877787727984561,0,0,1,0,0,0,0.3074894562565892,0
3.9603274134033253,6.452539489884091,0,77.3766628840147,0.014797801775099869,0,53.19480846612332,0.05103594909451309,0,0,1,0,0,0,15.13462174320215,0
1.5429964493203259,1.1050268942515218,0,8.252314317546654,0.05975671138286644,0,5.828225811056596,0.02073590850655358,0,0,1,0,0,0,2.503159473003906,0
2.6249687189240953,2.3348469533988987,0,48.9791636422592,0.08440802712728541,0,36.72816186056019,0.027069886939887246,0,0,1,0,0,0,6.236452817917776,0
1.508410954187573,2.2620419611557634,0,0.5705590329616752,0.06081482077084338,0,0.8702817030124064,0.07568381118714927,0,0,1,0,0,0,5.426289296993576,0
5.724438299589164,8.757190534333379,0,90.4725092167507,0.058888614337809966,0,59.47856659041976,0.019192481640183952,0,0,1,0,0,0,20.877286197976176,0
2.5023481578990445,3.250538968891108,0,80.63775324833993,0.47736446922983433,0,51.397680110729205,0.06849964814633584,0,0,1,0,0,0,8.119532026608532,0
18.190265206483087,23.12074824180271,1,110.93453102146188,0.536029716693659,0,42.025990509702126,0.3900161249995039,0,0,1,0,0,0,58.138849323405495,0
28.897440651267836,41.74035770214745,0,52.4948202776749,0.09386074892005287,0,85.29008657436958,0.07932943826144186,0,0,1,0,0,0,101.18423270660799,0
24.038157802368456,23.673463837684032,2,4.548152103326956,2.5929753203283226,0,26.724985047940475,0.2319531204211621,0,0,1,0,0,0,61.4847186961506,0
3.214321603532548,3.535075632033466,0,66.8673233216725,0.14982383989172637,0,49.63656875143081,0.0937366325554003,0,0,1,0,0,0,9.323179401969334,0
0.41169882837364674,0.4443052051943289,0,0.01575636680921104,0.03137115168562181,0,0.2011158615249037,0.030934784948622195,0,0,1,0,0,0,0.06936427515905581,0
0.8719306166155951,0.8862397752862692,0,24.768279907823057,0.0004996392368217945,0,21.125811820909078,0.05249959051943229,0,0,1,0,0,0,2.37542778193849,0
5.591396959306911,7.6809547824203595,0,60.56683420177056,0.03233439067850262,0,52.09229291673352,0.015476553822746531,0,0,1,0,0,0,18.804074962456937,0
2.7985001528014166,3.101161921087907,0,72.24491487777016,0.032802390635651865,0,60.149702092883224,0.02129526001833862,0,0,1,0,0,0,7.723432564997244,0
3.663867539098624,4.085711343114805,0,49.54373852676038,0.023886917691825563,0,37.577222379043185,0.02522215299686035,0,0,1,0,0,0,10.646239324732704,0
3.5407630837280193,4.7103168192668745,0,49.91152224280974,0.06389027794186346,0,35.37413191673626,0.021600887238904718,0,0,1,0,0,0,11.635189618317673,0
0.7007755301181644,0.7940347925384845,0,13.826349808853365,0.031689024988252414,0,9.766124300171818,0.043578575467755884,0,0,1,0,0,0,2.071017104673471,0
3.2184693390018335,4.3750040041079306,0,65.28053535216475,0.17385568684415897,0,48.458420105171555,0.07992100883694253,0,0,1,0,0,0,10.784113308440539,0
0.9761936087853402,0.7316932256066834,0,0.18980238319587422,0.1795812957403185,0,0.18061920186820332,0.05757825701362605,0,0,1,0,0,0,2.1633350904212367,0
3.3562403542682238,4.0522228762881225,0,48.30524656852912,0.042062557730048244,0,36.54450084877507,0.06798060412876081,0,0,1,0,0,0,10.370276563149051,0
0.6950295881567216,0.6127280024060495,0,0.11682885666396171,0.014899045999002122,0,0.1200057103896436,0.03080887709700487,0,0,1,0,0,0,1.498623679899218,0
0.41185476374030106,0.14372054240607576,0,0.06542381876265507,0.025804447378790375,0,0.0757975794845617,0.03357143448044592,0,0,1,0,0,0,0.5862850430544086,0
0.5313695509560864,0.2739381203305217,0,0.05070751670004398,0.012759535691185214,0,0.062326208766174805,0.04202506663171719,0,0,1,0,0,0,0.7879588872004819,0
0.10742346266904591,0.06984095161180132,0,0.07422591394737947,0.030291753799571393,0,0.032448927567247904,0.03556560007086999,0,0,1,0,0,0,0.09195975033177944,0
1.4034133456881164,1.8113961765776827,0,56.47039156262534,0.014251396918652591,0,40.71831439183159,0.030020947316340148,0,0,1,0,0,0,4.535041246715899,0
3.660450749882913,4.711637187093416,0,63.396417052589726,0.06652098411904175,0,45.99285012097508,0.024659246378611742,0,0,1,0,0,0,11.770418755046434,0
3.037287646069627,4.061026445054733,0,64.83108210166317,0.042544232299792456,0,48.11858641067285,0.04252116535453293,0,0,1,0,0,0,10.054240368426191,0
7.152350319277726,10.765146678652325,0,89.08273849170986,0.04528829105585498,0,53.96273526788835,0.06756950713184254,0,0,1,0,0,0,25.789073488348123,0
3.156900414094255,5.125928159221237,0,67.64462440195041,0.01572926999593672,0,51.34729771883442,0.026120023940679808,0,0,1,0,0,0,12.034583014453528,0
9.294267072230472,11.687418760242476,0,95.16081077449775,1.2890344788138466,0,63.20882676500541,0.2246547595987338,0,0,1,0,0,0,29.369643212994752,0
20.59347063975241,18.65644635160955,3,72.84567729815012,8.127322836093647,0,119.7494307228176,2.216105501154609,0,0,1,0,0,0,30.29974986302279,0
4.461454570516967,1.8295818977150455,1,0.9366107065697803,0.5817232449360473,0,1.0740134039192242,1.3470957918264723,0,0,1,0,0,0,3.234352121670942,0
0.39233191857017735,0.2235080098191903,0,0.08934038738195911,0.013954695357582238,0,0.1181772823251309,0.034729636942437206,0,0,1,0,0,0,0.37359263645245944,0
1.5965979430702615,2.531260283219571,0,41.015186578078826,0.0008080286568484652,0,29.84677517877743,0.028888401362299948,0,0,1,0,0,0,5.980805372440704,0
0.1360678993256495,0.04938886831677721,0,0.06008858060169658,0.03350408609041973,0,0.06827376925097077,0.033219096017250246,0,0,1,0,0,0,0.08897302878636928,0
0.17054427303956443,0.10774161697375652,0,0.060221417208416755,0.032502020777511076,0,0.050233247278701786,0.0,0,0,1,0,0,0,0.17328582200703954,0
0.1770454753589336,0.033366508986314374,0,0.07761733396882944,0.012563911796279406,0,0.2101862715165147,0.011056525578831189,0,0,1,0,0,0,0.21223769846554064,0
3.8050464697169115,6.006819333968936,0,60.10887780376171,0.0525063516743243,0,44.06528675561589,0.005159711936787888,0,0,1,0,0,0,14.20632870002055,0
1.6172421719326269,2.207021173839653,0,37.50999323514462,0.0012219166848000211,0,26.57438192578258,0.019252503632836263,0,0,1,0,0,0,5.437853451080032,0
0.6868093331254767,0.34544559133835906,0,0.3530799354967827,0.02268911501694003,0,0.18677953464136413,0.043077001350291466,0,0,1,0,0,0,1.131922806827399,0
2.227706124564123,3.092222052607382,0,43.054623477224425,0.04197890452097986,0,25.054963008689025,0.04951492843586095,0,0,1,0,0,0,7.5717602100690184,0
0.3189404860594567,0.27690040711500963,0,0.08116407626278671,0.0003738901430491423,0,0.05171966763461957,0.03990454812957722,0,0,1,0,0,0,0.35889315467890137,0
0.6700993619141851,0.878179076604124,0,4.171146445865774,0.01685666096069979,0,1.6722618539781884,0.018630254539778957,0,0,1,0,0,0,2.1816141783258636,0
0.13608726066222704,0.05400016830644969,0,1.6064406374861093,0.03258911013733319,0,2.0034457599134674,0.014116344456810048,0,0,1,0,0,0,0.06534451633900525,0
0.2619554394921486,0.17360276722996898,0,1.5403187620664776,0.03504039260106593,0,1.5676571950526983,0.011120920523263831,0,0,1,0,0,0,0.17520504556725938,0
0.16851587661444178,0.10342124054824117,0,0.025648227162002102,0.034839524366373734,0,0.04660128565499178,0.0,0,0,1,0,0,0,0.24136526710100434,0
0.25728040058050583,0.19277151187059305,0,2.4496214279585935,0.028276315568979037,0,2.4234345536343294,0.0193540731647181,0,0,1,0,0,0,0.46291758994541393,0
0.1557059331121909,0.1545407105681667,0,0.0436690176777624,0.038662971481099116,0,0.05980572357349464,0.019064435182737996,0,0,1,0,0,0,0.1270983047096178,0
0.08031800629871705,0.06037049806979847,0,0.04364764237216621,0.03736603098544106,0,0.07164223628525054,0.019064435182737996,0,0,1,0,0,0,0.05998307309798222,0
0.5078107089374425,0.4135436511779276,0,0.13352105966636685,0.14309821723378632,0,0.188445368411291,0.010953761746576605,0,0,1,0,0,0,0.2548945235760687,0
0.5143143011135148,0.25451919591612737,0,0.08295047862057578,0.0007452204640747159,0,0.1358779979017605,0.0302512128651945,0,0,1,0,0,0,0.9224072367084893,0
1.605377945526972,0.9114159160912696,0,0.13862265668208287,0.03907715267344744,0,0.20732811671198526,0.05056517556657757,0,0,1,0,0,0,2.475809964877735,0
0.7051834966842959,0.4913506081768005,0,0.0895068844458207,0.04648012602548238,0,0.1031966616637073,0.027353883249509096,0,0,1,0,0,0,1.5328102601041844,0
0.13112990860025717,0.05616371786768247,0,0.07469743512240185,0.030478990653358996,0,0.06544502019435153,0.023472346599807015,0,0,1,0,0,0,0.20635837056020662,0
0.203631985005235,0.1338625628601121,0,0.3482184282986952,0.01631150391969385,0,0.37856609079464026,0.01877787727984561,0,0,1,0,0,0,0.08705310696365962,0
0.2457053608492389,0.14431635196159,0,0.08674233948252624,0.014826206320506432,0,0.1288473243945142,0.01877787727984561,0,0,1,0,0,0,0.15070301267494637,0
0.8966013891086557,0.921078004721543,0,0.3514783026092736,0.040330913487403225,0,0.5957194781121842,0.026713762380861726,0,0,1,0,0,0,0.3397011270527551,0
2.8858817311365437,1.2223207992482479,0,5.812843940358099,0.20831813529291632,0,1.9182801094580264,0.1639361501695109,0,0,1,0,0,0,2.9911369115467874,0
0.7386941209696471,0.30592037853938636,0,1.665546245865375,0.5275354386162535,0,2.3020167956128614,0.020426932278150692,0,0,1,0,0,0,0.6824717499543338,0
0.39710066817290557,0.12596346526443492,0,0.06506164830656731,0.016805123255322806,0,0.10048307328590478,0.06542150651986826,0,0,1,0,0,0,0.2971971529687243,0
2.4322010708131523,3.581210729415276,0,74.66540753673087,0.03149934469390563,0,55.564751951169114,0.025419246910317328,0,0,1,0,0,0,8.62360103442078,0
0.16033429480179057,0.0993492464553934,0,0.018547038784245393,0.028963979997085956,0,0.04477738719830104,0.023472346599807015,0,0,1,0,0,0,0.1414625916074637,0
0.1112659265779247,0.035102037872091825,0,0.05004749584655533,0.0393414788877518,0,0.10005695206895669,0.03496405279109825,0,0,1,0,0,0,0.13407621697461825,0
0.07925968877552299,0.04221938196436997,0,0.04620461539815866,0.01791088162443612,0,0.04968364470193158,0.0386624703034643,0,0,1,0,0,0,0.11844494756586663,0
0.13503012645193838,0.0758253789668533,0,0.01859167246049936,0.000137275017573231,0,0.1258792192576483,0.010953761746576605,0,0,1,0,0,0,0.19255620217111102,0
4.068782647923628,4.102535848283212,0,0.3298885952596402,0.2694493471756254,0,0.9091818371271567,0.03580248016193863,0,0,1,0,0,0,0.7381193310225884,0
2.5652929491109453,1.2231644009397256,0,27.917312189866223,6.359742486572162,0,21.71544409884233,0.01645206887810473,0,0,1,0,0,0,3.3959802153729153,0
1.0655879987855978,0.5938444322347394,0,0.10878083523186875,0.02377242197030382,0,0.205887416651671,0.05295526838042796,0,0,1,0,0,0,1.9828728716472348,0
3.0760295565202744,2.8942543373478498,0,37.04379081962811,0.03150845372672726,0,31.77198309781844,0.017893302920488907,0,0,1,0,0,0,7.891029022002242,0
0.9552237024104926,1.459662687681159,0,0.2601628673439313,0.03170918062827013,0,0.1934669354207697,0.0393194675171086,0,0,1,0,0,0,3.4823516246275283,0
0.19905873804272145,0.16963670003438963,0,0.05047689784749674,0.02536002069995267,0,0.035999723413214904,0.011120920523263831,0,0,1,0,0,0,0.22842286324288327,0
0.20394673845169503,0.12765777835209002,0,0.07547227179732982,0.014926179918397738,0,0.0686724516801697,0.011120920523263831,0,0,1,0,0,0,0.19943829985377806,0
0.30559781964911725,0.24502765012851022,0,3.5688717185257057,0.07152796878110249,0,3.475982895262586,0.023472346599807015,0,0,1,0,0,0,0.19918334937978613,0
0.5831663691488924,0.4499712469808982,0,3.993487708118173,0.29574373451037783,0,1.8690545834029786,0.040965919845914564,0,0,1,0,0,0,1.3545228942745795,0
2.2254763061377787,1.9858386702169328,0,24.17356441778871,0.2706442698950139,0,15.980077910160068,0.0885549376636446,0,0,1,0,0,0,5.586339377511379,0
0.465761967015157,0.16236357593311104,0,0.10736211841301099,0.13240686733331766,0,0.43739906395066097,0.014116344456810048,0,0,1,0,0,0,0.4516598044801209,0
6.648525846637824,6.338173417705391,0,0.06968935813979674,0.06237167380447849,0,0.12686920934448218,0.022656886937101404,0,0,1,0,0,0,0.4545625910793433,0
3.7930089229661186,4.033806843010882,0,69.41372092206706,0.05443743969665493,0,53.15194807811406,0.043988089737938024,0,0,1,0,0,0,10.361174025990005,0
1.3891171156569642,1.5372177952730832,0,0.4492162934934791,0.028278972770862363,0,0.18008118563603198,0.03280269798845936,0,0,1,0,0,0,0.36371808290236174,0
0.17576781787563373,0.0934944275486053,0,0.09054987489148278,0.03487524741521034,0,0.0685196082488017,0.010953761746576605,0,0,1,0,0,0,0.16829430578797686,0
0.235021524870599,0.2103069452711212,0,0.05355901325673469,0.03661925992894176,0,0.10196827550585132,0.010953761746576605,0,0,1,0,0,0,0.2645510261787717,0
0.18505843353956913,0.08228692851893932,0,0.058222201255679354,0.03586236356868743,0,0.07928412568064386,0.023472346599807015,0,0,1,0,0,0,0.18434371167617908,0
1.9199134413297836,3.0335782679026138,0,2.9950119229242063,0.05069542146328016,0,1.7798148886372211,0.038775451828338685,0,0,1,0,0,0,7.172671556559067,0
0.46209431391934747,0.3203767764444254,0,2.2965915475044527,0.18098842563174244,0,3.93355780802476,0.018494434783958805,0,0,1,0,0,0,0.7622932569898908,0
4.706856222442478,7.364573048081968,0,83.41930277719146,0.0006134980360789038,0,58.56891873297829,0.03324246168345811,0,0,1,0,0,0,17.45487056825408,0
2.5088181893965293,2.2091155626609607,0,12.220624444117046,0.28765397032988904,0,10.71526598770849,0.04979044785262671,0,0,1,0,0,0,6.058037201549398,0
2.7745859283878076,4.517557624739036,0,85.58052595997512,0.0004111735129653318,0,64.06861408899508,0.018630254539778957,0,0,1,0,0,0,10.598719186123084,0
2.613198088137009,4.308343337436179,0,70.7827338035347,0.01770859492163124,0,51.38394960368914,0.028617088700802346,0,0,1,0,0,0,10.075115918079108,0
1.3516321310821475,2.1070928257363035,0,16.06455517640321,0.015852553472704364,0,9.419852416635472,0.011120920523263831,0,0,1,0,0,0,4.999435068502099,0
1.5943191985531564,2.30044602758472,0,38.40842931577615,0.028156393530059727,0,25.549469511280964,0.019064435182737996,0,0,1,0,0,0,5.568573267789601,0
1.8849061270391982,2.681430827551181,0,36.24059583733209,0.0004853931035827304,0,23.09578938027539,0.03620566904953606,0,0,1,0,0,0,6.511128201896553,0
2.832179607259871,4.575618749009486,0,70.56910425702608,0.03273419257166038,0,49.30642343937766,0.0,0,0,1,0,0,0,10.75390295258692,0
1.7063751185341764,2.642161959740225,0,42.59113931929245,0.027152117470839874,0,28.923303554044736,0.010953761746576605,0,0,1,0,0,0,6.279160921533446,0
2.816189156324794,4.502725130147424,0,64.53252323169605,0.033647323000557325,0,47.355091019566046,0.01877787727984561,0,0,1,0,0,0,10.61304967935206,0
2.4194465239690572,3.6119382613797266,0,39.71230150982947,0.03478754562359612,0,32.996234462725226,0.010953761746576605,0,0,1,0,0,0,8.665047999934515,0
4.588658400157588,7.542028129425365,0,81.74747516903975,0.01489200700929796,0,56.86589939522047,0.010953761746576605,0,0,1,0,0,0,17.650193525040184,0
1.980594935767752,3.0701420126667096,0,48.2897285677643,0.024142648419277733,0,32.062171333423436,0.05992101356237897,0,0,1,0,0,0,7.295998355656331,0
4.42434700267637,6.703558040143233,0,92.1078770036603,0.022239334719617494,0,64.66398155640388,0.06776036119617607,0,0,1,0,0,0,16.03170359690965,0
2.668349017773532,4.300252345992899,0,45.70139459527979,0.011648090006084631,0,32.21339513544007,0.01804971044540176,0,0,1,0,0,0,10.116296958768249,0
1.858160651667848,2.9663262339703937,0,48.02414135771154,0.00029416075194263784,0,37.86830633712184,0.023472346599807015,0,0,1,0,0,0,6.995324715784351,0
0.16062285934864326,0.07129150135527411,0,0.5773163341969143,0.013090488082307972,0,1.4067591024221109,0.01877787727984561,0,0,1,0,0,0,0.2331934082341006,0
1.724554231234735,2.6366706639445776,0,5.542892974704667,0.03579154918010697,0,4.441793253925034,0.04699163246021115,0,0,1,0,0,0,6.286480441334794,0
2.135035991966621,0.9024725974201959,0,8.567062217987644,0.7143678957200807,0,6.279454632926964,0.048922597507289195,0,0,1,0,0,0,1.825966328829319,0
13.965244596646983,13.554400776922982,1,8.825290668517079,1.8850870399811321,0,5.33003603660087,0.6192324041451425,0,0,1,0,0,0,34.99781040764391,0
7.017587411996448,5.731319652783505,0,10.736923740864958,2.031374484380937,0,8.295741760720873,3.552407331757088,0,0,1,0,0,0,4.932351862076178,0
2.546498145536637,2.0575208770282813,0,40.91732699912723,0.22674359210745265,0,34.443714467910404,0.14244287125906085,0,0,1,0,0,0,5.295813510053885,0
0.6361003083896991,0.7509566711000549,0,21.30071967072468,0.03109254322816256,0,17.179636717854443,0.01877787727984561,0,0,1,0,0,0,1.9290661664139372,0
1.3541612678095536,1.5980399368460916,0,35.09923052543994,5.7691340629255885,0,26.866017617988465,0.0,0,0,1,0,0,0,4.118713524300839,0
1.789555184205331,2.762914560198581,0,48.25759691883144,0.016803436412086457,0,36.39136949157333,0.023472346599807015,0,0,1,0,0,0,6.5718905293171765,0
4.294048860791218,6.460016255512934,0,76.20101362538693,0.01758441817239309,0,54.47208827537685,0.02813598906542459,0,0,1,0,0,0,15.465752606194826,0
3.498491117238505,4.995993195969499,0,19.7119069759451,0.030314936302797975,0,11.801178823993787,0.033618101150079766,0,0,1,0,0,0,12.132215119423922,0
2.4812458954387235,3.5871110044980377,0,0.058882518809179926,0.00048602931174485044,0,0.059942393912676174,0.03566006891540623,0,0,1,0,0,0,0.4221594108262011,0
1.5470112183603464,1.5812511609057085,0,0.1350583003579726,0.026000567993571394,0,0.15159211756518626,0.0,0,0,1,0,0,0,0.2709872416043912,0
0.6061775220800212,0.4708950169742348,0,0.035735454885903364,0.0949965035543685,0,0.15205133233058007,0.043578575467755884,0,0,1,0,0,0,0.0820350424292577,0
3.6566635504614706,5.585325836292327,0,0.10426785841172836,0.16392583804173044,0,1.0171409068594839,0.07584311899166346,0,0,1,0,0,0,13.330437539786544,0
4.744925350007127,2.90506008743077,0,41.687381820190616,1.2856677236734053,0,43.77184359065988,0.1827557139870869,0,0,1,0,0,0,8.85519974887902,0
0.93635291691412,0.171060219604579,0,0.10265947144633152,0.0031920072210268645,0,0.39341327870198894,0.1369822072798208,0,0,1,0,0,0,1.1224979410881364,0
0.8102715776101663,0.522032545958103,0,0.8521270508568368,0.10021317929130502,0,1.9848713897414467,0.05849139070953837,0,0,1,0,0,0,0.6618809176704135,0
0.19875144467868283,0.05061486584342701,0,0.06584953700514667,0.033666499099332836,0,0.07872355557228708,0.07100313583512406,0,0,1,0,0,0,0.15026225111489366,0
0.6931146093430242,0.6308794515580691,0,0.2716907070010257,0.015654234005672993,0,0.4734082621854456,0.018848169554912624,0,0,1,0,0,0,0.5896000173045898,0
1.0329906268648477,1.4749005125430592,0,0.11477531486498785,0.03010524103462689,0,0.15367696188075844,0.02888216894109098,0,0,1,0,0,0,3.5847095795635204,0
1.0783443365348435,0.328994237860233,0,0.23486162613362205,0.04759887254557736,0,0.18556915951792552,0.0974983861878117,0,0,1,0,0,0,1.4192640770221665,0
3.7003757634697676,5.366822768946533,0,1.096123828732951,0.11206096496477158,0,1.0770807535900382,0.06401257571992769,0,0,1,0,0,0,12.988910924773284,0
0.2549629399421012,0.1805884563116253,0,0.0808483787787212,0.0004174597703060172,0,0.05412974912336387,0.035556981040850304,0,0,1,0,0,0,0.5521810352863754,0
0.20658078782501296,0.12990724398842465,0,0.09266718266092586,0.03686572402052416,0,0.12154404857999697,0.05730305874295369,0,0,1,0,0,0,0.17244596657008565,0
0.2620761738542654,0.0791123856630753,0,0.05304286073974607,0.029895784169873863,0,0.12237111148906003,0.027659974664314465,0,0,1,0,0,0,0.3726741761287769,0
0.18115969408397664,0.06889995471983676,0,0.048970012137922986,0.02761783348965293,0,0.05641238036018081,0.015393047425339333,0,0,1,0,0,0,0.08127681835890177,0
0.2606665356742388,0.17208437847239944,0,0.02527201541706406,0.025926008470141305,0,0.06310025078139878,0.0,0,0,1,0,0,0,0.4785622135281731,0
0.25349534320877953,0.11781912567943888,0,0.07992445592273321,0.013703459111580725,0,0.07984098945751142,0.020994020472345366,0,0,1,0,0,0,0.453055331892692,0
6.499613576729494,10.61799885858802,0,0.08713021478654012,0.014448879400278634,0,0.17338053218727809,0.05077557828913363,0,0,1,0,0,0,0.8718864830829762,0
1.594945969398471,1.077618357970417,0,0.1601954376185817,0.3813406640039587,0,0.1171987908620161,0.16524320429636963,0,0,1,0,0,0,1.3750351720289888,0
23.10834721261464,18.857192039006364,0,138.54832925903344,16.640455578588416,0,85.51300606675656,1.1582484093693781,0,0,1,0,0,0,49.19966747466154,0
6.696962872158245,6.36169873063041,0,0.19380995443836624,0.7001670889526384,0,0.6687934600047618,1.4522218721074744,0,0,1,0,0,0,0.537269255304921,0
3.4060279768449506,4.5584532605798795,0,0.16656450141620352,0.34460548047966966,0,0.3295860707739214,0.9139104857892895,0,0,1,0,0,0,0.4039150722018037,0
2.0586796056665726,2.646929195955795,0,0.1703381601780718,0.0849953217415214,0,0.13523875513252284,0.13862446870512013,0,0,1,0,0,0,0.46334182054040407,0
7.230237409383373,10.291901988277631,0,0.22765914145228316,0.5325257505770725,0,0.21573307351834256,1.8158575778915067,0,0,1,0,0,0,0.40249173431710084,0
31.069359601406674,23.98557539458419,2,11.028391708994109,52.28725051816099,0,2.989518335456908,11.726243200782609,0,0,1,0,0,0,14.486957428094449,0
32.676199660487185,20.657569770799217,2,47.88070115853731,148.59330924587954,0,10.954855170464795,10.246100768999371,0,0,1,0,0,0,28.56747475475226,0
4.611229004987157,3.7153121616918003,0,0.20685157038800853,1.33572708950701,0,0.8256534038341129,0.7852066507051917,0,0,1,0,0,0,6.425829228734706,0
8.0697979437243,6.490260907857752,0,1.0310516496542927,9.718850600148471,0,0.6832840802654654,1.7595379737560815,0,0,1,0,0,0,5.367605939353891,0
2988.878607774526,4971.677141091406,6,606.5997350026034,49.04995508608862,0,19.541537116636935,7.633976238556883,0,0,1,0,0,0,11599.036397594924,0
17.89176920812107,14.845337957491305,2,45.43339857000702,1.2256278418072089,0,8.101022311803554,3.9977688511512808,0,0,1,0,0,0,35.6037437719266,0
127.83847314767621,125.95648651557393,1,5.631193430391246,261.8246974997197,0,2.285454239536666,8.873105016130584,0,0,1,0,0,0,8.091017236649089,0
9.915394705679805,12.530742374980793,0,0.25862486715545724,17.23932107059747,0,0.5751742536959938,2.7056412108786123,0,0,1,0,0,0,0.21173796557013572,0
4.760396027027013,4.4826985900889555,0,0.22100435655380468,15.667385379975517,0,0.4651878288177942,1.6799064415656377,0,0,1,0,0,0,0.1438806538493968,0
3.5624982024148073,2.9036809684683176,0,0.2502509146532467,17.459087665868836,0,0.7336944388336102,2.8826204791277124,0,0,1,0,0,0,1.9774840179881135,0
35.07801365313303,37.839857034877745,0,15.740081693038011,5.4801909137634315,0,3.2843847018999472,1.7921850324469184,0,0,1,0,0,0,29.116715297405467,0
7.693247293166525,7.759120230048789,0,0.13918132000701489,6.229062865638362,0,1.1393339644294007,2.305320470962897,0,0,1,0,0,0,3.9463867108406685,0
4.462783827950436,5.268334661593938,0,0.3263725037456865,10.884447374655794,0,0.3616410895566673,1.7529169442175507,0,0,1,0,0,0,1.1041631506892937,0
1.0819505848820752,0.7057926634742437,0,0.08837021335634979,12.696728766312443,0,0.22667020079738098,0.3418927926979809,0,0,1,0,0,0,0.3902992282517538,0
5.2158003251779235,8.07715309986879,0,0.08568370307635309,0.43357390862731304,0,0.16075141862953302,1.5732436197721915,0,0,1,0,0,0,0.35651036049727003,0
7.256142236706042,9.266768577950181,0,0.20246411254938412,8.444347169520217,0,0.46653346551263575,2.7203246778642183,0,0,1,0,0,0,0.6862260720876183,0
3037.502494027788,5206.35338858105,0,829.3519392356782,25.68270528444029,0,11.557098601620524,2.0123185051743504,0,0,1,0,0,0,12055.15271814902,0
42.64180395371086,26.89486416077472,3,5.6646677534548875,35.18009466680401,0,4.9238901604277885,34.091257160157056,0,0,1,0,0,0,26.942607679109983,0
11.687727097740122,14.073087908959423,0,0.2973494277699383,0.8846084524422314,0,1.0452089438044359,3.1414022141867424,0,0,1,0,0,0,4.536778469635005,0
4.801886908441397,5.886955469171256,0,0.08454362916625865,0.661498970388175,0,0.7371662891433901,1.9740564035790054,0,0,1,0,0,0,0.43688438940611984,0
3.417720098130959,4.299751929694704,0,0.22140046694536958,0.5733772027708195,0,0.39668674081898225,1.55680547423944,0,0,1,0,0,0,0.323409400428858,0
0.7003724535026674,0.6052502530938577,0,0.06578982205495723,0.13352919494985427,0,0.1397044116802897,0.14499992766144826,0,0,1,0,0,0,0.18180691777942629,0
2.7509174399542835,4.2733477974364895,0,0.09578539530075822,0.11835727532755552,0,0.1810180443463705,0.6421537640230816,0,0,1,0,0,0,0.2415901972853064,0
6.525532091362248,8.884621726070392,0,0.1832370675372903,0.7952224952689229,0,0.48389960879829486,2.3731360198717155,0,0,1,0,0,0,0.2624293422597269,0
3.790360663127137,4.476119179219586,0,0.2672587149156061,0.5113608810677439,0,0.736413801879253,1.6869957378324165,0,0,1,0,0,0,0.34772072411592503,0
2.7288866143246606,3.453688499179157,0,0.16997193441969238,0.23370034062795791,0,0.4770758175197116,1.2538251378615972,0,0,1,0,0,0,0.3053909564018751,0
5.221965184240469,7.501651456327251,0,0.13524596799434918,0.40604502797208036,0,0.35541259736540975,1.9345030917670836,0,0,1,0,0,0,0.19938287655017387,0
7.042680178435413,9.062361815145819,0,0.1200934049105292,0.8379598670205949,0,0.4126015999848961,2.7787143370105256,0,0,1,0,0,0,0.20214166898995203,0
4.73982933904871,6.167474947771052,0,0.2043274273929074,0.7210533917889805,0,0.6759607614109453,1.7455107478832212,0,0,1,0,0,0,0.16397555708025105,0
3.354460680272088,3.947079419191617,0,0.21072915055048835,0.45830630161043656,0,0.5286469980144426,1.4462333351218541,0,0,1,0,0,0,0.6198648186064191,0
0.6639923970555486,0.5124626015592428,0,0.13165939620656644,0.11325177034110231,0,0.2621962795983672,0.1700406360027151,0,0,1,0,0,0,0.26617544841198004,0
1.0258501418919401,1.4635721859178221,0,0.03503827710546298,0.08644063995050802,0,0.1457159534649493,0.23233586506184428,0,0,1,0,0,0,0.17392606596323784,0
5.158594647049766,7.6027211009312445,0,0.08811428651556688,0.2409652609811243,0,0.39796725017931617,1.412539403233016,0,0,1,0,0,0,0.5151621793323263,0
6.337253241999265,8.746826680761878,0,0.2379709514591305,0.7092973708194215,0,0.4611601851770033,2.8080653597425074,0,0,1,0,0,0,0.3760880344878051,0
4.582867751486877,6.212620498369284,0,0.2982765419891763,0.6317143648133992,0,0.5295816203793431,2.1179378627266665,0,0,1,0,0,0,0.12916803124268675,0
4.369493707596671,5.437134091755706,0,0.3406436503826947,0.7376425608660325,0,0.529445952497875,1.9433579504883318,0,0,1,0,0,0,0.3009050516040566,0
3.125261582432641,4.025598571697787,0,0.20761817032631733,0.42400985495632904,0,0.7436038792951043,1.7341653126535896,0,0,1,0,0,0,0.0710936525475324,0
2.5797061165853936,3.1012906651937207,0,0.2646533005577666,0.284878126023289,0,0.7317104528408258,1.0607569749398675,0,0,1,0,0,0,0.6619784666507952,0
1.5819582493868067,1.6810582866928359,0,0.269666915636594,0.24017377703080892,0,0.5654861017001866,0.5710816884324645,0,0,1,0,0,0,0.1165676915241593,0
6.161306132876231,9.368648892221435,0,0.2271674803562565,0.4561797838600986,0,0.3804256632835106,1.8647035526927622,0,0,1,0,0,0,0.2799913338354367,0
6.67714813478035,9.29715832169221,0,0.2603825050689098,0.7574119503797472,0,0.20640387151719347,2.6456206370156288,0,0,1,0,0,0,0.5488707547704308,0
56.59238998834024,38.93248719379877,6,13.594632969735542,32.177467627778356,0,2.3883338777098153,16.227550810239045,0,0,1,0,0,0,29.657461058784158,0
29.45434840969658,20.393063907341325,1,38.28960961180779,2.6940811535048734,0,6.7964622331272935,2.19240961894692,0,0,1,0,0,0,59.86791110712559,0
2.9465712795479817,3.1844941839179817,0,0.1496654473095727,0.4009046372677175,0,0.5690188806706451,0.5209125103940789,0,0,1,0,0,0,1.5465113335798448,0
1.6811935520419614,2.508799223815038,0,0.09272364924839147,3.0270151998260966,0,0.3900201384151335,0.22114950093535668,0,0,1,0,0,0,0.2522665617630311,0
8.575148404888763,12.710271531005144,0,0.09782187123983954,0.8418195558720631,0,0.41348518679095936,2.7375696842148827,0,0,1,0,0,0,1.0679787563344574,0
4.588142478733608,6.553220167418193,0,0.3473091736860805,0.7789373695931369,0,0.7393262208240752,1.7799831722780808,0,0,1,0,0,0,0.24992430642714547,0
2.64660319362826,3.256378616308617,0,0.17686368988528506,2.1683214757815916,0,0.4943334760460417,0.9309266638879735,0,0,1,0,0,0,0.5223857926896132,0
4.476231592376261,6.36137052745656,0,0.21838087822788999,4.94363835842948,0,1.1119425755409797,1.1104514137519392,0,0,1,0,0,0,1.447905911580992,0
2686.3159018327838,4574.198961911345,0,632.3041495934326,116.87232052808773,0,3.773870843512466,11.746658846654398,0,0,1,0,0,0,10608.91394664664,0
175.30841657484274,190.82235889801498,1,320.4743601098593,72.44323872634902,0,2.6364012709735336,12.01212900321315,0,0,1,0,0,0,501.5565897051136,0
3.8040760966053675,3.5679403065761974,0,3.052447445016284,0.30835648886872813,0,1.1425353337583495,0.4921661647294633,0,0,1,0,0,0,4.748173030132339,0
4.0658491651394915,6.055421567390183,0,0.3662544518185472,0.16511548248496905,0,0.9995324284248477,0.4978180911165777,0,0,1,0,0,0,0.20183977233796158,0
4.745952591421994,7.078826862019063,0,0.34133306633794175,0.5415376572273396,0,0.6283950514267299,1.3256570465173834,0,0,1,0,0,0,0.22001722018737724,0
2.9937622335820793,4.700740310722824,0,0.2734405768588673,0.2600292252093154,0,0.4576972467509314,0.5319879959019425,0,0,1,0,0,0,0.04932655511655005,0
6.723297433375531,9.497320237450175,0,0.12760732981770342,0.839173478338398,0,0.48084508616852983,2.5880912543956436,0,0,1,0,0,0,0.30744840290648223,0
5.471669179402605,6.126855638244715,0,0.2637947719062731,0.47149334311818847,0,0.4576594446922764,1.0259478215868245,0,0,1,0,0,0,1.2877583537151038,0
4.467000465104471,6.8806234689336945,0,0.2516175483964246,0.3804312497730281,0,0.33498304492941866,1.412881637846949,0,0,1,0,0,0,0.07521202055007535,0
3.2815700455914185,4.307077490604853,0,0.40862655690769756,0.5293158755688419,0,0.9860722089522754,1.2206452799464964,0,0,1,0,0,0,0.2658282168632002,0
3.0678691067811994,4.426045164932532,0,0.2550883684204441,0.3337420024801665,0,0.6357699876648315,1.0457884753418996,0,0,1,0,0,0,0.10248077447605394,0
3.926312109004556,5.947628283564308,0,0.1750049689681769,0.2098730550572862,0,0.6163906658799724,0.7204067329895876,0,0,1,0,0,0,0.24983617830242766,0
6.081945149524351,8.641123378218197,0,0.3381363773705167,0.6258326321423885,0,1.0716367732259273,1.8359712705858853,0,0,1,0,0,0,0.3081826138106494,0
2.0928763143647204,2.345074790284204,0,0.26140773328750233,0.4192594698489409,0,1.0643940760926405,1.0645782040729177,0,0,1,0,0,0,0.090425614087118,0
4.134709374157579,5.987065249656453,0,0.20898565331333235,0.3557546704533097,0,0.6524707332545938,1.2071763994122655,0,0,1,0,0,0,0.10588493291078502,0
5.734488122422816,8.688312405591768,0,0.21606726148138128,0.5043976098904261,0,0.5301216815232979,1.6517615132990922,0,0,1,0,0,0,0.20025314769621788,0
4.055722595288234,5.621413751198317,0,0.35227784946636787,0.543768083423023,0,0.99997541777636,1.6388357847068384,0,0,1,0,0,0,0.2142269079205879,0
2.230412913767704,2.6760291246187013,0,0.24180333703022205,0.4954429179699766,0,0.6811215254320351,0.7837195949888816,0,0,1,0,0,0,0.09384787613214415,0
6.291177552842107,9.66033183386287,0,0.17355458441635527,0.49262150841293306,0,0.348865735403483,1.8261139840781342,0,0,1,0,0,0,0.16540142088280407,0
5.683537253512951,7.870016387101435,0,0.12260324840238707,0.6952682130853638,0,0.7405092498776833,2.099855699139761,0,0,1,0,0,0,0.18559658419641842,0
2.8749368753625375,4.007283132096868,0,0.19566672109188188,0.455153051089198,0,0.6859149190555633,1.3967658912869918,0,0,1,0,0,0,0.09018808930966093,0
0.7881056661617901,0.8218087671045671,0,0.08907951868541841,0.04216993690413813,0,0.24544257922677912,0.07753672631304491,0,0,1,0,0,0,0.27771354231760254,0
4.292997611571824,6.554264351832965,0,0.25553633977845314,0.3595000246946148,0,0.7107913849274197,1.0647683906952452,0,0,1,0,0,0,0.11814359422462603,0
5.254721301919089,7.854588437756472,0,0.26604683463692314,0.6390243920953695,0,0.9734356702860381,2.3184432681793044,0,0,1,0,0,0,0.052833144825642,0
2.859499917361995,4.06276073467301,0,0.3493532929154326,0.35188349759070925,0,1.0702630706899876,1.097439043903016,0,0,1,0,0,0,0.24329759111365384,0
7.297732474104455,8.88206164459493,0,3.1633483749453903,0.3670427748176773,0,0.8281865885989842,0.9574636691693845,0,0,1,0,0,0,4.801858019597822,0
38.91735043043727,33.690047908072614,0,4.129288713298854,28.34246315843852,0,3.392907856675907,11.489018017385359,0,0,1,0,0,0,20.700062553641843,0
30.391011288762282,18.626263401567588,0,13.213386487858958,2.166610170466301,0,5.790086460587844,2.7410169698417937,0,0,1,0,0,0,41.10496342618583,0
2.40309737588447,1.9716859997282146,0,0.094951109440787,0.5598213121443595,0,0.179509173683285,1.6033621780883929,0,0,1,0,0,0,0.9335426027637108,0
1.7068273034266683,1.8192003506794199,0,0.04615738510291306,14.784009207793588,0,0.18445357632621712,0.2663715829496057,0,0,1,0,0,0,0.5229351159897271,0
5.633592232706603,7.994359426335199,0,0.19231413835389294,14.516742008213065,0,0.5909382470313442,1.3966969606723343,0,0,1,0,0,0,0.41924576142502956,0
7.067933671063097,8.69765768790233,0,0.25364829193778493,7.724037014372628,0,0.4569326113591893,2.103942939341535,0,0,1,0,0,0,1.0461924167619552,0
3.1094279866509784,3.4873140125829254,0,0.34018598382563164,7.526467406112319,0,0.6619620143272498,1.3169187095821928,0,0,1,0,0,0,0.45930961320920294,0
3.597061849986377,4.616151162257122,0,0.13105501551611806,9.213222994776983,0,0.4943111246375942,1.1232175941570721,0,0,1,0,0,0,0.9420048898371347,0
33.733482599434794,17.44929409777497,0,25.679327024423536,5.373750455012857,0,1.657318987287013,5.274859980433698,0,0,1,0,0,0,35.89310787253828,0
117.88481609833548,31.63267880060266,4,65.83516134959727,31.146985517032608,0,18.082756839818963,29.577806663662788,0,0,1,0,0,2,84.1226678110119,0
48.37667301447205,43.852823194235455,0,2.6412969660421757,0.8098204167355684,0,15.136399784126073,1.2475914848260516,0,0,1,0,0,0,100.82712348950623,0
1.3777225436120188,1.237310944381992,0,0.03555471671639874,0.046053620255993646,0,0.2049671606390376,0.23396834584744805,0,0,1,0,0,0,0.45769028323072947,0
4.033859588092602,5.877863645898919,0,0.14989045871053874,0.18340686397625833,0,0.4414852756676668,1.182049703689967,0,0,1,0,0,0,0.11038237923770913,0
6.8761582998743025,8.73408333612662,0,0.26652483952321887,0.7318365215090673,0,0.6218809706728546,2.546128693591497,0,0,1,0,0,0,0.18080655211643976,0
4.071966784042704,5.428292277201454,0,0.3084372865559344,0.5950614737889315,0,0.7560473127932716,2.0900911931390604,0,0,1,0,0,0,0.23553559986692063,0
2.1250306549908373,2.701182085953865,0,0.22818733892839205,0.31932614849481633,0,0.495449794487098,0.9907367050597256,0,0,1,0,0,0,0.07494766814990504,0
5.361532671707686,7.731998225425298,0,0.1277930394772906,0.35768265940577204,0,0.2786397541445995,1.3978183375688598,0,0,1,0,0,0,0.16128028753151122,0
7.904555520011527,10.65366252508492,0,0.06349368557191909,0.8832077885984747,0,0.2023390464301645,3.7453892749754285,0,0,1,0,0,0,0.1260312775722594,0
4.411256887561455,6.032363619170348,0,0.19367027887640553,0.7216623098271095,0,0.5446974380384897,2.145676671580395,0,0,1,0,0,0,0.07050713076292386,0
2.7492504770084336,3.3738854201259336,0,0.11838776954047874,0.4359366871133905,0,0.28500825136786323,1.2193486124051347,0,0,1,0,0,0,0.29093197044024827,0
1.0287504994921934,1.4004606812435794,0,0.024584892257322945,0.02612874638694574,0,0.12542682175939354,0.19397546980330596,0,0,1,0,0,0,0.1815917305133009,0
5.104789667710663,7.080029971356305,0,0.16300790686756908,0.37960518315293074,0,0.6229392399834074,2.103986299786281,0,0,1,0,0,0,0.11252159008639309,0
4.527600606068799,5.960544621990879,0,0.22736599981662592,0.6554034338362426,0,0.6396047234786246,2.226974572435801,0,0,1,0,0,0,0.0740237928056769,0
3.178104694196533,4.199027325478262,0,0.22985857730049897,0.27828788203043886,0,0.456045062149106,1.0978211977481718,0,0,1,0,0,0,0.10254045103856309,0
5.900014353252419,7.871491099716314,0,0.0968898783434089,0.6943511049889444,0,0.27777781035600213,2.6353323011240493,0,0,1,0,0,0,0.14111867803191305,0
5.593024611672895,7.468100476959128,0,0.19459424825564736,0.6312566898012018,0,0.49178912815394704,2.3092559064740694,0,0,1,0,0,0,0.08735584635398871,0
0.6311070099035734,0.33469020484964385,0,0.1444880749583924,0.08453930471472132,0,0.30447172750736484,0.2514468933069371,0,0,1,0,0,0,0.18458288575665116,0
2.816218608170588,4.128506166524781,0,0.16630175782510745,0.1678031658856577,0,0.4388840022525926,0.8403574550580148,0,0,1,0,0,0,0.1393339270958875,0
6.641111451713653,8.384514006560156,0,0.25722845577083153,0.7098680123322257,0,0.608727643413071,2.562538391685114,0,0,1,0,0,0,0.12199150633290323,0
3.0979971245625153,3.9032312263483155,0,0.2971082371585578,0.4351839636013545,0,0.5285150924288324,1.40638710975237,0,0,1,0,0,0,0.22701589263985228,0
4.494101067271585,6.127412222491207,0,0.1019023278919008,0.28000370120201107,0,0.38454585492458637,1.6064125940437939,0,0,1,0,0,0,0.07906598667092715,0
8.148137907159633,11.462416946590183,0,0.12369558699865554,1.0126585668023058,0,0.38116619728662987,3.135870039867497,0,0,1,0,0,0,0.18247755447615377,0
22.581471995841337,36.48926279151033,0,0.2890775641828907,0.8595654125460621,0,0.5857046994463078,2.8908828204882684,0,0,1,0,0,0,0.07042141983376014,0
5.46966884083816,7.511657314753905,0,0.22750408201867012,0.4226269985033445,0,0.5515155073396092,1.585623835357574,0,0,1,0,0,0,0.11441394173052591,0
49.18464430136728,84.40158852648506,0,0.09469982716102089,0.10830168819961143,0,0.10825495854078801,0.18821600298748228,0,0,1,0,0,0,0.1998929032684657,0
10.247014806461822,16.675144314134325,0,0.1110434939099492,0.14555547207710678,0,0.17569895644318106,1.1296039984044233,0,0,1,0,0,0,0.3684177760356673,0
6.048265486354332,8.268129772848342,0,0.2932569722006241,0.5993339538912642,0,0.4862066462312381,2.1938857110563994,0,0,1,0,0,0,0.17528801010044243,0
6.520732475264466,9.04938894702177,0,0.2807486135633562,0.7169874004735057,0,0.51965476978736,2.5816005791974437,0,0,1,0,0,0,0.1249208540090253,0
3.5672964686653312,4.611077313443502,0,0.26770113304008386,0.4680161096231238,0,0.6293916237857465,1.7696278425893017,0,0,1,0,0,0,0.21477620923710525,0
3.1792907746150854,4.5816006780641505,0,0.14077276937133748,0.22773012408781623,0,0.4380387754170698,1.2023139090861554,0,0,1,0,0,0,0.2077027256870183,0
9.5866088939188,14.217373036866965,0,0.22363525891844002,0.936790257179683,0,0.3180456585852054,3.304086101077872,0,0,1,0,0,0,0.13698291286130698,0
7.275385085127473,9.158279650040566,0,0.12320799458874532,0.8631236658704133,0,0.2639288870300338,3.284561561128145,0,0,1,0,0,0,0.09458625571378157,0
7.5088108255537795,10.82550989433315,0,0.2517466059325545,0.7038880176706825,0,0.5356822590547866,1.8918757231159806,0,0,1,0,0,0,0.12589499278350774,0
5.51931307460228,7.505976546894883,0,0.21664497273252964,0.5664893539556034,0,0.40726246753927464,1.389016221944267,0,0,1,0,0,0,0.45496417279985146,0
1.7924168762939894,2.6089305593969443,0,0.06345751870310551,0.03541018840060836,0,0.1397567296362866,0.24168517662334704,0,0,1,0,0,0,0.09304894063256734,0
3.85563050657134,5.630657820580326,0,0.13803405076663977,0.267514456525894,0,0.5253670856131862,1.390928343635215,0,0,1,0,0,0,0.31581399344229544,0
5.83485956372205,7.242409863822109,0,0.30973436457960235,0.805713314850941,0,0.600707031575918,3.048707525963807,0,0,1,0,0,0,0.161220828600722,0
5.937446373747197,8.409431978638302,0,0.40828048179472926,0.4133252145949531,0,0.5955044294333481,1.9070518334272621,0,0,1,0,0,0,0.27291903271966333,0
4.958812990833069,6.802439132206495,0,0.218907818239592,0.2309266905365131,0,0.34361251735692205,1.210662780729658,0,0,1,0,0,0,0.1308052911144822,0
7.097891345145308,8.794921825532825,0,0.15373973617379955,0.681135005375187,0,0.2989792919079451,3.194422486934485,0,0,1,0,0,0,0.11094522099998985,0
9.693775717718879,13.163085383186118,0,0.19700335670529517,0.8769980266526565,0,0.5915702815102026,3.0310836603156335,0,0,1,0,0,0,0.25932291973484684,0
4.1636460583926285,5.222332861904292,0,0.1587924430971432,0.4843166057908414,0,0.5150958878590972,1.7505178423577972,0,0,1,0,0,0,0.34107054496167577,0
1.7857093254014025,2.2154917859886583,0,0.14996940041641504,0.04846230124681224,0,0.08024291387294538,0.19332088351346954,0,0,1,0,0,0,0.09876660974840035,0
6.245226982805353,8.27090806427728,0,0.25407995071160416,0.5939276158316092,0,0.44556651377197887,2.121158900291221,0,0,1,0,0,0,0.14919762116973634,0
4.98010977852134,6.340845046069574,0,0.18913385788152484,0.677244086283733,0,0.527125875544881,2.212131209779871,0,0,1,0,0,0,0.10460970957120522,0
6.8393391349950585,7.7580226752502615,0,0.19777964516850158,0.4526920321101365,0,0.6508421021731075,1.3013013548790777,0,0,1,0,0,0,0.24104703292490298,0
7.1578678282885555,9.957016981984726,0,0.18441393834506425,0.5932123670222128,0,0.5731050531428543,1.9427212541535335,0,0,1,0,0,0,0.7126070002642728,0
6.471801427955048,7.993194589353242,0,0.13508481924906696,0.649863954985182,0,0.554954842481988,2.650546866428731,0,0,1,0,0,0,0.10012571691410042,0
3.836096942236611,4.576670089142766,0,0.12944967285271675,0.5415816112421993,0,0.40536765531767066,1.4619441333737875,0,0,1,0,0,0,0.0781898759488953,0
2.60559879903255,2.0097890439787474,0,0.47955225570541277,0.061848744666411104,0,0.5507063826132924,0.11796799213833206,0,0,1,0,0,0,5.076071865354791,0
12.230972045709002,10.968654713058575,0,78.59892922678817,0.4072341950521773,0,0.6018449672075691,1.6426215516011815,0,0,1,0,0,0,17.540475264874225,0
3.4901931727495477,3.602008323385041,0,0.8400278641439713,0.6225244194897988,0,0.845520164858431,2.1250912779055096,0,0,1,0,0,0,0.47033714551800265,0
4.1370344226755655,2.4036073139104226,0,0.373694044787252,0.2965275110297284,0,0.48411180631899076,0.9705721468556869,0,0,1,0,0,0,3.6014983407946595,0
4.8967437518003685,7.003303982665016,0,0.13346714021927225,0.5346983221205938,0,0.23559446840175752,2.4400694517490034,0,0,1,0,0,0,0.09628658069827177,0
7.43439899627489,9.874480339245835,0,0.23340047388097798,0.9756271067501863,0,0.5337831645628369,3.370335067608559,0,0,1,0,0,0,0.1655084719002401,0
3.0818595230221186,3.5491165522720944,0,0.23522327711027713,0.619490236664494,0,0.5921778972012337,1.6471542189128865,0,0,1,0,0,0,0.15804210413203382,0
1.1671928204359605,0.8695663012800467,0,0.08588226205244807,0.202384199870614,0,0.08117329466203572,0.4523756282131449,0,0,1,0,0,0,0.2586556973141028,0
4.137726129828307,5.976075333715635,0,0.08166902580176494,0.347171200055998,0,0.44587643497199714,1.3740651073696621,0,0,1,0,0,0,0.1152077976997373,0
5.510109576141435,6.906546523726774,0,0.15532832227310805,0.7195662716769816,0,0.5543339162962143,2.669321560211606,0,0,1,0,0,0,0.2836040644064108,0
3.2159195911036327,4.390183056886023,0,0.2634019191307858,0.36131855120542344,0,0.6494460969210591,1.173595571043436,0,0,1,0,0,0,0.13477875947817397,0
4.044268432920558,5.674490138673268,0,0.08829333822772525,0.2801316187418659,0,0.2731710004700832,1.4333466287640455,0,0,1,0,0,0,0.10181472837460014,0
8.40889405409657,11.890693279629007,0,0.09942588382611034,0.9638917422653821,0,0.2576295435968552,3.4895612338098267,0,0,1,0,0,0,0.2892708421745524,0
5.277623335961618,5.6421164555472645,0,0.45248430799878847,0.6024076296499137,0,0.7913554922356789,2.029877081612902,0,0,1,0,0,0,1.5173169079841184,0
24.937301811351592,22.01215159854854,5,12.50997606078904,13.97084379506689,0,4.905324936875724,1.7929868750609141,0,0,1,0,0,0,18.73727160734819,0
37.823033233628195,27.790662608966958,1,102.94422883594746,1.8443644568307795,0,62.20428409977386,0.7291430888322663,0,0,1,0,0,0,82.7787332906772,0
4.478140931692276,4.768090923465344,0,0.20134337441422512,0.8459286545109611,0,0.614426358241393,0.48583069430556325,0,0,1,0,0,0,2.407197441585759,0
27.943614146230686,12.119405925082466,0,9.467367279444941,17.54898690212506,0,2.9940189661948935,2.710673039498521,0,0,1,0,0,0,33.07957367814018,0
55.05693161347883,28.484105450446755,2,17.246218792041663,131.17825337946553,0,16.380931818812403,3.745675779335403,0,0,1,0,0,0,61.83279649836121,0
4.144937044744951,4.321782615488303,0,0.11973026333105555,0.4856599114437913,0,0.6328435621223174,1.3402456584542666,0,0,1,0,0,0,1.9245726876526357,0
1.3096632734258993,0.820003522598406,0,0.3909354561276809,0.3038259936489714,0,0.24040718069365527,0.5057442415276591,0,0,1,0,0,0,0.8853206893092667,0
1.4477031455826452,2.2573738728059327,0,0.058997530275437686,0.028386280568022608,0,0.1087961635129153,0.34878901741070273,0,0,1,0,0,0,0.0766845531713421,0
4.518776969690345,6.775841068753013,0,0.15179203145585182,0.36960344826596175,0,0.34564049643416817,1.466288057857,0,0,1,0,0,0,0.16091447365372463,0
5.947067654797768,7.568793610768114,0,0.2562115269307652,0.8321008223415542,0,0.5977409970458355,2.323863792510566,0,0,1,0,0,0,0.5035678395929851,0
3.6082135604159697,5.025057416969384,0,0.2674774740930409,0.520195140708648,0,0.7974056843304069,1.4658090266020178,0,0,1,0,0,0,0.34283565609276234,0
3.278403651937972,4.37188847319979,0,0.17696978810295777,0.266731158881485,0,0.5169656441884309,0.8315207008040444,0,0,1,0,0,0,0.3907420785376571,0
6.8361190124250975,9.800007472935365,0,0.1547361578015144,0.6897005887093834,0,0.22263484305830294,2.284807447571946,0,0,1,0,0,0,0.17574119598832766,0
6.2887712534753515,8.94527599308114,0,0.12378235741826171,0.957090058155301,0,0.4643223275918862,2.9672133802325416,0,0,1,0,0,0,0.0777430174217125,0
4.506287329880714,5.430601662585846,0,0.21714826151740194,0.5888108331695994,0,0.7899280405074709,1.6944653685110276,0,0,1,0,0,0,0.26215810019834224,0
1.6799118479598805,1.7148154669641198,0,0.07610844567514707,0.3069045586058326,0,0.36654646036212407,0.6862802683917851,0,0,1,0,0,0,0.30995580952642254,0
4.0197047589145685,4.094590418072022,0,0.6959958607028581,0.04801494864653526,0,0.16850346534282484,0.2057447396981427,0,0,1,0,0,0,0.9925129698946724,0
6.578021376501249,4.898611937356957,0,3.9395851019032264,0.45066842753844827,0,1.301560318325972,1.1199974614152728,0,0,1,0,0,0,5.45634235569222,0
4.753844530410993,6.063896682777947,0,1.9493360320231279,0.8561756975614894,0,0.7160693343612272,2.4334240709629062,0,0,1,0,0,0,0.7212992005465473,0
3.194425464014509,4.404072810738425,0,0.36831895256611397,0.44488890389444047,0,1.066355212654792,1.270488708216765,0,0,1,0,0,0,0.3614040554452086,0
2.452334014291437,3.039969853374421,0,0.25937732385727463,0.3540793265632737,0,0.8569466898114818,1.1908037126370679,0,0,1,0,0,0,0.3647951604522869,0
6.449827213137481,9.230975664639187,0,0.14358195209703425,0.6173616146418075,0,0.1656765393603922,2.3007555182015977,0,0,1,0,0,0,0.3808491310898532,0
5.3128675026119705,7.469369524175247,0,0.25352036553856827,0.7187213639835875,0,0.3608745215490105,2.2949968505939364,0,0,1,0,0,0,0.16303006743779802,0
6.955404362568698,5.1201622792078485,0,1.5033989860534547,0.7092528067199589,0,2.031307838823514,1.6417629759015346,0,0,1,0,0,0,13.941607733313887,0
20.84235152233105,9.645120461439607,0,26.800119578873783,1.1574791314558186,0,5.460609609568859,0.5248590535046564,0,0,1,0,0,0,29.14592740987859,0
10.145336994767167,13.029329836129397,0,0.3817923122656611,0.40079643081447264,0,0.9708358825888113,1.9027124169938872,0,0,1,0,0,0,2.307724722474347,0
5.516316009375989,7.7283900329078365,0,0.2595356958623294,0.6547406777602978,0,0.7385283893575573,2.2318451034798956,0,0,1,0,0,0,0.27237774123736214,0
2.6244735730809134,3.0833724114267524,0,0.3723083022225661,0.37509456510424427,0,0.49960414330339464,1.3119264930297496,0,0,1,0,0,0,0.2101905978944388,0
5.467022607048609,7.833206862670514,0,0.129848649771033,0.3887697282717616,0,0.6365501994877895,1.240278893790271,0,0,1,0,0,0,0.48772705982327275,0
6.148396876587518,8.283402862106676,0,0.22416871543921624,6.507502952413845,0,0.4361414198509019,2.5260763449578034,0,0,1,0,0,0,0.4365204957548521,0
4.186419619653673,5.443718703958293,0,0.28842847103826996,5.985776756065789,0,0.38161171523833093,2.337566823931569,0,0,1,0,0,0,0.497355789336548,0
1.638024262142706,1.3460303536759077,0,0.14243363787871324,0.2064529902954273,0,0.30599844417444333,0.2876112879648873,0,0,1,0,0,0,1.1319378846855828,0
2.672085651212077,4.189935100041223,0,0.12820247973204632,0.08998479369110868,0,0.3434983616589512,0.6060816546151702,0,0,1,0,0,0,0.23203742362871102,0
5.6354303325955835,7.932573741997239,0,0.23119800693500353,0.7196957567575483,0,0.42780363680579214,2.5254511704231706,0,0,1,0,0,0,0.6215470343760647,0
12.42576881210286,12.735755936591639,1,2.8043214773265346,20.523220864175382,0,1.0394680839845214,9.278667732416137,0,0,1,0,0,0,1.3826425262846496,0
24.730115465092744,21.90092339542506,2,5.125092369337585,0.5615487789066398,0,4.075964081878642,1.229301495333814,0,0,1,0,0,0,25.88967968309623,0
9.848938023638555,9.660144685619576,0,0.38590357350783366,0.9334719650528005,0,1.0082785493423092,3.1888919259627375,0,0,1,0,0,0,9.314704149906916,0
4.5784876114411635,5.713829226874066,0,0.41157797883795666,0.6336357248723767,0,0.732581701197404,2.091366441860398,0,0,1,0,0,0,1.7727111819727501,0
3.408648395754369,4.4098851171794715,0,0.31581797345226725,0.4541868850291091,0,0.5175834305920035,1.7389240916288742,0,0,1,0,0,0,0.32161957338256314,0
4.388873394686076,6.3911187462487105,0,0.21385282640579956,0.391797940016131,0,0.5719635655324447,1.2268031083847784,0,0,1,0,0,0,0.0547101476379482,0
5.636620662471421,7.987384319716573,0,0.13242652764090412,0.8375031593817684,0,0.348482995532572,2.5155026877471687,0,0,1,0,0,0,0.48832041576841967,0
5.237362710073354,7.31041725491135,0,0.16692399398329066,0.9004511010189367,0,0.5258416252681618,2.1695403800666737,0,0,1,0,0,0,0.34365381847615445,0
0.789584007634194,0.7928314411319619,0,0.22019774728601996,0.31377940493956114,0,0.5258274418436628,0.5590685967084255,0,0,1,0,0,0,0.18529426440677493,0
1.7151112807368438,2.2112832858731437,0,0.08241304124269523,0.06871971327381293,0,0.20980718886150546,0.1706491169513132,0,0,1,0,0,0,0.8108483170106411,0
6.350453748491753,9.572500663636248,0,0.11634941435237652,0.5632313799149496,0,0.5330480254567183,2.36068087278008,0,0,1,0,0,0,0.2732255789912867,0
3.771301395742199,4.946314109943801,0,0.23052473553083014,0.8730104679956658,0,0.761505186552384,1.8374494140982496,0,0,1,0,0,0,0.358724502387119,0
2.1822367338434914,2.558362530184428,0,0.25538856436621626,0.40095070633853913,0,0.7271717612344437,0.9253632650525838,0,0,1,0,0,0,0.25068455129476913,0
3.5341956073411844,5.245058450365589,0,0.1718861695066889,0.22035531432318237,0,0.5493842930932965,1.0086813528017553,0,0,1,0,0,0,0.1927891495579732,0
3.6681858561134097,5.815657176944218,0,0.13593654597034383,0.2727946768248438,0,0.530073427711131,0.9067617581188194,0,0,1,0,0,0,0.3401025431937599,0
5.2805462006002335,7.424059307831448,0,0.20133497602833123,0.8780693740372649,0,0.7701240469649121,2.4293420084735686,0,0,1,0,0,0,0.4211214364829764,0
3.463574347700728,4.302828855422056,0,0.37698347324439796,0.5816039606202286,0,1.1175095682775287,1.4518605394453297,0,0,1,0,0,0,0.3052014749147819,0
1.4426814806522983,1.7589246256520013,0,0.2405452224172044,0.22407691743187946,0,0.8700353191719796,0.7412722672219576,0,0,1,0,0,0,0.32701405753530627,0
21.725753736126144,27.83802788087482,1,2.442730338470436,0.7249141284242748,0,5.530793169975142,1.2220115172888781,0,0,1,0,0,0,69.60298659727232,0
20.36818889682957,15.897014831522178,0,6.576120424169175,25.98245095147466,0,6.650729407404463,8.881747991115201,0,0,1,0,0,0,38.95820709130636,0
5.671084476662321,7.658297898117298,0,0.26859424304636786,12.321383434991295,0,0.6488801233063846,2.40122927702532,0,0,1,0,0,0,0.6246072257463928,0
4.3969065079213605,5.502555449042088,0,0.18174487133558456,10.129756237268243,0,0.4885747802662612,2.500416603200522,0,0,1,0,0,0,1.1131644909804312,0
2.136845204768805,1.7883047428754502,0,0.26397003349602494,7.388683970597573,0,0.535034307175677,1.2601201652349947,0,0,1,0,0,0,0.5755291484720442,0
0.6489818146298314,0.34562684483607387,0,0.05502042921692729,0.2560185804259724,0,0.23747654970822085,0.26641637726545475,0,0,1,0,0,0,0.521038048322184,0
1.951380480225343,2.314737681589596,0,0.10335018678172517,0.08680027218766385,0,0.20650848653648265,0.2874656670593727,0,0,1,0,0,0,0.7010639915232066,0
5.896045503801897,8.97260262212633,0,0.09698756703686512,0.5830577872097522,0,0.35360168361273436,2.390414462206578,0,0,1,0,0,0,0.10254399077021306,0
4.880804385120486,5.7593268797723365,0,0.24732825748249013,9.253330736218768,0,0.6069424047592462,2.764279129302966,0,0,1,0,0,0,0.35231772379312126,0
3.654097137882402,4.251933846332045,0,0.17735452149321437,0.5830005569249561,0,1.0205049251204519,1.7585993164921996,0,0,1,0,0,0,0.6377816818350228,0
2.0225928138445517,1.8716163263625303,0,0.07583914719086426,0.45984103658065295,0,0.5634682037812258,1.278951223415963,0,0,1,0,0,0,0.4447950329968894,0
5.127473406007645,8.025510837789653,0,0.07656369715773748,12.493917831825462,0,0.2704929867122892,1.3286748969314908,0,0,1,0,0,0,0.16102146499691175,0
7.21167882906298,9.83098378644651,0,0.1411257499181542,12.93955167946143,0,0.2845382809680735,2.7181794456689765,0,0,1,0,0,0,0.4537492632675585,0
6.946820164858695,8.89560437115005,0,0.23059682282913965,22.433973084151347,0,1.060189408142695,3.402377077213401,0,0,1,0,0,0,1.9933152612452165,0
4.646692601083791,5.508514165190455,0,0.18507753103945446,12.9905059828614,0,0.2117143097909317,1.9116799070268145,0,0,1,0,0,0,0.32438637320893576,0
1.4853338685542177,1.6142881265227835,0,0.08058520815320795,0.195706515827675,0,0.13744344620910043,0.27822332016022816,0,0,1,0,0,0,0.5456023574034183,0
5.82598668550715,8.709384753247235,0,0.10542098327349055,0.4009178434917059,0,0.8056429369571321,1.4364188777901667,0,0,1,0,0,0,0.6160743150532013,0
6.157907481570453,8.274361822895147,0,0.3036602232174356,0.9079511559699958,0,0.43399289917506656,2.353908279543089,0,0,1,0,0,0,0.4796447363454047,0
2.939814358782665,2.9285823574531977,0,0.17367250413910434,0.4265103772592074,0,0.7330318237252771,0.9668939019771696,0,0,1,0,0,0,1.232203773845523,0
5.4717226937735495,8.21361437957148,0,0.11261469695858109,21.03689560524153,0,0.3259452052024735,2.2540775519630096,0,0,1,0,0,0,0.2235373325770049,0
9.337057389912099,13.473792979861095,0,0.20987506807925746,13.66490691628696,0,0.640915013293926,3.0677718605136857,0,0,1,0,0,0,0.6602941062663572,0
2.5418231036977583,3.0327522047098987,0,0.08756209815662425,13.25161378696635,0,0.4702395594109205,1.523966076825046,0,0,1,0,0,0,0.6405437109520454,0
2.5149166223381973,2.7635474735192704,0,0.09648311585335635,15.875456645411525,0,0.3121645118224956,0.27291226446075745,0,0,1,0,0,0,0.4023934083802808,0
6.989511608581125,10.063908049948065,0,0.08758383848266224,0.7962077826180932,0,0.9104305674064266,2.3489857578714064,0,0,1,0,0,0,0.4565170869502434,0
2.9375171304920675,3.2532841833723567,0,0.37418708112028487,0.4479595773038943,0,0.4582901729409681,1.604363225033234,0,0,1,0,0,0,0.49819285813966546,0
4.333031514122251,6.624823904832486,0,0.16665165210631333,20.894504915518095,0,0.4411696660542173,1.2628293957354815,0,0,1,0,0,0,0.5606445559017,0
7.315789172045424,10.945287185600566,0,0.1661237948105708,21.371605968247355,0,0.4836589584163646,3.0338156162333565,0,0,1,0,0,0,0.1449198514172875,0
5.7844573294783475,7.10845240289178,0,0.12694367870611872,8.776266236545784,0,0.2995791255060257,1.834774607506396,0,0,1,0,0,0,0.3920796004778388,0
2.2655954885048697,2.6443308434844397,0,0.13115139994758251,7.580209800716124,0,0.30012432682235257,0.3922155662735096,0,0,1,0,0,0,0.8298407748346605,0
4.885710882793883,6.706615620604273,0,0.2288674612188855,0.5772061568674237,0,0.5060829244258687,1.9393999662385695,0,0,1,0,0,0,0.8964873930860346,0
4.7808227365969875,5.950384206073963,0,0.2868371379184553,0.571324528315728,0,0.7212137781310728,1.9298448453076138,0,0,1,0,0,0,0.922796768503383,0
4.176336811827039,5.196822691793331,0,0.2864593581603491,0.21511976476875272,0,0.6565365992631569,1.1493315229122087,0,0,1,0,0,0,1.23166405719198,0
7.489669042472141,6.891246668262479,0,0.17595415721996233,1.1328816926916394,0,0.5468670217188054,2.3078120691245085,0,0,1,0,0,0,3.8235053730607294,0
50.17618354594515,6.8382450745963475,2,19.138830148524725,10.828606788836925,0,10.815830545115793,21.501423399841137,0,0,1,0,0,1,56.80511753474467,0
2.7736824542957645,3.592194830018203,0,0.179658403457912,0.19517611972430338,0,0.20837358398677439,0.8586790308674616,0,0,1,0,0,0,0.14721565040367593,0
2.219332588806922,3.2412186081165753,0,0.031563635501987604,0.053642886378919175,0,0.1793464967922206,0.4304468253394149,0,0,1,0,0,0,0.09993430673775872,0
6.506457496921275,9.454611070248239,0,0.1102611360544774,0.6041158983893009,0,0.6087299518129394,2.090863679493452,0,0,1,0,0,0,0.3100768991418462,0
4.6427401681927325,6.348692849402477,0,0.1597563829723337,0.5988278623740209,0,0.6430557665149274,1.901248683312124,0,0,1,0,0,0,0.18089300078114384,0
3.2512451116328274,3.3955836379830204,0,0.176836273143125,0.41211369813724463,0,1.0854529957523953,1.3176118354821167,0,0,1,0,0,0,0.6601931729893398,0
6.792107965344955,10.010639715826088,0,0.44813517087480115,0.5849005604619105,0,0.38538552816031074,1.6798959266632787,0,0,1,0,0,0,0.868824060218085,0
7.027344868204523,10.112983332719528,0,0.156188332444163,0.795303232284693,0,0.4431977960424882,2.67097519342427,0,0,1,0,0,0,0.29859983379490396,0
4.346203571026355,5.7863484567816865,0,0.26432989317024586,0.7513630627095718,0,0.5401672904362864,1.8833959430957234,0,0,1,0,0,0,0.4350596922021066,0
0.7641572154918008,0.365506547417507,0,0.19196716917178508,0.11268977278490441,0,0.4446349579952712,0.25519829483314316,0,0,1,0,0,0,0.48204547320818525,0
2.424340756631557,3.706731757619732,0,0.055285055925472795,0.13252214320651962,0,0.20628729022166037,0.47877374751298946,0,0,1,0,0,0,0.2853606059157185,0
6.504717582773528,8.983739413223974,0,0.23530512632337575,0.8687232678009217,0,0.5537276770628814,2.1858324194683196,0,0,1,0,0,0,0.3351519663070328,0
12.413541655693837,17.914448836699407,0,0.14216508120575752,0.5111123689522474,0,0.7673370534984126,1.5511270416983267,0,0,1,0,0,0,3.1176676481610732,0
98.35542857333148,168.56731508973223,0,0.16653367266477187,0.2689212796872259,0,0.6120799272684537,0.6993030921594754,0,0,1,0,0,0,0.39164865730741844,0
11.137939677340466,16.416336999006575,0,0.4684621756859105,0.4708545672574454,0,0.8287134856279115,1.813518772887256,0,0,1,0,0,0,2.1740619526690215,0
6.42714426465318,8.151549147013124,0,0.4092612257120192,0.41162738387778297,0,0.6274753609264243,1.4790833359128785,0,0,1,0,0,0,0.6752479903508208,0
4.474624489194632,6.145095171234388,0,0.20115699602029377,0.4112295858503026,0,0.38616563236877827,1.423177044110209,0,0,1,0,0,0,0.2591686177122833,0
37.393123649683815,32.53151645316164,2,24.304243145216955,2.9142945938802205,0,5.408777707161151,2.7061620874624506,0,0,1,0,0,0,45.366582256408996,0
42.719968944659264,38.235952105540576,1,9.60302909541681,43.202935636698804,0,3.43977879694895,3.405800518641264,0,0,1,0,0,0,17.66716947291784,0
8.227264069614646,9.68692370865723,0,3.4478906894374894,2.3526359354353836,0,0.739930303308936,2.954965348116965,0,0,1,0,0,0,3.35099360520086,0
5.475649523707398,7.269257767342625,0,0.2702554514932469,0.844862204881361,0,0.586377053362646,2.3807032774368913,0,0,1,0,0,0,0.2689620830343706,0
5.730611533008738,7.782164755107966,0,0.07041502919232664,0.8896460516705101,0,0.18555388302778852,2.8227373520439167,0,0,1,0,0,0,0.2292602693877118,0
5.734064283469899,7.7191168645678605,0,0.17455434057226793,0.7209476672695001,0,0.611907658839327,2.8469173319177106,0,0,1,0,0,0,1.063379250907635,0
9.702919923492212,7.7076695748039485,0,4.587495189436723,0.5035759996024791,0,1.2013198934383338,1.7489375019029252,0,0,1,0,0,0,3.9425140655770003,0
68.74256614646063,55.34955124522473,1,14.036152850249419,11.963271896632866,0,1.4035771909450228,9.331936510663153,0,0,1,0,0,0,8.288269555755313,0
5.459300742597799,5.126490905947705,0,0.4043814336298941,0.6168930868148648,0,0.6853299813740843,1.3862644266108808,0,0,1,0,0,0,1.0612025973037835,0
4.455207130560845,5.928563524917859,0,0.0792211672613704,0.354295355997579,0,0.3003948597025942,1.0487135987125948,0,0,1,0,0,0,1.1918133783589502,0
7.030718487057623,9.828054644429658,0,0.057467383969540584,0.8321028756897224,0,0.1616168644949262,2.2668207792443473,0,0,1,0,0,0,0.10052510865480284,0
6.641502592904724,8.494080622673335,0,0.12746019546245552,0.866361895386822,0,0.5891655476317059,2.376499537138021,0,0,1,0,0,0,0.35920750276183344,0
3.277060356242328,4.022118423354469,0,0.22132033107075352,0.6077720016666167,0,0.5635913278387272,1.875607046668879,0,0,1,0,0,0,0.049752877542915463,0
1.2958593411689683,0.9093598234884878,0,0.17422600307167702,0.1417019192397656,0,0.3621804739172414,0.4904575609743136,0,0,1,0,0,0,0.9114300005076212,0
3.489221293317466,5.204420200572538,0,0.18950121804126044,0.11609254459606647,0,0.13419556208636704,0.6366770119651088,0,0,1,0,0,0,0.4986287734347168,0
6.605961822028268,9.117703960953442,0,0.22004009145313785,0.8433718756020592,0,0.27575403857170844,2.8422024041761587,0,0,1,0,0,0,0.539379415621714,0
4.444094806465108,6.0672150303385015,0,0.19747404583447845,0.4412366294816093,0,0.813787027008072,1.5212786210633724,0,0,1,0,0,0,0.22621000012538378,0
2.165481600878403,2.415118157357599,0,0.2415771437818068,0.3778374579287924,0,0.4937295562708858,0.9127254376970688,0,0,1,0,0,0,0.09685246432985109,0
7.33518292135712,9.752612109839598,0,0.20821359047790294,0.5899172404004174,0,0.3937870850970681,2.1133590711168524,0,0,1,0,0,0,0.5823129291885035,0
24.61985134725131,31.443584864766507,2,1.1380858164294962,0.7108715813488956,0,0.8840541285009931,2.1523114250061495,0,0,1,0,0,0,10.368458418788974,0
6.8425892394697785,8.53125793178288,0,0.28909771962016184,0.572748725712054,0,0.4654797480248118,1.6684124490756733,0,0,1,0,0,0,0.4360999548477317,0
3.2416168657180977,3.0083289775603235,0,0.17830807966679196,0.19584247588213347,0,0.2939867012414463,0.1800557035469797,0,0,1,0,0,0,0.3962398723717371,0
6.233568001191016,7.167069352476732,0,0.35007276317589137,0.13750908007730928,0,0.4853382955009441,0.8485379498678864,0,0,1,0,0,0,1.5934547935614514,0
6.4364580082383,8.812120223811712,0,0.28822117749042897,0.8078064467821624,0,0.6935014609902703,2.4327388781062433,0,0,1,0,0,0,0.6755676419000294,0
4.0349864356756235,5.86218361584984,0,0.33540632659993475,0.3254157280567315,0,0.8545850132679487,1.4972279680889948,0,0,1,0,0,0,0.334321023772586,0
6.614051491554959,4.8344672517774585,0,2.5501757321274305,0.15469842913333132,0,0.8635017740062276,0.2252389147586155,0,0,1,0,0,0,8.188321181992126,0
5.875022587287375,8.200672228348656,0,1.5583377453337972,0.48223928175793584,0,0.43153472849036467,1.811889491111701,0,0,1,0,0,0,1.0837184175883297,0
5.136868639729778,6.601574515953209,0,0.36958873367632483,0.7104821866310939,0,0.7927646822248609,1.9502252982729102,0,0,1,0,0,0,0.5713095649568192,0
2.632496171667846,3.0208967911277926,0,0.3757960806091984,0.5174002435832395,0,0.8815019785981115,1.2886095870039849,0,0,1,0,0,0,0.3519388527417049,0
3.089498389854235,3.90696789959274,0,0.2825849844410553,0.24294336196185132,0,0.8020667579176445,1.1204732547104173,0,0,1,0,0,0,0.3188766682549485,0
9.863625673744066,7.066371829397929,0,12.33705515750474,0.4094501973865773,0,2.3910469397901553,2.254411996264827,0,0,1,0,0,0,16.528918125431844,0
6.422590541175105,7.683802732621234,0,0.14291064042631915,0.901450890028291,0,0.43108705527585695,2.874629934454769,0,0,1,0,0,0,0.1333837925211529,0
4.444879947640596,5.803608581071438,0,0.09133031188791302,0.8216944627691559,0,0.49889068866133623,1.9610846510546216,0,0,1,0,0,0,0.0842991077875532,0
2.061879609759369,2.2905125729364877,0,0.21362146089514295,0.3462313530028599,0,0.30522042179576137,1.1693027162259915,0,0,1,0,0,0,0.2914922133706577,0
0.9397446482776799,1.2022044529521032,0,0.059426001445992166,0.05289772122009462,0,0.18369354662440288,0.1243562127433889,0,0,1,0,0,0,0.2820544168585629,0
3.340687456866134,4.802680752425947,0,0.054940467245041404,0.2179888073899773,0,0.18357597463611094,0.71807223588028,0,0,1,0,0,0,0.20352406176605572,0
5.829358102556023,8.210258284829779,0,0.1465617318304016,0.5491474480941227,0,0.576979919986811,2.1647079936425264,0,0,1,0,0,0,0.11810848125064753,0
4.9657665221771286,6.181198002577778,0,0.16832801686462773,0.8075752354658869,0,0.48638151389088286,2.2597553202206186,0,0,1,0,0,0,0.32951586247046083,0
2.9765034228739222,3.2203360481751333,0,0.22102226689679746,0.4282919538467429,0,0.7203161171939418,1.5020817655357477,0,0,1,0,0,0,0.18374130612381256,0
2.717820551084587,3.241410315433024,0,0.19774382999439324,0.2407716606761861,0,0.5280429335229055,0.8311831956228357,0,0,1,0,0,0,0.07468808897639197,0
6.231326790786805,8.606815458834864,0,0.06670123726247147,0.7235406256139194,0,0.1755229972423436,2.456269634834058,0,0,1,0,0,0,0.12739728405253148,0
7.506197388861737,10.729063442907572,0,0.09227929343240052,0.9116202292448745,0,0.35932321013090074,3.037754983149167,0,0,1,0,0,0,0.34040100255420974,0
4.1219345002734515,5.243301366122792,0,0.21037477364443302,0.6012494287844996,0,0.4776227633003586,1.6921334129996484,0,0,1,0,0,0,0.0598391923923214,0
0.8612976613394279,0.789297765910096,0,0.05876417647264206,0.1772803558383857,0,0.1966198345952692,0.2659227742380316,0,0,1,0,0,0,0.10502897661809638,0
3.9914351868749716,5.7674777102370305,0,0.1128432343188796,0.33082655952209383,0,0.24642190144342346,1.5927756501026684,0,0,1,0,0,0,0.173704278747462,0
4.3145656524493905,5.446467619823032,0,0.21573195487878138,0.6331856984130384,0,0.7383269976716805,2.084801250328335,0,0,1,0,0,0,0.11936559329995244,0
2.799314769585032,3.0382443774906482,0,0.24813619400962691,0.5006171912790008,0,0.4754139526890414,1.0754273636853384,0,0,1,0,0,0,0.10674760290069496,0
6.313567582389076,9.07973335148835,0,0.1985019123022195,0.5504936002904814,0,0.3124240040528182,2.1799877083540737,0,0,1,0,0,0,0.16625387709993156,0
5.586448070219614,7.60115037590077,0,0.1958730346615547,0.7690048643065748,0,0.4161919975284733,2.383125452601053,0,0,1,0,0,0,0.10845796777526195,0
25.475923834134647,22.3147046326348,0,0.7527084853797315,0.60282723344834,0,0.4824877688858539,1.160015365181248,0,0,1,0,0,1,2.9591878960614055,0
5.351647810767339,5.083420133047305,0,0.14221133668962727,0.10166553015385217,0,1.1911149358341282,0.20858096355501643,0,0,1,0,0,0,12.783073591390805,0
4.676709238891174,5.514171713973205,0,0.21022480607216196,0.4871982600495469,0,0.5361366565192072,1.6515702066804825,0,0,1,0,0,0,0.46927267445770793,0
5.437708470037373,5.380514838127757,0,0.24270078449255592,0.9245151517930785,0,0.723234535877727,2.3902675112724796,0,0,1,0,0,0,0.12211175337087303,0
3.86440832420888,4.885573886103878,0,0.2432778292102652,0.3607417825264369,0,0.5343183086825232,0.8093934820997258,0,0,1,0,0,0,0.2582467889667781,0
5.94696071282223,7.510218619686246,0,0.1341267056142052,1.0067922033654049,0,0.34526959564102744,2.991152914656543,0,0,1,0,0,0,0.0973700300855763,0
14.678171455592295,15.646120520519192,0,0.36349153495833864,66.98559452298358,0,0.47558471090849896,26.190149795602544,0,0,1,0,0,0,0.5476396932117709,0
1.4740929003984289,1.0797460436510775,0,0.25314333541394074,0.7459837666590692,0,0.5313523751654119,0.894100034638268,0,0,1,0,0,0,0.2637519146787666,0
1.0597130427316828,1.1781082329820294,0,0.07123407956024481,0.025170601260709576,0,0.14491195150277306,0.330841719579,0,0,1,0,0,0,0.09677907245360065,0
6.525974055469227,9.079439454220699,0,0.21412410480436317,0.552196845275718,0,0.46791725258835687,4.111080345441961,0,0,1,0,0,0,0.23014660931303543,0
13.743766923306973,13.419067114978676,0,0.3325334746120549,42.49490240084672,0,0.2119069979236608,30.67424073943092,0,0,1,0,0,0,0.1247972803329686,0
29.977062421423575,23.872396303510104,0,1.3063571275451769,142.7870346553603,0,0.38531383953624765,39.36438145450475,0,0,1,0,0,0,4.161001902576846,0
15.356890409042128,14.338482858550641,0,1.2414682863346358,0.6320865825143331,0,1.8242837749154888,1.7951853167280332,0,0,1,0,0,0,17.740039129019284,0
10.936646901213715,15.861904093602455,0,0.2752489965737671,0.6509533663676422,0,0.9460013513686696,2.3513441798413774,0,0,1,0,0,0,0.41788482327962245,0
3.1157072892313336,4.082333940133353,0,0.20117116839752858,0.25428747370951066,0,0.6412240178406731,0.9559148389199772,0,0,1,0,0,0,0.23101335373719165,0
5.734282279914833,8.031319224979057,0,0.25426217874034074,0.5264504743708369,0,0.5039188254486563,1.9819345586173633,0,0,1,0,0,0,0.3501817392931963,0
8.242307410481574,9.660062667545949,0,0.4736539238727964,0.952582350770786,0,0.24231870493457736,2.7235098207717954,0,0,1,0,0,0,3.636024070850777,0
13.985465904439565,12.370813230729107,0,1.4910102562999348,0.5994456662694633,0,0.8151289095370646,2.047195829615301,0,0,1,0,0,0,12.319860193791541,0
25.420778715768158,29.257435289303015,1,7.493312730105277,28.92449970370139,0,1.6548751881097599,5.800609013347746,0,0,1,0,0,0,2.911084588312404,0
44.180647349875755,33.16316218431849,1,31.833288615156114,1.1225153343524423,0,5.895870151808833,2.9374294561998138,0,0,1,0,0,0,63.20098811155602,0
13.52573431984693,16.974042346647735,0,0.2914195523283581,1.2883325544076831,0,0.7796060009905591,3.9543071587700114,0,0,1,0,0,0,2.3183167975733925,0
7.45459974733407,10.249800401775824,0,0.09816793098707019,0.9378078665657558,0,0.12811863303599733,2.658565857180362,0,0,1,0,0,0,0.3705595132688501,0
2.3227730812279335,1.9378430640725004,0,0.14399903369041842,13.225800516642344,0,0.5470589474010858,1.0922460939825256,0,0,1,0,0,0,0.5962012486566082,0
0.500512062999406,0.4151197163458609,0,0.20261300178137517,1.9049405016956578,0,0.09245822553672897,0.1439840911722151,0,0,1,0,0,0,0.1820424453323547,0
13.471951322351371,9.246664461529933,0,4.038407502300817,0.44012409771624755,0,3.0424156088494336,0.629186891911737,0,0,1,0,0,0,19.722901583806248,0
15.366458882192466,15.40564084116751,1,13.77194681987702,0.5225633820617421,0,3.8251473079913634,1.839516520571998,0,0,1,0,0,0,10.98552323345465,0
9.639399089914843,12.716230380009392,0,0.3040033215158578,0.9561686108863695,0,0.6416267903696395,2.3904068568415173,0,0,1,0,0,0,0.35173419853262444,0
45.5015816898596,59.45223154797204,0,25.43412396861757,1.6094954335568055,0,15.70049340579114,2.741104153463284,0,0,1,0,0,0,147.06727650498698,0
45.228247479801695,49.03763244576464,1,44.81359628330948,1.154121886923533,0,3.2661107760334787,1.9598456861476892,0,0,1,0,0,0,125.3067342857274,0
9.651460079861872,11.776986732794231,0,0.48074923129837177,0.7291706387266346,0,0.6304304790491386,2.2751586038185754,0,0,1,0,0,0,1.2853971355822722,0
6.249759195446362,7.310498577573043,0,0.39804836808995014,3.4756878356231073,0,1.0513961939310956,1.6695468369629878,0,0,1,0,0,0,1.7253827549385459,0
3.641253112786946,5.365890773975072,0,0.23650226605835506,6.78537699203545,0,0.5595942689117176,0.8515725234058232,0,0,1,0,0,0,0.3564949930914884,0
5.775065532617512,8.26233160798108,0,0.2581847591306488,0.5980710682255883,0,0.7099718428540677,1.9676161580684202,0,0,1,0,0,0,0.33744170368663057,0
7.4207444956604105,10.01773011663688,0,0.14708004800703828,1.1641818091244485,0,0.325255746970791,3.2345997905562083,0,0,1,0,0,0,0.12277182017038747,0
2.1207358296018497,2.8606139598265186,0,0.04603842846512532,0.27640747665765814,0,0.08137010406520967,1.0033670925773979,0,0,1,0,0,0,0.0858548838051501,0
5.2485902808147955,7.610738435508938,0,0.11699401894966921,3.8401784565109964,0,0.4324960608116315,1.5503866322180482,0,0,1,0,0,0,0.47256625282589954,0
5.788825211293116,8.137143526567792,0,0.1848047557137864,0.8602810110045752,0,0.4997591941567089,2.4729984429050824,0,0,1,0,0,0,0.17520817505892566,0
2.377202111165863,3.1945626126160085,0,0.1308278028476692,0.34830203437417434,0,0.6253936982823312,1.0650472094055954,0,0,1,0,0,0,0.2751956716219194,0
7.9243675451266595,11.943387928714348,0,0.10988362246065245,5.202170997071054,0,0.1946581731985204,2.8749192697492547,0,0,1,0,0,0,0.06825954262081438,0
5.207256654662066,6.702287487431457,0,0.0567037385947628,6.833398878061786,0,0.3185394239391547,2.289645637076906,0,0,1,0,0,0,0.1074366207997069,0
0.9554058782476211,0.7586538683745435,0,0.12229219782838907,3.328168953659805,0,0.1847382475360655,0.30033372664135727,0,0,1,0,0,0,0.47882192672135754,0
5.003712676323573,7.194495154244025,0,0.13364805980842293,2.5542652099094743,0,0.6755483042366773,1.8844601125750304,0,0,1,0,0,0,0.882555852449374,0
4.835111454435101,6.304397103416944,0,0.2863348145993232,0.6649910740934957,0,0.8385081589089816,2.3998660967004426,0,0,1,0,0,0,1.270831522773046,0
3.5427389305826695,4.601966729770264,0,0.15805463405639048,0.40287828392027364,0,0.46967391298142874,1.1255284983331295,0,0,1,0,0,0,0.44775975265899937,0
10.248596964793709,10.816031060629463,0,2.480181658569971,0.8387175453653462,0,0.23892244689156095,2.8986371398040522,0,0,1,0,0,0,7.368908404606669,0
13.349867169650272,9.880665509251516,1,7.270440551736917,0.7820667624308799,0,1.5686242677452191,1.8623788157756833,0,0,1,0,0,0,19.821211446358852,0
3.2285254299497304,3.998893205629906,0,0.22953656593083477,0.19687402959295558,0,0.38548608117119265,0.7118364166388955,0,0,1,0,0,0,0.809099503916693,0
6.026090728876925,8.821190440881331,0,0.1319668951766472,0.4217707140334043,0,0.27066380850013316,1.4277078070341693,0,0,1,0,0,0,0.17048360626753806,0
4.602239557985262,5.856897277377554,0,0.26255356203182195,0.5897012346413528,0,0.7373201777915138,2.103373266264576,0,0,1,0,0,0,0.7010265156148753,0
2.5199220127937556,3.1076366135725175,0,0.201522000011975,0.3013289589090399,0,0.6359968033695718,0.8515727589510231,0,0,1,0,0,0,0.15090466109701434,0
6.407762961575317,9.61909174488583,0,0.1298596610755215,0.7106233074210856,0,0.26311698824643465,2.3167741750847295,0,0,1,0,0,0,0.022139328860220346,0
5.9155695422403225,8.770006972723499,0,0.1866112863232516,0.9904557226886679,0,0.479768150784017,2.428436557218128,0,0,1,0,0,0,0.06627186480832771,0
3.2068412015138135,4.591672056823623,0,0.13928926641031844,0.34734612221389455,0,0.5303461255715674,1.318938233913809,0,0,1,0,0,0,0.0842320347235607,0
1.0124723471048664,1.3198178887627618,0,0.09506971832406744,0.07856857787299865,0,0.1688702574583718,0.157081940922231,0,0,1,0,0,0,0.23172443406396306,0
5.279311513698762,8.043171072052269,0,0.136120770275847,0.5516779743249777,0,0.4391261964533256,1.8678764951616322,0,0,1,0,0,0,0.17032650690257078,0
3.844824337676378,5.424402133301948,0,0.2681949005417926,0.7177169842981257,0,0.8540958579197233,1.876903272475971,0,0,1,0,0,0,0.1589330358849773,0
2.517632520378998,2.801935166593594,0,0.1952734994833525,0.4925606515395473,0,0.5866002268243092,1.3870931385432792,0,0,1,0,0,0,0.12492066922961585,0
4.821948100903549,7.183490776764823,0,0.17955449969211035,0.36982422890383715,0,0.5146893960675366,1.5876083079332033,0,0,1,0,0,0,0.1406391793907146,0
5.954390954832111,8.486681770584577,0,0.06839894192144733,0.7396001770066714,0,0.2479725477837859,2.3022284081338844,0,0,1,0,0,0,0.19854602854856557,0
5.489765157055836,7.839023921650232,0,0.26172919087756374,0.9214172728637975,0,0.6074123727651577,2.377257569837576,0,0,1,0,0,0,0.1065737257588516,0
1.7703687520091993,1.7148883939215553,0,0.22636112796118124,0.3810728988362567,0,0.6683595261631692,0.8509844077722695,0,0,1,0,0,0,1.0065697614532019,0
0.6923915520887971,0.6145591124819294,0,0.05281202283979759,0.0939792791975882,0,0.12155931323452294,0.15659531823229766,0,0,1,0,0,0,0.12338156622965343,0
7.898454179991789,5.78425828402427,0,0.4758319042579056,0.6586225122237648,0,1.2362298218181624,1.4746079809348545,0,0,1,0,0,0,7.719087732832474,0
25.067408095760406,26.7117637954605,0,7.950551206709479,1.5433058403964677,0,1.3571018684115235,2.9481658025746595,0,0,1,0,0,0,16.64339114652603,0
15.175957092199912,8.596467403986564,1,2.872235048025946,10.64746591575966,0,2.634291643555477,1.1414661484187396,0,0,1,0,0,0,10.453375066201245,0
5.6507338226431605,6.954543482001372,0,0.14717061087735855,0.6810246860314486,0,0.6326464756330367,2.3835068280574383,0,0,1,0,0,0,1.2302778940263326,0
4.045097043646144,4.6639705406354866,0,0.24938570768866877,0.5254859949067148,0,0.9053685901716426,1.1299924550498108,0,0,1,0,0,0,1.1471846069553764,0
7.338424358286254,10.036545345492645,0,0.22119641894924985,0.8562104123461188,0,0.3442326814886861,2.598048187333664,0,0,1,0,0,0,0.24115351688977937,0
3.534105628219517,4.084326563238636,0,0.3935385514975672,0.4954093508178718,0,0.5569083938742347,1.084472859770722,0,0,1,0,0,0,0.21726941667131958,0
1.0796003430653538,1.6107570177684358,0,0.06106086947480599,0.05706234227090322,0,0.13143148614209177,0.15020783997961074,0,0,1,0,0,0,0.0693280362388721,0
6.184850384466564,7.7998121703538,0,0.0615858094372915,0.4777339200097664,0,0.7444694809087866,2.4375518666529783,0,0,1,0,0,0,1.5241714792868324,0
2.8186621307818274,3.111033056461672,0,0.25464824015272863,0.5285789274637807,0,1.022226408056152,1.7834214738652192,0,0,1,0,0,0,0.43303413087890186,0
2.8234379904152007,3.2333195167179225,0,0.24864896349768878,0.4918829294640352,0,0.7540472174582709,1.044039591982695,0,0,1,0,0,0,0.12443346372779937,0
6.57606783222011,9.450376198772982,0,0.2577785552522488,0.4460951895019921,0,0.6330953602122472,1.8150682879355664,0,0,1,0,0,0,0.31741296761523086,0
5.842519363511102,7.946569738079227,0,0.1312076955698505,0.9561192740080706,0,0.6104582106288923,2.5497263714443408,0,0,1,0,0,0,0.3977792185720934,0
3.431400829888468,3.7943371206730596,0,0.19343112938445184,0.6460659535226765,0,0.5042410692778305,1.462835427801957,0,0,1,0,0,0,0.9456857793824525,0
4.177849498122614,5.979502217202775,0,0.2312609573359256,0.3703578375405184,0,0.44312702398671994,1.188780894968638,0,0,1,0,0,0,0.23670306666038582,0
6.291227777584663,8.74105063540472,0,0.2656276929414796,0.9664965842013027,0,0.6424299970843157,3.0161982825950298,0,0,1,0,0,0,0.33936291049205736,0
5.050033272545106,6.146044351843278,0,0.18528028398338536,0.6292236439583068,0,0.5099580190369103,2.5966332926130793,0,0,1,0,0,0,0.6458991872964273,0
4.456642479303373,5.919179505253518,0,0.15036258130102412,0.522340231349248,0,0.5188367350439437,1.5220613429059258,0,0,1,0,0,0,0.41772999442838143,0
2.0262366481594336,2.134570566601787,0,0.1492712583642745,0.23338316729325442,0,0.3740963937408286,0.6024606409608266,0,0,1,0,0,0,0.21045472532920978,0
6.203341954954124,8.795253230399638,0,0.16038522223448362,0.5303364832102794,0,0.482410131205962,2.035739618212082,0,0,1,0,0,0,0.14648893715632325,0
3.436285509684374,4.176936490061914,0,0.3895617762844754,0.5429500873876836,0,0.8971910031567467,1.7213567074352616,0,0,1,0,0,0,0.31651631105553896,0
3.5737152239795105,4.798051173363025,0,0.0995668268213872,0.27068953971321935,0,0.5534688099291882,1.1484509198741393,0,0,1,0,0,0,0.38953258758176457,0
7.586359933895953,10.747551676826026,0,0.22420049919499682,1.1349505864535652,0,0.41791242130699313,3.294908822856741,0,0,1,0,0,0,0.40110068311098435,0
5.178056117544659,6.039092454248026,0,3.3972065970908787,0.5741157347021326,0,0.8261965061615977,2.1757368411257954,0,0,1,0,0,0,0.9023354557253538,0
12.252676768044495,14.774985027073933,0,5.267089834022229,0.6175437662561551,0,2.6092712249575607,1.3506063155014634,0,0,1,0,0,0,37.45339718166137,0
3.1347106696387836,3.370304892900266,0,2.9774467650880383,0.05693625082482004,0,0.725188197252506,0.17624999963663712,0,0,1,0,0,0,8.757861467031791,0
3.6309797457596873,5.602883662727262,0,0.10325382573570009,0.11418763001589488,0,0.23061145893120272,0.9091854094243795,0,0,1,0,0,0,0.2828424840142868,0
6.150464598495604,8.534365072356461,0,0.1594809291172997,0.9143595220865599,0,0.5200636670312465,2.657516991595343,0,0,1,0,0,0,0.17982095170210866,0
3.1650221696367478,3.829820845203683,0,0.41241533317549517,0.5045537938209206,0,1.142256379905306,1.786259501169004,0,0,1,0,0,0,0.3235607334583954,0
2.5486115966286573,3.5118447338711123,0,0.5466302115901301,0.3018412149188935,0,1.2402217472652899,0.8918462786307151,0,0,1,0,0,0,0.30608844972790444,0
3.650650077207869,4.891771236559297,0,0.23402010364215792,0.30746889882907635,0,0.6172572975545124,0.8328605544031935,0,0,1,0,0,0,0.26680614228172167,0
7.2985504813667745,10.603075557971088,0,0.1561609354309169,0.8097763591909048,0,0.29696541471047055,2.954809939244447,0,0,1,0,0,0,0.1410979073847021,0
5.65972657158038,7.0269167020066305,0,0.5292185577241969,0.649854901834797,0,0.7789685944133665,2.224686793283652,0,0,1,0,0,0,0.11347539366393246,0
5.0803856009187705,4.304509583529051,0,0.18754762688754995,0.6342693101725836,0,0.5639389699107051,1.692009344497745,0,0,1,0,0,0,3.4538546301380304,0
1.5895067886263203,1.4880899689651952,0,0.4172356309830622,0.3997545197819219,0,0.6218140662562133,0.9660981807528246,0,0,1,0,0,0,0.21579929742269677,0
6.070769839465317,4.815104699607881,0,1.3971781557676584,3.192582767250931,0,0.43942286555266263,0.3112654129123107,0,0,1,0,0,0,2.2830570607498166,0
10.240519572475066,8.132570268416206,0,21.578201065127125,0.47189564327191513,0,1.1771575715584082,1.9221728343472084,0,0,1,0,0,0,16.807367511446664,0
17.13726020289462,13.259668797824938,0,25.728878165941524,2.9173329964795656,0,2.2093912244226717,1.7628629160235034,0,0,1,0,0,0,23.937894426372477,0
23.110959520470324,22.97763507207438,1,13.703542986422695,2.8136276122142703,0,3.8922953886883302,2.5241838619633947,0,0,1,0,0,0,22.250753415450355,0
1.2139085911265932,0.7237089956509978,0,0.05521600375891009,7.844362383393046,0,0.16626928917200537,0.20820396332248858,0,0,1,0,0,0,0.5897225468550564,0
6.251767597405932,9.167808244013369,0,0.022029399030758283,0.6637483640779442,0,0.2082689273575477,2.320924182139906,0,0,1,0,0,0,0.1421165499881921,0
5.1189057053688956,6.706121426359271,0,0.37760361733008296,0.8717010772808381,0,1.1531387882741382,2.4306579207783936,0,0,1,0,0,0,0.15657103707882136,0
1.8466341950832945,1.713075595855941,0,0.08059459219710616,14.222148687637468,0,0.16136092573039082,0.7901255549329224,0,0,1,0,0,0,0.07305980895447117,0
5.906291967519034,8.463799760351906,0,0.05929105067037928,0.5901011735439595,0,0.11747351874679149,2.0113911786625716,0,0,1,0,0,0,0.1225190149278724,0
3.952911971691315,4.6329077232595886,0,0.2699072636361995,0.7250012303114108,0,0.7538913297075076,2.145132170016396,0,0,1,0,0,0,0.4408190502896178,0
5.562204850004873,7.816227193811562,0,0.11989728050828838,10.440469129435408,0,0.4623373273367959,1.6961235432748947,0,0,1,0,0,0,0.3968762512731102,0
7.622366021531711,10.943957444300223,0,0.15314018252137654,12.9252048592247,0,0.4235403020147358,3.42953410170012,0,0,1,0,0,0,0.5460964030377387,0
1.6193039682802195,1.416672414072703,0,0.12937215219956458,8.049947625311715,0,0.20650808074144994,0.6819219827662935,0,0,1,0,0,0,0.4454375997669881,0
6.199345108334351,8.260309010597648,0,0.14310872170079478,7.97840256317567,0,0.6037900575188022,1.9942395129240005,0,0,1,0,0,0,0.4589209160697116,0
3.951406357252016,4.783813505246515,0,0.3467531273367165,0.9364029206364259,0,0.30227884007128425,2.072264473903643,0,0,1,0,0,0,0.43782341993095664,0
9.440970993453053,11.151550421963242,0,1.9747113462107828,0.9079554210081582,0,0.5244596512660317,1.5984703586118147,0,0,1,0,0,0,1.8463458554049694,0
5157.2793578750025,8902.375068645817,0,1344.5991417077091,1.3561161553692183,0,11.803671082335566,2.4519711221939815,0,0,1,0,0,0,20576.625266113202,0
4.655826068449624,5.395988154219997,0,0.2534781505679734,0.3977914300142879,0,0.5008052229035747,1.1402249144455774,0,0,1,0,0,0,0.38666512641529577,0
4.800248012795551,7.177976276812874,0,0.27316291067678733,0.5251970771566764,0,0.5188389652211179,1.3784559749071255,0,0,1,0,0,0,0.29494784802465096,0
7.935964172351431,11.766165709937413,0,0.1996002460698484,1.0819896419698658,0,0.45172875920864775,3.1570673875534796,0,0,1,0,0,0,0.29142182964607355,0
4.31109222563118,5.356702295508859,0,0.23616041410579125,0.7258852972470682,0,0.7101851801802437,1.7492973555114775,0,0,1,0,0,0,0.24607872769949768,0
1.6114028083771261,1.6152882873571592,0,0.16254403289101382,0.4072766017661862,0,0.41321395872082933,0.8294344198206453,0,0,1,0,0,0,0.23398756452262548,0
1.6954899075894332,2.4252450333335696,0,0.06023225379715344,0.06480860538391678,0,0.11439737562758368,0.36430085070017415,0,0,1,0,0,0,0.12876147092489787,0
5.458484065782128,7.480086805284248,0,0.14992654215954093,0.7378526958322602,0,0.6561051150985531,2.2874980758813237,0,0,1,0,0,0,0.2555671989797709,0
3.920094443160834,4.508714585787698,0,0.29992995684783,0.5515046225193821,0,0.6840114083075335,1.5525998067066977,0,0,1,0,0,0,1.6304670319863823,0
1.855544144414225,2.2344249342603137,0,0.13645903107423815,0.2844832582659448,0,0.514319502906646,0.7213489611293757,0,0,1,0,0,0,0.23952211313252353,0
6.439016441856949,9.444800106888072,0,0.2008436497676,0.6405793547953108,0,0.45874159832047523,1.6282621922254463,0,0,1,0,0,0,0.0972069787348743,0
5.358652666512432,7.676581182581314,0,0.05233144236089618,0.7993486623129284,0,0.278930523698493,2.6315696970756846,0,0,1,0,0,0,0.18142683815896724,0
520.6763138101027,890.9501045142804,0,337.37303003980196,0.931433218371065,0,1.2441869673487695,2.5562270485221306,0,0,1,0,0,0,2063.811694151298,0
1.67093184936978,1.132433611119344,0,0.3218834224261374,0.4192340497782734,0,0.9998597964405902,1.0930151000432358,0,0,1,0,0,0,0.841681243601014,0
0.44637181663421577,0.1978087555422338,0,0.09887574014688594,0.13341585699533615,0,0.36366901887053077,0.1587419713799393,0,0,1,0,0,0,0.226961980172255,0
3.0116384801566047,4.342949950397099,0,0.07175445755728536,0.14130924491842564,0,0.29977781773953716,0.9179062059875789,0,0,1,0,0,0,0.1034058133598038,0
11.855459652714975,17.24308909405287,0,7.77442170794502,3.283068262282944,0,0.35767310711862127,3.3052811385359746,0,0,1,0,0,0,1.6711027474611915,0
20.667672108810223,23.932463828860126,0,0.9328394280596086,1.1763104157739352,0,1.1782802026516397,1.6159642398456202,0,0,1,0,0,0,1.8910937780154133,0
13.653829760296656,10.897263237836617,0,0.8873038672085829,1.6308052849055232,0,0.8688109764430376,0.8976974532282264,0,0,1,0,0,0,4.382788378290433,0
3213.9641221723546,5527.129645435756,1,497.98691846643834,3.5279717901324545,0,7.444141101203573,2.1453736290123504,0,0,1,0,0,0,12787.160509028636,0
22.96089754883749,18.079378865444244,1,5.706540040139855,28.948980224354464,0,1.816738348913368,8.950832087654643,0,0,1,0,0,0,5.715730394237395,0
11.814681125287203,13.410033375658983,0,1.251450589373721,2.3820902849799017,0,0.9554545665068757,1.517838491789042,0,0,1,0,0,0,2.9294911644694093,0
0.8915479490658185,0.503808274645505,0,0.07432387941309668,0.13262327229699333,0,0.14754852456100415,0.4869651613704852,0,0,1,0,0,0,0.3379969113819213,0
3.6659554491405384,5.204600060299898,0,0.14226963704664072,0.32303661408405737,0,0.2271676468807598,0.8798235656263808,0,0,1,0,0,0,0.39449655431629804,0
56.126414209637346,63.184760087995876,1,2.81497070208975,2.1687209080222076,0,1.7751434438118228,3.0751716933171314,0,0,1,0,0,1,2.474166296067171,0
11612.312801935577,19875.906323803316,1,12.943070777104317,144.5069764977177,3,10.390903814429459,45.98171406892777,0,0,1,0,0,2,169.0855608607339,9
25472.107296600123,26827.173749531874,0,1.335445942566939,493.1690889272502,0,0.3986837136532766,8829.82130100117,0,0,1,0,0,0,3.0125117600428153,7
42807.63468629161,49676.505157273816,5,13.344241127394545,800.7512585893932,9,19.693274944488095,13930.563307162378,0,0,1,0,0,7,274.03611011172666,9
2312.1913983392756,3994.6471622048552,0,529.0276089789231,0.20651526352722077,0,1.5006458588995946,0.15755042009823544,0,0,1,0,0,0,9231.11529322983,0
3.610901064289619,4.414537894200614,0,0.26199066470606747,0.7122951539579931,0,0.42853002537218515,1.3432485042224123,0,0,1,0,0,0,0.16472530162039709,0
3.8657257385148496,4.463273589809654,0,1.3952145009554466,0.49118539647634096,0,0.5533274436900826,1.587760289702436,0,0,1,0,0,0,0.6904031101232935,0
4030.422283626543,6969.295037162515,0,1175.8376329640785,0.38899854965182257,0,0.8836862314857981,1.099048662747264,0,0,1,0,0,0,16101.590737815537,0
3720.8124819226837,6414.659677823943,0,1197.2060847536254,0.9693708770436227,0,0.2513578514991526,2.8883514797501393,0,0,1,0,0,0,14831.286647129516,0
3990.3110973246544,6898.249900067251,0,892.1055042318507,0.7161803696397098,0,0.4923825438446062,2.7380221312420545,0,0,1,0,0,0,15938.425173944626,0
2502.6868239174014,4324.334202500151,0,792.5732610386763,0.5567892243966155,0,0.5080732885456694,1.4784778946803019,0,0,1,0,0,0,9992.647242070187,0
606.0234867367151,1033.9425991487008,0,4388.989411180109,0.8095693501829166,0,0.3870865843624628,2.548331531265534,0,0,1,0,0,0,2396.81337798521,0
3723.0510812852594,6438.1991050360175,0,996.3575370306019,0.7086867466116766,0,0.7527615068300184,2.1713357949318657,0,0,1,0,0,0,14874.337245007511,0
2728.994261483404,4689.971301322403,0,2517.622446837494,0.502438905445841,0,1.2646601298382558,1.177301356565132,0,0,1,0,0,0,10852.224521655911,0
5376.417912024397,9295.946840935994,0,1687.3110628714783,0.4270593830318735,0,0.29688981317658303,1.5996257716137832,0,0,1,0,0,0,21477.467350034312,0
225.56710037169603,368.5493330231981,0,319.61725203327694,13.22677429515548,0,0.30327989903360997,2.722903030842417,0,0,1,0,0,0,863.5076887551018,0
4.5985540474763225,6.2622704486833145,0,0.18222932398083153,0.6410184907173633,0,0.4294909339687275,1.8058421693046762,0,0,1,0,0,0,0.7300870616270265,0
12.466636650547208,13.968975288025648,1,3.1079489739885293,4.520255692614914,0,3.769979607423202,0.7970572414275892,0,0,1,0,0,0,36.499446422614746,0
37.46329131883807,38.84837808187057,0,6.801547719149818,5.915967887771231,0,5.176784936155551,3.875958176244885,0,0,1,0,0,0,51.27423107945819,0
13.2779272501209,11.332232713121707,0,1.255821113903997,64.74181825862412,0,0.3977801957483209,4.245714949599464,0,0,1,0,0,0,0.7814924974477643,0
7.211109109551478,9.694193788422913,0,0.14047658963189963,0.6053690126360979,0,0.46882131142764844,2.5520064764252948,0,0,1,0,0,0,0.25839034307707665,0
4.294450509137457,5.397468443396591,0,0.23574125009226804,0.4092179475258667,0,0.43482925616317236,1.4557621033660486,0,0,1,0,0,0,0.5221227405663657,0
0.7150215394870388,0.5293241797917088,0,0.05688151671385469,0.2525964874426787,0,0.22231319762263682,0.49756520549536115,0,0,1,0,0,0,0.09065865827198666,0
3.3582138923909497,5.269592179514816,0,0.02742985376694896,0.1126512100698726,0,0.11692508873715633,0.6424335991654744,0,0,1,0,0,0,0.1749697201715879,0
8.81383265462903,11.633951721148971,0,0.3435418401244968,0.7535634638637604,0,0.5461445038874684,2.3824228453644833,0,0,1,0,0,0,0.3636875494407908,0
4.056960789092373,4.81876823257535,0,0.2991779453510029,0.5769772011323782,0,0.8259764893692678,1.4502214013854546,0,0,1,0,0,0,0.5217823877549023,0
2.216805529129519,2.5287786826457763,0,0.16420222838585102,0.3075452084169248,0,0.40013421472163146,0.969463645006863,0,0,1,0,0,0,0.09688351087042726,0
4.040513737987723,5.779101982205499,0,0.22301124758761856,0.33238478344602274,0,0.3624423250447002,1.4036210030411962,0,0,1,0,0,0,0.2076470955256688,0
6.099070784495415,8.33002976477713,0,0.05993212799795946,0.7165228292310507,0,0.20183710928264653,2.057049373736725,0,0,1,0,0,0,0.1926313941353439,0
7.859450109876074,10.700614346595984,0,0.14779600570747434,0.820068275189686,0,0.5446651209463482,2.47699706550489,0,0,1,0,0,0,0.24155773322119967,0
2.921475504272036,3.348025210512347,0,0.1730818872195683,0.5777688447158431,0,0.3981457302292578,1.6884754330508767,0,0,1,0,0,0,0.4811167207124756,0
0.9143392142364375,0.6118434392160881,0,0.05875134201748,0.19525768098225696,0,0.21196645708362755,0.43426041038924645,0,0,1,0,0,0,0.18475830746078428,0
3.550872367189531,5.189037362570006,0,0.04318715881265064,0.139526755074183,0,0.16035620451170177,0.7799296363627434,0,0,1,0,0,0,0.26025297316574214,0
6.590804782705826,9.143756763145538,0,0.1490638084740662,0.6934690460947782,0,0.5224262798577792,2.2085049434832555,0,0,1,0,0,0,0.22148333428815042,0
4.39192992697572,6.084118855689989,0,0.3600497786674002,0.4727651123400177,0,0.8948993644350871,1.4827054144735747,0,0,1,0,0,0,0.42130186518931356,0
1.7065735734568968,1.7991234634504778,0,0.22320047911346116,0.33747106597633814,0,0.34240246392080387,0.8942298856088804,0,0,1,0,0,0,0.10961163859493848,0
7.991820336437401,8.965444142181333,0,1.6026773099358547,2.981754633543064,0,0.7265922570219445,2.0768352938124393,0,0,1,0,0,0,3.2409259971732176,0
10.353781985047007,8.809125666798202,0,5.088067495592227,1.3908393718693384,0,1.5862789656657599,2.768378653036808,0,0,1,0,0,0,11.961607739893651,0
17.47733585326509,14.340304497544619,2,5.974575746296765,4.088954593536062,0,2.216671535305215,4.2418054170688,0,0,1,0,0,0,15.393265442568945,0
5001.6439930548095,8643.824840208154,0,2432.5130732398675,2.4301754311781334,0,0.7375451168998511,2.1957657541850577,0,0,1,0,0,0,19973.182295890903,0
455.2286141367812,782.3780921625297,0,328.98691334996886,0.4454300205043277,0,0.48959354247646797,1.306600286142713,0,0,1,0,0,0,1810.3367149702501,0
0.7504981920470242,0.6431148551375995,0,0.05768093191204966,0.09892335455450288,0,0.13629738757688392,0.07076123622526997,0,0,1,0,0,0,0.1380636999169601,0
5.4761744679680495,8.53978470338792,0,0.0710495835662761,0.3725980883386907,0,0.34318078135603874,1.5857648998740366,0,0,1,0,0,0,0.1827517425573174,0
4.957689387903183,6.164145342144258,0,0.2461819376571092,0.7549853639165119,0,0.5357343984427929,1.7914550770668825,0,0,1,0,0,0,0.1892715908556067,0
4.759019557904356,6.044901158191729,0,0.21909240102450273,0.5512493558271006,0,0.6202346958505899,1.876006809580482,0,0,1,0,0,0,0.23474478204781474,0
1.9746807736089824,1.9474567654224173,0,0.23027684521391606,0.3293044055347202,0,0.8161872034281181,0.7701682007445522,0,0,1,0,0,0,0.2478088269466685,0
6.273730400269213,8.819655505864484,0,0.08755597376884745,0.5617230913034261,0,0.10768204648512639,1.9495713983352385,0,0,1,0,0,0,0.28680424111165215,0
8.44298270131598,12.285336419310976,0,0.1464660638806245,1.0622426258526394,0,0.4790781331974228,3.196748616638849,0,0,1,0,0,0,0.1505868264329326,0
4.912998973638852,6.820448683283209,0,0.22962925290929875,0.6123822069428071,0,0.5580897760401087,2.382903242034965,0,0,1,0,0,0,0.27334534631684143,0
1.3385282986845826,1.086759827722545,0,0.1155599047823321,0.3144504843261688,0,0.1887264387675075,0.9638135752195126,0,0,1,0,0,0,0.26131906923112197,0
2.639615707959319,4.253101844565122,0,0.07287270759118017,0.12650594813786922,0,0.22547035966484968,0.5679753585222629,0,0,1,0,0,0,0.03032919161712644,0
7.556814101665991,10.931788479528056,0,0.20000001945370746,0.820569807883863,0,0.5090254353469603,2.4756124604235317,0,0,1,0,0,0,0.20559977037712918,0
3.8738682319829274,5.099136986562353,0,0.29701067080578103,0.5094252422908183,0,0.7015939764116768,1.5996779713327385,0,0,1,0,0,0,0.1272128848012219,0
2.128621310283645,2.529750089588872,0,0.16377351561724124,0.33718294222465606,0,0.4083061572174147,0.9817099872774304,0,0,1,0,0,0,0.30432507759450417,0
9.841240731910265,13.298634399746327,0,0.5081504747707215,0.4330858698269157,0,0.5513947875329644,1.7374159355768477,0,0,1,0,0,0,4.2739806044029045,0
9.940264565535816,14.633096334849219,0,0.49965098245017414,0.8402511977398164,0,0.11701417272126435,2.565481481388179,0,0,1,0,0,0,0.37281727977966495,0
8.885043255350908,12.939389044466726,0,0.2645702712278871,0.8933411783385107,0,0.6147004692293948,2.9475778789057974,0,0,1,0,0,0,0.4509374827950441,0
3.004721049270129,2.7290020947644487,0,0.14219164761978642,0.4466826541698644,0,0.38136165397913546,1.6319317893456302,0,0,1,0,0,0,0.40193041504364735,0
1.538973252821954,1.7075312022983158,0,0.07269421824310215,0.1876412468145319,0,0.12764264233417555,0.4930626673325723,0,0,1,0,0,0,0.1651537250719635,0
2.3993195892026065,3.639348418563267,0,0.022344287446681602,0.14129758144447926,0,0.15821914994828054,0.4128100742630464,0,0,1,0,0,0,0.3454895944009609,0
7.5947725433296736,11.464639660023328,0,0.23861520367476094,0.601909167058575,0,0.44090697842842014,2.157701855396362,0,0,1,0,0,0,0.25910882513284494,0
4.914839554990023,6.4530257896606305,0,0.20945197616728709,0.6337845422600545,0,0.6516112771551807,1.754807288448485,0,0,1,0,0,0,0.31054063888315286,0
4.96734463495216,7.373996337560688,0,0.30172498764402733,0.5617805703256866,0,0.5473039870501286,1.5946197004212879,0,0,1,0,0,0,0.4160562592637417,0
3.5261988914920224,4.3933761463698495,0,0.5152273185136844,0.2719038910307069,0,0.5425236001021739,0.7244944016448556,0,0,1,0,0,0,0.39170095383526604,0
5.423071982844959,3.812628009159563,0,0.6834754375062768,0.20026666064030776,0,1.8545353261846267,0.592787111208878,0,0,1,0,0,0,9.327053530184662,0
6.03151055551653,4.867000656612379,0,0.5314269558743872,0.09889708913540184,0,1.3517260579221397,0.3598988252322157,0,0,1,0,0,0,12.540077139764488,0
7.173846685851762,10.096422178517644,0,0.40407422090191286,0.7028722847382027,0,0.5805752700714375,2.219375051081007,0,0,1,0,0,0,1.1996195630756508,0
4.694752318784911,5.848819959760606,0,0.28767500912394206,0.5380642447014934,0,0.6313126058648891,1.6037196727794398,0,0,1,0,0,0,0.32952170212072524,0
2.972053195438032,3.2730221681502205,0,0.22885803915031067,0.5235824615457348,0,0.6119665103386462,1.1656101504706,0,0,1,0,0,0,0.27951826235532673,0
4.946894970309253,7.42567174895212,0,0.16109321357241396,0.2841752905565167,0,0.45160646166129104,1.303005413447595,0,0,1,0,0,0,0.18027893312522283,0
6.476662442458436,9.298804411373117,0,0.05799914081138952,0.7845349693817016,0,0.1303934166314794,2.5095544469397852,0,0,1,0,0,0,0.2732108550778992,0
6.026860425373506,8.374860609723662,0,0.14855613944162183,0.7751455438317679,0,0.4915624146086724,2.6530427550641713,0,0,1,0,0,0,0.15291647328157093,0
3.2818113592889384,4.073266231780959,0,0.17108678020186557,0.49614571822707826,0,0.4509742217836187,1.3124909824250137,0,0,1,0,0,0,0.05066815901513429,0
2.1919850144470665,2.369994468184492,0,0.11921989090737173,0.11157230365165079,0,0.2809715133151331,0.47257499260535085,0,0,1,0,0,0,0.40198657246077696,0
4.402654978050419,5.248538051987779,0,0.13167371163947822,0.22458908864329724,0,0.25675420263893833,0.5063871197217413,0,0,1,0,0,0,3.3441497067946147,0
7.960112369489462,10.826216599791433,0,0.26062955815185296,0.7103038476553156,0,0.45464416626709026,2.2346840518655897,0,0,1,0,0,0,0.5477090044714477,0
12.33912779346476,10.283802777412193,0,3.692596635080682,1.1290623356692682,0,4.660914656639802,1.6406919471373866,0,0,1,0,0,0,26.290645412169532,0
21.921910590775987,14.63042479675346,1,10.046852351581418,2.963421594302331,0,7.6351791806711296,1.9293812223802096,0,0,1,0,0,0,36.33856339912849,0
2.997382260148206,3.4968010915891368,0,1.8645393860295236,0.4287926018440618,0,0.22913080921472603,0.8492390600068137,0,0,1,0,0,0,0.14976499231722795,0
1.5177148444233948,2.0607300821792713,0,0.05141548639053382,0.07359831590463033,0,0.07664699681160758,0.22856967879487713,0,0,1,0,0,0,0.06479332492134238,0
6.712874701381713,9.442382600779784,0,0.8841978272493677,0.7836084884729064,0,0.4165372888184507,2.1642079667837493,0,0,1,0,0,0,0.4483369710534956,0
6.702216150365808,7.849337437544941,0,0.514622274196166,0.7672126374515261,0,1.0104455913752983,2.323854930739256,0,0,1,0,0,0,1.1039000135061634,0
8.006239493943385,11.354633305697568,0,0.311737274715987,0.6692732904601064,0,0.7668038748696776,2.016430073729451,0,0,1,0,0,0,0.6591629423174892,0
5.420408474133215,4.7504542544992585,0,0.27322121092254825,0.30345952992397046,0,0.7717751448474309,0.9282365365296725,0,0,1,0,0,0,5.96825906755104,0
6.325510650490957,8.909028543378566,0,0.3160876246981953,0.32004749024517964,0,0.32819011045239,1.3645452252525663,0,0,1,0,0,0,0.39687543804490466,0
7.548482711191676,10.114964818339526,0,0.061957080723002045,0.7702165496090065,0,0.2705081259826867,2.8952478529869783,0,0,1,0,0,0,0.5989253939532249,0
6.560965213425263,9.187481890210586,0,0.18139787718455963,0.8390200373860764,0,0.42938639565315007,2.626453729884913,0,0,1,0,0,0,0.09368531524744413,0
4.248482292044484,5.638302451044352,0,0.18104200732349074,0.5392241068747001,0,0.5104710220497443,1.535261393694197,0,0,1,0,0,0,0.1356738346309363,0
0.8626093118363256,0.8633344271540502,0,0.08209176079987056,0.17913373569820373,0,0.20561347089840237,0.2269352240967275,0,0,1,0,0,0,0.06521330982033012,0
2.6224163867620134,3.9737517623932317,0,0.05963491879415676,0.11770312244526931,0,0.13450071756127463,0.6275949481032072,0,0,1,0,0,0,0.1168953395898467,0
6.383975034323566,9.31156068116014,0,0.17938159415016666,0.49780663639080025,0,0.5108125266832271,1.7846516368917966,0,0,1,0,0,0,0.10079276675737209,0
5.965851489363392,7.995436604825538,0,0.19329764505831992,0.6795461212204528,0,0.624381174821008,2.3253830264768514,0,0,1,0,0,0,0.7575044494521594,0
2.224128429300989,2.3140086498476142,0,0.2984575697412647,0.3973100071379241,0,0.5613093965480105,1.4341815601954575,0,0,1,0,0,0,0.21298921259918796,0
3.385613298978204,4.993131292457073,0,0.10396304475777618,0.24403950841501354,0,0.4365517913215541,0.9350830142367481,0,0,1,0,0,0,0.18668824908972792,0
8.338129418451558,12.108939796615557,0,0.09098305718994304,0.6958124633344143,0,0.20633930144810983,2.6021807295481603,0,0,1,0,0,0,0.1825118969205612,0
8.244028192278979,11.546218012633403,0,0.08984310576159846,1.0163890876646193,0,0.2911073047081523,2.8221534871615077,0,0,1,0,0,0,0.26825184960766635,0
4.209638924506897,5.729549364355185,0,0.20975368980893436,0.7536080287140902,0,0.6092114224783001,2.2538788606849827,0,0,1,0,0,0,0.17621515071708949,0
1.9932547358405648,2.2639661353692593,0,0.12133701900795706,0.45773264006196746,0,0.3166849226131734,1.5459024844228375,0,0,1,0,0,0,0.1909131556625884,0
0.48067766946328294,0.5132303267704318,0,0.07221599235655624,0.056438713610119,0,0.13971894725237236,0.09957986134921835,0,0,1,0,0,0,0.0712648795454095,0
2.3762663451172656,3.573013710664022,0,0.0728969127415493,0.0444025569381013,0,0.21165472384047684,0.4096166090900574,0,0,1,0,0,0,0.10084462002882312,0
6.5436176865898315,9.775077635127225,0,0.17995922836138456,0.6443626564495297,0,0.35998691706744845,2.3165888629861,0,0,1,0,0,0,0.15146973540069347,0
20.829955417246232,34.028661770505074,1,0.38717307782142574,0.4693221593901046,0,0.8568090186514997,1.8549674455691592,0,0,1,0,0,0,0.1773817604841164,0
37.45415197889109,50.81999163218892,0,1.3556401845695194,2.5305959298583933,0,0.5056567957040974,1.7582399711006462,0,0,1,0,0,0,0.9465489465221635,0
81.48052467189356,132.16529516511883,2,3.291189688312964,3.758556606138164,0,0.3367547680862597,0.3335559395724478,0,0,1,0,0,0,2.236353081459004,0
10.455346644269506,15.13826061410687,0,0.5200802961601592,0.6969844886684078,0,0.32332433760488366,2.261861034380811,0,0,1,0,0,0,0.9340695050469512,0
7.975540943005761,11.819587392163257,0,0.3605586223417091,0.6447493176230948,0,0.46215064403273504,1.9867965191334793,0,0,1,0,0,0,0.7943015544276015,0
5.794238627525939,7.338841927539733,0,0.08687154563988567,0.7873109827443858,0,0.6739497836811584,2.223040173840519,0,0,1,0,0,0,1.3894454593259704,0
3.67246570754539,4.909881218445871,0,0.23874583598522278,0.4252516908376953,0,0.6423032598872824,1.645970417164956,0,0,1,0,0,0,0.35959419963893585,0
4.9463832120696125,6.6584619868568735,0,0.32623141424628105,0.5878237166154532,0,0.3825745784149823,1.7480509950778278,0,0,1,0,0,0,0.43464955622313506,0
2.648270370070085,1.6690051496675533,0,0.24862587448303053,1.048316458436818,0,0.9748163069901556,1.162392238828497,0,0,1,0,0,0,1.8786862014310095,0
1.6401217976150342,1.563272867945363,0,0.23919883914635298,0.1346481836488092,0,0.36583025671113184,0.1337421363781739,0,0,1,0,0,0,0.6542962536410613,0
6.594797650841238,9.878165802489798,0,0.1319422391156367,0.5538636776058676,0,0.3661974569980172,2.0171349846128845,0,0,1,0,0,0,0.28346954694967846,0
5.908745042477542,8.539830381759673,0,0.3263485257843281,0.6426835827189553,0,0.8000235976133874,2.2224640284747936,0,0,1,0,0,0,0.19201239826901223,0
5.956467070676527,4.135118599244314,0,0.3893165182061511,0.8384696569950494,0,1.3111557811031251,1.2112944806836632,0,0,1,0,0,0,4.250531113430906,0
5.2980732156038775,2.664228792259172,0,2.6382281895698108,0.3563434866166314,0,0.9444619765255746,2.2741997571262536,0,0,1,0,0,0,4.250431757556479,0
30.942019357822318,27.41611359029967,0,11.960074242222586,3.4134176631476665,0,2.1547967698807433,2.57817280251348,0,0,1,0,0,0,41.454964764742115,0
815.1003712164954,1386.2193275934146,0,640.821594680097,12.77044277440309,0,1.5643862245421214,2.5666721332257287,0,0,1,0,0,0,3215.982691297086,0
4.894647099947125,6.311265903108274,0,0.2033668735126284,0.9038796002911413,0,0.39490102539505145,3.1136098436829154,0,0,1,0,0,0,0.1124947059842116,0
3.628436709318863,4.235858704917403,0,0.17329985751564295,0.606386417389633,0,0.4102753050079566,1.6064283324345083,0,0,1,0,0,0,0.16509428615114952,0
1.11971178214056,1.112058098088028,0,0.08659542309817006,0.27372007988930064,0,0.23925591575087435,0.6698587339633566,0,0,1,0,0,0,0.40967541315021094,0
2.1143412026060515,3.116710212252316,0,0.08801179709243812,0.12097396550757955,0,0.11074414857272222,0.2917342302335415,0,0,1,0,0,0,0.22884060810199697,0
6.40761154725623,9.23290328593899,0,0.13991652331833243,0.575377721102083,0,0.5204456825462371,2.1822116099613305,0,0,1,0,0,0,0.19700328888600727,0
3.6022182462763963,4.7287614331393515,0,0.2647159710377298,0.5976431077879447,0,0.7325948071615427,1.8792708189384477,0,0,1,0,0,0,0.06834581895811047,0
2.162106428392274,2.374849925033755,0,0.22051512389116354,0.3230507402498475,0,0.4736181768050617,1.2321467990974466,0,0,1,0,0,0,0.32678559723635664,0
5.704809263020772,8.489832290677212,0,0.2375230347801714,0.25212772129657424,0,0.41686126401634804,1.563387868112512,0,0,1,0,0,0,0.2085002541320962,0
5.971617162934833,8.573480718241486,0,0.11663062921257537,0.7557441849557698,0,0.1762512076639961,2.242605139614995,0,0,1,0,0,0,0.23811395236350877,0
5.697740672919558,7.396168336177173,0,0.18972886655197574,0.9589874414739805,0,0.5732699846639853,2.359610125742643,0,0,1,0,0,0,0.39732029559153414,0
2.3801724839880327,2.38130102482215,0,0.23410218925457144,0.512355203105859,0,0.36669281218644334,1.338668494119875,0,0,1,0,0,0,0.31780816200730366,0
0.5185775894194278,0.39007597437878955,0,0.08656551501276202,0.0926105008646928,0,0.127998381626313,0.2906020505345521,0,0,1,0,0,0,0.1019741322104803,0
4.31573148254893,6.59948476769907,0,0.11623117028572424,0.360036761188896,0,0.25221595883069675,1.3156092644949382,0,0,1,0,0,0,0.09975699157454107,0
6.32895950123166,8.724747823831125,0,0.20473031210658882,0.767778056902896,0,0.5227377261547507,2.628864952895201,0,0,1,0,0,0,0.06025886852749027,0
3.356993947274536,4.595520335878722,0,0.25964007545090506,0.41391349755749535,0,0.7859716137302397,1.410747663469087,0,0,1,0,0,0,0.21109400547009172,0
2.390529885120323,3.2056407283389583,0,0.17732677183573736,0.18062413654100293,0,0.35252769520032934,0.9055477800599495,0,0,1,0,0,0,0.15630263718290704,0
7.101584006552809,10.502264366671746,0,0.05936811947717857,0.8100514354792561,0,0.14225528933941198,2.749019750685509,0,0,1,0,0,0,0.24768680519281455,0
8.407176787953073,8.834023494671388,0,0.11862793714426113,1.1905848854273093,0,0.5243976908083965,2.6937940327022334,0,0,1,0,0,0,0.5310338959772423,0
7.255381028518315,4.861987345546584,0,0.7720032231649697,0.8345243885505154,0,1.0961925836414106,1.2918759568928064,0,0,1,0,0,0,7.927157573391666,0
6.059364984093142,3.7756833230828017,0,2.5751681822208843,0.1856124319200224,0,0.954040834045492,0.27377059238327994,0,0,1,0,0,0,11.118052657241085,0
15.662107905639969,17.60710020849671,0,1.606276355290725,3.960858750741478,0,1.0668644801228997,3.476295918223987,0,0,1,0,0,0,7.6524927403761716,0
5.263210107556272,6.836421473326908,0,0.3817679445456129,0.9924487347888018,0,0.6052115525550696,2.1519651392218613,0,0,1,0,0,0,0.27175068376378736,0
5.260912053097044,6.972843256301444,0,0.28911700703583665,0.45476817765269695,0,0.6898060842385936,1.4588548598195836,0,0,1,0,0,0,0.5135865129528503,0
2.424645543851441,3.039239214591653,0,0.18925890691184896,0.3096562470377473,0,0.676189903212175,0.82765087238102,0,0,1,0,0,0,0.2233257301490418,0
6.44719345748808,9.710498156503498,0,0.14716536751254342,0.642467201143345,0,0.11912454548616709,2.7335225305182758,0,0,1,0,0,0,0.11126261443087525,0
8.984660487226508,13.091453038418662,0,0.1756278791275902,0.8986166560856124,0,0.3756006053271669,2.8301197906622386,0,0,1,0,0,0,0.16874089986760432,0
5.207158079996412,6.80836430244842,0,0.22985823022649526,0.688795065708358,0,0.5470861435886863,2.294624661229056,0,0,1,0,0,0,0.4342309907911959,0
4.848947670436058,6.513913566860454,0,0.11165047518254592,0.33576439215286796,0,0.30748839937380446,0.9633713511991702,0,0,1,0,0,0,0.5281377197571016,0
2.315179310741689,3.5638896883576856,0,0.08187067593576287,0.062117924013861625,0,0.11779634569081801,0.2019687170718563,0,0,1,0,0,0,0.31063040493656335,0
6.617487710543366,10.050568879624015,0,0.118731231038615,0.6478755249219044,0,0.3152690243819148,2.361757583487417,0,0,1,0,0,0,0.0827811209098763,0
3.3537739259509296,3.9439112179979485,0,0.2064539637729704,0.703900724897027,0,0.6762003103197944,1.6412728140743216,0,0,1,0,0,0,0.24794988428424003,0
2.456136781727172,2.885729140409492,0,0.23158852132039315,0.5224345989204245,0,0.39561449221319905,1.2921510956426805,0,0,1,0,0,0,0.13483295687284727,0
4.319519326927407,5.963519905759435,0,0.2668764212828356,0.20933318356669667,0,0.5341365555037312,0.8096774776162217,0,0,1,0,0,0,0.7362947410431498,0
6.1459604129710135,8.881781406565533,0,0.08804496521593343,0.5698532198871095,0,0.21280267960007096,2.2089485571647454,0,0,1,0,0,0,0.14916158532668214,0
6.423630218621269,8.685059092002854,0,0.20918050383454803,0.7693735254623563,0,0.4786547402512927,2.7088983902808805,0,0,1,0,0,0,0.28589247685002706,0
3.8725548403545464,5.394830458980286,0,0.09040046160432394,0.5045673656752643,0,0.4983188832782495,1.6822357761066011,0,0,1,0,0,0,0.14191363686526418,0
1.7168282701799886,1.6377207645571696,0,0.11248823555786874,0.3260243209061132,0,0.2332254827236221,0.8924245457404523,0,0,1,0,0,0,0.26396296330635516,0
1.287082865183719,1.7098152288960935,0,0.05229794550745142,0.06362578366445981,0,0.15392985236672724,0.14903872247707065,0,0,1,0,0,0,0.30822493790689864,0
6.366063157506622,9.713629016390861,0,0.057657414242177185,0.39136297966459255,0,0.32756198393324043,1.9714208154622677,0,0,1,0,0,0,0.08997412088172402,0
5.196743239149415,7.287608782092616,0,0.2075288982097837,0.6728244824214742,0,0.5855638246999326,2.3648756091144456,0,0,1,0,0,0,0.08826510642733065,0
3.906400436779518,5.19601703467206,0,0.1485470674566941,0.5220695643338721,0,0.5623044169562387,1.5868750265007603,0,0,1,0,0,0,0.06765867877898955,0
1.6163457234747118,1.8655779814127962,0,0.23092825977976877,0.36864513451143277,0,0.6733024376303671,0.8601295188417617,0,0,1,0,0,0,0.424258879011827,0
4.150701720281216,6.013525283734091,0,0.11233430302717146,0.265089317034488,0,0.44469583290812087,0.841551859852793,0,0,1,0,0,0,0.26934979317599916,0
8.509418862570824,12.765171054583607,0,0.09044144899161813,0.7965662899649251,0,0.31052783258439165,2.6366924973618264,0,0,1,0,0,0,0.12598361686046336,0
6.6046023264852245,8.686792415780625,0,0.08839414158262635,0.8422057740647285,0,0.43363717174452193,2.6143299982121664,0,0,1,0,0,0,0.24998084976235727,0
7.651951549163128,7.450576310338714,0,0.34125538724371934,1.0534787199893016,0,0.5360803773690768,2.0777802372942737,0,0,1,0,0,0,1.0200279165237878,0
5.477666319401768,1.4709161279807486,0,2.8472913671926934,0.5468866751149563,0,1.436026741092427,0.4989125698331851,0,0,1,0,0,0,7.95101945075975,0
15.561110920585001,12.601296292551929,0,4.422328062976295,2.218508416774057,0,3.542415029915101,1.8513486273954782,0,0,1,0,0,0,13.946584797182703,0
53.274618447171235,70.64438469402675,0,18.924224837269577,1.1507066084598938,0,9.64795400302933,3.229518998681616,0,0,1,0,0,0,175.0592742330395,0
3649.0445661264275,6297.357299280741,0,493.4680425470993,0.9130149271742565,0,30.589971689816448,3.166857726712515,0,0,1,0,0,0,14556.370537023477,0
174.82493940893272,269.3603565831401,0,249.07483279954005,26.39122233578172,0,1.0189658150379906,3.475715980020871,0,0,1,0,0,0,641.1033642805675,0
4.14003514470722,3.6104901639035996,0,0.4611346011059776,0.4309148836589958,0,0.34959403933162314,1.1667832481236906,0,0,1,0,0,0,0.17869475430472181,0
1.6668452237978524,2.245791045230192,0,0.04208630932153117,0.08473585686333811,0,0.31266485726810683,0.1785827294349418,0,0,1,0,0,0,0.17062834074486297,0
6.051209754842077,8.103399575738932,0,0.11758131677895725,0.5397436437973675,0,0.16600311690541503,1.9644398169653565,0,0,1,0,0,0,0.44321177342579177,0
1.293796398226071,1.4609583951778928,0,0.2349727560743024,0.30189685957517487,0,1.0337088629305993,0.7955944300420398,0,0,1,0,0,0,0.5408871744615231,0
2.685564070766972,3.310692295922995,0,0.1478640378115165,0.1719375503940147,0,0.6433805133160828,0.8173171064586281,0,0,1,0,0,0,0.36373981939593897,0
4.697559099611491,6.877491023652467,0,0.059225724261342455,0.5210827687304509,0,0.29696205849396673,1.7320620291862316,0,0,1,0,0,0,0.16431678374240477,0
2.453132265437667,3.395078813361623,0,0.08856931618268171,0.2949218263910553,0,0.47634124008661277,0.8057617015813284,0,0,1,0,0,0,0.13355851651050324,0
2.1165161549861145,1.552171264183354,0,0.08071586128935448,0.6415820218281757,0,0.24051650711555472,0.7916380522934799,0,0,1,0,0,0,0.3683310874690547,0
6.551728914380911,8.45724015234863,0,4.453659686466137,0.7167236423170311,0,0.36714767214776156,1.1215085296286476,0,0,1,0,0,0,1.0246637613835794,0
9.87887838010238,5.526181117275696,1,52.928219301014984,0.6224641100418191,0,3.1760340037301558,1.0442764852445965,0,0,1,0,0,0,19.003207240454973,0
2.6900502773996826,2.889132211928177,0,0.2654772796735938,0.3358096249764032,0,0.5194284378231344,1.0956138761638472,0,0,1,0,0,0,0.24681310767891984,0
5.507949766083474,8.36495650356622,0,0.07018583333960814,0.3521987861219841,0,0.10234530622641344,1.396303866126532,0,0,1,0,0,0,0.18417160226781865,0
3.518543864762464,4.858934163003682,0,0.18112710109912006,0.2659024889701869,0,0.4773159088273746,1.272737631197296,0,0,1,0,0,0,0.28185730595128444,0
2.644346417587037,3.522948047917397,0,0.32053904649044124,0.37201176106099526,0,0.3574843740841173,0.9412005355704319,0,0,1,0,0,0,0.14299374899534437,0
1.9203118834994661,2.2794490007126154,0,0.22160056961062524,0.12046305124080081,0,0.9598031897753296,0.18272041807909212,0,0,1,0,0,0,1.1636408637311932,0
6.281182530648158,8.3856462646513,0,0.39875836677469595,0.6787598423833131,0,0.492560414939868,2.420155584614471,0,0,1,0,0,0,0.8991522084651791,0
2.4694538243631623,2.793232463540587,0,0.5518687491517054,0.41817665962585493,0,1.6298590440712948,0.9704241239363909,0,0,1,0,0,0,0.7810976405706076,0
2.8391098144306133,2.7176698667030736,0,0.4367400532383711,16.222382944135884,0,0.8989521975185042,0.7285009352734707,0,0,1,0,0,0,0.5814940701635279,0
3.916954026441724,4.1113277256367695,0,0.19672300797725872,0.3209100021687568,0,1.2036855532989716,1.0016693551850344,0,0,1,0,0,0,2.491210535706191,0
3.985192869464998,5.715950500603967,0,0.3560715462491695,0.5959121047638801,0,0.12560787754245822,1.6294136062167812,0,0,1,0,0,0,0.3812424505139302,0
4.259031734086267,5.768255332090417,0,0.5636642644546754,0.5679251228373354,0,0.40975822290749375,1.3005387918525928,0,0,1,0,0,0,0.563710359198087,0
2.6091664271662802,2.891569056260514,0,0.893851879970255,0.3205354829543775,0,0.4073225088656961,1.1227159378503173,0,0,1,0,0,0,0.9597098436509235,0
1.6421754477079507,1.2843769328804455,0,0.2410227917767342,0.22260316325226526,0,0.5470819905179569,0.5883450315313998,0,0,1,0,0,0,1.116179729498968,0
3.9485057649979076,6.10406412510089,0,0.38782327043697773,0.12216722150903203,0,0.1865011012161211,0.5642333041521156,0,0,1,0,0,0,0.732094803400899,0
7.269014105384232,7.366995422250759,0,3.132245979258129,0.9422327520367302,0,0.2077984714400084,2.255822508009228,0,0,1,0,0,0,1.4827076410457685,0
2.6375047083546725,3.641061074364947,0,0.2923958127406439,0.32885930682661413,0,0.5204927709648559,0.5389651892912604,0,0,1,0,0,0,0.47692664280895536,0
1.4455100249625579,1.7580544923476782,0,0.28761292251677273,0.24490562433122218,0,0.7996062239460786,0.47187526174194244,0,0,1,0,0,0,0.5368112470316903,0
2.321629208600777,3.1759103099426356,0,0.24936687349846792,0.1929599024242652,0,0.719578520668248,0.8632829631877904,0,0,1,0,0,0,0.2643658584942815,0
3.125440832751873,4.373786478185418,0,0.21094600306789846,0.29713853742888013,0,0.4668276658973518,0.704165310035399,0,0,1,0,0,0,0.22698231406136266,0
4.49009471064692,6.561184703544387,0,0.04049455773544703,0.3924897444089442,0,0.14681191618003508,1.322806084821626,0,0,1,0,0,0,0.18794101005722008,0
3.1285766963021446,4.21657688185041,0,0.10726161153944495,0.34656180070414844,0,0.3507749779470488,0.9002796311358048,0,0,1,0,0,0,0.23991820746060216,0
3.2496712094601525,4.561740805605297,0,0.06956981312241323,0.26987638964911576,0,0.4143709391402891,0.7420022106058615,0,0,1,0,0,0,0.1804147057775919,0
1.035481921198659,0.9235165900999668,0,0.07871099391683481,0.28789776051464994,0,0.1579927901218517,0.6883789561531579,0,0,1,0,0,0,0.25802330242002003,0
8.545582809942179,7.794388553514263,0,0.6591796849838575,0.4087278216989706,0,0.47245678952067494,2.351293508186745,0,0,1,0,0,0,2.767957118420548,0
2.0311005414361367,1.6432554538788855,0,0.28335592111366914,0.48795803712737773,0,0.7063792836110017,1.1051095835055786,0,0,1,0,0,0,0.35429796364013455,0
3.780381805109362,3.9480507937729388,0,0.23837399063195752,0.13625486275581866,0,0.7262373516523007,0.6331093287085902,0,0,1,0,0,0,0.4403617593313555,0
4.218257849123928,5.854911231722778,0,0.18429806623619233,0.2716316638177846,0,0.5591810183889139,0.9222843747724938,0,0,1,0,0,0,0.491062368473495,0
3.0402099794024493,4.024469982956253,0,0.08248916253322042,0.4688884959918201,0,0.1960000891229851,1.3336004177456264,0,0,1,0,0,0,0.33981217044414536,0
4.506570423117529,6.8644830197140605,0,0.19668533125137078,0.43351434337986094,0,0.5207628850558876,1.1165234757923463,0,0,1,0,0,0,0.5234859834222723,0
3.9025356585946556,2.119231624953978,0,4.217030763123011,0.3825614184465919,0,1.326075896664808,0.5174142776037541,0,0,1,0,0,0,1.840974413371045,0
4.386518050342787,6.689949873986541,0,0.06911516897387174,0.22236305892344235,0,0.1885229782283231,1.0280478067250178,0,0,1,0,0,0,0.25238872710759486,0
4.2930965998905135,5.761866507358837,0,0.14226573812128215,0.6881023985254242,0,0.39592406997355983,1.885729295054202,0,0,1,0,0,0,0.6193103606339628,0
1.466110023906594,1.873553572077172,0,0.22656498507775083,0.1927789634567602,0,0.8484079296802906,0.328385881711575,0,0,1,0,0,0,0.3421932539517328,0
3.5094682964103034,3.5797093748625293,0,0.28757302355284076,0.18497066734092626,0,0.7638166272586466,1.0765728941628732,0,0,1,0,0,0,0.4929907957412686,0
8.219930499330117,6.858686042239683,0,1.5654951357253921,0.7038797268546443,0,0.911959979534671,2.0395932183431187,0,0,1,0,0,0,3.343978549168247,0
6.4283476392550725,4.544427540053934,0,1.8650402707377876,1.297390663874351,0,1.3588943941212768,1.209005474696795,0,0,1,0,0,0,6.559883793237356,0
7.486003350373497,2.7289057554435363,0,0.4729336108614238,4.4403798968592305,0,4.958635627482524,0.8300220249120744,0,0,1,0,0,0,9.40218091985126,0
5.9730745657991635,9.405845815566982,0,0.11956250269161284,0.27955619178529123,0,0.11913038564292047,1.1296137048693136,0,0,1,0,0,0,0.12715116667997045,0
3.622163161915942,4.761558349920264,0,0.16299641117971866,0.6262180471310735,0,0.4325886776856758,1.8613934766530504,0,0,1,0,0,0,0.22689632021882633,0
2.8391187562311586,3.692767639026143,0,0.2587086130870305,0.29981988559915995,0,0.6041399549821757,0.6629473541203164,0,0,1,0,0,0,0.39986190019297735,0
3.5361199077526924,3.9655286311186853,0,0.38608837109578864,0.2842629856162293,0,0.46477993105344984,0.9819907324806034,0,0,1,0,0,0,1.145624675954821,0
55.84532552132399,92.20297200065006,1,1.1335772410824747,0.7138014498090889,0,0.909020553927314,1.4580272151833995,0,0,1,0,0,0,1.8001597052114813,0
65.70961940335238,106.08119439694664,0,1.5827723809709335,0.8675168127395295,0,1.5638554970942797,1.2488922510734852,0,0,1,0,0,0,4.88881902858715,0
274.6264278863698,318.8776072710428,0,77.71253567341697,2.235873484372541,0,14.36047224579038,14.617974742750366,0,0,1,0,0,0,229.48386006765259,0
252.97249912777698,207.31632484567822,9,97.45031378937483,2.7410258318446834,0,107.82749842511811,2.752210721579667,0,0,1,0,0,2,555.0186815995017,0
32.36573221641667,19.693017179527764,3,54.876946453898256,2.0601363870939307,0,11.591797267884122,2.4715200508696347,0,0,1,0,0,0,65.28881853178711,0
36.80967601775774,30.024984274447146,1,11.730527089365845,4.563107779299633,0,7.781725289904052,4.112722520960633,0,0,1,0,0,0,77.99147521815192,0
5.486144090592844,6.720186892454455,0,0.17072065612179,0.629232482206406,0,0.3610862981569033,1.4280665760941982,0,0,1,0,0,0,1.029151904069719,0
1.3937998231275017,1.210589391840639,0,0.05637045203453212,0.11773877474997234,0,0.07754557306548762,0.21432248549220811,0,0,1,0,0,0,0.5702756857618813,0
5.810641358852345,7.9312134332755,0,0.14622020668310987,0.5609244411740953,0,0.44497144286388235,2.2430215924683212,0,0,1,0,0,0,0.33692436640965967,0
3.6918413500659413,5.077492324740447,0,0.220958497623376,0.40174742184094114,0,0.7082644396800506,1.6389130186687528,0,0,1,0,0,0,0.22015788964852154,0
2.2312602976827765,3.2294440284343144,0,0.17904949945090448,0.2063453788695548,0,0.4279806950322495,0.6880467357602849,0,0,1,0,0,0,0.11566636343624204,0
8.012264938793454,11.545662975932094,0,0.1423308921189419,0.6321957876449421,0,0.2920560221579034,2.7174927925060945,0,0,1,0,0,0,0.14336447835412336,0
7.105997427175888,9.733468456787131,0,0.058496494327780604,0.7108099153581191,0,0.5135399866657446,2.480511647095649,0,0,1,0,0,0,0.28059293307935546,0
5.6005932353793675,8.140307118291378,0,0.19210530712522356,0.6091492553510816,0,0.3372817810150677,1.9342131189706109,0,0,1,0,0,0,0.09740685882011256,0
1.3581778242571088,1.012219966627944,0,0.1944800958415625,0.3009273389672301,0,0.32738432300528164,0.3276191797684504,0,0,1,0,0,0,0.37848413761782435,0
0.7606888210080179,0.6615705963273104,0,0.028259893654800076,0.03521351484854099,0,0.06946279734162762,0.11240829486547804,0,0,1,0,0,0,0.2131283157143445,0
3.850541775116847,5.920149608560083,0,0.0132633794615165,0.23938735747439838,0,0.10864848111408801,0.5362505207108733,0,0,1,0,0,0,0.22547137592420724,0
7.740945579929875,11.609001670547308,0,0.05868832160116058,0.5306744866193929,0,0.5266514835476095,2.143241814243503,0,0,1,0,0,0,0.3854651192826659,0
4.868175454113655,6.600575835674877,0,0.17417956347222674,0.7177445954740869,0,0.4443490905681181,2.2376937133786816,0,0,1,0,0,0,0.05422485261519107,0
5.32233810181999,6.910405837594625,0,0.24407309417174985,0.6789005909465913,0,0.553424825476632,2.1103402326697207,0,0,1,0,0,0,0.33203574914163797,0
3.276288012961853,4.033914644086436,0,0.4002960291300822,0.4677955362068458,0,0.4950099096696534,1.3718275583494854,0,0,1,0,0,0,0.232872629623224,0
1.4732392900449032,1.4443490307766302,0,0.19736938282952304,0.3150441197911095,0,0.6464740749812722,0.8551747958333404,0,0,1,0,0,0,0.34465677869640426,0
3.7194862775038535,5.369981210322655,0,0.23768118388435866,0.24040396901205674,0,0.4612193124866058,0.6951629796976657,0,0,1,0,0,0,0.2935866214894669,0
7.881779116896847,11.527432473156594,0,0.1513740285187205,0.6400343447163115,0,0.3352931292791288,2.5131414375654035,0,0,1,0,0,0,0.09696462599409938,0
6.5373671711340755,9.544405343377523,0,0.030192965161817874,0.7296638832387659,0,0.2568410377509569,2.2495212913361975,0,0,1,0,0,0,0.18004639506624573,0
8.027072763468961,10.025539330422824,0,0.29923222184978715,0.926494898166259,0,0.7330602518273008,3.103773174376758,0,0,1,0,0,0,1.5937158881184064,0
5.401944178409003,5.168949378981859,0,0.23187469388966203,0.6966813271631893,0,0.502898014955818,1.9684619295332242,0,0,1,0,0,0,0.7693698678142812,0
1.3129720699000216,1.1936214389678876,0,0.16157428165426013,0.39360609926407875,0,0.20544376381525886,0.7432619928606172,0,0,1,0,0,0,0.1939707771405821,0
1.1616343858556926,1.4579990144241581,0,0.030279695775418405,0.06608543111986363,0,0.10238614716007655,0.18048361540446067,0,0,1,0,0,0,0.31368766149025185,0
5.692390477139116,8.395075227713312,0,0.05998413610050091,0.4677941382489554,0,0.39193529213835687,1.9760371804475185,0,0,1,0,0,0,0.25580695427372213,0
5.110047974336406,6.71268165826145,0,0.24163623220864897,0.553248087457895,0,0.818796774282589,1.950538596523216,0,0,1,0,0,0,0.5421496025168688,0
5.404766433286416,6.944351741991843,0,0.2400126342837297,1.1193683260697387,0,0.8138671108831714,2.0601254117150933,0,0,1,0,0,0,0.7489838152041952,0
3.2657915513983116,4.593039090119386,0,0.15131464941786932,0.17482389915791335,0,0.5649518070740285,0.84484655681656,0,0,1,0,0,0,0.28537211357114095,0
6.498850061861681,9.762974215642283,0,0.07444375798162964,0.6222530659878083,0,0.30102236356822554,2.0072267872644414,0,0,1,0,0,0,0.16724181759480936,0
6.659668055964877,9.529481548915438,0,0.07494610039459067,0.7235988531426264,0,0.5974339940800832,2.172046126416957,0,0,1,0,0,0,0.2493056763010475,0
3.575658369115187,4.553957298115306,0,0.1836293474929927,0.5372255257345105,0,0.667524477836416,1.6054469044356017,0,0,1,0,0,0,0.28710703224548695,0
2.6830397949594724,2.8661576781318043,0,0.1646269516828483,0.2232900648048961,0,0.48096250828033404,0.8691655544029795,0,0,1,0,0,0,0.45346670433968445,0
6.138832883720772,9.305028476177283,0,0.23653016983617514,0.508125750889607,0,0.34535844457909426,2.8701552702679676,0,0,1,0,0,0,0.2853381816823637,0
12.91845129460774,18.38218414018231,0,0.2764125588412779,1.2186747089835934,0,0.365863602540588,2.879978147512948,0,0,1,0,0,0,0.6136515871237995,0
9.199089478911286,13.672673669221389,0,0.30893735939354083,0.7161631341857094,0,0.8189894084207763,1.8156381214148376,0,0,1,0,0,0,0.4799036931595418,0
18.433045529434587,16.567357959692572,0,2.3394138358599488,0.9244840678556547,0,7.806183315867643,1.1378824376174475,0,0,1,0,0,0,35.13701771883496,0
20.840453443871183,17.659501165172212,0,2.683015926953098,22.16347274494423,0,0.8735071537767678,3.092951125369104,0,0,1,0,0,0,4.212617896342693,0
7.281182324777138,5.9160852188584485,0,0.20367215441443512,0.6958942647856003,0,0.42916905800778116,1.8289848419783428,0,0,1,0,0,0,0.5351851871733726,0
1.5664807452623943,1.3881087501635305,0,0.14017486746780689,0.07425350246538129,0,0.1888898917604521,0.0998142282825043,0,0,1,0,0,0,0.3518742822983374,0
5.013144489457847,7.62084142447384,0,0.13318985684455736,0.4544884186706627,0,0.46763773098165895,1.391174368710305,0,0,1,0,0,0,0.0917708701854746,0
5.168306871644289,6.906584213395301,0,0.2286749787602162,0.6897262365295155,0,0.6090836733313404,1.7461108052082177,0,0,1,0,0,0,0.17660928588368138,0
3.7173612096325703,5.191154969739957,0,0.17840523722372975,0.3138640194746437,0,0.5753873170360326,0.9432965789632273,0,0,1,0,0,0,0.1650308123380842,0
6.85671016706563,9.812927227666833,0,0.04461586241761064,0.7286252726705643,0,0.15839344579968023,2.3781898472468197,0,0,1,0,0,0,0.24153317619885722,0
6.813852081841994,9.439539063910964,0,0.21778280001588585,0.7633094180590666,0,0.6393335573925454,2.176034402133841,0,0,1,0,0,0,0.18924313133704668,0
1.0352794746469933,0.5934622419816623,0,0.23178265190167985,0.39544784678794587,0,0.48081426800519633,0.9170301509344501,0,0,1,0,0,0,0.3066677695559708,0
1.8678516277832564,2.2835255901500995,0,0.059207210478757474,0.08765888664320448,0,0.0808137342584343,0.2575594160423277,0,0,1,0,0,0,0.49623297117746457,0
6.487763115782214,9.463445849073697,0,0.11760638971845752,0.548778725808327,0,0.48351499679333787,2.216655444320476,0,0,1,0,0,0,0.3540588105380753,0
5.654077601022064,8.007354678813435,0,0.165463229895307,0.7374715548706443,0,0.4965806322973393,2.2875070172255865,0,0,1,0,0,0,0.13158609256749002,0
4.093549253916341,5.522908798528276,0,0.25959370363745626,0.6460732346365881,0,0.7005449309248373,1.6064768409161876,0,0,1,0,0,0,0.21862544740554934,0
2.8110233509754874,2.50268761578575,0,0.40427952966835334,0.5718223905558699,0,0.412760099791203,0.7476108455524484,0,0,1,0,0,0,1.3069955813639442,0
1.3100706320281161,1.3252365716670216,0,0.24822274172508216,0.19058206166406308,0,0.4540831873324068,0.3174595035463934,0,0,1,0,0,0,0.2809203128807882,0
3.6560732589397165,5.141222709767131,0,0.16275853921405448,0.2679556213280935,0,0.35181164458382047,1.2216766569137265,0,0,1,0,0,0,0.6225621026920403,0
5.427819632033301,7.12243506459397,0,0.4144834302783952,1.0416245234116763,0,0.4862572891343341,2.523847369657323,0,0,1,0,0,0,0.15497580925466584,0
6.095269737430968,6.501134635581399,0,0.3249950465772359,1.2963551116591192,0,0.35945404948678006,1.5001968851803542,0,0,1,0,0,0,0.3457531313041922,0
3.5580165096329335,4.556192422807529,0,5.895840822585987,0.35487718206252605,0,0.52091408964922,0.9847502450737203,0,0,1,0,0,0,0.5201455519090936,0
5.633468886778319,7.407322272522751,0,0.19588141011062926,0.4298318320239167,0,0.397836711894897,2.0343177045794048,0,0,1,0,0,0,0.39403619874139706,0
8.136646831053548,11.865984271943429,0,0.08234981625734508,0.9911422453587704,0,0.3139892213928994,3.196322731785407,0,0,1,0,0,0,0.19421137247979997,0
7.5004804578226505,7.019814303434635,0,0.7478141954288857,1.5948345626251261,0,1.2747037273739126,2.0890072722755675,0,0,1,0,0,0,5.416044956270502,0
12.032602022060143,6.736161561630916,0,2.906767849196708,27.84439435004549,0,1.2049613009122289,6.602711292514339,0,0,1,0,0,0,5.129770672617577,0
12.176838704405835,14.356704151980006,0,6.653631489698018,0.6095099868449265,0,3.494341160359532,0.4510053819768202,0,0,1,0,0,0,36.90233686939122,0
24.99822694697825,19.049570672180476,2,33.17817590540088,5.74153969019461,0,45.179961172830026,2.8744969614710256,0,0,1,0,0,0,9.411686378807826,0
10.712841041853856,15.784408380038935,0,0.265880847546292,1.137758502702468,0,0.3182451666998775,3.0783448623445397,0,0,1,0,0,0,0.4241762201930249,0
6.50790256684302,9.34245206491686,0,0.17052923336583145,1.1249456826071818,0,0.6955484824394287,2.475705306695639,0,0,1,0,0,0,0.2583578851957449,0
6.571665382743614,7.271473689123195,0,0.22732481504936278,3.7726911412851805,0,0.6925448983207636,1.4819179800385507,0,0,1,0,0,0,1.9488014491560375,0
29.664550041188775,21.552251315531382,0,5.360944524739487,4.022145947418993,0,6.809585624557371,4.24484771423579,0,0,1,0,0,0,62.73733587229982,0
3.9809942974049752,2.7836780720782555,0,2.8206205210362407,0.09993685841202503,0,0.41996881013504644,0.1844756256601284,0,0,1,0,0,0,2.8275659945218248,0
1598.8543464327222,2750.285346379274,0,748.7802548257413,0.9869142795344045,0,5.190718942614929,1.5321857105601013,0,0,1,0,0,0,6362.470951577917,0
3627.687558701666,6272.66810177685,0,873.7427236611849,0.8407474230987947,0,0.568724333517981,2.4809872163399476,0,0,1,0,0,0,14492.263331108703,0
2.1451645919865427,2.348568799309139,0,0.13221335981355584,0.4039567599405395,0,0.4000012223466046,1.1633122842943788,0,0,1,0,0,0,0.1743740719611992,0
5.769316271775905,8.524630024722835,0,0.20232395727448482,0.2823777530345206,0,0.4401725382056519,1.4422386362454909,0,0,1,0,0,0,0.2114772127690635,0
6.991671023190808,10.028650429832298,0,0.04303285198718153,0.8386330276885903,0,0.20317721040844383,2.3393131899549178,0,0,1,0,0,0,0.13602563105649118,0
6.732248465344368,9.56260747566425,0,0.11950150175775698,0.8589431752138188,0,0.5164980126805082,2.558983206343605,0,0,1,0,0,0,0.14152969509984675,0
3.564158687466919,4.456339373242218,0,0.17893792385714552,0.6370890202066567,0,0.5479244073664072,1.5239659789908968,0,0,1,0,0,0,0.27389453024998933,0
1.4113808211082064,1.3695263514948501,0,0.11267615313681215,0.22766278619284092,0,0.30690086101478703,0.7312671444377059,0,0,1,0,0,0,0.10470927068766478,0
0.950240153917628,1.1265821969619418,0,0.06013523417032837,0.06020855597780947,0,0.09962744582356536,0.1922407183583386,0,0,1,0,0,0,0.15215173665720472,0
5.0152524265483205,7.792372463677024,0,0.11892366682240568,0.4486418926445696,0,0.33074727146479843,1.6999566511119344,0,0,1,0,0,0,0.1775267150572661,0
7.0451108037092185,9.126904408394006,0,0.46640240345470624,1.0129371537916558,0,0.24653639617649828,3.109969925083588,0,0,1,0,0,0,1.6338794633476903,0
5.873005759380121,4.818338253745888,0,1.1501896363670818,0.8662756148104352,0,0.7240490901689485,1.5531173403645027,0,0,1,0,0,0,6.492888652433267,0
2.088947441018364,1.9136979356004495,0,0.1877156603539276,0.28924658319024676,0,0.34927503885029665,0.7721869480573578,0,0,1,0,0,0,0.8613613555774238,0
2.346321165562507,2.9312326509450513,0,0.16921399725708042,0.11537085675803667,0,0.18773198453209075,0.3402020055189203,0,0,1,0,0,0,0.7858292423568892,0
7.562862172475757,8.625807697004117,0,2.292101615611694,0.6859345106980552,0,4.997511361463982,1.983847711385121,0,0,1,0,0,0,5.293708412501298,0
23.188358239209812,12.97892152786663,0,3.637205364830693,2.416561872885872,0,4.246950634881779,2.7595433191403953,0,0,1,0,0,0,25.379463737731687,0
3.0160956225462274,2.812407831359265,0,0.14158486579282148,0.548862328789282,0,0.6246196793645875,1.2315470065763776,0,0,1,0,0,0,0.6917044333180338,0
10.020931013976181,7.671580012746315,0,1.9787670005745372,2.8669196144029128,0,1.590211701783255,1.5798187687237253,0,0,1,0,0,0,12.882515764393634,0
24.438943581134332,19.59630777948495,0,13.282315417820309,1.155257901840364,0,5.4093708591230705,3.2727860956774095,0,0,1,0,0,0,47.13415435141425,0
7.656872254846679,5.980467303385164,0,1.4543417277014763,0.9530419753997053,0,2.285768058526688,1.8637435489803575,0,0,1,0,0,0,8.528304669078715,0
3.2997699773515143,3.6664276034010825,0,0.14275461247586754,0.4237988723379573,0,0.4069632886699482,1.003856688685202,0,0,1,0,0,0,0.6387048550361175,0
0.8286099646525791,0.9734756304329027,0,0.13333414831789653,0.05033084902276581,0,0.36597821552880627,0.11732798787626378,0,0,1,0,0,0,0.34333074938651126,0
3.930746665906062,5.830774855155385,0,0.05977677446496983,0.1988455619403059,0,0.30274499567763485,0.8238669301982243,0,0,1,0,0,0,0.13882416575895712,0
5.874080606272335,8.162119065116217,0,0.1802686478933598,0.6926819182729858,0,0.4410223361490972,2.182350262058353,0,0,1,0,0,0,0.03962105546324054,0
4.018679523966609,5.511255369886916,0,0.2845962632079674,0.5046206765518579,0,0.613707239596655,1.7182830922463654,0,0,1,0,0,0,0.11639521442873435,0
2.175989860762918,2.4526815913352573,0,0.2432445942089526,0.35092836111375236,0,0.5474949863959009,0.8901574741240555,0,0,1,0,0,0,0.2881926911037317,0
5.92546922776009,8.797406562152494,0,0.11463560035736514,0.2519418702071189,0,0.3325899965536697,1.1912487471819124,0,0,1,0,0,0,0.09557712449613423,0
8.296645819545805,12.285668843530798,0,0.07295346054993651,0.8986142049522869,0,0.14004093372180762,2.7867795345929665,0,0,1,0,0,0,0.13742611230393645,0
7.443648781914817,10.242509313339145,0,0.20440728739152741,0.662098715511791,0,0.6802588684329591,2.178414758282429,0,0,1,0,0,0,0.2978661485904146,0
3.9485294675252023,4.965307157565249,0,0.2500040503239049,0.5564837609827832,0,0.6427971707432726,1.488692139856128,0,0,1,0,0,0,0.5180759160020684,0
1.571778527266925,0.893400031361285,0,0.21905621435595662,0.10970370367233484,0,0.43755651873403134,0.22342777372479042,0,0,1,0,0,0,2.464229310670113,0
1.6927578915363366,2.4274749884305833,0,0.02974181208700246,0.039869394237489,0,0.1845042123081051,0.10331757249988713,0,0,1,0,0,0,0.36860896012605493,0
6.220489157189675,9.667539440353249,0,0.13946747106432902,0.49788689460724306,0,0.35855064254207375,1.948990197498612,0,0,1,0,0,0,0.049059877449006646,0
4.644787066124876,6.60972053627193,0,0.30983148232958957,0.738156585329963,0,0.7134767858242967,2.35374839732585,0,0,1,0,0,0,0.20141669522229125,0
3.197969257552458,4.198097749869296,0,0.3670158859596123,0.6613564855435017,0,0.842805908192927,1.049231712686563,0,0,1,0,0,0,0.3209048945661202,0
1.6182071750009825,1.2604520474208227,0,0.14197818340061372,0.2814697652758372,0,0.7038381835917604,0.6338427380975624,0,0,1,0,0,0,0.8716173526441738,0
9.246524001620317,10.921082895986181,0,3.6504915888112976,0.414077787673367,0,1.110983431238731,0.9596602957460353,0,0,1,0,0,0,1.8696501579285778,0
13.81520606340979,12.037275369019003,0,3.045816813165035,2.5775064577965763,0,0.6804851793885902,2.8907300367756075,0,0,1,0,0,0,2.891085525719739,0
7.1382066017489905,9.096784608051545,0,0.35587034585232913,1.3414550238269904,0,0.6749092085711823,1.7968681074930757,0,0,1,0,0,0,0.8634355022602432,0
7.21958072209771,9.920719162325026,0,0.29375519722060506,0.8402748314922857,0,0.46661865024837623,2.359491525292819,0,0,1,0,0,0,0.16371470748723566,0
4.321840964313993,5.691297568764648,0,0.2604312014244582,0.4877714547918526,0,0.709039302474639,1.3738204140884982,0,0,1,0,0,0,0.1965081564403167,0
1.8079738331430946,1.7444567589999942,0,0.268138304212135,0.2672311062381163,0,0.5346362725935938,0.9063091264964073,0,0,1,0,0,0,0.32617095537271046,0
5.648201356223547,8.644384603940752,0,0.1138838300372842,0.24183222255454317,0,0.4007467582520565,1.2552844277658999,0,0,1,0,0,0,0.29234308206875703,0
8.563179697995018,12.526308938769152,0,0.07283164164113429,1.0442797841427227,0,0.2324890976545994,3.0598713993572813,0,0,1,0,0,0,0.23658088309613745,0
5.755251410442181,8.056695038428506,0,0.11788658438221927,0.7673222951753491,0,0.6785869688329143,2.2223726215314836,0,0,1,0,0,0,0.3350483448393581,0
3.9032565839414866,5.226387160221746,0,0.11906466833828042,0.6594089206200775,0,0.4220661509501756,1.7559570280335906,0,0,1,0,0,0,0.10150270502568164,0
0.7228154077899895,0.5425473246143281,0,0.058184890173650625,0.08751881506719156,0,0.22913080921472603,0.1779840635950581,0,0,1,0,0,0,0.15094490822219153,0
2.444128035263565,3.7279728384392277,0,0.05963466520357119,0.05618208131419036,0,0.21457580463366488,0.5690766129110421,0,0,1,0,0,0,0.14849659943053092,0
6.640812182642151,9.184991116334066,0,0.20586313523152433,0.7282068256938709,0,0.5364258254109079,2.0304032712929394,0,0,1,0,0,0,0.16381539095106068,0
4.588047270679683,6.406562608653751,0,0.283987596297568,0.6137207296450086,0,0.7657639773133812,1.579012449138896,0,0,1,0,0,0,0.2940544245957398,0
2.1519124259541855,2.932470045833273,0,0.19198794098697147,0.1796870192862992,0,0.5311577533603683,0.8515830946585017,0,0,1,0,0,0,0.2729035354970411,0
8.66109577441417,13.029711693218582,0,0.0908887535917524,0.5626903604524898,0,0.2544961707714721,2.0861257656637164,0,0,1,0,0,0,0.14628255761291065,0
7.789618971407676,11.034612593938927,0,0.09081177004744284,0.9459095191609337,0,0.30848182798150203,3.2423158320636656,0,0,1,0,0,0,0.2261728463637876,0
5.120233822318985,6.421175514687922,0,0.2711445053007509,0.6008013692063385,0,0.5763688402825666,1.9324543319747658,0,0,1,0,0,0,0.6902399701988986,0
2.049531265828513,1.0575823595229736,0,0.3004974259779126,0.5425759551221658,0,0.4378486869540825,0.7687483391453037,0,0,1,0,0,0,1.1425165870845742,0
1.1362415387716456,0.9234877125756052,0,0.1458883222886751,0.14598885302059902,0,0.1980456639094471,0.14929566994879073,0,0,1,0,0,0,0.20486656354196364,0
3.490267800230094,4.105083381281868,0,0.18951892772707007,0.27220720292559414,0,0.3714372660604174,0.6375379673768373,0,0,1,0,0,0,0.9764578008539933,0
18.785376692023245,16.377157255345868,0,1.5352042196674414,1.26205935489189,0,2.874721038258094,2.7280472868489536,0,0,1,0,0,0,26.370293373423657,0
3052.9346072999356,5266.856950403307,0,971.753852278884,1.4923938914134953,0,3.6288303284969827,2.5857227048258853,0,0,1,0,0,0,12175.386696986738,0
4389.428218454306,7424.676254652502,2,1202.3716844579258,1.420209145699734,0,0.7316975059233317,1.7292200486660387,0,0,1,0,0,0,17247.568976118346,0
14.604153288107014,19.341732664146654,0,0.7050628204013394,0.7678082226930774,0,1.5753579107341025,2.5263381267127154,0,0,1,0,0,0,0.7485425918612761,0
12.740561709137843,17.399921962516327,0,0.5481450847438583,0.8124029676526376,0,0.673320932916968,3.43512639683408,0,0,1,0,0,0,0.6116992022076567,0
51.1673718884794,78.33416502529512,1,1.0749219244837018,2.148577759937078,0,0.36755198231740127,1.17224673296449,0,0,1,0,0,0,2.043728148639064,0
8.61663965456206,9.294302825622383,0,0.983527984700292,2.633660331495281,0,0.8670945252282274,1.04872115327968,0,0,1,0,0,0,1.3183029215770603,0
3616.5104416760096,6254.420148775158,0,2089.633376251281,0.34396327510961505,0,0.5954288060074433,1.391968637545687,0,0,1,0,0,0,14449.480291582458,0
3898.197473963588,6745.276156777916,0,3245.007996037709,0.37404801607793325,0,0.6744918269546342,0.8994365964118151,0,0,1,0,0,0,15581.357300363426,0
2051.868715909974,3547.2247934997963,0,2703.9781444716996,17.417564883831123,0,0.42316171089568444,0.9910033236289483,0,0,1,0,0,0,8195.840224476418,0
173.6257663096159,290.0621297887453,0,254.80725040843757,0.28084468587582556,0,0.5792589590501555,1.1523096276822469,0,0,1,0,0,0,675.9529085894118,0
9.686626661812506,12.05892032157775,0,1.0195040259364325,0.36577836490196103,0,0.4961698091543845,1.2888401067947783,0,0,1,0,0,0,2.2932919324602317,0
8.830733486921098,12.396737462032783,0,0.11426073799407416,0.8402693341900801,0,0.1294532060303147,3.009671053696019,0,0,1,0,0,0,0.282813957898904,0
8.441303090309475,9.91556618684674,0,0.5933050291450515,1.1298735133620004,0,0.40670014834349794,2.393422151337969,0,0,1,0,0,0,0.5961663174261732,0
5.850736057945809,8.04401977934318,0,0.14413642370093882,0.7118109105813935,0,0.47507266555658867,2.430193751177801,0,0,1,0,0,0,0.2248624615086964,0
1.2397708255554776,0.8120206701345869,0,0.2568028425573747,0.3212929428356621,0,0.5779372102066342,0.4479017096273351,0,0,1,0,0,0,0.631484526110167,0
8.333973145320016,5.86649890397186,0,3.332912734121905,1.103564985584112,0,1.21573195317991,0.5438611946261169,0,0,1,0,0,0,12.82996339237845,0
13.748403305266013,11.827964692291086,0,3.5263656569535735,2.031146695088048,0,2.1249657717649297,2.2241380012579595,0,0,1,0,0,0,13.94136419424044,0
4.463769366725897,5.562636211821066,0,0.1768885441492316,0.608106818115388,0,0.9392763413633681,2.0104885242798,0,0,1,0,0,0,1.258314048201881,0
1.8331798079228059,2.069042323227849,0,0.26928972747694957,0.26662597359851037,0,0.6984807864188955,0.8118497315615172,0,0,1,0,0,0,0.3338017879584778,0
5.956886884630935,8.766531869285929,0,0.14082647639748946,0.45657294400203907,0,0.3786026785446898,1.5000640409966286,0,0,1,0,0,0,0.26095541732203587,0
6.863415994977187,9.18066070046426,0,0.4926537093479482,0.9521460896025964,0,0.6163451622303107,2.687062705254972,0,0,1,0,0,0,0.7822701918381472,0
6.500457075642856,7.514963782327582,0,1.3328321851322182,0.469572010202979,0,0.803701191759829,1.6772188566238977,0,0,1,0,0,0,2.868657109980853,0
4.210288495035111,5.578915064282335,0,0.17660790065543552,0.46554929752524576,0,0.6237640927861828,1.466166802641511,0,0,1,0,0,0,0.22724017639082864,0
4.386438631927483,6.0901937068367635,0,0.14971369429165676,0.27030864669782584,0,0.4094844203306047,0.9286280621269203,0,0,1,0,0,0,0.39965304397003065,0
7.418072329939444,11.14656801137072,0,0.08819956685822129,0.8545166118711482,0,0.15821888516778707,2.5283349947793416,0,0,1,0,0,0,0.17116290257783978,0
7.555423460449122,10.75650977172779,0,0.16467689453862533,0.846504968540434,0,0.45331295556929924,2.6320154121190207,0,0,1,0,0,0,0.15960694923261382,0
4.669784545721565,6.7029632671993795,0,0.1797439270499776,0.6268400169608188,0,0.5851817538124084,1.8857148267801365,0,0,1,0,0,0,0.08409308777216366,0
2.2471272622901557,2.6971986710834575,0,0.1744325382765792,0.4746868745798086,0,0.42530884068225105,1.375284841602202,0,0,1,0,0,0,0.3653793574023393,0
0.6947694404960478,0.8087934494047927,0,0.09111045221854636,0.06326400474605912,0,0.1904138106162111,0.1339355116848713,0,0,1,0,0,0,0.26452835311503564,0
1.460397931945012,2.0453640398216084,0,0.044118707179974945,0.048039272734301475,0,0.07382586324435764,0.2312348496370248,0,0,1,0,0,0,0.22110336135265699,0
5.301630016948957,8.0890427635384,0,0.042727360967798854,0.3148820907195662,0,0.2354181868583175,1.3399112814653136,0,0,1,0,0,0,0.08503579562720712,0
6.6597636692565665,9.156954653529914,0,0.24625032833621718,0.7232425879732203,0,0.9522471611347171,2.411119704568858,0,0,1,0,0,0,1.0357916707319257,0
6.818800870114576,2.554855258065177,0,0.2645113706313218,1.0708452387642353,0,1.4633537982547504,1.5531071170123425,0,0,1,0,0,0,7.027923965646195,0
8.545124074934652,4.6594003097482135,0,4.171102121784833,0.4748435184725891,0,1.4869543783225536,2.334774011146197,0,0,1,0,0,0,5.633977379168522,0
18.13195806402434,15.46323329007794,0,5.084952088833256,1.180259741534174,0,1.5635836022160121,0.9258900898397742,0,0,1,0,0,0,38.66157400093827,0
4.480617129283637,6.0111993404482975,0,0.10998295219840784,0.36794278042992246,0,0.34736041645818755,1.4177767857081587,0,0,1,0,0,0,0.8654319273247977,0
7.362934647053629,10.780626149571043,0,0.07243980930322128,0.750272537880651,0,0.22469691903832734,3.2469641735281387,0,0,1,0,0,0,0.07839352399977315,0
7.016955649894568,9.824917226681134,0,0.06090118811986428,0.9515022672711113,0,0.47767341056116763,2.9225830833044575,0,0,1,0,0,0,0.19762812468986052,0
4.307632483148703,6.13418311704886,0,0.2866881923176977,0.6479408398908855,0,0.6686648495319114,1.6887692686237357,0,0,1,0,0,0,0.18115997640091408,0
3.636457436609634,4.801227324003686,0,0.11990051811408642,0.47732857548030067,0,0.3518515506162073,1.4771186467518174,0,0,1,0,0,0,0.30128934518881734,0
0.6850233232520815,0.5122825707086583,0,0.14566027697640171,0.13586559591443098,0,0.32923889633412395,0.17260440208289707,0,0,1,0,0,0,0.3386207541232503,0
1.295750957533034,1.6713920659018893,0,0.043502623995950285,0.08579871179305162,0,0.05574119370272836,0.14385153260921074,0,0,1,0,0,0,0.20695015360924413,0
9.327915302716889,7.351698921196422,0,0.19568001500909968,0.8588935503951217,0,0.8842958709282536,2.127635770002093,0,0,1,0,0,0,2.658477517058923,0
7.450857405931044,8.160349013982186,0,0.12406402464293749,0.6775581679838074,0,0.5284538033404454,2.544576155556184,0,0,1,0,0,0,1.0854254218958719,0
7.074810263257559,7.459204908466858,0,0.24432321062474702,0.6613160230867575,0,0.5761626225090386,2.7288257475549513,0,0,1,0,0,0,0.21483019175134085,0
2.88342478060674,2.8475449800695434,0,0.2347794469701004,0.35927637883767416,0,0.5834335843641599,1.3135953320580203,0,0,1,0,0,0,0.5435777525752359,0
1.0303095256580406,0.8148963578570804,0,0.14343994048049546,0.20026812094036214,0,0.24154698489361068,0.48577842104234015,0,0,1,0,0,0,0.43040398662159796,0
2.4163735679091918,3.5509051592788303,0,0.059446264198133945,0.08418287470951094,0,0.07872086046800834,0.40672538844868256,0,0,1,0,0,0,0.1915299098817667,0
7.116053303566413,10.500942608970304,0,0.15061493987185742,0.7074886364451808,0,0.44474528252578,2.264032150592759,0,0,1,0,0,0,0.08449605200244546,0
4.537962164902895,5.912650175164078,0,0.2865052323765006,0.6434474319165734,0,0.7635202246518504,1.9450299184566062,0,0,1,0,0,0,0.2023766019719006,0
2.7148914195635867,3.6858468511189892,0,0.29421640546979966,0.44770339188486624,0,0.7178708713222672,1.2373868052988664,0,0,1,0,0,0,0.06828911304115279,0
3.762749992825876,5.626189529311306,0,0.2556324330675327,0.28586989965657905,0,0.530805161249059,1.0037309113695807,0,0,1,0,0,0,0.0533675092355433,0
7.166013054460651,10.756292299920451,0,0.13365974445750786,0.671369784838753,0,0.1645764190149196,2.2835231012938495,0,0,1,0,0,0,0.05850209416782161,0
7.413409438489792,10.049540260966378,0,0.12365825442680478,0.8745868900547277,0,0.5464634718673641,2.8694306815097432,0,0,1,0,0,0,0.32004006524640805,0
4.252119173953078,6.346047015560372,0,0.2731822019361514,0.6487894891499616,0,0.538407092804634,2.003668097798713,0,0,1,0,0,0,0.1317838212865452,0
2.8668100314412204,3.589275597306442,0,0.1508628166568375,0.5151055834851457,0,0.5026062439537086,1.3142442455893173,0,0,1,0,0,0,0.6362937219914985,0
3.699147704274485,4.117044420641909,0,0.32333806672819254,0.15890663634630112,0,1.7988038983411259,0.8437957961873781,0,0,1,0,0,0,1.86889299619624,0
5.598703674109989,8.031741473896162,0,0.22795876196227297,0.8497902919597683,0,0.4568907110911145,1.9660148772724215,0,0,1,0,0,0,0.35257228997946943,0
7.459756850257374,10.823299369381761,0,0.15819417913839476,0.9740738778566851,0,0.2963594904759853,2.7906488317486513,0,0,1,0,0,0,0.3149240564977388,0
6.368440133167637,8.963474074889765,0,0.22517621878554495,0.8007237267677689,0,0.39157897106520073,2.650728918843818,0,0,1,0,0,0,0.16441093660599318,0
8.216129086540622,11.850763054143902,0,1.496566441186432,1.2930500315961102,0,0.900676584353696,2.4877323299141105,0,0,1,0,0,0,0.40973334005177725,0
32.18955994444074,38.3355613276132,1,6.5813059815115,6.756745538090546,0,2.5906698734673754,2.631443669388538,0,0,1,0,0,0,15.822666691271124,0
12.645322028594387,20.06963635498896,0,0.8875052773648973,0.8797212751464918,0,1.0637103456469976,2.4399587216326935,0,0,1,0,0,0,1.4060288334457978,0
4299.112107324397,7425.829849391846,0,1144.4412584718423,8.16174209776065,0,3.5986134802310596,3.7215740142708476,0,0,1,0,0,0,17161.021047047085,0
5851.370245173333,10110.446536458565,0,2389.0592636839556,0.41250615074342345,0,0.8768889136809201,1.7777724824775256,0,0,1,0,0,0,23363.157666914412,0
5.521008312355692,8.07113880927292,0,0.22993963873360967,0.1914761390046369,0,0.4816774461437564,0.8623874561345481,0,0,1,0,0,0,0.5729252366767381,0
14.165914110946819,20.01233339398,0,0.2741352800063025,0.5708468935797946,0,0.30010100149795804,2.4796774768750636,0,0,1,0,0,0,1.1419904850252895,0
7.751686386702227,11.676143726225742,0,0.16227363167358838,0.5793795604841504,0,0.4333777148196504,2.305556144703517,0,0,1,0,0,0,0.28130888806801924,0
6.2987764877619306,8.140093998180882,0,0.3290920506172221,0.9905466949098216,0,0.4671262756773873,2.4484260367203774,0,0,1,0,0,0,0.3810817723228781,0
4.2867793893534145,5.557797058292656,0,0.28800655340156345,0.5827174199651278,0,0.907943444707036,1.7335465731501212,0,0,1,0,0,0,0.7041268944797887,0
2.276326662816019,1.7913938077670306,0,0.2040444859990404,0.2535993282275615,0,0.6808221130767278,1.1177606275468537,0,0,1,0,0,0,0.10304354498916729,0
4.04602493956482,5.881632192542014,0,0.1635083559206324,0.17423363305960266,0,0.393612839241018,1.2277819945325141,0,0,1,0,0,0,0.13206366865664027,0
8.674212442183885,11.979530420473605,0,0.08847430205210632,1.084716198551141,0,0.1311428314166126,3.0254459480801863,0,0,1,0,0,0,0.097368265370412,0
5.435595992897115,7.069094954203503,0,0.23281360898632933,0.8274267595761275,0,0.6583058183416797,2.045723169824554,0,0,1,0,0,0,0.18154485710003865,0
3.6355498039963234,4.7869034186952435,0,0.20992982900791504,0.6473927091537123,0,0.47750134559787105,1.7480708092649757,0,0,1,0,0,0,0.5109070020684333,0
0.8667085839007029,0.6399225496532407,0,0.1499488528033053,0.13943509037320384,0,0.3764568289100091,0.28037596069380616,0,0,1,0,0,0,0.37274937488176274,0
3.220644118327492,4.303206206868526,0,0.3232344038163213,0.19823516354489434,0,0.23070838694496854,0.47504645434510506,0,0,1,0,0,0,0.37775371021508736,0
8.161979178779873,9.137983537591996,0,1.271874224286904,1.3513919374761212,0,1.1090379752230166,2.3014404700447733,0,0,1,0,0,0,1.3477992518568502,0
4.078760999222811,5.31929582605112,0,0.3279013519651075,0.6137369863013389,0,0.9408096752213393,1.8260517614939036,0,0,1,0,0,0,0.31118950026545644,0
2.1651008300166117,2.818251008177719,0,0.356194504855775,0.38556442630432536,0,0.623254003984441,0.9699976511345431,0,0,1,0,0,0,0.31238537535702504,0
6.14003734526398,8.86283727587814,0,0.14335595264397982,0.416624278904955,0,0.3028832464235503,1.7264138475424655,0,0,1,0,0,0,0.15132413705207926,0
9.145359216808885,12.842356034430152,0,0.08866630823611177,1.188031257876601,0,0.2257065644577938,3.050053083313479,0,0,1,0,0,0,0.3586862143136114,0
5.670615950827301,6.7748808999708725,0,0.26768109438760324,0.7575785975580926,0,0.6939245600101087,2.263069780325325,0,0,1,0,0,0,0.47612572519181917,0
4.585317802940929,5.748354515422895,0,0.3005874023055944,0.38698199622472407,0,1.1333620960977584,1.3980891393513315,0,0,1,0,0,0,0.43225012984399813,0
2.294279594779338,2.0206850712672555,0,0.2730610044449132,0.37174562254322535,0,0.47099429025537615,0.8197294670761897,0,0,1,0,0,0,0.1532294606050367,0
10.182340828353922,14.621205347702249,0,0.26341717200823367,0.4604775319436669,0,0.7977059307311738,1.7966065188982294,0,0,1,0,0,0,0.5474565390980454,0
9.911333619799402,15.272590283449281,0,0.2638555535203085,0.9913244863208077,0,0.28716164288819435,3.2240760500886747,0,0,1,0,0,0,0.26082273148525587,0
6.2006548265282415,7.135487979062285,0,0.5610310089492374,1.1328681985171942,0,0.590835891514581,2.610463058042133,0,0,1,0,0,0,1.7965276928069334,0
114.77000546623651,153.68226865127178,2,37.52481411401954,2.6996074443980738,0,13.921166953050939,2.295315395709893,0,0,1,0,0,0,379.3077670392944,0
70.07698083256946,69.23615005287093,0,15.24513668097131,0.8579362452118633,0,8.100643843078526,2.881863295354487,0,0,1,0,0,0,181.81553237264475,0
4852.815072635434,7972.8214938542,4,80.85352842763606,98.00168068492428,1,15.581207142679862,50.259897830181,0,0,1,0,0,4,191.09199436509533,3
722.0374699041552,581.6950886979699,5,21.30077294364297,186.78821158305107,3,36.84448060093855,95.960100355263,0,0,1,0,0,9,587.8880863940363,0
22.784688657334158,20.151496409515772,1,20.746079975852613,5.975379788525631,0,7.224499277068643,0.741148565437806,0,0,1,0,0,0,44.7478116758562,0
7.646034645163836,11.377104515005609,0,0.18452480349165673,0.3469763089817623,0,0.27199884625166676,1.5708957103945667,0,0,1,0,0,0,0.960015811840597,0
8.003191419731385,11.112605838738363,0,0.20262125813003518,0.8551353658097851,0,0.5227887393200545,3.4896953750764697,0,0,1,0,0,0,0.1024843869196034,0
4.844866239894383,6.393215106038846,0,0.2847385475194163,0.6143639520813164,0,0.7595516481467857,1.9116095621396025,0,0,1,0,0,0,0.2280794386838972,0
3.802917228026601,5.306224868920898,0,0.25780000267586267,0.5097062566373027,0,0.7341928868152343,1.7580967838978487,0,0,1,0,0,0,0.1163357505920837,0
2.728855939263863,3.9426299793937374,0,0.2294354624103855,0.209550086959413,0,0.6835815348046342,0.7516811213039296,0,0,1,0,0,0,0.16523709741630244,0
5.875539585753966,8.732647379166714,0,0.14144157714502562,0.5151609465472357,0,0.3949990322318127,1.6557438494908414,0,0,1,0,0,0,0.12848205174543187,0
9.07626577481847,13.492900162461723,0,0.05947253497389063,1.0544977794088397,0,0.31797698625741216,3.313950018184817,0,0,1,0,0,0,0.2808725125131884,0
8.73292789913095,12.312507472717702,0,0.05976314357179844,1.1889896790839112,0,0.36738970103255986,2.9941278853714905,0,0,1,0,0,0,0.33389442662633784,0
4.2033122619039425,5.432652958894005,0,0.3275193961608335,0.7012163722217846,0,0.7778960012700269,2.2825837082248635,0,0,1,0,0,0,0.2929984870419132,0
4.914531635664382,6.267785275647433,0,0.11802764316559244,0.8076651418989761,0,0.32879634304889127,2.0803088076022864,0,0,1,0,0,0,0.24578023037677663,0
1.6453151095503362,1.5156072010626165,0,0.29604405189520594,0.23613324997997628,0,0.4310543800723732,0.835727272626835,0,0,1,0,0,0,0.45034665243760363,0
1.1218386232522513,0.8548548638490078,0,0.17958720201466422,0.3615414675509987,0,0.4887953140225463,0.23515012479939362,0,0,1,0,0,0,1.105382053182238,0
24.504844820859766,23.721067128651764,0,4.175687140077455,1.1239545627221335,0,2.927083012144525,0.8488781518547845,0,0,1,0,0,0,62.02030628347307,0
30.31053598807334,27.195996514493526,0,6.475507138343848,1.0432654814826035,0,3.2272633659737995,2.386764046733111,0,0,1,0,0,0,57.772883441497456,0
6.968775259832758,9.22043349698784,0,0.3573856449215731,0.526947423569127,0,0.7699384843347936,1.9519118110550042,0,0,1,0,0,0,1.5939901366070064,0
4.331156228288291,5.480825485612997,0,0.35993621734447023,0.6468193200737414,0,0.7920252618564128,1.9554421819235883,0,0,1,0,0,0,0.3441727808270313,0
4.766103594216402,4.263249522758831,0,0.2644841415130249,0.31963269178875914,0,0.6179289790331028,1.144892885609391,0,0,1,0,0,0,0.13900335968324545,0
5.969736186289724,6.243367029801095,0,0.28186761897875967,0.2554901445050372,0,0.5045349351939641,1.1434336912099456,0,0,1,0,0,0,0.7350775798738342,0
4.446913627097704,6.066616500434577,0,0.05884317753088006,0.11844760217314391,0,0.1748085899565526,0.5627343571702198,0,0,1,0,0,0,0.28356122964330993,0
6.303452088973819,9.431081800230787,0,0.1488622681339599,0.4803317425175457,0,0.6349098393395454,1.9928844523670397,0,0,1,0,0,0,0.32440229905096396,0
4.749709774733297,6.80711771898593,0,0.2696968181840731,0.7586518363376596,0,0.6564674837697468,2.1646526712430165,0,0,1,0,0,0,0.05339127590670414,0
2.5946475815421013,3.135847026623507,0,0.2731950232934921,0.3550694726597371,0,1.044921303459825,1.35829743368009,0,0,1,0,0,0,0.19813833229049474,0
2.5509909697429793,3.3016016554923437,0,0.18497068696777264,0.2614323796197128,0,0.5462338176418984,0.8981980040508633,0,0,1,0,0,0,0.4459242343624431,0
9.278297958576694,13.282956051637878,0,0.14446561985379286,0.6386293602637219,0,0.26849467561865425,3.1751048349079025,0,0,1,0,0,0,0.24524018211794688,0
7.59277940004319,11.07706254040043,0,0.0533152781391352,0.984838202744388,0,0.33525037943734276,3.708240155986724,0,0,1,0,0,0,0.1463313232973964,0
4.367550406915802,5.8347641821886675,0,0.22559174263496068,0.6270511629216317,0,0.7559237394029816,1.9288026306466124,0,0,1,0,0,0,0.16012250262719335,0
2.6453804927368214,3.2184837826039097,0,0.14978529518117034,0.5868689806526162,0,0.38458411222369443,1.4345354441257114,0,0,1,0,0,0,0.246802165616958,0
0.6486220950120369,0.48350221014874334,0,0.09127071882274794,0.09249944389023385,0,0.2745091397730171,0.22951509031928277,0,0,1,0,0,0,0.18511650678980407,0
22.86059626969956,37.67957716529861,0,0.05182702354446317,0.3729946849515673,0,0.19854869782512782,2.005219260752688,0,0,1,0,0,0,0.6556490420934316,0
54.7948332124567,91.14346621959848,0,0.598424785635628,0.8526570541412257,0,0.5601603784025944,2.290467749169978,0,0,1,0,0,0,0.603922137953726,0
9.378930598870149,13.789550702117857,0,0.20678696755298698,0.5098394739802347,0,0.298051570374878,1.6234768271340698,0,0,1,0,0,0,1.2117521307154768,0
28.507942766013443,30.00720267810326,1,6.938956872290503,1.8723634058400072,0,8.892591641569563,0.6509305651757171,0,0,1,0,0,0,79.34981286593896,0
26.481901369720138,16.628892602506166,4,20.168846841161294,6.357631932743543,0,4.724308547457726,2.7853390500723743,0,0,1,0,0,0,51.15698585548877,0
26.18822875803631,22.0664814681759,1,2.987064679704896,12.926123512281746,0,1.4042394486334935,27.185910620961018,0,0,1,0,0,0,2.6674512361281506,0
5.111653677970895,6.963912784459378,0,0.20362932305167167,0.7987337735223667,0,0.5878780820081999,2.6621624503586774,0,0,1,0,0,0,0.22795980475743272,0
5.435378324674342,8.025107858924743,0,0.3296834685910547,0.5130864580115879,0,0.7927987129546425,1.7317335622548784,0,0,1,0,0,0,0.20305113717258366,0
2.2228167460675996,2.7585726297127833,0,0.4505041600202321,0.42009133462142145,0,0.8104104508289034,1.2728636892461,0,0,1,0,0,0,0.32083862952828185,0
2.8580107781477233,4.540456439510047,0,0.2538466634186886,0.18491799736910908,0,0.49511025250450014,0.8182428271602089,0,0,1,0,0,0,0.2730872497361063,0
8.163207908872895,12.348725673597812,0,0.1213399663071796,0.7622146382126713,0,0.30740333246949225,2.6095346743743906,0,0,1,0,0,0,0.1599872371485516,0
7.210709271535723,10.499037815992889,0,0.115259590732932,0.8950938681962499,0,0.3534156213161916,2.331491061183961,0,0,1,0,0,0,0.3071835480475256,0
4.741124124126909,5.995999019632546,0,0.19156269746263882,0.9020011653207095,0,0.6877842911482634,2.4376976870702536,0,0,1,0,0,0,0.17637123426106024,0
1.4311954962823017,1.353367993890561,0,0.29367841999485733,0.31538009113498394,0,0.5764810352749047,0.764134278987344,0,0,1,0,0,0,0.19220649563651818,0
2.7416384073181623,2.833548703288063,0,0.059034386494745864,0.32241863004233673,0,0.30145146348405794,0.1707147017887913,0,0,1,0,0,0,1.4338492146164188,0
23.1981736632671,20.341364094818665,1,10.237830949501719,0.7173407974320628,0,6.368712039643091,2.427189929655473,0,0,1,0,0,0,43.291320367368556,0
32.41488659745129,37.58254892994155,0,8.104122272074784,2.3741870270247056,0,5.3327712654436645,2.4260243948266735,0,0,1,0,0,0,94.88428248160011,0
5.243645662754938,3.884908872292236,0,3.947556422872646,1.055107512687357,0,0.6433362224524755,1.3362987063366316,0,0,1,0,0,0,2.64854448485892,0
5.950309256450923,7.144395575205444,0,1.930343666510032,1.008640741927179,0,0.3962948912599647,1.1517377650790104,0,0,1,0,0,0,3.125954825320174,0
14.096184985984104,13.444133417634557,0,0.8693826988632737,2.1159767250685193,0,0.641769089311111,3.357109636167822,0,0,1,0,0,0,0.8338750764090721,0
10.114565830810621,8.029353021141036,1,0.3808059042212203,2.4095762725762313,0,0.8907686267203531,2.3026640004506342,0,0,1,0,0,0,2.191520736758398,0
3.941552006847832,2.2785644652370363,0,0.4729502976543817,1.4204897977757567,0,0.5480923732467097,2.0513173937084055,0,0,1,0,0,0,3.0910833746241897,0
1.6034407558561377,1.2853026865379586,0,0.1583832046341389,0.1363172994503324,0,0.19111613134493627,0.1439025955424078,0,0,1,0,0,0,0.5050916477826424,0
5.418948515055831,8.571889368341296,0,0.16674022518362838,0.31015666081978244,0,0.4172122551220363,1.4375610081926158,0,0,1,0,0,0,0.14397089214568132,0
5.62146537937198,7.496934974493974,0,0.117870551524595,0.8482528503879336,0,0.6082114714391953,2.1402097960445996,0,0,1,0,0,0,0.2024334516872126,0
2.2993543011420883,2.614596526108466,0,0.33952892338887986,0.472613441554071,0,0.7931737537484577,1.2990734930549048,0,0,1,0,0,0,0.4114326659410019,0
4.282722473510742,5.9886535945266735,0,0.17649207387474852,0.49142590885395754,0,0.4410977335629219,1.2398474724043038,0,0,1,0,0,0,0.13591881248092758,0
9.596808721465187,14.297395103251153,0,0.267609369857762,0.6433671256492308,0,0.22884739805941995,3.1272563745746886,0,0,1,0,0,0,0.10118774338249202,0
7.130219988283646,9.718143265242253,0,0.062497781384486965,0.8696658824903027,0,0.625570792769619,2.904397955789504,0,0,1,0,0,0,0.33070338530207766,0
3.8918116188841383,5.041366015279551,0,0.21217905397342793,0.5135223879391266,0,0.42199910121021256,1.5425817003827218,0,0,1,0,0,0,0.12072537046811452,0
0.7519010885549429,0.4849059526722763,0,0.12051284592546248,0.19424189726240734,0,0.2581537472737249,0.457801082278657,0,0,1,0,0,0,0.08594216702898211,0
1.9470474008413512,2.823746302330916,0,0.02832955409857733,0.08117313182977544,0,0.050254121366922956,0.3310437973408345,0,0,1,0,0,0,0.06704852123206141,0
4.596585655033295,6.769290889029895,0,0.09151007386013024,0.4357705362114243,0,0.3529543581409015,1.5154703294382834,0,0,1,0,0,0,0.2796728466285872,0
7.090202104393005,9.943025634167604,0,0.11647148632899933,0.8462071235163255,0,0.4648415087553075,2.9041375842927737,0,0,1,0,0,0,1.1155060733929454,0
4.6122832679687535,6.078846854744452,0,0.23661759664452553,0.838961898472195,0,0.534021872628097,1.8543159212652958,0,0,1,0,0,0,0.08356193987117937,0
2.9361559359108744,3.405567054328245,0,0.44830710606275515,0.4464650754591112,0,0.6843534819052347,1.3148065568479115,0,0,1,0,0,0,0.7513098592382489,0
3.273731956128559,3.0325812475106115,0,0.2869780342484814,0.3769091774906542,0,0.4615257251294525,1.353576442542755,0,0,1,0,0,0,0.10988997082045845,0
3.568270746359586,5.145049996811523,0,0.2719361296216734,0.16085587210808056,0,0.7134296070595602,0.7210075858000202,0,0,1,0,0,0,0.3194713436022134,0
5.676627860928969,8.012810104767098,0,0.25886313268710787,0.6480541168738584,0,0.34854887681078395,2.19875006245991,0,0,1,0,0,0,0.2511628165651769,0
8.975484222986376,12.90061885023051,0,0.12394847871506419,0.895058982249792,0,0.28887998419644145,3.051647358426235,0,0,1,0,0,0,0.20315167070196455,0
8.977179907227637,9.82394186612329,0,0.14722848408147304,0.9151942008016427,0,0.32733334925007496,2.9063361262072234,0,0,1,0,0,0,0.5679379339882547,0
9.135615983823183,9.82361357781199,0,0.25364994684406106,0.41941991801771117,0,0.6386986139604649,1.9524731120436658,0,0,1,0,0,0,1.7001328289530089,0
2.298002174302297,2.0785801968467457,0,0.08756231750386495,0.28045366984869025,0,0.33566695901060595,1.0508302675149972,0,0,1,0,0,0,0.11813724400360998,0
1.1097838784005107,0.8729262561354378,0,0.3591351350264571,0.031814928655976044,0,0.3571606417157075,0.17030169011904825,0,0,1,0,0,0,1.0703073727960417,0
3.6950542086862432,4.783458836443919,0,0.23881104773938822,0.09320509499003678,0,0.1302359651467706,0.4153846992791481,0,0,1,0,0,0,0.6747079334983755,0
8.291266760977132,9.950621417537148,0,0.07003531659753877,0.8331009313721133,0,1.184007046464172,2.2937780529972214,0,0,1,0,0,0,3.0536732314543227,0
6.561267641695614,8.410733619884237,0,0.05678945964399983,0.8768577304168808,0,0.4841394615675405,2.6234487297951192,0,0,1,0,0,0,0.5721713146080768,0
4.2667247644611805,4.64331223297375,0,0.06111627411837106,0.22507992111810754,0,0.1433395852375942,0.494013605676665,0,0,1,0,0,0,0.34170372318492354,0
3.9166961007573615,3.188335514017525,0,0.1376676517089459,0.31720630235036684,0,1.6604538621034024,0.7646861014685953,0,0,1,0,0,0,8.537848662056367,0
1.373005706337352,1.1637707232238257,0,0.10786248064967738,0.09750236965964743,0,0.7603159506313643,0.04348041541618829,0,0,1,0,0,0,3.372295382959236,0
3.7555758660032916,5.816896800879234,0,0.060583172677790634,0.02376781840755067,0,1.0965853722577237,0.03203522686558842,0,0,1,0,0,0,13.828030354482598,0
4.1659075682042666,4.514455471848027,0,0.28067730831207516,0.11712567590196274,0,0.38571566972369553,0.05415130303230551,0,0,1,0,0,0,1.6081776881366998,0
2.4573591566987267,3.7706450266695035,0,0.12083787845321028,0.05345703449972569,0,0.06747352080760866,0.38845020771883376,0,0,1,0,0,0,0.24377211647588357,0
3.7881925412352864,5.122413706171365,0,0.028885443249005726,0.25592154892244956,0,0.2868713940035326,0.7679077513383328,0,0,1,0,0,0,0.11559633525436695,0
6.611002678811262,9.472543141252233,0,0.11997639744022287,0.698646722719108,0,0.3695963195451265,2.1282098811465904,0,0,1,0,0,0,0.09575255181514666,0
5.865355447629937,8.07842646315438,0,0.2866110598632319,0.7853869859916345,0,0.7792341496577564,2.5804655047524383,0,0,1,0,0,0,0.09878539380086823,0
2.9703558496799776,3.4940982141675105,0,0.3574803125940592,0.49388595005951275,0,1.003480599280142,1.623986729731942,0,0,1,0,0,0,0.11894629061001394,0
1.6228924466299928,1.895876888750671,0,0.2685937876359781,0.3291922731569856,0,0.48663507578634235,0.9053614971716362,0,0,1,0,0,0,0.1436890857803896,0
5.80699177974431,8.57705330306244,0,0.22977237558169816,0.37851721661190485,0,0.5615097068546134,1.6024378733159994,0,0,1,0,0,0,0.09014433692851367,0
8.048218785290477,11.720514332578093,0,0.07515285904427818,0.7782892122088988,0,0.382468804014477,2.6538425266409953,0,0,1,0,0,0,0.3324408555444968,0
10.984510741533695,17.083213855501402,0,0.24418976854534918,1.0306049611018895,0,0.8196834040544145,3.443576366274697,0,0,1,0,0,0,0.17790903586763412,0
15.48425907740955,24.618940925323834,0,0.3006847293873256,0.5753452291996437,0,0.5420336987373617,1.6465531351337865,0,0,1,0,0,0,0.0880637581899633,0
6.200717250067625,9.270782699766427,0,0.5310328556746661,0.2718051461398683,0,0.6909399043378657,0.4502257671922023,0,0,1,0,0,0,1.2090504386575087,0
9.648268136448642,13.70227933046907,0,2.025867364985568,0.44244345452066836,0,0.43830001043662614,0.8447029863766482,0,0,1,0,0,0,1.5317729491056016,0
16.20771833118496,16.78583534211366,1,15.61988754435054,0.7077059407830653,0,4.635300484944093,2.1843200394204736,0,0,1,0,0,0,44.18094739971099,0
5.30028528443154,7.010413083838504,0,0.2769740128448276,0.7568514273474043,0,0.743043659029394,1.7565416329731007,0,0,1,0,0,0,0.8209418078924196,0
3.7993232172310347,3.74613443699397,0,0.8242715630058672,0.5028610319363982,0,1.153499000197359,0.9958609233050416,0,0,1,0,0,0,3.0996166537332335,0
1.3675903664306146,1.59286011183753,0,0.22561557748325273,0.1471535049200663,0,0.30210634442108697,0.29296376661408463,0,0,1,0,0,0,0.43034362061986875,0
2.7907406337241145,4.091663591598666,0,0.07494213754694683,0.08305491091440483,0,0.07315079488886642,0.4440555544218241,0,0,1,0,0,0,0.11861177630647672,0
4.200339193296762,5.913478514763801,0,0.18908704255736225,0.5234441470841518,0,0.4292332257721256,1.9120673971032875,0,0,1,0,0,0,0.39393084505160314,0
4.00129749379038,4.348850722087588,0,0.17973512570660993,0.7306594512819964,0,0.4933981945146765,2.534745431454529,0,0,1,0,0,0,0.24549580547862354,0
2.4866912961649126,2.9238090271523856,0,0.25414346161801726,0.4824742761121692,0,0.8258671886420679,1.5159337886492814,0,0,1,0,0,0,0.3875732862957238,0
1.9174031121959727,2.3789281856758064,0,0.20768960375046114,0.26512316243494405,0,0.7187093588360285,0.7341792963024592,0,0,1,0,0,0,0.3394352492031921,0
5.7815476503281005,8.614626843578,0,0.15608072075035806,0.3766188901572355,0,0.372530549350321,1.4318220032442417,0,0,1,0,0,0,0.6210218005954135,0
7.810317786973317,10.881970525603801,0,0.10376887953214531,1.016145485859793,0,0.20918146939212473,3.3601958579683524,0,0,1,0,0,0,0.3328105744776405,0
5.345248416919205,7.23588481001579,0,0.19807272991966118,0.6705204410839745,0,0.5980640151978489,2.4373636462345534,0,0,1,0,0,0,0.9847518776487926,0
4.198271503508257,5.176910019780769,0,0.30764430845359503,0.5990963186012429,0,0.5070350742035142,2.1222111441362315,0,0,1,0,0,0,0.5273903289974784,0
0.9615355515460511,0.8655426701769148,0,0.1961728247293459,0.18595394651389138,0,0.41618059789779405,0.6690988305270793,0,0,1,0,0,0,0.044644344413684076,0
2.534849918235696,3.2065421056039938,0,0.2342847904814825,0.21895768667589743,0,0.8002504659127543,0.8404868375946951,0,0,1,0,0,0,0.14647577613185497,0
1.6713903743538299,2.328518685862815,0,0.167145731846071,0.13252931173433696,0,0.6027113031372466,0.3905819957496881,0,0,1,0,0,0,0.3314960659847198,0
7.176987501069424,10.43498953651776,0,0.17470195698950944,0.5980714337154485,0,0.31118502291113714,2.2959899269038093,0,0,1,0,0,0,0.10708934913360768,0
7.458508395485541,10.624105840521565,0,0.059840712439229525,0.685596178873687,0,0.22850078949083064,3.0260367695141266,0,0,1,0,0,0,0.36271984389733203,0
5.518457347657922,7.637088176131458,0,0.24161754226175558,0.9896434183886761,0,0.5715755375229084,2.710039474441494,0,0,1,0,0,0,0.2359123137287744,0
2.002327718796331,1.8714097201439877,0,0.24716660096788817,0.4195163637549557,0,0.5201900066080949,1.1806618988985438,0,0,1,0,0,0,0.16582443798722513,0
3.228583312107896,4.671243331056415,0,0.1482909746172207,0.21699518953416885,0,0.587706569370916,0.8176794173980337,0,0,1,0,0,0,0.25340829896623035,0
8.796696331844482,12.53373522126538,0,0.1471847245325496,0.7062066662452848,0,0.23108206260863315,2.6481782930598095,0,0,1,0,0,0,0.388487270815817,0
6.269772417318265,9.623586111779398,0,0.15231416008937207,0.7401920722650577,0,0.460145980415842,2.5108631401333135,0,0,1,0,0,0,0.14525244533192144,0
3.7459960111372164,5.1198339244356665,0,0.40174042232934487,0.5133764536228824,0,0.8600537775584118,1.6451726641932187,0,0,1,0,0,0,0.28878654419355276,0
2.861832208768263,3.7002293595534934,0,0.2152627218650495,0.3508187988369198,0,0.5277098211893397,1.1467745752224534,0,0,1,0,0,0,0.13251749919438138,0
7.472696617878676,11.03558906649209,0,0.0782185318573932,0.7446439636749007,0,0.26619803416700866,2.6514667252353683,0,0,1,0,0,0,0.2501334273283049,0
6.6554083905788115,8.969925150428338,0,0.12353102508822852,0.9637509636844912,0,0.5578886750868972,2.6870090513602274,0,0,1,0,0,0,0.15039828782173792,0
3.2938708115075537,3.9402913566611883,0,0.1868016706327344,0.512481455905749,0,0.37875417411026824,1.3403808882405448,0,0,1,0,0,0,0.24805608064025902,0
1.5387929978595494,1.7613059059656881,0,0.02214159547774325,0.08114181735467274,0,0.1519613798736963,0.1634247664973834,0,0,1,0,0,0,0.3136996291392242,0
6.983152136604821,10.464010802587286,0,0.14931312836198662,0.8631904753886059,0,0.2454212280454974,2.9370187878308984,0,0,1,0,0,0,0.3463537175026984,0
6.9877418746152715,9.421523999153198,0,0.42267586814195957,0.8591666581608401,0,0.5456539612229494,2.7288752055982632,0,0,1,0,0,0,0.23516108806516436,0
3.2082041391526985,3.5744308378051097,0,0.18249421465220508,0.4281435070053813,0,0.5444540216021955,1.0678157435693354,0,0,1,0,0,0,0.7734601149863932,0
3.349249753111191,4.6762481925618715,0,0.20038793048863313,0.22737872465217482,0,0.6631472006546683,0.8870945103626007,0,0,1,0,0,0,0.3371072206110094,0
6.235713669157153,7.437461756304895,0,0.37217545658784923,0.4110916650991638,0,0.42846843532728573,1.549079862277503,0,0,1,0,0,0,3.142402853576926,0
6.147072507346027,9.057573214509643,0,0.19836747647408182,0.8101648259225016,0,0.7198236095762757,2.549664484206067,0,0,1,0,0,0,0.35899902324080457,0
4.776116688446583,6.1706947929585025,0,0.3089734902947141,0.4559866073944586,0,0.7662819637458693,1.9935714746637916,0,0,1,0,0,0,0.35568144863459616,0
3.3203341342064903,2.3465529755629193,0,0.2785778178091144,0.24450753351511673,0,1.155962638382203,1.1100631633573101,0,0,1,0,0,0,0.9799621598450615,0
7.692052901871509,11.074880471649788,0,0.07218781910124258,0.7035640365811751,0,0.4237666945316442,2.155113276746953,0,0,1,0,0,0,0.39502138631355416,0
7.4362941456220435,10.158129728140496,0,0.15595144397608907,1.1122979927441183,0,0.3765380719170571,3.009055125307764,0,0,1,0,0,0,0.21977746647239624,0
5.5238993369903655,8.065087474338254,0,0.26050697590951666,0.7338722477757824,0,0.5477033796486311,2.280416437123737,0,0,1,0,0,0,0.2725202773590306,0
30.058737213070376,34.90390761459116,0,2.7750106343303482,1.124400405203553,0,8.441009413259327,2.103015022658525,0,0,1,0,0,0,90.29920274562264,0
22.350527973782114,12.210988154596743,1,39.126165738136116,5.99223193449435,0,6.753737466880697,4.997531816609344,0,0,1,0,0,0,16.204689153201148,0
15.09729556114899,14.909764251285802,0,1.7929759176947666,2.4057891246130447,0,0.18854420236071984,10.306783994764439,0,0,1,0,0,0,1.2725888585718819,0
5.086698846055223,7.759366034179809,0,0.2528882287614453,0.4557556633741239,0,0.2815586525885164,1.652288253009945,0,0,1,0,0,0,0.47035081211671725,0
45.34818596893854,59.84347400977067,0,156.77262257303204,0.7383022852565759,0,0.7817707474354241,2.727933855125746,0,0,1,0,0,0,146.87393459775743,0
4.891544865651245,5.834839321762537,0,0.2944585153249233,0.6940254851393057,0,0.640039312724765,1.9824773250451684,0,0,1,0,0,0,0.32240663239750905,0
3.9183663393471786,5.25131861674966,0,0.17588621734829568,0.5530225844201551,0,0.7704821560330843,1.6680915757759178,0,0,1,0,0,0,0.4332252462498652,0
1.4871695035816637,1.3127788075440614,0,0.19020410195973425,0.38299779887503077,0,0.7831112686479229,0.7570833985994598,0,0,1,0,0,0,0.39292490932031365,0
3.198840908489966,4.660913332509506,0,0.2359389963630522,0.29495070313135985,0,0.3226742431922671,0.9710339641812102,0,0,1,0,0,0,0.31032854906239454,0
7.210757880506769,10.677402420957314,0,0.20373137067816216,0.5272929376103904,0,0.2084677939727552,1.7182554420880365,0,0,1,0,0,0,0.3514384273923667,0
8.7830454302126,12.783024049007553,0,0.02805985985855239,0.9605989916532284,0,0.09843539893922684,3.227777424858809,0,0,1,0,0,0,0.1385820029246842,0
5.355660452237363,7.587380655428023,0,0.24110816512610977,0.7848503692895582,0,0.6930252873874132,2.252492287477792,0,0,1,0,0,0,0.3286176206440991,0
14.406063591770863,13.673096163966024,0,6.468784733404041,1.1537410220316122,0,0.6241484721931678,2.3173095945092568,0,0,1,0,0,0,12.272824090447461,0
8.536043512846199,2.2121544797253954,1,6.761796496491614,7.454814009800578,0,2.4140067517096195,1.727560251816027,0,0,1,0,0,0,8.468817442739805,0
3.7669669223764,4.338198295476026,0,0.2716042148998479,0.6288160030687375,0,0.2964741900338299,0.9369033634584075,0,0,1,0,0,0,0.7105651257837472,0
4.951501004798755,6.772317258576979,0,0.25936178138088045,0.6133860322244565,0,0.7581128164747903,2.5421002651801468,0,0,1,0,0,0,0.2307234735645169,0
4.408623720481534,5.689663441271788,0,0.289418771822043,0.6953196177627279,0,0.6607394149427097,1.6410266025327163,0,0,1,0,0,0,0.22328647576064153,0
2.7470306074161304,3.8101857849208383,0,0.2074645909113671,0.2562744605266007,0,0.8217244788695343,0.8449788183047717,0,0,1,0,0,0,0.37142378752804434,0
6.3563152586182525,8.912984118464134,0,0.08783932299071112,0.5945481351333534,0,0.15384600198068274,2.278752281631598,0,0,1,0,0,0,0.07969381898393736,0
7.206624219953682,8.950036848225858,0,0.1801246407948473,0.9924158316821989,0,0.40800710054864825,2.6320374598063694,0,0,1,0,0,0,0.8314390249363126,0
14.157429653573477,10.110820923118151,0,4.898010937540194,0.7827139418909108,0,3.1473222109934467,2.0606303997452695,0,0,1,0,0,0,24.37282184017078,0
1.4690705309105454,1.2053938586623454,0,0.2096464542649481,0.08280860574084731,0,0.3361587432411896,0.304082572714801,0,0,1,0,0,0,0.5978669630722051,0
3.832130529638848,5.727968381218674,0,0.09130513946277743,0.23910196893531374,0,0.2663629443869175,1.03804985001193,0,0,1,0,0,0,0.05774885572092274,0
5.4941219604904425,7.457800340017375,0,0.19491347163255057,0.700343279605047,0,0.4962820377365689,2.281232492120587,0,0,1,0,0,0,0.20664124623903873,0
2.714816071780146,3.3849495900718587,0,0.2861632001219808,0.4413877613436609,0,0.9454811844349192,1.2478745606008534,0,0,1,0,0,0,0.12983086796839455,0
1.9190216230061836,2.3975133819080283,0,0.21324900880821662,0.28637540270799605,0,0.4940602070379003,0.6213369845499142,0,0,1,0,0,0,0.13484870026706589,0
7.745083673512739,11.570726995880642,0,0.1664644019321598,0.6454680243227291,0,0.34939087125076485,2.5968074893829045,0,0,1,0,0,0,0.12094677198831319,0
6.746388652297613,9.90873537865477,0,0.16510516543308154,0.7800204250486902,0,0.41589429735982075,2.5296636463598823,0,0,1,0,0,0,0.33448709544006017,0
4.688711827041834,6.217414078698756,0,0.27357085376048224,0.9270604898194912,0,0.6718002492544382,2.4811000072149123,0,0,1,0,0,0,0.18221681526824568,0
1.8939818439915945,2.3469019458988254,0,0.27345946677667066,0.4645309114669578,0,0.4458497835731604,1.2282849762429007,0,0,1,0,0,0,0.16597451875628866,0
0.7954802769787261,0.6188267342669065,0,0.08460897828153542,0.20286534075486146,0,0.4198790021023828,0.35337691868037563,0,0,1,0,0,0,0.17990174788365149,0
2183.891684243618,3773.7164207351234,0,545.3525867986598,0.7624654622417435,0,1.183621528259151,0.4837139063068256,0,0,1,0,0,0,8720.158047056924,0
2329.435455441476,4019.562772588738,0,926.9899062047682,0.37392192683252606,0,2.1648359089058866,1.7117120827473202,0,0,1,0,0,0,9291.509722699744,0
4.012065206464081,4.5781281888310374,0,0.22634809804187284,0.6248689410641166,0,0.6699027544471524,1.697251868365705,0,0,1,0,0,0,1.6337177920097308,0
2.6287984013993673,2.688498668049771,0,0.2007992386993806,0.5598889710568817,0,0.5348138859431595,1.2290373927808331,0,0,1,0,0,0,0.7507462267119084,0
0.9913793050424364,0.8254958583483029,0,0.40059421501333137,0.1717778211571943,0,0.479148705924793,0.4021173060414534,0,0,1,0,0,0,0.22590341374417378,0
0.7434529322725297,0.3308596074988012,0,0.09119543293464828,0.09838333414309205,0,0.3536623801178197,0.28232971496684545,0,0,1,0,0,0,0.8248554908021806,0
2.5466306500654916,3.7253418498908077,0,0.08534428759634208,0.10272622128011441,0,0.11382739913644375,0.4402818172343893,0,0,1,0,0,0,0.19154611368797103,0
6.320850626886136,9.28433743691268,0,0.07562718779677566,0.5030305386226439,0,0.35135371737808013,1.8788139864028426,0,0,1,0,0,0,0.11223356075312924,0
5.287440508273033,7.928024395614621,0,0.21954396746233704,0.5020745131744434,0,0.7574054376934727,2.0398271953375096,0,0,1,0,0,0,0.37711613238702557,0
5.3874554590122745,7.49553399443206,0,0.1821029819640228,0.6569359314856136,0,0.5385511228958346,2.3663321691665162,0,0,1,0,0,0,0.22344828295055727,0
3.7888298892747274,5.345522725505333,0,0.30700031479999074,0.522481409837122,0,0.7822960216815007,1.636634949041421,0,0,1,0,0,0,0.26077053555804675,0
1.5927157300912167,1.7258840459542624,0,0.34758611972200676,0.4268096695492094,0,0.7079488644363111,1.2569517744791485,0,0,1,0,0,0,0.07999522289986968,0
0.6967464012860608,0.6763272492600809,0,0.19101305087700443,0.13241286216679646,0,0.4259416331328819,0.40280910349183796,0,0,1,0,0,0,0.13236634820464116,0
1.013597100895061,1.067126272613378,0,0.08799229804468436,0.05902246086463153,0,0.1256769381672,0.1414231871119077,0,0,1,0,0,0,0.4449010278501322,0
5.481141907799957,8.46270227119037,0,0.046261682465403575,0.19570864406868224,0,0.16437736448055545,0.8733879373391553,0,0,1,0,0,0,0.13381274497077972,0
4.967032540086498,6.873794976406377,0,0.1590169209711345,0.7199436227036573,0,0.6501010209192803,2.8514069645410687,0,0,1,0,0,0,0.28324952815546856,0
5.132789340258805,7.02883516705259,0,0.38416684899232895,0.5998427002437035,0,0.9229174185167985,1.8924579521160696,0,0,1,0,0,0,0.4171761375487243,0
3.778221760524822,5.170109411210918,0,0.28702981951834283,0.5738801180638164,0,0.5833349314153449,1.563743568610417,0,0,1,0,0,0,0.3086712093051437,0
1.4458756635830292,1.4220827883222942,0,0.14361641787231444,0.22548044799207567,0,0.3980286789830221,0.7790672072772094,0,0,1,0,0,0,0.12956308483599016,0
2.501877689725381,3.7576003901684114,0,0.06480790277662103,0.08196460846713452,0,0.23797570339999477,0.30510943700323223,0,0,1,0,0,0,0.3396898537899954,0
7.108925412292788,9.072257568995354,0,0.2680710652954182,0.6937916707304538,0,0.6451017357516257,2.3320341639209206,0,0,1,0,0,0,2.4106076830578695,0
5.959665710973191,4.915298993823176,0,0.5457638462284979,0.5174689849572212,0,0.9942517695393854,1.4792446305216003,0,0,1,0,0,0,3.0373509947403274,0
3.469924971407709,3.5590235905239043,0,2.9214783017182846,0.3659989692372773,0,0.41980509959452594,0.9721706569740804,0,0,1,0,0,0,0.44107249319151,0
10.10262139963978,14.553714754222213,0,0.9825317142744272,0.9413583444185472,0,0.2712968019810813,3.031635796499745,0,0,1,0,0,0,0.6758920762667024,0
7.316102425690439,10.062627663756112,0,1.2531465857724438,0.4887970030945762,0,0.6467673280484508,2.120761001076696,0,0,1,0,0,0,0.9754134032199839,0
4.51623098879082,4.459496209013924,0,1.3166972758674245,0.22698911135455754,0,0.9279452438242337,0.41704665230978044,0,0,1,0,0,0,5.2388065215033,0
5.232604312680202,8.103585817021505,0,0.052514043828664925,0.19167293329397206,0,0.13594780381633548,0.9742322464356009,0,0,1,0,0,0,0.11844344029411724,0
5.037648820706799,6.606410642776073,0,0.20178258975684962,0.652510117459185,0,0.6695769463687192,1.9599408727765693,0,0,1,0,0,0,0.36207268093853884,0
6.507105482146937,9.784010566222998,0,0.32402469679570756,0.6315837300734636,0,0.6179202408154802,1.7308920381782487,0,0,1,0,0,0,0.05828610874943375,0
7.759932139983755,12.154926673815984,0,0.18082488085818244,0.3122997289851844,0,0.6544212596511054,0.8432149559892306,0,0,1,0,0,0,0.2528880410287422,0
36.706590035265606,61.511243968296675,0,0.2988819825141331,0.7604239551424372,0,0.5935617441364616,2.41028600356277,0,0,1,0,0,0,0.19496839311221376,0
18.717615903262,29.895473283181783,0,0.4616865755500982,0.6852284038582415,0,0.6267652331777113,2.2155083313014,0,0,1,0,0,0,0.33451520948579533,0
15.667777787052145,25.17019231568595,0,0.31066628901468224,0.5007178916055713,0,0.9852385181246923,1.428888804611369,0,0,1,0,0,0,0.41486305375630567,0
2.5420611808420706,2.659740235046448,0,0.13209547459080911,0.6626995257580408,0,0.5290839741411015,0.8941028724032375,0,0,1,0,0,0,0.46285856789113855,0
5.940184043880049,9.133619964716484,0,0.29626267747741963,0.18104198400715144,0,0.5646860379402017,1.3097904692497033,0,0,1,0,0,0,0.21025862245244292,0
6.450097125506353,9.651336509180434,0,0.0827797485837635,0.6725886527170495,0,0.11634265966109154,2.398974930009903,0,0,1,0,0,0,0.2473323643704533,0
9.18751883961376,13.115222213788815,0,0.13271793736396123,1.2682122793185098,0,0.439790284360431,3.3106742207092177,0,0,1,0,0,0,0.19056112407142584,0
5.618630610768925,8.105057517057613,0,0.29927254649246604,0.8090284896260449,0,0.6444756137485873,2.529290093647247,0,0,1,0,0,0,0.1013547157166039,0
4.049116588595339,4.221105055091594,0,0.42577728969766127,0.5381595008161374,0,0.5990047804212575,1.5497421584167066,0,0,1,0,0,0,1.4588745191451395,0
5.937215703953081,2.412002670442773,0,12.838349985265406,1.0699077792113645,0,1.6639446591009177,0.6867871787825877,0,0,1,0,0,0,4.390193912483737,0
6.634406288004827,7.303982386606626,0,2.5715748506742138,0.7946673470228729,0,1.7268124742816184,0.43358037937134797,0,0,1,0,0,0,5.760975865475075,0
4.808112632269411,6.169677216154943,0,0.12020852026449941,0.19988007042763825,0,0.5034653908738944,0.9604404999796471,0,0,1,0,0,0,1.9718495550960244,0
7.981410605676224,11.852553616306096,0,0.2031391982770035,0.9687148428169281,0,0.6106604248104669,2.6215323323427207,0,0,1,0,0,0,0.1187046752421885,0
4.664381133162712,6.158514234950055,0,0.2965311137915828,0.6083062224416889,0,0.8622800011270748,2.2686360872109494,0,0,1,0,0,0,0.21464924337260297,0
2.408183062113122,3.1377880718019044,0,0.3178153938816338,0.4401770627496683,0,1.0323244693843796,1.1684230776769682,0,0,1,0,0,0,0.11689932840835923,0
1.9812772094134738,2.377322144359821,0,0.24371434169944733,0.2717926715746788,0,0.6901599507921032,0.6344850185409352,0,0,1,0,0,0,0.19785777129798965,0
0.8708297239196241,0.7261301657760222,0,0.08493802536549815,0.0514166411922064,0,0.2474168979316192,0.078276753594223,0,0,1,0,0,0,0.5398653379785794,0
4.101933555122869,6.547515896385082,0,0.0859071057796148,0.3048758250854045,0,0.2527698674925474,1.305992046500048,0,0,1,0,0,0,0.16192437000809415,0
7.582300727378072,10.59630959278333,0,0.21581818772348693,0.854042893104979,0,0.5732414688210989,3.7802338188451836,0,0,1,0,0,0,0.33974038271263096,0
6.688453012874935,7.0514197194046515,0,0.1861807909152099,1.4563257458776864,0,1.0640625278110212,2.1946516145972237,0,0,1,0,0,0,1.0728470513285735,0
2.066025778882386,2.1526337570739686,0,0.201704891284613,0.5193023911697521,0,0.6963179794608694,1.5141811629867068,0,0,1,0,0,0,0.3471162878519299,0
0.793913694685149,0.6402304691338812,0,0.18616851334073561,0.10380414727341639,0,0.2942269303744139,0.28491898946287975,0,0,1,0,0,0,0.29744725360483937,0
3.7804939777122217,5.7022784888150655,0,0.0446814057330875,0.21809906773780563,0,0.08092042167664082,0.6203785045990367,0,0,1,0,0,0,0.2092198053993587,0
7.285899147742801,10.94210855434201,0,0.21318402606318257,0.725834797447962,0,0.5650798224899554,1.93955813932344,0,0,1,0,0,0,0.2221696298728555,0
3.883930446738465,5.392538925726106,0,0.37057599196221047,0.7659467704461771,0,0.8255001214953483,1.6670590337340263,0,0,1,0,0,0,0.2684748708181757,0
3.8504231225894463,3.8676228581361483,0,0.2748315725213571,0.4245845777641666,0,0.6794914421215041,1.1537950775179908,0,0,1,0,0,0,0.6475518336936065,0
16.415267210911367,19.31004910064857,1,40.13250670358971,0.5767658246017406,0,6.337088841477625,1.5245945227925766,0,0,1,0,0,0,49.38965685925548,0
22.63321854888155,17.845375593141874,1,3.7724003498032874,24.42918366386754,0,1.5889279475780074,6.055847029697764,0,0,1,0,0,0,7.7208587939493265,0
9.10621893876377,10.461319700266474,0,0.3811850255463227,0.8133080564412544,0,0.4832733986845859,2.6891054264682097,0,0,1,0,0,0,1.550667373999072,0
4.5899163802300755,5.596733705686466,0,0.2081412172747968,0.6119872930106154,0,0.637109061742626,1.9831086715817001,0,0,1,0,0,0,0.48423291056769857,0
2.464421010346485,2.9265615956903352,0,0.14200330243633452,0.42205329581071693,0,0.4037130300507006,1.1207451381694078,0,0,1,0,0,0,0.4507789863511184,0
1.7480671754701453,2.463441317593397,0,0.06015962216812709,0.06005937326283856,0,0.1225566301716471,0.16074663251196702,0,0,1,0,0,0,0.19159348173401458,0
7.303239630430692,10.870938414303977,0,0.1613519590264957,0.5771581003821586,0,0.36713200392525636,2.188408054716829,0,0,1,0,0,0,0.4025599628536372,0
5.306256098012704,7.182712174552089,0,0.2030191258187969,0.7886576917604351,0,0.748899127377797,1.7249207815565644,0,0,1,0,0,0,0.12085340202062064,0
7.328294700390263,7.933465367231098,0,0.8946399427666362,1.1686030281651552,0,2.076419750334007,1.6837428561719572,0,0,1,0,0,0,4.988281770536355,0
11.355670163182545,7.593075018533286,0,58.370685674565145,1.404021381589342,0,5.331923558171617,0.599349916805683,0,0,1,0,0,0,23.314996500737134,0
3.3777338070302036,3.9267797603763244,0,1.434136550255845,0.5470394441286414,0,0.23067869029800267,0.18081894196913828,0,0,1,0,0,0,1.1253318474988143,0
4.108545094114648,6.384555418700887,0,0.04276946412292186,0.18543022659305064,0,0.13694375872538037,0.6540232365871708,0,0,1,0,0,0,0.05632991947201882,0
6.79139378398038,10.180913630107584,0,0.19022027748595005,0.46388510411186823,0,0.5415148293338973,1.7433189665178852,0,0,1,0,0,0,0.13099022054872056,0
5.973010560994769,7.592103351605118,0,0.5594880898040994,0.8471711819519264,0,0.5842362041422378,2.4828410691751515,0,0,1,0,0,0,0.9432961144834553,0
4.073785072125614,5.278008874631957,0,0.2684512928172387,0.5154960188198572,0,0.9674242753307505,1.7260566216791904,0,0,1,0,0,0,0.37315081099376635,0
2.0957043435620757,2.601175971407126,0,0.23446187815282063,0.2204898599945511,0,0.6502644774249766,0.7665153960439259,0,0,1,0,0,0,0.39461360060294315,0
5.4844033301354616,7.7230180383413565,0,0.07449114489975661,0.2758024504533132,0,0.4094246916025652,1.1535403398939827,0,0,1,0,0,0,0.3176221649022984,0
11.646080430846371,17.830796798584608,0,0.0828048320697374,1.0001748203907073,0,0.53929785582103,3.054825333649766,0,0,1,0,0,0,0.2925059427607348,0
7.038258412599162,10.15945082127428,0,0.19685839120119858,0.5226716394258014,0,0.503947717258195,2.093187066020698,0,0,1,0,0,0,0.2551497086462693,0
8.774690451270336,12.769800903784457,0,0.19612391784838645,0.7892085078344612,0,0.7492667705887726,2.0713353290878374,0,0,1,0,0,0,0.34664448885887583,0
3.1043510687619515,4.269655717617229,0,0.27189109777706466,0.46421610748988446,0,0.8496545611674294,1.3106018763441771,0,0,1,0,0,0,0.18296574236406,0
3.9197218890211483,5.852352963246214,0,0.18388337864363472,0.2871219249650409,0,0.35780396786216245,0.8833374722360486,0,0,1,0,0,0,0.25662941160093355,0
9.9783391459664,14.667613050318785,0,0.0757570663599812,0.8799819556596495,0,0.1865085299775257,3.366062296486276,0,0,1,0,0,0,0.3662243024248682,0
5.54886466818038,7.662975546421221,0,0.267696842839047,0.8191424764852808,0,0.6436563505604127,2.2552648919954983,0,0,1,0,0,0,0.05041058243807612,0
3.366142265871984,4.7415519294822985,0,0.23679002202717048,0.6232387931576638,0,0.3116182180523812,1.8386996304728362,0,0,1,0,0,0,0.1546151651554663,0
3.2614546344578286,4.684288224142226,0,0.2126410938959685,0.2064086388860089,0,0.5799073599379967,1.0804243258247204,0,0,1,0,0,0,0.1020662884995634,0
7.0033630764703805,10.465575968617491,0,0.15217806216292917,0.5424872355082544,0,0.3654549932012494,2.353832361169184,0,0,1,0,0,0,0.05671181666418536,0
8.399014022436715,12.479039033172414,0,0.10744732715430155,1.0821814509840055,0,0.3960580608976022,3.3591037783367996,0,0,1,0,0,0,0.22260307002038934,0
4.480996491497209,6.630219093665203,0,0.2764726450722147,0.7290650011277395,0,0.5918053400807877,1.880571813515921,0,0,1,0,0,0,0.2189442795748737,0
0.877413569620553,0.9209169291986722,0,0.13796959257938685,0.23763697382094942,0,0.3262181777885854,0.36458916011727494,0,0,1,0,0,0,0.2201366274951425,0
4.6038880447466815,7.1391277082515705,0,0.03127927299336645,0.12874068685141812,0,0.20022233354593255,1.0430190762725402,0,0,1,0,0,0,0.20881180666993382,0
8.66544759313647,12.505029321710614,0,0.18405514932005063,0.9835754282836817,0,0.4063747146973049,3.117001706982621,0,0,1,0,0,0,0.30583352782264334,0
6.571934535838355,8.659162067703363,0,0.28002612480044964,1.0045111172416812,0,0.4572561253997445,2.370103381445866,0,0,1,0,0,0,0.3338270535729284,0
4.039243081807401,4.234635545653818,0,0.8577454208782529,0.8139102863733925,0,1.4428305011169953,1.8205746392619009,0,0,1,0,0,0,2.7190829283626528,0
3.6382023704945468,1.2975380209567084,0,0.4923906343462406,0.5080235596679361,0,1.2681238798023,0.8492672298410168,0,0,1,0,0,0,4.881464868387663,0
1.1203283751918744,0.8374977802719324,0,0.11427285968081285,0.11264606816742842,0,0.10498325826442248,0.1285462302502774,0,0,1,0,0,0,0.49138568470815536,0
4.3994434637035305,6.91997051135694,0,0.02863773573163326,0.16796249940475216,0,0.17845665966467172,1.0742600111215026,0,0,1,0,0,0,0.20415811171158726,0
8.531991567186585,11.76559416178667,0,0.238275225859693,1.0271264172181807,0,0.5704391020485857,3.3355787352863944,0,0,1,0,0,0,0.5223311429418228,0
6.266180784341154,8.655337325429231,0,0.1368611341588912,0.9255262647755107,0,0.4988333429657501,2.910443038675427,0,0,1,0,0,0,0.3286507317015611,0
4.30972274334337,6.579876527207941,0,0.24259561554887052,0.6115694304279039,0,0.5264309356994052,1.732560615345046,0,0,1,0,0,0,0.09715337031418075,0
1.0421625145935671,1.0365778901308014,0,0.1449090045843367,0.21915785656222347,0,0.31554971858605363,0.48420216000992494,0,0,1,0,0,0,0.11130550792054014,0
3.389089941817776,4.647234397629399,0,0.17891858526307558,0.2812671570167896,0,0.5906411193783495,0.9008320163092138,0,0,1,0,0,0,0.21127278162961657,0
7.570323764886274,11.742736712589556,0,0.11661278723758262,0.5646946880460361,0,0.33472128526276523,2.0537275223002824,0,0,1,0,0,0,0.1438315094103108,0
6.52741376538896,9.966373078915394,0,0.14971250964109734,0.47992563837376356,0,0.45886615682193654,2.1237401504247346,0,0,1,0,0,0,0.07453989405297486,0
6.3970414056588805,9.126410844057157,0,0.1437838687388497,0.7178102585946635,0,0.4997914665603464,2.489074586425073,0,0,1,0,0,0,0.1719933412528826,0
4.901506507380708,6.6698070816673445,0,0.285301713440659,0.6035684531675574,0,0.6184832826571716,1.8759450391270927,0,0,1,0,0,0,0.1800034419087263,0
1.9337323027543243,2.2616906094800635,0,0.3342870908222796,0.3632102394123432,0,0.7393544151842931,0.9755039974575457,0,0,1,0,0,0,0.17446092832389914,0
1.7811178255811289,2.614841214985023,0,0.18454536403537924,0.24537740002363623,0,0.5679875664083169,0.46491341632524064,0,0,1,0,0,0,0.10633585900243117,0
6.998068117812039,11.143467649260296,0,0.22711002070855596,0.41663515284419084,0,0.42717900880084925,1.9612272909107387,0,0,1,0,0,0,0.09913576088429299,0
2.407247341770674,3.6685243477164713,0,0.02794075585425539,0.08712911061287103,0,0.10015830240089627,0.6636693321350197,0,0,1,0,0,0,0.054715447265888166,0
8.642427652682631,12.642871370353642,0,0.15124481923609204,0.682243112925311,0,0.4140822823669422,2.3125487322225453,0,0,1,0,0,0,0.1289552273388733,0
7.617196063369865,10.276197311382905,0,0.07610556403415021,0.9941785338684166,0,0.294834210637787,3.1733397812262023,0,0,1,0,0,0,0.2746062407897011,0
5.862666396756647,8.281905093338002,0,0.12102235770303293,0.8811589615650575,0,0.5585542523393199,2.3654659890185434,0,0,1,0,0,0,0.1493473253242533,0
3.8527905013715795,5.352068459994376,0,0.19900844218845642,0.454180006355724,0,0.5233151378221801,1.6141824876518116,0,0,1,0,0,0,0.16096549652866263,0
0.6608844994368721,0.5611629284851976,0,0.14458009745752287,0.23587630625347694,0,0.34536895679505086,0.5430727812844911,0,0,1,0,0,0,0.14979462243725003,0
1.284597951914452,1.85620459836424,0,0.05343070356548205,0.02473375636811972,0,0.11849796184150752,0.2408119144024136,0,0,1,0,0,0,0.1310951540897675,0
7.138493412278106,10.96201847577944,0,0.11545904426723876,0.6486183441067183,0,0.2017501558039398,2.5283737904272954,0,0,1,0,0,0,0.04941337891617274,0
7.072306155834568,9.296132028388486,0,0.32182594373705936,0.8650598704566791,0,0.26096596302488445,3.1733397812262023,0,0,1,0,0,0,0.40936315252118927,0
5.03112370200108,6.743559865008477,0,0.33823321613770196,0.7033671659784186,0,0.8524545258944374,2.064401225354904,0,0,1,0,0,0,0.5894307870103948,0
1.8913033494504248,1.9035455419573435,0,0.14465521771542153,0.37965103527145966,0,0.341150216993311,0.9352958963846201,0,0,1,0,0,0,0.05255275515390459,0
0.843839122986369,1.2539637537453705,0,0.1209707172341149,0.03219270325149315,0,0.21244723260927417,0.14891325291553714,0,0,1,0,0,0,0.1034241675506852,0
3.67042433241004,5.616134006805721,0,0.05924444735054674,0.13046499695836877,0,0.33836826243217116,1.1233314175507834,0,0,1,0,0,0,0.054936641623771584,0
6.632894461077512,9.436547931507869,0,0.2738631797222789,0.7454895921179527,0,0.45263587879924333,2.5040235675458646,0,0,1,0,0,0,0.12582845217706468,0
3.823747362465411,5.292971404285241,0,0.28843571779777255,0.6898577300648725,0,0.854322894493268,1.6041611400110185,0,0,1,0,0,0,0.08277051999245666,0
1.9488140281690172,2.654068987929651,0,0.307914459032263,0.2368780518930541,0,0.5277098211893398,0.7639965885406216,0,0,1,0,0,0,0.13936642141565708,0
7.949361654825879,11.700918598580392,0,0.08599766208297735,0.49106903906061067,0,0.3630614530585491,2.445826939849444,0,0,1,0,0,0,0.26325498400530367,0
6.23031316420828,9.023994133014732,0,0.23157462029863987,0.6199649572824065,0,0.5015732249967713,2.3287337568333863,0,0,1,0,0,0,0.27693860296193784,0
6.736325690578749,9.60811706901051,0,0.21408965499689506,0.9650807823257254,0,0.5208910783370299,2.2837260542279476,0,0,1,0,0,0,0.1672162890006768,0
3.3789495015416593,4.369772559397833,0,0.2789927790502564,0.5374018948930982,0,0.8179282705529702,1.3531751885530143,0,0,1,0,0,0,0.20934496165389627,0
2.9062558764117354,4.101828102265326,0,0.2495132733583589,0.18957998555994962,0,0.47600217005224155,0.6844584473956488,0,0,1,0,0,0,0.259064163351876,0
10.454682794640199,15.911014696349353,0,0.19695878767720693,0.6847624182604412,0,0.2825881987394332,2.9150044857228696,0,0,1,0,0,0,0.1830995521820823,0
102.8790035733078,169.52050749821368,0,2.4345214657531953,0.9782778056920083,0,0.6713906581075391,2.7464010900136313,0,0,1,0,0,0,3.90270669416076,0
17.874745904905463,19.798718134839707,0,2.24975660065612,0.6528645543205742,0,1.690422168390149,2.6617415255520385,0,0,1,0,0,0,12.627069854712108,0
6.268777548332627,9.063397761641262,0,0.2962870543295704,0.5006955367160353,0,0.5199470217704382,1.6272137395499056,0,0,1,0,0,0,0.7081060587762288,0
0.772669081567676,0.7828054909376615,0,0.09033396030150233,0.10523296143517609,0,0.13648903361222775,0.27682204036535213,0,0,1,0,0,0,0.14073847843832005,0
4.524633299544388,7.109096337615294,0,0.1307287928843589,0.21174569460421377,0,0.22017664774556886,1.3050261624491337,0,0,1,0,0,0,0.10032829111476743,0
5.391616183196246,7.305023957171192,0,0.28198013907913977,0.5835639482211944,0,0.6572988102719255,2.238237503930347,0,0,1,0,0,0,0.15546353978495187,0
4.508842345317072,5.803621026893831,0,0.3205431784607038,0.7718005922408184,0,0.7925843686827422,1.9946398169308097,0,0,1,0,0,0,0.5051971555202832,0
15.338532381175439,12.092763628551152,2,2.5008989708154643,1.644437578776465,0,4.290389481348672,1.2805273573886855,0,0,1,0,0,0,34.678654781141915,0
22.32349065081926,20.935760215803985,3,11.83713810791994,20.029038029745593,0,3.859015662587628,3.078070672124837,0,0,1,0,0,0,21.135572636935272,0
10.28492555046839,11.577912187996409,0,0.3540978048276644,1.9381375151892615,0,0.9790929605323999,3.606045000347649,0,0,1,0,0,0,3.7626368075215932,0
7.55025892833243,11.064363757467005,0,2.777817331270079,1.1221648804557072,0,0.7269292668921594,3.5950889481811226,0,0,1,0,0,0,0.8719502744822534,0
4.668299940552215,6.690391747617077,0,0.3037922635442797,0.5469577510246364,0,0.5481447043861598,1.7683635338714685,0,0,1,0,0,0,0.4998532826842541,0
0.9874425496067898,0.8390418269189409,0,0.11767118138694928,0.3076751805161968,0,0.4066377003002701,0.594242827445668,0,0,1,0,0,0,0.3657907684194907,0
2.144583450616628,2.2400873177924674,0,0.20155354560018815,0.0845968937674112,0,0.0650887557797902,0.24637312610367132,0,0,1,0,0,0,0.25959906887906037,0
7.91298359526095,11.039827256868595,0,0.2749985570341968,0.40746945690733566,0,0.9371008980660015,1.1258365617816333,0,0,1,0,0,0,0.5084490809947573,0
10.523854397965497,11.256991284140462,0,0.3240049025691861,0.7436204367378363,0,0.4148558212461184,2.3900877824187914,0,0,1,0,0,0,0.3983997127924719,0
21.243054202561172,25.167865276718924,0,0.3205074588508239,0.8583251805115086,0,0.5059860123580913,2.5241111225724104,0,0,1,0,0,1,0.19852255723167547,0
4.84210275005253,4.874586416858919,0,0.4462521320631865,0.5653923342024635,0,0.5959484747646604,1.8095369152672913,0,0,1,0,0,0,0.6704167827484648,0
4.025910787900952,4.7478956461638315,0,0.11392164249482561,0.648594802323859,0,0.60839396528565,1.5606094884187776,0,0,1,0,0,0,0.4075717960220079,0
3.9790000505941103,5.6685694316008215,0,0.21045263227799488,0.3946191213659323,0,0.7140913495293877,1.4133598981001165,0,0,1,0,0,0,0.25934174064335247,0
1.962068943973783,2.4135682972736765,0,0.2741759191291504,0.35088315307139006,0,0.8478939418618472,0.8812021321538211,0,0,1,0,0,0,0.1106917356650834,0
1.4061673243542354,1.4275735451498763,0,0.21235644520670272,0.28660005191874954,0,0.39920149464416543,0.6582835889091234,0,0,1,0,0,0,0.2836625077982306,0
5.450873867440137,8.270322441346288,0,0.15664083633954354,0.09964052806107368,0,0.6219730993242716,0.8982295377909186,0,0,1,0,0,0,1.169765417112554,0
4.592954338281986,6.1528791486377,0,0.22164333016312987,0.40166655066703016,0,0.3005578346702722,1.7720845219610006,0,0,1,0,0,0,0.25680974198860357,0
8.23253982939617,11.8105533595519,0,0.18276782371641506,0.7938238112615978,0,0.14129358119748936,3.175501122370753,0,0,1,0,0,0,0.2936406381494357,0
8.647340104270198,12.111859804389681,0,0.11169278085666816,0.9081538293666735,0,0.20537561359925524,3.3729487452747082,0,0,1,0,0,0,0.04245391715701944,0
5.783398408649143,8.121291912939887,0,0.19629706239641032,0.7436346555495985,0,0.5567377322555174,2.3595965884330514,0,0,1,0,0,0,0.2629985069271715,0
7.357280116460849,9.368921669616705,0,0.47932700670244033,1.5753044194067936,0,0.7195767179410217,2.2430228046914875,0,0,1,0,0,0,0.8528798828449514,0
2.822445010357985,2.494194468736299,0,0.23023326004821346,0.6267577102377238,0,0.47792738135770585,0.738130285224869,0,0,1,0,0,0,0.46090362385617556,0
1.0802920193669845,1.1475565126564005,0,0.05861318934512592,0.19224064181602665,0,0.16853136376111932,0.2463731261036713,0,0,1,0,0,0,0.2944816864435213,0
4.573043568774338,6.963530143624301,0,0.0584402792189721,0.2849100707405277,0,0.23814091806171347,1.1492828149669663,0,0,1,0,0,0,0.15743421240220826,0
6.417307791384882,8.896153625971387,0,0.3006242957324914,0.7379444503985402,0,0.6277052327987963,2.2961617027069776,0,0,1,0,0,0,0.3966452692482425,0
2.4656385908447223,3.3169876059290404,0,0.2675723352890258,0.3683892939200043,0,0.8615662000584513,1.43207449113875,0,0,1,0,0,0,0.18500905882870333,0
2.334912357838876,3.01141224987013,0,0.1735522781127547,0.14210810746370517,0,0.45630081008785556,0.7594201085716287,0,0,1,0,0,0,0.4127270397806201,0
7.195390690052625,10.499109406742212,0,0.17953944245518175,0.7382365683008044,0,0.27901581465183445,2.8827136813287657,0,0,1,0,0,0,0.0897141572096127,0
7.907200557558601,11.455215039520825,0,0.14951631148950992,0.766390402630184,0,0.4171104612423706,2.505388146715134,0,0,1,0,0,0,0.11413386343732645,0
3.924780181380031,5.328645243285831,0,0.1935898787439757,0.7083087030284874,0,0.4709681894541684,1.9593618820126188,0,0,1,0,0,0,0.2113680272564273,0
0.6976585120033201,0.6463771940145048,0,0.11377098951784645,0.106564056566756,0,0.27007182509859634,0.19386203630471965,0,0,1,0,0,0,0.17023241761412466,0
2.1820041255883966,2.996492834170591,0,0.044148593272356554,0.1338861584226216,0,0.2184969802492157,0.36146978988958633,0,0,1,0,0,0,0.3740829286262817,0
6.059896867291165,8.724720043762478,0,0.1804271148744169,0.6286769543854029,0,0.4238306111914769,2.4193597150588473,0,0,1,0,0,0,0.35471184421413243,0
4.2181581260937415,5.1939193456811905,0,0.18199122260897288,0.6690597860371911,0,0.8135823453658722,2.0765263086032624,0,0,1,0,0,0,0.2850361125265035,0
1.6617323050641373,2.0947039926905022,0,0.317262394254899,0.3640712156002166,0,0.7778759690716375,1.0323701348490282,0,0,1,0,0,0,0.10448627312097229,0
3.0457264592906372,4.660253315022648,0,0.14295479770135675,0.13755045031099195,0,0.4286524907318384,0.7537575018252541,0,0,1,0,0,0,0.1610007582725901,0
10.096274087660928,12.863801154288367,0,0.2709060823823339,0.6680893900008442,0,0.20060782683932016,2.7066487880710763,0,0,1,0,0,0,0.5738606741552541,0
4.826998144523444,6.705545328602511,0,0.2075892906879282,0.27658402905632523,0,0.1956237773497187,1.091343714295058,0,0,1,0,0,0,0.30604387518516496,0
8.072062464312825,11.636417746454907,0,0.1425985542271329,0.6392173077444114,0,0.6289613735855755,2.5546744304215805,0,0,1,0,0,0,0.4368897785346531,0
5.819440023500577,8.13370076847011,0,0.35940535640628335,0.6742299694768972,0,0.7689825412984441,1.8316914345085635,0,0,1,0,0,0,0.22826506866153273,0
4.254977705416199,5.53077664915519,0,0.3020210013826101,0.4940321389043019,0,0.5722125410961154,2.28743691317613,0,0,1,0,0,0,0.0842351763598449,0
2.665094987408973,2.867638266032801,0,0.22766567219796352,0.46970505415252306,0,0.6260612857549399,1.3781179257622438,0,0,1,0,0,0,0.14256893264378495,0
1.4623928716485368,1.8259887621757367,0,0.1965708606389892,0.18245107050468443,0,0.4635601837128054,0.7242262117905215,0,0,1,0,0,0,0.0459852064300553,0
5.051855162417689,7.099082647973824,0,0.12298418748048487,0.49960334372870285,0,0.2798069936184185,1.3443246683894576,0,0,1,0,0,0,0.2971930923276873,0
9.062815311824227,12.97274619708624,0,0.15107498530291993,1.2115270760347232,0,0.2266766001050516,2.988035251029155,0,0,1,0,0,0,0.36224139597505867,0
5.45406490153335,7.535137705095051,0,0.11807173372313978,0.7968120923187052,0,0.44031851322269466,2.47356786041699,0,0,1,0,0,0,0.28569583438416224,0
4.916784667149707,6.591850539974254,0,0.24461959275528686,0.8146036427624839,0,0.5701252873269785,2.5990113634829344,0,0,1,0,0,0,0.03853414330983067,0
1.5249252235050679,1.2157514949836798,0,0.1854573473933034,0.48529832021639535,0,0.5863312384619908,0.9710490633924649,0,0,1,0,0,0,0.24260120648896222,0
0.4779854510002124,0.26134822017560466,0,0.06016581677823886,0.13302267688536967,0,0.20522071651225943,0.19216942492806494,0,0,1,0,0,0,0.14693362632376158,0
2.0535971529688686,2.8683655491992557,0,0.0295932547953985,0.10759273863845745,0,0.13418309466208964,0.38682132845099854,0,0,1,0,0,0,0.24200969255414762,0
6.754342254888134,9.799828770823183,0,0.09003197122273186,0.4948196487899546,0,0.37582377457062055,1.9446071833834169,0,0,1,0,0,0,0.4222109847752973,0
5.28943607305504,6.914467079343795,0,0.21005598998679859,0.6586445894547224,0,0.6512922789247622,2.0190662654450113,0,0,1,0,0,0,0.15867383710916466,0
4.848686070257039,6.917136568947656,0,0.2140499006161063,0.7051352924036669,0,0.5327874170171056,2.0592770302779018,0,0,1,0,0,0,0.25346988393018044,0
2.429606469595206,2.9578316336336163,0,0.27013742192826207,0.5503886538426903,0,0.6097516830528704,1.7363206950764476,0,0,1,0,0,0,0.35105661741342675,0
2.452801296195511,2.9410325873740537,0,0.17420089860446683,0.3243026647524831,0,0.6030151695189847,1.121658780077081,0,0,1,0,0,0,0.21348152783503077,0
2.872111718281434,4.209949725886143,0,0.24200756971242005,0.17630699876196126,0,0.3687255524853318,0.930446442501729,0,0,1,0,0,0,0.17223375433540616,0
4.596684883101049,6.668254092897504,0,0.11607378578751558,0.37899246468725084,0,0.5293742215807843,1.5511797817179362,0,0,1,0,0,0,0.2210135049447581,0
3.885058565892423,6.098925503702241,0,0.09095159415372485,0.23045350163578346,0,0.4076986473076161,1.0957762266275966,0,0,1,0,0,0,0.23331230231511432,0
5.970770327451622,8.145995903763557,0,0.21257837885673117,0.7929811658491173,0,0.4788196680519977,2.647132836054329,0,0,1,0,0,0,0.14986821142000803,0
4.534684757440464,6.274229078642918,0,0.20531363767440036,0.6425222381011809,0,0.6081884989123906,1.67155451468417,0,0,1,0,0,0,0.13914805114133028,0
2.28244942246006,2.5105229151153683,0,0.11957223441676922,0.357585053315002,0,0.4657983670999318,1.3065519611937617,0,0,1,0,0,0,0.12803682384837856,0
0.9190056611804336,0.7972453821682587,0,0.07465617567194015,0.04054930688453087,0,0.24432538738130632,0.1310179403183059,0,0,1,0,0,0,0.20197754071189772,0
6.406819965635388,9.363986158965483,0,0.13408109116677247,0.4925341671284933,0,0.2699665628640874,1.524462164834178,0,0,1,0,0,0,0.21366718432821333,0
8.732195964447245,12.32616130941239,0,0.09069054726330117,1.0148594073555053,0,0.17076382265629178,3.181279589573316,0,0,1,0,0,0,0.3043826056696055,0
5.153947019727074,7.2780524033748435,0,0.15369553997784097,0.518167589119842,0,0.6127100991736463,2.5597864088570086,0,0,1,0,0,0,0.4271522917511561,0
4.086162496895729,5.538298016445728,0,0.20679848507445545,0.5535758308225174,0,0.37601597404104803,2.338982202615963,0,0,1,0,0,0,0.20511279915558558,0
2.537342277375549,3.2476725171584877,0,0.3042238968089249,0.23360702780180403,0,0.5894122301764086,0.8989456863884017,0,0,1,0,0,0,0.11833601540360034,0
0.7491563214592003,0.5210766929997095,0,0.13678419962257893,0.19801315941494146,0,0.23529758460469113,0.3734780969572834,0,0,1,0,0,0,0.44521120006766324,0
2.5738965706482952,3.5656708645637627,0,0.08596556683078532,0.057032686680290136,0,0.1350456686418841,0.42694697463259307,0,0,1,0,0,0,0.814612111067781,0
7.211462169608539,10.553374053290682,0,0.18427762345742363,0.665095270304989,0,0.42664233541615243,2.357048179900752,0,0,1,0,0,0,0.09904654867320377,0
4.374334475210377,6.403283862510287,0,0.24568755925735095,0.5964086764035872,0,0.6484244306735656,1.9058209989701793,0,0,1,0,0,0,0.2289341133581628,0
1.8028186299500168,2.15216776279434,0,0.2629702936918892,0.3149576326333512,0,0.5952065660471526,0.9457524712258973,0,0,1,0,0,0,0.3367279449750009,0
6.9843133576202225,10.373875843432085,0,0.11707534177787307,0.4186133286378405,0,0.30333054162055817,1.8987955542992123,0,0,1,0,0,0,0.06403009072909975,0
7.746982881853207,10.681089563478569,0,0.105983130470653,0.9842676510681453,0,0.2403311833539285,3.367486796681425,0,0,1,0,0,0,0.13577713062949218,0
5.376817126503088,6.031873693725806,0,0.4054865370716886,0.4602286897197071,0,0.7531556211509257,1.8801444061844483,0,0,1,0,0,0,2.032978501767066,0
1.4681296593654931,1.03661597671561,0,0.23042391865709694,0.30565945455004095,0,0.5463623535280946,0.7193035366502498,0,0,1,0,0,0,1.363334005923169,0
4.584849012373366,7.27472818988942,0,0.06000479994576405,0.11635320780451178,0,0.21853931787534067,0.5171959669088406,0,0,1,0,0,0,0.2205457647126534,0
4.5333875797291725,6.456931819051152,0,0.2982879666734025,0.35437082570668177,0,0.42162495003444767,2.0429206194116087,0,0,1,0,0,0,0.20525583504378328,0
5.233131661148822,6.7921079345770625,0,0.2758765329120627,0.7754190888795275,0,0.5492240287234713,2.296161715106334,0,0,1,0,0,0,0.25111206363216565,0
2.043489859655586,2.0235575565120683,0,0.27484827380504284,0.32578256951038,0,0.7716638655529547,1.0380477260972565,0,0,1,0,0,0,0.2879979413052531,0
3.9192168799954596,5.4736985659933035,0,0.12392411434321429,0.20605073626628026,0,0.39621890214401945,0.9136267465356342,0,0,1,0,0,0,0.382191555271182,0
8.405962505996126,12.17350842596168,0,0.11601320057803198,0.7850142694852418,0,0.21278971742356867,3.1128028906282346,0,0,1,0,0,0,0.4476661198290927,0
7.049170670687733,10.360572875647273,0,0.09053759739629236,1.2221655103756697,0,0.5417090388327259,3.1970975234554047,0,0,1,0,0,0,0.05844965746049476,0
3.6146691722854083,4.811385423108413,0,0.2524225192456468,0.482967743054482,0,0.4923701198367161,1.6744144255036835,0,0,1,0,0,0,0.40392035099656876,0
1.4798201256597308,0.6027585651265714,0,0.21875569516473595,0.24414233291800974,0,0.5560078200763146,0.6419865211275484,0,0,1,0,0,0,1.4987561792261368,0
2.191802126414955,2.493557160297618,0,0.09354229081964485,0.06755868229282128,0,0.031133021271793536,0.1991885492484039,0,0,1,0,0,0,0.4281693507157428,0
6.614341367292706,9.841633043449049,0,0.18568814418399973,0.6031946205910557,0,0.4255782756770638,2.30207302311031,0,0,1,0,0,0,0.18028112749711983,0
7.258001401450363,9.919116550782306,0,0.10795407697050867,1.007183100047977,0,0.33574843855413694,3.0474148940262418,0,0,1,0,0,0,0.13852428529501812,0
4.914337837117029,7.0906897169298855,0,0.22279555407175092,0.5895658921987017,0,0.6818191036451593,1.76350305025186,0,0,1,0,0,0,0.1896176337504384,0
2.060627771311679,1.729312048009154,0,0.15917003488266443,0.41639659529251716,0,0.37941835959013004,1.149520909228972,0,0,1,0,0,0,0.6497013644679157,0
0.8305688983724174,0.43914036378488275,0,0.23197697621846378,0.06628463364760716,0,0.33611602345524827,0.10983153449449773,0,0,1,0,0,0,0.49852855142732755,0
4.060880762101339,3.278936267438106,0,5.785076672950248,0.06713620006488637,0,0.12060689666952314,0.03554491206760095,0,0,1,0,0,0,2.947995085750155,0
11.639735753692335,14.776573470383294,2,1.750217063668736,0.045830353138555484,0,0.43499393746486137,0.12114847561454176,0,0,1,0,0,0,4.992394461121767,1
4.6173282273962934,7.401252172513985,0,0.14268303447235978,0.03209417823477048,0,0.022600863805187735,0.016085103914823595,0,0,1,0,0,0,0.508801127270285,0
28.387559265626354,47.41295440736709,0,0.15242834228049273,0.029985348590697257,0,0.11040862664873932,0.015431109159178719,0,0,1,0,0,0,1.6566134189953035,4
22.178430182519143,37.13016875740868,0,0.17411499599447716,0.045882143699390275,0,0.06684393038639538,0.04619687267523933,0,0,1,0,0,0,0.8872352043000776,3
12.683177686350586,14.0817590631323,1,1.552921175058737,0.06276487341150373,0,1.0473970211717396,0.1432939358235192,0,0,1,0,0,0,35.88715751357827,0
23.601651912428014,23.966152850725738,0,0.8559047364917232,0.05445199209422451,0,1.3846150132546162,0.362548605176253,0,0,1,0,0,0,24.28515598954647,2
3.873556957227829,3.5271032550988415,0,0.404174968488457,0.055544085070058515,0,0.2699015000054913,0.03216159536616493,0,0,1,0,0,0,4.71217600797895,0
2.685213488349155,1.8534933813201684,3,1.9077209799561183,0.18878652751835406,0,0.15480865926505383,0.05327865830846347,0,0,1,0,0,0,2.3598140993046908,0
2.317807119095411,2.4354350246113206,0,0.39178026905190055,0.1891634344589235,0,0.09380883980086374,0.07637317846534887,0,0,1,0,0,0,1.0842901460621808,0
28.44140403622049,45.213800337023464,0,0.30985021148446595,0.03766852923274028,0,0.11749473066613161,0.02133501788297613,0,0,1,0,0,0,3.8539216632347992,4
19.55649866948477,30.572037062695287,0,0.7099358201512396,0.07110913961466178,0,0.19526907603302954,0.043941371998148196,0,0,1,0,0,0,3.582492575516178,2
13.31033472490336,20.793766771179182,1,0.5513653106941253,0.11692575652039143,0,0.1486111763507556,0.020913144701066186,0,0,1,0,0,0,2.1722152103704753,1
25.2887025175546,39.04672569485323,1,0.9902005605518251,0.0506451671479405,0,0.11129171908843419,0.06467400234788544,0,0,1,0,0,0,2.4265235116344277,3
8.792437494203464,13.550382548998483,0,0.08334622844357042,0.02138564508943732,0,0.05357705282079215,0.04716535138352483,0,0,1,0,0,0,0.963940690596525,1
61.690731151139396,101.3841121277338,1,0.8859123726813186,0.025864296464662775,1,0.33202333996034206,0.22274790483388365,0,0,1,0,0,1,1.125283939483549,8
15.100716730003802,23.773633673830506,0,0.16809355698076506,0.05272639049050917,0,0.1981314963324943,0.023081362587547474,0,0,1,0,0,0,1.3119888699378266,2
32.37522260661388,53.08563206252103,1,0.43825243024790417,0.11850840268348282,1,0.12382943255373174,0.03140614547483353,0,0,1,0,0,0,0.608084595000207,4
15.94794810498823,11.76954886873707,2,3.017036621027642,0.15536681721508014,2,5.006294905125673,0.7005334117205801,0,0,1,0,0,0,21.94054774297173,1
32.90736555338642,18.11669267869019,2,2.239777102762134,0.5173804513397829,2,19.886078148651706,1.29003811578629,0,0,1,0,0,2,46.034401317642406,2
4.526474739484073,3.5319250673919917,3,0.2937266767109702,0.054578553092944175,1,0.22546469972153985,0.4858381256858398,0,0,1,0,0,0,2.6514303202568437,0
2.1287560198205084,1.909060308573317,0,0.27624848124424983,0.034190154376507256,0,0.21723510938883758,0.02446931073227995,0,0,1,0,0,0,3.3043479532105113,0
1.7847090667126468,1.3054119096512484,0,0.45836662985912746,0.01575251119709943,0,0.07745505480096847,0.05875783622212497,0,0,1,0,0,0,2.4941315575895824,0
0.6646284514918765,0.29861845577780305,0,0.09397682182165146,0.021743846709524086,0,0.15925913254165708,0.027137498368466108,0,0,1,0,0,0,0.9413875156379508,0
2.332603480605076,1.4203115913622746,0,0.15823776620545474,0.030980387736200328,0,0.16306469151566497,0.07504456768432574,0,0,1,0,0,0,2.7120125502297614,0
0.7204801885395868,0.5506884034768758,0,0.5611261882849921,0.13603890587896814,0,0.15665227218833744,0.030388447580822636,0,0,1,0,0,0,1.11196362177975,0
0.7691604867821537,0.46255281824261885,0,0.16271402953679134,0.030894968674123106,0,0.11066846138610195,0.044680947119516534,0,0,1,0,0,0,1.311858058034585,0
0.8593275850296216,0.4918716423901065,0,0.14887827554008917,0.021891693513241405,0,0.04413974032212825,0.08138113948566068,0,0,1,0,0,0,1.6628831973534108,0
0.40675215010866406,0.2780527765389796,0,0.08948169904603152,0.020807459250991363,0,0.09025183541462406,0.03585201852162977,0,0,1,0,0,0,0.80076768164631,0
1.1901574165957303,0.9659377749805572,0,0.16309049371614387,0.013648278990101894,0,0.0438094331113318,0.03170822877059681,0,0,1,0,0,0,1.2445234253168596,0
2.734228099017596,2.684818085447291,1,0.5995839471961725,0.020427128936599308,1,0.18204432146874594,0.03792886644020595,0,0,1,0,0,0,1.1015536748317718,0
3.607630653484929,3.7113179439607866,1,0.24913760112860506,0.055186398008802186,0,0.06207865282486072,0.02882525456600189,0,0,1,0,0,0,2.8024476657404147,0
2.488278802415324,0.7908651604299466,1,0.33555393381643356,0.30173417256209445,0,0.5690389622254901,0.35317772919742696,0,0,1,0,0,0,3.3102354187040133,0
2.587416268418415,0.8996002390161635,0,0.7357464404804477,0.0580995939914077,0,0.5356524716621672,0.20079205771678682,0,0,1,0,0,0,3.561860778603231,0
7.95039628539579,10.352449290815867,4,1.4617887151392603,0.02062751557744137,0,0.07121842557019749,0.03825844547977657,0,0,1,0,0,0,4.217741808319848,0
6.283598316478395,4.525858712099495,0,0.44772826344456196,0.07098168715514173,0,0.4189568781915667,0.2166347589734937,0,0,1,0,0,0,13.100685458733158,0
0.3573644567136516,0.10034907741400419,0,0.09032671188244476,0.028261893571719154,0,0.10871757225487513,0.030143888200254695,0,0,1,0,0,0,0.42507333606095477,0
2.7015487082445033,2.757449073134473,0,0.4046013977138291,0.022515085223543868,0,0.15941410510648985,0.05957954786678487,0,0,1,0,0,0,2.7381870248244145,0
0.7005080064900036,0.5911531270887846,0,0.07761788499389005,0.013354609387223246,0,0.06411444905304022,0.036898685141664354,0,0,1,0,0,0,0.8534799496094216,0
27.802814173272658,45.74679301030503,0,0.45079438056528565,0.026578054964614965,0,0.09195350001062688,0.05545877869576145,0,0,1,0,0,0,1.8777680515060273,4
6.52314575322432,8.291734097725026,0,0.24525306700642885,0.044638386457489625,0,0.1942431780270365,0.05895516199708578,0,0,1,0,0,0,2.1681454977145607,0
1.1646083125719242,1.2494821527518267,0,0.11570600905918803,0.05633098127392122,0,0.07962796648384135,0.029819421389313906,0,0,1,0,0,0,0.11708573492150576,0
2.9071255881042903,1.568719786656447,0,0.47701557357103785,0.10053791018202826,0,0.41922841318100335,0.08845275954711954,0,0,1,0,0,0,4.423400215820197,0
1.8201293694002274,1.9734335806962184,0,0.11946114682172297,0.02564212869834151,0,0.021025457129399336,0.0644249130250131,0,0,1,0,0,0,0.9683078806083445,0
0.6494956931496747,0.4675467667062869,0,0.18002175510885776,0.027899773293338433,0,0.08008926090812168,0.03081900781117251,0,0,1,0,0,0,1.402048869036232,0
2.667323987964776,3.0881419602984446,0,0.2927368952865372,0.028977066181117294,0,0.04466748033372822,0.016685622932385014,0,0,1,0,0,0,1.925289576298296,0
2.782341999693374,1.7757119397427752,0,0.27011656060309025,0.029947728375527116,0,0.0775257168771708,0.03560453223880807,0,0,1,0,0,0,1.9871832836478585,0
0.7196275565889112,0.4172943125876376,0,0.2289443922786418,0.046111134067874565,0,0.08057632386366351,0.05682579930254282,0,0,1,0,0,0,0.4997383190083877,0
68.1872185816194,113.84233012680494,0,0.28413405512310236,0.06159679269120022,0,0.10095781856143184,0.021786042349164515,0,0,1,0,0,0,0.9789740698572694,9
11.526554748844301,18.88378399483875,0,0.2834104222580362,0.0885191448200389,0,0.10035531381879347,0.0677071933055033,0,0,1,0,0,0,1.038790361962038,1
2.048297078587964,2.506085899005496,0,0.14101738806580044,0.022776738126184647,0,0.11008799564863866,0.01282189155761736,0,0,1,0,0,0,0.9895647261260108,0
3.7932566458361894,5.417429399113009,0,0.24434662821649367,0.027208328152367643,0,0.048103194703556076,0.027282451133229683,0,0,1,0,0,0,1.2636185951642016,0
0.7992958672771826,0.5419976083561509,0,0.08839569392622174,0.028954133262356775,0,0.03753848002991642,0.01355105178413267,0,0,1,0,0,0,1.2332955748070926,0
0.7354486125478374,0.5309103334505079,0,0.11547686925664363,0.02259335338390711,0,0.1096550372754501,0.036573764072570875,0,0,1,0,0,0,0.6306094735950971,0
2.0081901126496695,1.0019479699278193,0,0.11625800691686745,0.08152418744583276,0,0.09574875480425538,0.15086228906707255,0,0,1,0,0,0,1.489042655606387,0
5.5136478175986,5.553416479968402,2,2.068971029000002,0.6715552996748014,0,0.1209508078593293,0.07469229639839493,0,0,1,0,0,0,6.555775794660603,0
10.410852546324051,12.7798970859488,1,0.7493110659178799,0.6034090903438286,0,0.34679420592394283,0.1518184472987083,0,0,1,0,0,0,8.878560978245435,1
3.5154232976980495,3.50432964632282,0,0.6066830746890279,0.12073286163571323,0,0.39296955046175086,0.12259181907834354,0,0,1,0,0,0,9.560065690708376,0
4.27203106106214,2.4516371355505044,1,4.997106156911849,0.36019297640967923,0,0.49501845047547677,0.44456282923198737,0,0,1,0,0,0,8.464408097059064,0
3.4411288815921983,2.300655621204198,1,2.0368171837874525,0.44558825981750516,0,0.17419631221068926,0.6192586647233209,0,0,1,0,0,0,4.114657468005827,0
2.0789979273204917,1.6420446904122927,0,0.9508886367126506,0.10273489873857147,0,0.06634218526980733,0.031059547032349526,0,0,1,0,0,0,2.4638866840956766,0
2.7672156694673165,3.1358808382833403,0,0.9975205675589318,0.04630131522322158,0,1.2701638328472407,0.0376183119634189,0,0,1,0,0,0,7.859186734730418,0
0.4512839621014288,0.22740827149841922,0,0.2685978069503888,0.02388728495985548,0,0.039381068129851426,0.02634632298364517,0,0,1,0,0,0,0.35133097052959833,0
2.103748418085414,2.743698080216909,0,0.20071740732125054,0.013696323899287183,0,0.14736929483066596,0.04584565891113688,0,0,1,0,0,0,1.2896439347575743,0
1.7473449206454963,0.8992337141222668,0,0.5651224074670974,0.2695177859860336,0,0.09416282241519733,0.06449364988780379,0,0,1,0,0,0,1.403485752535433,0
5.954752268072003,5.138695460111335,0,11.023961494715572,0.09621757069308705,0,0.42249622573949597,0.061911584992240434,0,0,1,0,0,0,13.82616585470379,0
3.024307918006669,2.231575418899433,1,0.4418656160665391,0.03134085423661871,0,0.26506132758096995,0.03477233710427051,0,0,1,0,0,0,4.4698549391923015,0
1.5690797832875931,1.549386282377669,0,0.2925005138908233,0.08638258388488818,0,0.0573031587934658,0.047530163351859916,0,0,1,0,0,0,1.073559239930514,0
6.6083543578056965,4.773602300964382,3,1.5854109128024072,0.1583098060341763,1,0.24963980125175966,0.0354787733838493,0,0,1,0,0,0,4.93738638108127,0
2.2727425621636312,1.9699054445813378,0,0.19825958991244225,0.041938129985827514,0,0.3881562358414566,0.06924539505060541,0,0,1,0,0,0,2.526865561040729,0
2.2258580366063403,2.4754887031408592,0,0.29730536670997193,0.20710970502456172,0,0.3471446628258492,0.11479220636310426,0,0,1,0,0,0,6.454110007583767,0
1.0645327943435359,0.9966947446368932,0,0.14022473335375862,0.09012494157806528,0,0.08682009616103514,0.08659585248020667,0,0,1,0,0,0,2.725889489458272,0
2.443351584295935,1.369628435239166,0,0.597847987228025,0.05378891503648768,1,0.07214226905509678,0.01445591787464559,0,0,1,0,0,0,2.68301738483091,0
2.0998745734233513,2.7195990200896176,1,0.18702354878046162,0.046416144127670714,0,0.06403601153182895,0.012645036667859481,0,0,1,0,0,0,0.8794685450790938,0
1.6080112378277813,1.6357431327940892,0,0.21354070215056878,0.027746035876391767,0,0.10211548909432969,0.04585895379854919,0,0,1,0,0,0,1.1364314149113666,0
1.602808389105217,1.1083589321537703,1,0.3827361681271447,0.02063224194444889,0,0.0661309148461107,0.05262407897550232,0,0,1,0,0,0,1.031869815516146,0
1.3816564582945352,1.0728475024108173,1,0.5231438193025387,0.03944505022216184,0,0.27203647454668334,0.0258420784407785,0,0,1,0,0,0,2.343147788244076,0
4.603323950328149,3.9605210294065634,0,0.5146020761871802,0.05132459297607782,0,0.13492482928691732,0.03451254788175166,0,0,1,0,0,0,2.6211233592183816,0
2.8888385243085177,3.416452108853114,1,0.799134366700991,0.025110072000935145,0,0.08121176995808156,0.029323318763574316,0,0,1,0,0,0,1.5347929471824384,0
0.681073062265473,0.6137129861403893,0,0.4095563926343138,0.052839282067799066,0,0.0691060162329438,0.0540379708326144,0,0,1,0,0,0,0.566912527235773,0
8.640252800814242,9.978101342783434,0,0.7235773826046275,0.060369493572957386,0,11.187065050266341,0.02530676692727803,0,0,1,0,0,0,25.708073762472814,0
4.245530575255406,3.8073138828101754,1,2.712404468882902,0.0278447581115088,1,0.9189267406536237,0.02170442641974513,0,0,1,0,0,0,8.18944109725281,0
1.1584166174599042,0.45176846579982527,0,0.23597253175349114,0.055593735359704494,0,0.1574010500680006,0.015422093876735276,0,0,1,0,0,0,1.4165510322401353,0
2.2446677708153633,1.8609878704523395,0,0.5957217717515007,0.08216704792344981,0,0.1712248555110129,0.055275357071695994,0,0,1,0,0,0,3.1959391875859726,0
7.066173847729671,7.37939695891341,0,0.45788359182854144,0.11331753100063356,0,0.3771457259663029,0.022204748952890787,0,0,1,0,0,0,6.773355369163289,0
1.096058394015079,1.0768076229893595,0,0.345089837656881,0.04409534659985513,0,0.17240294205209267,0.03741441500747525,0,0,1,0,0,0,2.893372298321601,0
0.8401772856876424,0.8833899330092871,0,0.09105910893972888,0.028301462356961155,0,0.05929687239002288,0.021417373720234438,0,0,1,0,0,0,2.3532165271211927,0
4.930025555328171,3.2262009773978577,0,0.6629350442765305,0.06182584937665759,1,0.17796164411516258,0.024022489865461974,0,0,1,0,0,1,4.006325453968443,0
1.1635896939672332,1.2907061010738876,0,0.14233081315122048,0.0001201029459933078,0,0.021363734569584444,0.01611685085406872,0,0,1,0,0,0,0.4696632600485112,0
1.035149820942278,1.2718925091723046,0,0.15394860624611748,0.025805238214825228,0,0.09145400305613346,0.042046039130526555,0,0,1,0,0,0,0.4341588505898927,0
0.4680102631417975,0.3444382897035789,0,0.04403039565571174,0.023964401717662953,0,0.1430401004886043,0.030189302447676633,0,0,1,0,0,0,0.9788204719989924,0
0.8311645856047944,0.46808305869114236,0,0.19252403946501856,0.020672685572963,0,0.08135723029903705,0.029031789165195478,0,0,1,0,0,0,0.879070973258548,0
1.5450145068902756,0.8186917733963471,0,0.29758993133305534,0.02087000914982036,0,0.05683621112242752,0.029323318763574312,0,0,1,0,0,0,1.6481356883244003,0
1.1148661083493556,0.9482020325670848,0,0.24263781191864547,0.02824447076781299,0,0.15531603892299045,0.026838490581837134,0,0,1,0,0,0,1.895631277482821,0
0.7111272933786035,0.2607101953740229,0,0.2885331643230159,0.02635774873011719,0,0.10919975599009718,0.015395755539614616,0,0,1,0,0,0,0.9614534305910707,0
1.5154794532505282,1.0845985728528433,0,0.6008324958817862,0.08885515018682907,0,0.06740503392543037,0.07006727392556542,0,0,1,0,0,0,1.2558807036381165,0
1.819337145546839,0.967664563693207,0,0.5622365316560426,0.00027083066447654183,0,0.11175024896200791,0.03873611477369143,0,0,1,0,0,0,1.8485542640180734,0
8.34401109944678,13.194376043671513,3,0.18973177829652269,0.026218837413778607,3,0.6042312235967084,0.015380274117873677,0,0,1,0,0,3,0.8858063896504726,0
1.014628278448689,0.5517325902050527,0,0.22764004371017318,0.02130792998576499,0,0.11919195511753204,0.021417373720234435,0,0,1,0,0,0,1.6615604206427212,0
0.7702205278416774,0.5480090426990396,0,0.11691171200630164,0.025287034190750707,0,0.13823992462019533,0.03059229956543125,0,0,1,0,0,0,1.4136543008008675,0
0.6449898777999208,0.8509772412540181,0,0.1246217769922959,0.02117387513073576,0,0.03723606570342153,0.005887895082899934,0,0,1,0,0,0,0.252367400496987,0
3.092679787720778,2.8308695712289715,0,0.5056274195234062,0.0265245163583884,0,0.236872396898529,0.08861536687510692,0,0,1,0,0,0,3.8241426633155404,0
0.9574690705423972,0.9233873143922087,0,0.2930994930377436,0.031173037999274712,0,0.040842944500548845,0.015563105040804152,0,0,1,0,0,0,0.5740086457657592,0
2.9684157272668514,2.388709075591596,2,0.9182506520890179,0.09961177223253319,0,0.23553472392530206,0.030654296140954995,0,0,1,0,0,0,4.251551968249409,0
7.969018576182357,8.338128327371107,0,0.182261565286723,0.08591974350984576,0,0.23386838946762548,0.15750163293065425,0,0,1,0,0,0,2.1931408994148756,0
2.8430064036488862,3.4936090787480687,1,1.0667786911817492,0.022111083471134538,0,0.20407594414442493,0.06188030822307936,0,0,1,0,0,0,1.2992667024808833,0
13.93093406890532,19.17847165958388,5,2.3963590327029847,0.0504628875545721,0,0.23681475426805298,0.05305814021768708,0,0,1,0,0,0,5.7280861219321935,1
2.541806049710326,2.3694138467577917,3,1.3391426768464259,0.08431168606306526,0,0.06494823259956485,0.02422166398647077,0,0,1,0,0,0,2.490869919494425,0
2.0741025579815595,1.4806419512903881,0,1.3399906339664085,0.22780574423591815,0,0.3563927878897815,0.18007121487085648,0,0,1,0,0,0,2.935882038256036,0
1.347923061505913,0.7638440763736895,0,0.25286788499215207,0.0861319045474769,0,0.1826807090719703,0.03256632240341205,0,0,1,0,0,0,1.668911436791928,0
1.359056008677734,0.9007950087380688,1,0.47159792454727173,0.03247927475852326,1,0.3437631627670148,0.09088358852430048,0,0,1,0,0,0,1.648522465490407,0
1.33727792436422,1.0038136485129279,0,1.0409751631317696,0.07192916239427888,0,0.9035751932345779,0.09931792186759987,0,0,1,0,0,0,1.32802922536637,0
6.342362491683286,7.44221403771535,9,1.314521556400584,0.09780791170004044,0,0.39697039700683734,0.11586265260535614,0,0,1,0,0,0,2.731787948733053,0
2.942910571267878,2.4871114368476803,1,0.8707400510018337,0.05212506001151797,0,0.0850027934416483,0.06435359575827412,0,0,1,0,0,0,3.598970390413949,0
4.36923211455584,6.3447897429650375,1,0.2925285818256168,0.020265489057303493,0,0.08570745164956971,0.020842094791879033,0,0,1,0,0,0,1.0565212050711632,0
1.2690680132127854,0.9866787100669738,0,0.2978314796057333,0.026800641627489803,0,0.158890264970024,0.030884384382257275,0,0,1,0,0,0,0.5225297301635554,0
1.1930056108220444,0.8027402943419555,0,0.2180329907695696,0.028038351204371453,0,0.07932611607378967,0.03135456997200975,0,0,1,0,0,0,1.0895609595478708,0
1.3750404193944121,0.7332657088259982,0,0.3435533939066718,0.025572171686701273,0,0.09481991993221918,0.02199533733252239,0,0,1,0,0,0,1.2980291861399054,0
1.064341346418098,0.8109970006421454,1,0.11876679964422684,0.03249722864252154,0,0.0313422563515719,0.03249895771844809,0,0,1,0,0,0,0.3672798795407559,0
4.583813308360034,3.568610806049649,1,0.928684651998501,0.04881244820343489,0,0.1194029670897831,0.13336572065049254,0,0,1,0,0,0,1.7362735174777781,0
1.9599887653607657,1.0264600946226106,1,0.07136255747025573,0.1442384045921275,1,0.18600222859404514,0.18131649125142832,0,0,1,0,0,0,2.0593994567936713,0
1.2361857722013823,1.3097013320106943,0,0.18459779731444298,0.030237145640963137,0,0.04346874675180804,0.0306672307864279,0,0,1,0,0,0,0.7340086040743945,0
0.867360556018925,0.5773066008139456,0,0.3831426887946925,0.02027602316788585,0,0.18376553063863085,0.026438698227459576,0,0,1,0,0,0,0.4302860887877651,0
3.0797634812763706,4.1780748670955505,0,0.4520536494422988,0.07386182898631174,0,0.13071449725807668,0.026859728746899063,0,0,1,0,0,0,1.4928535781723606,0
1.043246841751443,0.8014362025754529,0,0.49444116087713236,0.024648595653477226,0,0.07512418666101249,0.02829566281402694,0,0,1,0,0,0,1.7101693764263959,0
0.9428458281874936,0.6463347981243587,0,0.34747137189018495,0.030016314750902634,0,0.1471063776935534,0.0225302282782154,0,0,1,0,0,0,1.5639649924943961,0
9.685726241320316,11.931171985749836,2,9.109181260926086,0.014488395018191587,0,0.1041125579666101,0.03246644778736832,0,0,1,0,0,0,7.884217892094234,1
4.839540081552261,4.807014951762013,0,0.6176931848460576,0.0580499223597634,0,0.22607408378816318,0.06443549580674875,0,0,1,0,0,0,4.208200586991598,0
1.7226168638628783,2.0673246283604803,2,0.5745846882692398,0.01935406360807686,0,0.26917371223277986,0.030503774934225954,0,0,1,0,0,0,0.8992425467707981,0
4.041230067113805,4.356140144871927,1,1.2571153989635622,0.05658070449889741,0,0.41703951253075017,0.014752868174097152,0,0,1,0,0,0,2.9733214113780995,0
0.9089004912469404,0.554546956141812,0,0.294878310503543,0.027334799835339683,0,0.22176375319904712,0.027353429877873845,0,0,1,0,0,0,1.6714679474102483,0
1.7421741033447466,1.426017177417182,0,0.3841283818001644,0.04084084133432575,0,0.2554724674255404,0.007275467304206465,0,0,1,0,0,0,2.05038738496391,0
2.873498959232456,1.8239299180366821,0,0.12745821934397414,0.057628057725446755,0,0.07581123856927827,0.03963219129210407,0,0,1,0,0,0,3.0811097630702013,0
1.7953106954893632,1.7384102724349737,2,0.1526160340192621,0.0225559768422716,0,0.33071748877979723,0.045933223690478024,0,0,1,0,0,0,1.6037704950998581,0
2.285146996431256,1.3793408189140797,0,0.30996414129932,0.02781286358459782,0,0.12433696928831328,0.010799601893537094,0,0,1,0,0,0,1.8251072477588108,0
0.816367328686225,0.7425920754915674,0,0.09446181443914056,0.01463053751001491,0,0.0673597343356481,0.0127068045917978,0,0,1,0,0,0,0.9742146772330943,0
5.781704867169569,5.568235516792994,2,1.476539237891927,0.0860682511527683,0,0.17645315748160706,0.08610186934291882,0,0,1,0,0,0,6.6639505318391645,0
7.349675091612968,7.067029376946442,1,2.0998077887651276,0.06540236095891272,0,1.1014582665648742,0.4155037879005279,0,0,1,0,0,0,19.41687382016309,0
19.38063948186475,9.667849495414673,8,3.4357945977758595,0.604408979417463,8,9.175383598664215,1.0334218645367916,0,0,1,0,0,3,28.225228096749444,0
2.4770153434249775,2.424483195277357,1,0.32858225498775684,0.11033063140745394,0,0.5244696675871223,0.052210409159172244,0,0,1,0,0,0,6.570181737752105,0
3.796225618576578,3.5155717591771496,0,0.32244496787287863,0.05662684936096564,0,0.14931214460870146,0.037751563903846465,0,0,1,0,0,0,4.771084073488557,0
3.1405562857098577,2.1728693895772992,1,0.45192189602324434,0.02111548617514377,0,0.08819060603436428,0.015498761645774906,0,0,1,0,0,0,1.9790538019151556,0
3.685058816571302,4.087381464156385,0,0.305940145696556,0.11813879935072408,0,0.14300691736549248,0.13234209810555364,0,0,1,0,0,0,1.1195896076756369,0
5.966040026875106,6.487745799067245,1,0.7651933152149243,0.027333113172381032,0,0.21238467341330436,0.04762805975849477,0,0,1,0,0,0,6.062183717614182,0
3.0117303515758884,2.644678380345964,1,0.6910392110539567,0.03013690260748355,0,0.18448726960483314,0.08724552967877106,0,0,1,0,0,0,5.593481976417803,0
0.7207290998380929,0.8839043848521849,0,0.2883715042073052,0.052973823246738425,0,0.1173915141283183,0.023345052427491644,0,0,1,0,0,0,0.15164750187679607,0
1.1477400437715004,0.898641433834067,0,0.2911127064848648,0.028845139513138156,0,0.13650574023283552,0.01557626318904586,0,0,1,0,0,0,1.2254935162282157,0
0.9439016707782497,0.6059121672249265,0,0.07271455646877803,0.013819798769503797,0,0.04699280502945863,0.012893480683254976,0,0,1,0,0,0,0.9589551057348822,0
0.9417961829270035,0.521597457354827,0,0.21154055047088138,0.02783991637354459,0,0.0813489819027861,0.03095309990846222,0,0,1,0,0,0,1.1331567514753849,0
2.371924427452955,1.9074560530335365,0,0.35373118745575516,0.02923415491142265,0,0.23954231844372983,0.050236576255246274,0,0,1,0,0,0,2.481879981446941,0
1.3692515136632792,1.44542120903537,0,0.2848086266779486,0.030159627940060926,0,0.20496839771580472,0.06341447149491312,0,0,1,0,0,0,3.826731061075831,0
1.8550688456590259,0.9289567938505114,1,0.5161174368379846,0.02252176171355852,0,0.12491742885503804,0.09504487185585588,0,0,1,0,0,0,1.8513155940309136,0
2.03009943108835,1.3663522410168933,0,0.1999812698759431,0.029067307298662304,1,0.16057896736195126,0.015542209651622275,0,0,1,0,0,0,1.813849091302775,0
1.5284715580098591,1.8369145839984666,1,0.2751484322507922,0.0726648146315787,2,0.09808787152294368,0.11468224744455596,0,0,1,0,0,0,1.068303404205186,0
3.3698520919414054,2.015943196628746,1,1.042215864883823,0.01959279023927097,0,0.14420091746544958,0.08607099721987979,0,0,1,0,0,0,5.116132115167967,0
9.316807475844964,7.51035213989779,6,2.4860971725901844,0.16227268524021632,0,1.3435768019957464,0.27134243546231784,0,0,1,0,0,0,20.292401658780012,0
1.7053523426227015,1.048298560483382,0,0.6927444112889495,0.23871707647517731,0,0.32702196712649634,0.23561779908774785,0,0,1,0,0,0,3.1307299416288115,0
0.6759411083490545,0.5071759570026468,0,0.2521935561310048,0.02277402446754837,0,0.16021952731166123,0.026859728746899063,0,0,1,0,0,0,0.804246343069303,0
0.46224855913969115,0.3719434193458084,0,0.15891917225945937,0.028555460626623865,0,0.11475320767096156,0.0,0,0,1,0,0,0,0.8065916156665702,0
0.6610032864875037,0.42332507280378895,0,0.0856630153264285,0.07899329104186473,0,0.08811427462400877,0.03753426629833623,0,0,1,0,0,0,0.6375743732576096,0
2.2398955841106143,1.3759522875436825,0,0.8248376531092868,0.06506135406302976,0,0.20416555827896155,0.08100026950288328,0,0,1,0,0,0,3.7825523267513246,0
2.448496861140441,1.5832990704942025,0,0.09498046054591522,0.05262639370175738,1,0.14977246847405798,0.12040079135678378,0,0,1,0,0,0,1.9118722253163354,0
2.7013755808550206,2.3223886247342853,2,0.4304263991369824,0.06015540175822473,7,0.6182830242052734,0.12548623940948556,0,0,1,0,0,0,2.562815104753398,0
3.8660923910615663,4.89111499641146,2,0.39930839671512797,0.24526898070655498,1,0.671295872372099,0.7570919822416972,0,0,1,0,0,0,1.6814383993782123,0
5.403942656268162,7.0316855712306205,0,0.15231260748693376,0.6300872936513989,0,0.6009383108561566,1.381715661146509,0,0,1,0,0,0,0.3469609273991881,0
7.017527014647678,7.957150541846186,2,0.592539385275945,0.60463807350769,1,0.4712564146889964,1.1329347714853415,0,0,1,0,0,0,2.968277106506474,0
2.234517315305423,1.6726359646181617,3,1.0101142924379494,0.047646149389294915,1,0.8584056071352525,0.1269076903377009,0,0,1,0,0,0,4.114965378998826,0
3.973358102586521,3.3003595102581693,1,1.1778417720343053,0.23149591314347467,0,0.5515208025258316,0.636271686189647,0,0,1,0,0,0,3.6947928624700377,0
10.166029405199872,9.953961107814438,5,2.7942014886387097,0.2515238534457259,1,0.8987950941242411,0.6506348864705072,0,0,1,0,0,1,5.071319802953706,0
5.248835209367778,7.385660396895395,0,0.4249414341216197,0.2576687818377172,1,0.4160033290256435,0.6477797457679768,0,0,1,0,0,0,1.1403693458245119,0
4.566006588654089,4.6598043954905055,0,0.2950030439911251,0.36002514698676846,0,0.25769722384926447,0.7860722953880714,0,0,1,0,0,0,2.293840708709545,0
1.8822286662687704,2.0399557983551424,0,0.3001668068125263,0.1812349055105652,0,0.2876303262105111,0.2504000552285577,0,0,1,0,0,0,1.2890065732949127,0
2.8145676081282067,2.367505434190292,0,1.3495446419804877,0.05578386039838949,0,1.431693827556362,0.08735642651311176,0,0,1,0,0,0,1.99601977704873,0
1.0610891749343077,1.1239582777136305,0,0.11195660524278128,0.057871665756244944,0,0.32713312614722584,0.09881286694789404,0,0,1,0,0,0,0.44545382530788313,0
3.1136469174758803,3.578225005051228,0,0.06589847759409162,0.4928986590905731,0,0.43090702672920533,1.215375048548797,0,0,1,0,0,0,1.2650673057744979,0
2.806600713514504,3.602179885624569,0,0.4193913647005594,0.34055804680716206,1,0.7885583180201599,1.0228926914416643,0,0,1,0,0,0,0.9953210127345985,0
2.107133039692089,2.531909627836536,0,0.2278252194076631,0.24286879759817553,1,0.9880378587445854,0.7132977334808914,0,0,1,0,0,0,0.6166999858075795,0
2.7302436476214815,3.860777795973062,0,0.2647168559005997,0.3079996993364139,1,0.386516339066845,0.9235742467093021,0,0,1,0,0,0,0.392372013569389,0
2.6376935769643812,3.6735329043163127,0,0.10038245788368802,0.4055292594706622,0,0.6155960595849599,1.2490695128594311,0,0,1,0,0,0,0.7145404541599061,0
2.215704270031385,2.9307698743688997,0,0.1476596507339026,0.19665923912298214,1,0.38569795189804357,0.6762802316478489,0,0,1,0,0,0,0.6829475835060156,0
2.776254223919358,4.130711003053355,0,0.33051491209184924,0.24172356041441634,1,0.7299927007464724,0.8529684945478158,0,0,1,0,0,0,0.22484231056627363,0
3.132286200358484,4.479411405549154,0,0.16852177654209602,0.3555292141624504,1,0.6634823893992701,1.140168999964908,0,0,1,0,0,0,0.5653529407515409,0
2.782889575023229,3.621304889870647,0,0.2706377692448916,0.37127868793657803,1,0.3634449212782338,0.8535901518835517,0,0,1,0,0,0,0.7331018850034805,0
5.004415029184603,5.551290221229418,1,0.1637994186486048,0.5259953416598956,1,0.3487075417474191,1.3273077764411345,0,0,1,0,0,0,1.1040639019718395,0
2.2499397401537022,2.5012250487099164,0,0.15897421989297034,0.27913400945811695,1,0.8794079617991231,0.6539532709152758,0,0,1,0,0,0,0.9194131800926615,0
1.922918958746075,2.7047781909911044,0,0.3323429310423814,0.294793620080538,1,0.4421592094100345,0.8683187933331779,0,0,1,0,0,0,0.243331847179168,0
2.6498990376583906,3.6553683594208386,0,0.25217673203526525,0.406772083946707,1,0.5422241921071268,1.1670809281203078,0,0,1,0,0,0,0.2993921482615517,0
3.593764622784672,5.2096877000288915,0,0.458235085213902,0.3462207648197292,1,0.5510191395753892,1.0693283384760652,0,0,1,0,0,0,0.3969952053961858,0
3.088917267255387,4.220724459249455,0,0.3988390015622387,0.3987935399562752,1,0.5252758420492546,1.1671566377586728,0,0,1,0,0,0,0.5307157552669729,0
1.9323265780083112,1.9862020347159521,0,0.26060963809461934,0.25459802736624615,1,0.7695914884131047,0.7380024964691949,0,0,1,0,0,0,1.291315281629677,0
2.429282485276664,3.2470420916150053,0,0.3221167194628781,0.2764616020812549,1,1.0413587465198941,0.7711055968267042,0,0,1,0,0,0,0.43937832816618105,0
2.4180940545673297,3.23017849231419,0,0.14694339276618995,0.4129217274264202,1,1.000803039339568,1.134011077815205,0,0,1,0,0,0,0.40862125252945214,0
2.905813069668152,4.203354650013993,0,0.2743140868899858,0.559705189007361,1,0.4478431193361796,1.2809985447413959,0,0,1,0,0,0,0.11206652170896032,0
6.921724770900308,6.997193156167103,1,0.19460770705074953,0.2822369429376641,1,0.762883466970794,1.0318967060755864,0,0,1,0,0,2,0.344247001446056,0
24.35828231295774,14.834039762476573,3,12.677844804091885,0.7918960606968373,2,4.244247687682606,1.584355605810067,0,0,1,0,0,1,38.390718304403094,1
39.180322454506644,26.08429209296142,5,7.1043427153353775,0.40395804561638377,3,1.5346434557811643,2.403507959123135,0,0,1,0,0,9,28.072194662912803,1
5.151883323530015,6.146335241750489,0,0.6107476577340779,0.43307858099089236,1,0.6572915174777765,1.1957190389554522,0,0,1,0,0,0,0.9325762687401375,0
2.4852689625474396,1.5253142083844138,2,1.180791112476645,0.2687438480267117,2,0.8236379245010723,0.49188640377786585,0,0,1,0,0,0,2.2759012555967675,0
7.1266492061274045,8.797895522546428,1,0.734460646302127,0.4596304714864188,1,0.5787353814474452,1.1461388869297802,0,0,1,0,0,0,1.6683499172716625,0
4.6187637533830985,6.220277377798285,0,0.5039369496947996,0.5273865468758224,1,0.19999960311695159,1.1328518362649411,0,0,1,0,0,0,1.1335947206845403,0
2.0155937675501177,2.154271442145026,0,0.8481221661842528,0.1854840473604475,2,1.0424376903857322,0.3979324562069578,0,0,1,0,0,0,1.6733757338459265,0
3.1594205251058365,4.548975220166793,0,0.242066882780002,0.46470358424439995,0,0.28001838524382483,1.1401721792788906,0,0,1,0,0,0,0.792552844887817,0
2.8279746011311095,3.3150784621970812,1,0.53938142219355,0.3471640900212489,1,0.44422211060211936,0.9439961875219045,0,0,1,0,0,0,1.5076005709952451,0
1.7754659650789928,1.2216766318315442,0,0.33884642454269476,0.3028030780437226,2,0.6734907953969227,0.4550021108186567,0,0,1,0,0,0,1.1392853562974055,0
3.767822833754667,5.262343463893182,0,0.14713200614379507,0.3935382221184329,0,0.2450406314018343,0.9069057733225241,0,0,1,0,0,0,0.45728114094556,0
3.549454314966831,5.234447559161916,0,0.22314868726118187,0.35142939656243294,1,0.4741103056298339,0.9418810142065793,0,0,1,0,0,0,0.6587201400023931,0
1.3586522054197574,1.721325362768847,0,0.2993112081713555,0.22816106890699037,1,0.5698359151932828,0.5472964424421622,0,0,1,0,0,0,0.36911725377288285,0
4.628596615049004,6.349137254137741,0,0.31967272789781753,0.5754778175781161,0,0.42240548275449535,0.9564954443410055,0,0,1,0,0,0,0.839542102293565,0
1.812312513114969,2.1132992136720206,0,0.5314045363660411,0.3761115204741343,1,0.5930702204504269,1.098439406458987,0,0,1,0,0,0,0.3805904030365012,0
3.157056064847216,2.9781705157378813,0,0.36141345532654506,0.16403527569382856,2,0.9115398442034529,0.45129110429394975,0,0,1,0,0,0,0.5563290036404324,0
2.5089394201639523,3.2970784112827083,0,0.33666066204118994,0.38071529022256534,1,0.36763629719096147,1.0055568730428106,0,0,1,0,0,0,0.8820741231033189,0
2.933796733464745,4.235293809924775,0,0.17472360457339597,0.45371494638126875,0,0.4949257638640323,1.194555421175025,0,0,1,0,0,0,0.3683894466195337,0
3.066812035007933,3.8582876770136223,1,0.6237282757417479,0.1577621437832168,0,0.7244926672321521,0.6188084991820173,0,0,1,0,0,0,1.5787565634356673,0
2.683191579575454,3.4332976287991905,1,0.7119098257150228,0.35504263588373514,0,0.8299842718682926,0.9936166095208345,0,0,1,0,0,0,0.9173808528037521,0
6.6126679894699025,6.322347054451055,0,0.353551223664286,0.3179862155635125,0,0.24480004980365427,1.2172800503209422,0,0,1,0,0,0,1.362378093433912,0
4.207347058534517,3.648216121767158,2,0.34454264000609375,0.3689512158875243,4,0.9872632405312216,0.5453047312933985,0,0,1,0,0,0,1.326103386765452,0
7.356924760351763,5.204300787794863,0,0.4842549576700541,0.2781918106096038,1,0.8247912755004898,1.2333770225602378,0,0,1,0,0,0,8.617831384166644,0
2.3527803429692953,1.683803576818317,1,0.5069219000630205,0.25507486497603993,1,0.6321655683469929,0.3832930130500762,0,0,1,0,0,0,0.9601865983362661,0
2.4248335261368,2.4056566966033768,0,0.1036896940985121,0.29851652717421207,0,0.441768265568417,0.8932688096956098,0,0,1,0,0,0,0.6836506619801768,0
3.35749705221185,3.9472294115309974,0,0.08481458332517926,0.47606842914922176,1,0.533727931742954,1.3261636469692601,0,0,1,0,0,0,1.4799079922206626,0
4.656554180417918,6.246987273723526,0,0.8115268757471208,0.2088059541699429,2,0.8949852334241024,0.5774628511955533,0,0,1,0,0,0,1.727605811120899,0
3.114605734612272,3.646419016308004,0,0.38235204687402247,0.3698077662475842,1,0.36109906664057706,0.816415791273708,0,0,1,0,0,0,0.8707973617494302,0
1.6000803460076882,1.8116556575355038,0,0.24466627028400628,0.2773043405177992,0,0.4139471785378046,0.695372684640027,0,0,1,0,0,0,0.47165203422378243,0
4.068154168717558,5.484018010329971,1,0.3170359690949126,0.3442452901793409,1,0.3943012712515473,0.930136816767507,0,0,1,0,0,0,1.7001279594921588,0
3.588632637445711,4.827532560082731,0,0.4597235874424171,0.2741928094857473,1,0.7558901420066445,0.8947969236557187,0,0,1,0,0,0,0.4241451873173231,0
8.738907384615118,8.348074479707263,1,1.0572613975204825,0.36666969038046515,1,0.6444740594416748,0.9638818756580917,0,0,1,0,0,2,1.1843267699564808,0
5.850631225733252,5.4870221152534056,1,0.4916895768884367,0.38873171299724196,1,0.4274856256032845,0.9839996457794018,0,0,1,0,0,0,1.047994362801256,0
4.783187415008136,5.405303613865038,1,0.9115498016501491,0.20019192566974886,1,0.595909394305748,0.5791122852625,0,0,1,0,0,0,2.7754486145388655,0
2.0197972751830133,1.899564058286523,0,0.17728681929248727,0.2114416589854005,1,1.0865528024709632,0.4946861522376885,0,0,1,0,0,0,1.5815784927044954,0
2.319207696431849,3.0491827963756295,0,0.24359488953219505,0.31974885167723854,0,0.5932073937086391,0.973872706634981,0,0,1,0,0,0,0.47707590495429986,0
4.351858403920074,4.6117195262213535,0,1.335908051020972,0.2966429969289852,0,0.805089277522052,0.8085591952424299,0,0,1,0,0,0,2.380779940886272,0
4.004981989500511,3.727140742797181,0,0.4512295011714124,0.4202401656491141,1,0.26381286883866867,1.0853953320548742,0,0,1,0,0,0,3.1517259286098662,0
3.879106215492752,4.489702713744013,0,0.4239574828637932,0.40313960274661054,1,0.8285865928146585,0.7012552624630817,0,0,1,0,0,0,1.6030649460674777,0
2.943745167772954,3.071840177060494,0,0.12486647969049275,0.44410199401237216,1,0.45953868858382985,0.7962065204979517,0,0,1,0,0,0,0.6660446239565647,0
12.053593174550727,9.53312027780562,1,5.138096646190826,0.38121338381536474,1,1.8261483205809173,0.9528139970586222,0,0,1,0,0,0,23.611931538270156,0
3.7114789434651065,3.8545671829865698,0,0.25544218998818347,0.331370439215923,0,0.2636563168427604,1.006967286758847,0,0,1,0,0,0,0.9978364600834325,0
4.230253370588739,4.001747639089367,0,0.34466611840891576,0.27390744430039937,2,0.42249192551676795,0.5176411698699178,0,0,1,0,0,0,0.7507131280957355,0
3.797738872365171,2.526382007873087,0,0.3536969412810065,0.40662947755641105,1,0.8622102004007279,0.8609545001213407,0,0,1,0,0,0,2.0338200620885436,0
3.679430349231538,3.9232229497373274,0,0.09520010275327585,0.30593787806447914,1,0.7285098734137765,0.7819924948937464,0,0,1,0,0,0,0.918854952331297,0
3.3258435752291544,3.6875943738209482,0,0.29826968329767894,0.33109785129867453,1,0.4744795298459653,0.7130321135431368,0,0,1,0,0,0,0.8748420748745419,0
2.8678883959530537,3.2319019142340544,0,0.47936610485587705,0.26790611161337285,1,0.7743166101353498,0.583957007439214,0,0,1,0,0,0,0.6701103114842019,0
3.3609419773841944,4.010173410239924,0,0.5333260934697268,0.286596324890834,1,0.526739796644982,0.9506173187886775,0,0,1,0,0,0,0.978381541659233,0
4.154966096480745,4.706988703433669,0,0.14626080274726536,0.3431387939010544,1,0.333567272794589,0.8875273226181897,0,0,1,0,0,0,1.2343230614077438,0
3.3817939659982605,3.2896483891202415,0,0.3659457721429592,0.3261912917556468,1,0.8733723203744823,0.7020543509695818,0,0,1,0,0,0,0.9875692786141762,0
5.05670264214247,4.933297569120334,0,0.41518128366367096,0.24962485162484255,1,0.893120342220755,0.4769764200283518,0,0,1,0,0,0,0.9522772983997329,0
2.886792458960689,3.570747437685644,0,0.7104996313581325,0.4043664385243783,1,0.5967256905083795,0.8094422325985478,0,0,1,0,0,0,1.3658056842144886,0
6.7167098437549555,9.667054865136269,0,0.19391544132043076,0.3398582875414573,1,0.3089911846975401,0.8875430136300015,0,0,1,0,0,0,0.2753847795148808,0
4.110640826210215,4.362548043386259,0,0.38163287329464185,0.2911910212307576,1,0.8035817083210852,0.5061791666246951,0,0,1,0,0,0,0.7441137635765351,0
4.22071761390462,3.079191498189028,0,1.4264905784337412,0.20570423351271241,0,0.22882704077255261,0.6929496710183216,0,0,1,0,0,0,5.8322786571956104,0
5.00647280815925,6.159189628758931,0,0.2312794666027222,0.35816395850860294,1,0.7636540850444469,0.9544698301730652,0,0,1,0,0,0,2.4711459219826315,0
17.341304853694037,21.964855059624686,0,0.725376421351256,0.3928518393789021,1,0.22077213487895364,0.8295974550824924,0,0,1,0,0,6,1.3859220050055292,0
20.62540446164778,30.4513349877848,4,0.573340683651896,0.39852332531871515,9,0.4735098781246349,0.8068129136133241,0,0,1,0,0,8,2.4673287047617327,0
12.640477491205987,13.196648578248697,9,0.23104763550711746,0.3544190488664396,3,0.96397648377551,0.9219807881500794,0,0,1,0,0,4,1.86291163277384,0
2.9329160022518352,2.551527411776138,2,0.147550563548837,0.4775555740973727,2,0.47624734781339967,1.0932178030850022,0,0,1,0,0,0,1.3110703549022793,0
1.9650479872288924,1.5662788195976596,1,1.4678571178420938,0.31742728877249843,0,0.9488095047057503,0.7330274861753625,0,0,1,0,0,0,1.0161639475464186,0
5.1078918721571,7.522141649961459,1,0.2809907198250762,0.5517182365601709,1,0.33588852835336236,1.694094321945212,0,0,1,0,0,0,1.0593862653107555,0
5.32668145473688,7.507718614907174,1,0.46703998334832325,0.3997478000557374,1,0.9453317020548475,1.2987845335707793,0,0,1,0,0,0,1.1333615609665117,0
1.8944701600083855,1.0529330596809665,0,0.22630422356785734,0.09881766440839977,0,0.3545699211583539,0.4354475610940863,0,0,1,0,0,0,2.0014318577832975,0
3.628608212764988,4.966599911521064,0,0.3645829777284729,0.31584935627465105,1,0.636931783380701,0.7663603146307532,0,0,1,0,0,0,0.7774177735618102,0
4.257967352029915,4.783077156726407,0,0.14108163874693258,0.5796230501736799,0,0.4103552609685865,1.349534325092669,0,0,1,0,0,0,0.688660316770539,0
3.693871770596017,5.0102509471891175,0,0.21693336290177362,0.27896839757924985,1,0.182103249097293,0.9025480141338398,0,0,1,0,0,0,1.2899458885687765,0
3.2973070737840615,2.8267275569851753,1,0.17321590775947415,0.16231377296033084,1,0.975947381852924,0.5098296920996156,0,0,1,0,0,0,3.086828230516592,0
2.544160218607661,2.9675381786491175,1,0.8427584800386002,0.3983104816698351,1,0.8622056929738091,1.0833815677008685,0,0,1,0,0,0,0.6116470679250452,0
6.485937953663344,9.547022402173122,1,1.2776861015682162,0.5386994337696219,0,0.6246446165061279,1.5128873410380428,0,0,1,0,0,0,1.1218354919707307,0
4.042070425998454,4.7507453160092235,0,3.311017153448898,0.35772948179869546,1,1.0702872119514508,1.2286160961857582,0,0,1,0,0,0,2.319538132092988,0
2.2756123184691273,2.588063868660578,0,0.8509345592184724,0.3351888406482372,1,1.5303450758005277,0.7422067121987161,0,0,1,0,0,0,1.0169669636092757,0
2.6069781401452277,2.5007445178927616,0,0.6049697314214915,0.5564041810824829,1,0.22811865769431353,1.4399000012840415,0,0,1,0,0,0,1.0587839018605258,0
3.449473372538339,5.461716261034995,0,0.23449922917386834,0.337104914526996,0,0.6412435192512581,1.047286139680601,0,0,1,0,0,0,0.19188112258722761,0
1.3751674928498252,1.4391913343143705,0,0.28540593426123667,0.3362529978802265,1,0.7816408368480618,0.7569736025651599,0,0,1,0,0,0,0.4751135889075968,0
4.7808372077898085,6.952882321375497,0,0.21711836121585967,0.6506428275553111,1,0.28061309796626116,1.91023874128377,0,0,1,0,0,0,0.3116917384850726,0
3.4481963902278396,4.763748028970198,1,0.5188424638746331,0.37422151452975266,2,1.0559985484500722,1.1463466870896368,0,0,1,0,0,0,0.6722979325134013,0
1.8646863962268583,2.0574549105742492,0,0.3826723385925711,0.2496191424189947,1,0.7882287731165892,0.707635364551152,0,0,1,0,0,0,0.7809792778497097,0
2.7460123338339146,3.6285343949209152,0,0.32900423584249,0.3085813154361034,0,0.5133990076483601,0.7818999330344764,0,0,1,0,0,0,0.6855053282572809,0
4.0279808484684185,5.033573115678792,1,0.3650935061056233,0.251262100777958,2,1.2489460834659458,0.6386966436871007,0,0,1,0,0,0,1.4170078962752535,0
2.7537375918785783,3.3410833140997225,0,0.21644080018671388,0.3100294089058858,0,0.7887343676675738,0.9312233317539673,0,0,1,0,0,0,0.97741601601814,0
3.360471960789809,3.3216225435250966,0,0.18840607024460476,0.5162697657440095,0,0.5186560797907072,1.1284108447803038,0,0,1,0,0,0,2.342259235266593,0
2.917890797774631,3.1741138983389674,1,0.4965702898714083,0.24915949218978253,1,0.4001997233402135,0.7609575612565205,0,0,1,0,0,0,1.6154302141687569,0
2.5714221652199254,2.5945313836017916,0,0.5668453233338102,0.44998976542519,0,0.5959300316216095,0.9213881360801718,0,0,1,0,0,0,1.4574520114874083,0
2.890578635245159,3.659297710502762,0,0.09856898156198192,0.4942096930239447,1,0.48076858856841215,1.237972578068465,0,0,1,0,0,0,0.2864621858772094,0
3.8845954937714504,5.494235496434714,1,0.3353673150679463,0.3094137453414756,2,1.0216975704235143,1.067548348613272,0,0,1,0,0,0,0.7810508755614286,0
2.8783786891123535,2.866272733669215,0,0.3694876808654259,0.4192336543492934,1,0.7148326114706254,0.9287041583297155,0,0,1,0,0,0,0.7065270281899904,0
3.4335157931880502,4.510163310455707,0,0.25549741604160847,0.3659888712738038,1,0.38974774372005927,1.0947122655513009,0,0,1,0,0,0,1.4681126591214937,0
2.827525433197378,3.5786435681870534,0,0.443795028031335,0.24081029144344104,1,0.6390892533997531,0.916292569540227,0,0,1,0,0,0,1.017516516930927,0
2.8705035359932105,4.073102438213432,0,0.3336461126365762,0.22579986647398945,0,0.501500129861382,0.9963927677819662,0,0,1,0,0,0,0.39520158932864347,0
3.4697841889635708,4.797584242415151,0,0.1209592571716022,0.39917414368915316,1,0.3995207279222313,1.3025935457618347,0,0,1,0,0,0,0.7748228751461854,0
4.977650050771004,5.950551766111114,0,0.765917648934774,0.38560291630764465,2,1.3845002481995767,0.9335945852415586,0,0,1,0,0,0,1.0047304723739487,0
2.831571947575018,3.523045751426674,0,0.2738741561959538,0.34147297785838215,1,0.7529024766131285,0.9221657348357665,0,0,1,0,0,0,0.9560983550251811,0
5.4210687637722,8.129907149458084,0,0.3065422220707913,0.4518113930719415,1,0.5491875727984292,0.9957308079079094,0,0,1,0,0,0,0.715041518321343,0
1.644317197327842,2.1376294172178456,0,0.3535960815077485,0.2060805015490049,1,0.35697818823225935,0.6785285179589108,0,0,1,0,0,0,0.3250074389914688,0
2.354070205174589,2.187913835952992,0,0.19165467734010472,0.30702429651456337,0,0.9156728222972349,0.7683669293904954,0,0,1,0,0,0,1.0842635868439547,0
3.360157105567043,4.322516966270112,1,0.5864086350518354,0.4976106575970858,1,0.40190075946731213,1.0545192862395054,0,0,1,0,0,0,1.0177422052050284,0
4.1682817687563425,5.827734491491802,0,0.2521887381902877,0.546126784231318,1,0.2895111075422739,1.3952598825278786,0,0,1,0,0,0,0.644670175814746,0
2.8594507161501457,3.3613662497518626,0,0.1917975362801938,0.3347546223392126,1,0.9885730475503272,0.7021467770615362,0,0,1,0,0,0,0.7739355695891355,0
2.012929405567012,1.877256136305581,0,0.21850928545208306,0.3922528321877536,0,0.316613786874421,0.889099588677481,0,0,1,0,0,0,2.4592245983920265,0
2.31891278081409,2.980542274620763,0,0.2446922566115977,0.34620344693737126,0,0.2773965791989731,0.8821713432789352,0,0,1,0,0,0,0.0871880734981845,0
3.635213266950121,5.491840506204341,0,0.3349465043874305,0.45621060877416203,1,0.8586207018128654,1.1179705500640542,0,0,1,0,0,0,0.5171381327444676,0
3.229328556663603,3.3496241059544407,2,1.0213022912643008,0.3334081911725676,1,0.7426319476517345,0.5459034896236687,0,0,1,0,0,0,1.2310461197182696,0
2.928969155678076,2.919810099960262,1,0.5813008405635516,0.3448667129262658,1,0.5829016390670803,0.8036698904683641,0,0,1,0,0,0,1.6694345431111521,0
3.682923813554623,5.047397471831109,0,0.1117530176536854,0.27850581768096794,0,0.3385754322355419,0.9458597735649761,0,0,1,0,0,0,1.104502914689802,0
4.54602143886296,5.679252552516726,1,0.49803992562077437,0.5083489028685318,1,0.5618875544208162,1.8883690769089971,0,0,1,0,0,0,1.0312073208764763,0
5.383225871244396,6.632703699556863,2,0.8844067989415259,0.3739998800504186,1,0.536278884575009,0.9689348368044701,0,0,1,0,0,0,2.224633750674159,0
3.8859012425188872,5.004911661473752,0,0.6988844476835434,0.5121627351122472,1,0.50646090628895,1.2204382237019933,0,0,1,0,0,0,0.44630296719182666,0
2.2223242336961317,3.0318429384907146,0,0.28315696875884655,0.42022344006503504,1,0.7287400767107298,0.8272828395877942,0,0,1,0,0,0,0.19537283857261445,0
5.020566328982754,7.240594997916628,0,0.14427181301313668,0.502626248847696,0,0.407169826483341,1.6022951573550863,0,0,1,0,0,0,0.3485857606615878,0
3.810192240376017,5.651041151291623,0,0.2659201747349128,0.42369925492176325,1,0.41220944936778925,0.7434158504719134,0,0,1,0,0,0,0.3576407762910204,0
1.983170160404018,2.0610928690484074,0,0.5664662574598127,0.16510806985341825,1,0.626242738963362,0.4568984191553698,0,0,1,0,0,0,0.71282299439058,0
3.162315815036171,3.8777858729766237,0,0.3022657023562636,0.3474943371371066,0,0.5157453132905598,0.8144492408708202,0,0,1,0,0,0,1.4309324118511269,0
3.812949582058519,5.582857586591178,0,0.13706211055331127,0.4521405244695995,1,0.17840976418651103,1.1625306347392796,0,0,1,0,0,0,0.5480945553752369,0
4.11140291475565,5.720837051875738,0,0.09652434853253437,0.2497861384760423,1,0.5590609237573684,0.8487188335394409,0,0,1,0,0,0,1.9774526581339114,0
3.043388556405928,4.000020324450341,0,0.243694567599194,0.2290016712393009,1,0.6191021139262651,0.6821819372345809,0,0,1,0,0,0,0.4308552868801908,0
3.8996472915720335,3.526683512902096,0,0.36493243166358424,0.5312351788008655,1,0.41825179820776326,1.1526680515925363,0,0,1,0,0,0,1.6275647177169121,0
5.023121475202328,6.832077600203825,1,0.5110523951686815,0.3331797206423914,1,0.29833206341383167,0.9194715193955351,0,0,1,0,0,0,0.5962740285701696,0
3.197935378760806,4.400922798524204,0,0.2197470657335579,0.21240887429906113,1,0.5862705383385276,0.6986385697269283,0,0,1,0,0,0,0.21632017888938576,0
3.022864031533477,3.8710043043726112,0,0.34853483996247664,0.36399190366918277,0,0.3611276214127559,0.9357091749348918,0,0,1,0,0,0,1.1697228888701767,0
3.733205735526465,5.438358657811162,0,0.150130293416199,0.3785451409571258,0,0.3198356422443147,1.0754579901908956,0,0,1,0,0,0,0.37155979725214283,0
4.589334516507326,5.037761885423715,1,0.49099971219601285,0.28338129148784147,1,1.026613482085923,0.31943444155221407,0,0,1,0,0,0,3.652928174263902,0
4.497058613853053,4.197648660646417,1,0.29788866010166437,0.17738500126540918,0,0.8089993802716126,0.6502976305692173,0,0,1,0,0,0,2.475155794894794,0
4.1930254183462425,5.243622526667671,0,0.40819739125236276,0.33305478536401545,1,0.44513212333325747,0.5834179401346995,0,0,1,0,0,0,0.5628387615744941,0
3.913108510338987,4.9015407093819094,0,0.5210148142802085,0.4134799556768051,0,0.3255046456468924,1.0121731967730563,0,0,1,0,0,0,0.37925345711189284,0
3.58988386011945,4.600918464124014,1,0.39020045199770814,0.16988571485336917,1,0.8108175622237717,0.5412010312337201,0,0,1,0,0,0,1.214999802529608,0
2.6842431269170937,3.864799782152966,0,0.2146671490709146,0.26829137576123485,0,0.36940963483472833,0.7370509546677413,0,0,1,0,0,0,0.46228620167003387,0
5.504156912258454,6.281242022747017,1,0.625811965088581,0.7033877252275055,1,0.49797127792938656,1.498798774916801,0,0,1,0,0,0,0.7642124690606253,0
12.172776617050085,13.627950748292065,1,0.7124741261882037,0.18774990711679773,2,0.649986704871854,0.5860740430217312,0,0,1,0,0,4,3.2824703962563944,0
2.6288304073436795,3.3034728731801755,0,0.1168938816450883,0.29169907703475995,0,0.2612228056713459,0.9011731571297344,0,0,1,0,0,0,0.6932203774751858,0
4.087174234513277,5.817666414184522,1,0.2958650531721021,0.2898664797408268,0,0.37057171440483494,0.7508721332286769,0,0,1,0,0,0,1.2399048151863759,0
4.464577254751877,5.439389653519918,0,0.46642055707421726,0.21739922548788687,1,1.07942034958845,0.6332479664180315,0,0,1,0,0,0,1.3571688887144016,0
2.018083034381137,2.2992563011612974,0,0.1443069654825778,0.3164773157129106,0,0.33736876939881366,0.7546628273161282,0,0,1,0,0,0,0.20485311569134979,0
3.5283240477236633,5.333664793010131,0,0.26981274450041925,0.28580450536800023,1,0.30382449639390496,1.2097537772084686,0,0,1,0,0,0,0.6032408058756924,0
1.1679224813076166,1.0780072135813672,0,0.27003017874708823,0.18573692481228793,1,0.5869274647546333,0.46001425621335257,0,0,1,0,0,0,0.4296123882253493,0
4.534485310994131,4.659182219558612,0,0.2880475910765685,0.3586369959535723,1,0.5901575999816145,1.0365239281622798,0,0,1,0,0,0,3.5845059089732816,0
4.838714647257203,7.240724493102407,0,0.5190415476903248,0.47330288846734936,1,0.6864674797700813,0.7675060345131817,0,0,1,0,0,0,0.9960755318873743,0
4.299569995613633,5.490186171323251,0,0.652262051351955,0.14860476273196163,1,0.648204083127556,0.43819961145960756,0,0,1,0,0,0,1.7747893962855998,0
6.606696876953892,9.265875085083223,0,0.7828817192135404,0.34543214941363687,1,0.8460843012946804,0.8878013590678566,0,0,1,0,0,0,2.570752336266506,0
10.695743067097311,9.033056069038958,2,1.7592520378800094,0.8698038913657578,1,1.3607244414259696,1.2605662029944216,0,0,1,0,0,0,18.482488300322053,0
8.456832263417356,11.508592118128071,0,0.4240134307978849,0.513836160537273,1,0.6495331377772304,1.1665896494820627,0,0,1,0,0,0,3.759076184543806,1
1.7789515872451709,1.9531521019320277,0,0.22023503146459533,0.14339619782059604,1,0.5505733318338846,0.5221662757014346,0,0,1,0,0,0,1.1544658828968015,0
3.5283122390292108,4.8440609780029495,0,0.2254920532124379,0.3376432269393553,1,0.4841032442317056,1.0282167828074193,0,0,1,0,0,0,0.7492891520907909,0
2.6413044958752305,3.164925461838686,0,0.2742826690245152,0.291806829911557,1,0.8123616808557539,0.8890248640495795,0,0,1,0,0,0,0.5933538553353129,0
4.365173977021353,6.0966133333280546,0,0.07991327888397429,0.5016117302182381,1,0.5617079663356033,1.4685857723086058,0,0,1,0,0,0,0.6724556929897116,0
3.712194512868776,5.417835403616756,0,0.37208405626737967,0.363893060406729,0,0.3927905564823585,0.8696188282567675,0,0,1,0,0,0,0.2047167539980737,0
1.5305455224522206,1.5583037074581079,0,0.29740194374244033,0.2916079040804208,1,0.7874696748327021,0.7521308075670701,0,0,1,0,0,0,0.6416227531417329,0
2.09274700218627,2.264162336109828,0,0.265730204695142,0.3934621977017003,0,0.6111374141388812,0.9927374839376987,0,0,1,0,0,0,0.9954382960044041,0
5.425237106632544,4.809092569248585,0,0.2641774570681312,0.5031846142398229,0,0.42398066631151077,1.1973053235302906,0,0,1,0,0,0,1.5474358673694064,0
3.506542003912108,3.085480574450611,0,0.3939226582019629,0.22654912481180284,1,0.5347872240736884,0.5323994325059992,0,0,1,0,0,1,1.144252508465518,0
5.060508654211369,6.125305208905929,0,0.31517933749956545,0.17192831549910137,2,0.7774628984711329,0.44492091846395976,0,0,1,0,0,0,2.0237502683220687,0
5.070085605759764,5.4166079342693525,0,0.5931293170892706,0.4827715436438637,0,0.29354739442722333,1.515316142217846,0,0,1,0,0,0,2.9634574216959644,0
5.882398260184646,6.015700571640748,0,0.6327658240418932,0.33360653122551737,0,1.0246870024186705,0.8582647431548367,0,0,1,0,0,0,7.8926235662612685,0
3.1954515883612253,2.9715723833367385,0,0.28335742776927486,0.27847908531399157,2,1.1107378512156725,0.5388703896923085,0,0,1,0,0,0,1.7244998105920484,0
4.72981824130547,6.404987355110852,0,0.4154854118772987,0.3062708777862529,0,0.35119885040018517,0.9326140025295531,0,0,1,0,0,0,1.2332168730651292,0
3.6406115082361006,4.337393357768382,1,0.7359531450762404,0.3027210929431909,0,0.41685487764484,0.8143573314623882,0,0,1,0,0,0,1.3859727655162906,0
5.2357397710948534,5.338224136492715,1,0.23366575463822342,0.19824770683335197,2,1.2206256197103214,0.6142455372340636,0,0,1,0,0,0,0.7890401135537751,0
6.570114542325449,9.480869606353764,0,0.3809505229651995,0.3851017228364236,1,0.9572203279803952,0.9694712590173522,0,0,1,0,0,0,1.0691828400955954,0
5.8740068756089,8.522671157747931,0,0.2938433096608979,0.5391342028733905,0,0.40325247695412253,1.685564746558862,0,0,1,0,0,0,1.2055400069169493,0
3.219529126631423,3.681970459997121,0,0.22895662725427401,0.22616611160961586,1,0.6340303272872317,0.8554114523300104,0,0,1,0,0,0,1.194274924344647,0
1.9150542425798345,2.1553657208503463,0,0.14256273885228182,0.186969138982652,1,0.8918470293030613,0.6115879971349095,0,0,1,0,0,0,0.8094290271056981,0
3.2700719444730377,4.631214066495789,0,0.14444606807160726,0.45321116412064405,0,0.8627939859123813,0.8433064601778308,0,0,1,0,0,0,0.8186428895139095,0
2.8291709782379955,3.4715522241816905,0,0.3754060309753545,0.2832115184083163,1,0.5670147032897106,1.1139945811520542,0,0,1,0,0,0,0.9229854146555129,0
2.3441908708298196,3.5127718518127606,0,0.21866073257874363,0.3392447129731782,1,0.5973564027555777,0.7246044807017882,0,0,1,0,0,0,0.2183984258203422,0
2.8441438405400756,3.2939379522410093,1,0.6589379381908828,0.4150995953185347,1,0.6049788611977867,0.7824075391291042,0,0,1,0,0,0,1.0022367409626036,0
3.340760077599102,4.737115071494747,0,0.09883905883570376,0.44393009456615956,0,0.2853739971960634,1.019909326542528,0,0,1,0,0,0,0.20555746242395373,0
4.457564039079718,6.049774337466397,1,0.5155874928550856,0.3681254467816373,2,0.5642981184902014,0.8793585156362566,0,0,1,0,0,0,0.4676034002271696,0
1.7643762315856073,1.638141690759293,1,0.3124137046673209,0.3139437730741188,1,0.899434185575798,0.6496959350655358,0,0,1,0,0,0,1.2352146345739277,0
2.990085909675972,3.5444992749058954,0,0.23925552322141086,0.5789491613901181,0,0.5055025307899409,1.1672914456028143,0,0,1,0,0,0,0.6331074207401214,0
3.3746588131687734,4.248196710243815,1,0.4468398087833274,0.36306264783663134,1,0.33405877890176017,0.9736600110152993,0,0,1,0,0,0,0.3544778078829162,0
1.841842569427497,1.4866843270582943,1,0.5270660387721968,0.3098919479979874,1,0.8225009090486682,0.6160498788735733,0,0,1,0,0,0,0.3418118023430741,0
2.4822821833939925,3.1273326573149656,0,0.5582729250496615,0.3134395445721543,0,0.7713785648754019,0.8617648446238104,0,0,1,0,0,0,1.0432881799650677,0
4.342216628960563,5.645098367403145,1,0.29657078869448195,0.39536683026240727,0,0.547276732588206,1.4151216633897294,0,0,1,0,0,0,1.2139710674021589,0
2.072307336686735,1.94079479442256,0,0.3471430716770465,0.2264060774077304,1,0.8006130143648846,0.7258922661618846,0,0,1,0,0,0,2.0733696048986308,0
2.8743239463376176,3.528508389417225,1,0.4598580402062806,0.29683589148651324,1,1.8058135321633833,0.7672689363376244,0,0,1,0,0,0,0.9132979460392286,0
2.8899392154479417,2.6031768011715997,0,0.3855407651615518,0.27029565237070025,0,0.8003742583938056,0.8982702534662764,0,0,1,0,0,0,1.0076528488772563,0
5.113862207735055,6.2633234172668,1,1.0931707479706967,0.3724419001562873,1,0.5739145691099597,1.212196848245069,0,0,1,0,0,0,2.5467756537335555,0
3.0820192875416357,3.1806965599761745,0,0.5328438746756201,0.27155258776934094,1,0.661436153592591,0.9356296421262597,0,0,1,0,0,0,1.4675081459717259,0
3.109594514475547,4.305353478111502,0,0.4790435285445985,0.16590573950997106,2,1.063331187131713,0.6659395194540583,0,0,1,0,0,0,0.19561127600392308,0
5.538821575884574,7.534897072672427,0,0.5968409843971355,0.44421206103784294,1,0.639282344372821,1.1047813462350822,0,0,1,0,0,0,1.7324631165767785,0
3.875120975043254,4.172214002082103,0,0.38378542965542484,0.4624306980838979,0,0.5277704229589304,1.1493683275177815,0,0,1,0,0,0,1.6063814583614784,0
3.0995157919027934,4.052966722597508,0,0.23478383164558048,0.2795894830531356,1,0.4295250225104228,0.9663032751841153,0,0,1,0,0,0,0.8030155413596402,0
2.367194412804032,2.9776028940963997,0,0.3182577641835872,0.3635937524812228,1,0.647281298356482,1.081323313024444,0,0,1,0,0,0,1.0277850572322347,0
1.5835485894725694,1.1177241745015019,0,0.26888920891601176,0.1993498677749737,1,0.6193265111290736,0.5525717648565711,0,0,1,0,0,0,0.8102779689248265,0
3.242567671521348,3.559812572884712,0,0.29550475178063984,0.3480432438191372,1,0.7081267310755378,0.8107675768997352,0,0,1,0,0,0,1.4667066347772946,0
2.421941503698455,3.3960299629962623,0,0.2475655527979878,0.400415525901213,1,0.6977080264643023,1.1398162264174756,0,0,1,0,0,0,0.318904720568176,0
3.3917393068306696,4.70833391206882,0,0.4012862038938281,0.3372658335212919,1,0.5957129239043971,1.0431391640665584,0,0,1,0,0,0,0.6731625291740514,0
2.642059364997654,2.0806237850626266,0,0.277391250020651,0.2106366082799556,1,0.8072351838608152,0.769512043511482,0,0,1,0,0,0,1.9658429943211744,0
2.515472403118303,2.798506671455315,0,0.14268856013338999,0.5373322298972273,1,0.6044242111231182,0.9575386320473399,0,0,1,0,0,0,0.9865163776293476,0
3.4358106365209493,4.641209872380762,0,0.2957768806210457,0.4812624310806378,0,0.31281515138303706,1.077471442299847,0,0,1,0,0,0,0.710079737201852,0
2.970521873955775,3.5245242282910825,1,0.24721152460194434,0.29270046712359776,1,0.7145065388235738,0.7113346253917026,0,0,1,0,0,0,1.2606669440741727,0
2.8248486788513243,2.738534628315879,0,0.23775509286668597,0.3951247419093476,1,0.7679597262244617,0.854745672816796,0,0,1,0,0,0,0.6334715559362601,0
4.107369869279172,6.543433882269255,0,0.3394782681420482,0.3694205370901429,1,0.3538616508951996,1.1802787902926684,0,0,1,0,0,0,0.47943135410211896,0
2.7450345107511067,2.3716250010923643,1,0.315041801136027,0.21870786502409173,1,0.9982401822596163,0.49641034756628655,0,0,1,0,0,0,0.6032244413640769,0
18.44326875653897,30.041392537626002,0,0.36896512573305,0.4570729173529997,0,0.3344698889039254,1.2956098639746645,0,0,1,0,0,0,0.7475010433566255,2
5.495769219452501,7.88315774876797,0,0.5011465972849849,0.19394193734884888,1,0.4929306995172364,0.7008542628931493,0,0,1,0,0,0,0.7747287350261483,0
4.956390124542469,7.384524416741382,0,0.468995792488924,0.2158892988492965,1,0.82638380391639,0.9338401904804357,0,0,1,0,0,0,0.5818888866909822,0
4.833589869818732,7.349875949570799,1,0.5687098716178425,0.3712381800034654,1,0.36722947035981246,1.0617570274169996,0,0,1,0,0,0,0.44367078593364734,0
1.6115355541595693,1.5048050583830739,0,0.5655842265244364,0.24015849517296262,1,1.0078299397139898,0.43494099666431296,0,0,1,0,0,0,0.8511377010986678,0
3.541455179267091,3.863324865472592,0,0.8620466517913284,0.3915514220183258,0,0.29140795958980625,1.3416768920474473,0,0,1,0,0,0,1.7216016059831842,0
7.050923768715203,6.77009613414608,0,1.6027377529710023,0.3290788001269239,1,1.349863256787291,0.8540449708387546,0,0,1,0,0,0,7.285029673028539,0
62.25970871400081,106.16169928688218,0,0.7697108359178678,0.3325115137156725,1,0.5600348575646625,0.8968432217781995,0,0,1,0,0,0,0.932965976192417,9
5.516295674284294,8.457211623336013,0,0.3261821773905445,0.49382643427327455,1,0.25019000257191004,1.3289947852080806,0,0,1,0,0,0,0.33682489524712084,0
2.271479674315109,2.5440679872254606,0,0.3965287973875612,0.22002276415981273,1,0.9396978105156686,0.7722949520106978,0,0,1,0,0,0,0.6930544553857203,0
1.472183091074943,0.9337832630260531,0,0.12073992361708757,0.409907384597955,0,0.5046995776753848,0.8652938060865466,0,0,1,0,0,0,1.3479948222866676,0
9.283929912394688,14.67485572505845,0,0.35728839500998644,0.36287489533094025,1,0.5079393382430606,1.045232121774756,0,0,1,0,0,0,1.0612578339486727,1
2.751070820329107,3.632677154736315,0,0.4458900768375662,0.3340213279230544,1,1.007779278929243,0.6722069188046433,0,0,1,0,0,0,0.4655522018984458,0
2.16522010987349,2.561736470531975,0,0.2886724464284544,0.2979238666677487,0,0.6215483890359531,0.8087438514647584,0,0,1,0,0,0,0.4366835107271343,0
2.2589398766430673,3.29028170323009,0,0.18998593616454612,0.3496558526899983,0,0.32123759277381886,0.9890763390060877,0,0,1,0,0,0,0.31355066753435923,0
2.962288068643097,3.4731065541129946,0,0.24823880103719548,0.3100859373893681,1,0.4863940357105684,0.8579023090452897,0,0,1,0,0,0,1.4212472224933042,0
1.6497071484335846,1.833748062773282,0,0.33757468170044685,0.212407898888183,1,0.7431606025041515,0.5755217790320242,0,0,1,0,0,0,0.9025618905367773,0
2.5571499090459144,3.4958393202698175,0,0.24646565430295067,0.39109776550434605,0,0.6615543854197832,0.9773643339518991,0,0,1,0,0,0,0.4905075732826535,0
13.839459897413084,22.11475765369148,0,0.49295679389027947,0.45058723702579445,1,0.4745964290557982,1.0130482309259286,0,0,1,0,0,0,0.7513059057583075,1
7.017295521924337,8.923755739956185,0,3.6684299023586497,0.2018923265285228,1,0.782943958109854,0.8338658254098346,0,0,1,0,0,0,4.139851326533735,0
3.0143781360683812,2.3578384909964343,0,0.4898995860765065,0.2141153149552375,1,0.40324071957804053,0.6388856912449674,0,0,1,0,0,0,4.816257224760502,0
2.758693630807336,3.9856263700857264,0,0.464588679347693,0.43287023838887895,0,0.943303525956632,1.1482641748908349,0,0,1,0,0,0,0.43803463626483635,0
5.352675887026881,7.407954358674438,0,0.7090882043081014,0.30184132446619366,1,0.7738766089234025,1.118753745164585,0,0,1,0,0,0,1.407131511227874,0
3.994622050480603,5.853811521728857,0,0.2843546556411194,0.2857931789533313,1,0.6103351575812476,0.7114011262228839,0,0,1,0,0,0,0.6255990328684737,0
0.5551997072056942,0.5908861363304,0,0.10187977108388213,0.012228803272489094,0,0.03636322443093416,0.028290970991987564,0,0,1,0,0,0,0.16137400426016751,0
0.6836134850959862,0.45983427614945965,0,0.06817492230017828,0.0001505047273062085,0,0.02279702322802648,0.01181201801292132,0,0,1,0,0,0,0.4885820974698694,0
5.234792175719304,7.702366208363802,0,2.691837681713211,0.021211412645222943,0,0.49584036233853335,0.04742208846117575,0,0,1,0,0,0,1.3327321442397952,0
0.5027133952481818,0.38203498683086473,0,0.10799038303883012,0.028921980379331535,0,0.07052077974145987,0.0,0,0,1,0,0,0,0.5867750030722458,0
0.5766141715225054,0.2925691885223439,0,0.09128466381444793,0.021455735892238533,0,0.11615791498018596,0.01181201801292132,0,0,1,0,0,0,0.4800327133978635,0
0.8706569519754924,0.699808294621411,0,0.17691768612757863,0.05869358096019465,0,0.09684190271091879,0.015310413261718957,0,0,1,0,0,0,0.7632087271471153,0
1.018540024419714,0.7486834560103452,0,0.17965566730761573,0.012865967049197775,0,0.09523252290639536,0.022807765861329803,0,0,1,0,0,0,2.1711444248087375,0
10.341430988680408,16.00208330851502,0,0.19767173654159284,0.029655113508912163,0,0.045403396272064245,0.01747333763806721,0,0,1,0,0,0,2.1905824588600344,1
0.8149711612006377,0.9022808198918849,0,0.28864129403501837,0.021655929406307114,0,0.08139579971140423,0.007644585216654404,0,0,1,0,0,0,0.6718746581174606,0
5.411805828610442,5.684854559654047,0,0.12285641364258867,0.0002467972805958376,0,0.5954883724854023,0.022621958246333406,0,0,1,0,0,0,14.085508940326164,0
1.6396098635267373,0.9964214974106035,0,0.36095526900362557,0.02543883306899164,0,0.033984613813303324,0.04044421239244389,0,0,1,0,0,0,1.4013263692372269,0
1.5028012449643469,1.757641885592073,0,0.0946447766646786,0.023034543369016426,0,0.0926002632959372,0.011713373000619426,0,0,1,0,0,0,0.6984503287555499,0
1.2556357240208156,1.3911636550865312,0,0.21988082657425015,0.013008075309884853,0,0.017568900371479023,0.013319742196413702,0,0,1,0,0,0,0.6095871444360113,0
1.8997204589237708,2.0951303962098407,0,0.315212668169236,0.016331813112844956,0,0.0671063005053662,0.035304209995279716,0,0,1,0,0,0,1.174016198972914,0
0.597393066160709,0.5025123260130185,0,0.03871476079402837,0.01352769730442961,0,0.060000388191110594,0.0,0,0,1,0,0,0,1.1234561720569354,0
5.516922604227104,6.575402044357342,0,1.0424694747653898,0.025744856165919136,0,0.15864229317434453,0.03825844547977657,0,0,1,0,0,0,4.142166023208553,0
3.8547668796889702,4.947474320517139,0,0.2233570180356883,0.02786182823982718,0,0.14188411313053714,0.028477614019110496,0,0,1,0,0,0,2.051145366177917,0
1.987219448785834,2.400966160517237,0,0.5828256561786654,0.022592279123840302,0,0.058671928282612223,0.023474486669319315,0,0,1,0,0,0,1.1999177592773542,0
2.7756759172927747,4.237856447711093,0,0.28468246834982885,0.02253649697761465,0,0.022596841356644186,0.007769849614574659,0,0,1,0,0,0,0.5124735388673815,0
3.4290585366938426,4.160602295730622,0,0.658139441493113,0.02445693527061904,0,0.17058449999736236,0.035346822311411806,0,0,1,0,0,0,1.729764202668684,0
2.088707996245058,1.7864690036464332,0,1.4093371564975863,0.012377185969748425,0,0.26673732188561167,0.010652307659633809,0,0,1,0,0,0,1.6490475601759016,0
5.725065800178728,5.258966266869618,1,1.6099797024280198,0.05226493611038593,0,0.2754878601671612,0.04753016335185991,0,0,1,0,0,0,1.438648359344024,0
0.9000608308336426,1.369287355088218,0,0.15187967124359325,0.02911483140304473,0,0.011452071918901097,0.015432808804009953,0,0,1,0,0,0,0.05910621508652288,0
1.5609750240215021,1.8612397755571832,0,0.13923093038561815,0.02972051376535434,0,0.04368180348230925,0.007769849614574659,0,0,1,0,0,0,0.4781226110090093,0
0.7589904785814872,0.7316039117163549,0,0.09851777034207856,0.024458111048804472,0,0.06887375521168146,0.01638125403568801,0,0,1,0,0,0,0.8763049565814582,0
2.9229453734646675,3.677558100027142,0,1.1251060938348458,0.03089550583887717,0,0.42298791407261493,0.01638125403568801,0,0,1,0,0,0,1.216613194827352,0
4.34375257916723,5.228014877369227,0,2.013259552599288,0.01359327685061541,0,0.8368510327009249,0.015579179614799526,0,0,1,0,0,0,13.100105234695485,0
9.256876531841275,8.288993604861712,0,31.759052345216123,0.07656185434510356,1,78.38752260129809,0.20417832249923187,0,0,1,0,0,0,7.629522064036242,0
2.5694517930662193,2.5430663992063134,0,0.7283335349968939,0.08298808946943069,0,0.06537670642491757,0.029740480426261928,0,0,1,0,0,0,1.9732437205986244,0
2.8801022024222585,3.9776867396879787,0,0.0899091504302649,0.026890188858399208,0,0.11231086060611943,0.04213887102052211,0,0,1,0,0,0,1.4924862135512313,0
2.1778183502065316,2.8879040679496666,0,0.14574802635695577,0.024503966274362795,0,0.04883160282908298,0.007769849614574659,0,0,1,0,0,0,0.7789880984100138,0
0.843822005665802,0.7615997523556991,0,0.03943476657000493,0.00013051164069869948,0,0.05092804802897295,0.011713373000619426,0,0,1,0,0,0,0.21802822999569493,0
2.167096506316046,2.510843759996131,0,0.5808372573371161,0.030359760819603513,0,0.08396025768246304,0.04306238509978246,0,0,1,0,0,0,2.038919207755411,0
0.8840693866129893,0.5181965887570349,0,0.34284015394838757,0.025551335040251387,0,0.10202410337725452,0.02527883165636834,0,0,1,0,0,0,1.4774401315782488,0
10.393376472168143,17.390757562428306,0,0.2545782053626558,0.01320603447880547,0,0.09445372503953021,0.007769849614574659,0,0,1,0,0,0,0.3811644445457759,1
0.9268092766524455,0.7313894888182929,0,0.03910629518119823,0.02780459279434708,0,0.03638190797768072,0.029389230626229966,0,0,1,0,0,0,0.36835605375591907,0
0.7618401067193477,0.8755907677500754,0,0.15352864889595053,0.029311209550085978,0,0.04388283823969376,0.016732878819788022,0,0,1,0,0,0,0.23849575784041155,0
0.5919549347399354,0.44132710895582206,0,0.08982841812410819,0.028692270524696674,0,0.08819340382331459,0.0,0,0,1,0,0,0,0.9343155467703816,0
0.7392571010904856,0.4349513584994558,0,0.14628486925783454,0.01320603447880547,0,0.08497108689416501,0.007769849614574659,0,0,1,0,0,0,0.7110854803879303,0
0.975729397826396,0.7435055680627628,0,0.3191522271635248,0.028692270524696674,0,0.03565639282212191,0.0,0,0,1,0,0,0,0.6699145598450728,0
0.5382110039331289,0.44093148852979935,0,0.09626282455415108,0.0299068311873498,0,0.0742668654384731,0.007644585216654404,0,0,1,0,0,0,0.6197581521579089,0
0.9802334639357794,1.0925683342951769,0,0.12421860419703214,0.013811950933361052,0,0.02346731688017448,0.015333104426571532,0,0,1,0,0,0,0.1257618399834441,0
0.5307309916676527,0.3298171029438921,0,0.10923829031659935,0.00024970500140352077,0,0.04944421072909018,0.016732878819788022,0,0,1,0,0,0,0.2779523333964588,0
1.1145991015548369,0.9962314200925049,0,0.03881923183957219,9.717090693180398e-05,0,0.09221210234994655,0.013319742196413702,0,0,1,0,0,0,0.6409787237150996,0
0.4415618434679205,0.36296003662676185,0,0.2009149275083243,0.00010899864921278081,0,0.04921738725713008,0.04322370905686799,0,0,1,0,0,0,0.214820398714442,0
1.147039478468789,0.9646515629824906,0,0.07811581161964609,0.0002515000283731257,0,0.04851875800974618,0.034608853022619845,0,0,1,0,0,0,0.47197296404511024,0
0.6707320290022893,0.5403127463426339,0,0.051723178523658375,0.00012146363366475498,0,0.010933980393485606,0.01664967774551713,0,0,1,0,0,0,0.363103299840001,0
0.7264014978356566,0.6387547439888404,0,0.04417525678877889,0.025564391429358603,0,0.03671117632319471,0.01664967774551713,0,0,1,0,0,0,0.2592697928526013,0
0.41695271155920477,0.20220836195320321,0,0.20414951453663283,0.03371348584446501,0,0.04881094722164469,0.01664967774551713,0,0,1,0,0,0,0.4449889593099315,0
1.075345394509169,0.9099252903417916,0,0.07049435086460937,0.028796449891998456,0,0.09944575849658058,0.013319742196413702,0,0,1,0,0,0,0.5848101381709289,0
1.5567623218921791,1.6401698802572313,0,0.1514372733851353,0.014229297693797705,0,0.04951593254382439,0.03132859203871718,0,0,1,0,0,0,0.47184666962356764,0
0.3949626970699665,0.344900069349835,0,0.10197136953553929,0.022141290829280243,0,0.05134889077335415,0.013319742196413702,0,0,1,0,0,0,0.08480400374779842,0
0.7895641847306594,0.7061277073840533,0,0.07743466609859304,0.012449092342060805,0,0.04977567266177346,0.03136977128255906,0,0,1,0,0,0,0.48158358061952744,0
6.201795650941836,9.798929763809209,0,0.0996408099675555,0.028209628117395066,0,0.061735674869696514,0.015701527968142295,0,0,1,0,0,0,0.49890947179644307,0
362.4181814731196,503.156004332525,2,0.8869936259772139,1.945748901295839,0,2.253067969332004,0.33272669729326254,1,0,0,0,0,8,1230.103649829422,6
327.4505616385007,557.4077749369332,0,1.5133164440256888,0.4545781836915055,0,0.5291538836032779,0.21132774215560587,1,0,0,0,0,0,1292.8800866788738,1
14.7866165146819,15.88467361385184,1,0.02987668521132021,0.7640691719931068,1,0.36273233470346516,1.3895908628919567,1,0,0,0,0,0,42.18010116851521,0
23.50432423975695,36.36819051194491,0,0.24293505793955356,0.028991693151615205,1,0.30986047382954185,0.02796148580948372,1,0,0,0,0,0,86.4303813951654,0
15.37767391476103,22.082645603424776,0,0.09374798117446387,0.025886585027698618,0,0.21682532496597168,0.020047302651714824,1,0,0,0,0,0,53.5035268139585,0
6.960079438014967,8.647648031022005,0,0.1463706751524844,0.029691633589066988,0,0.15411468946382925,0.034989123140219215,1,0,0,0,0,0,21.773739772137407,0
11.20686008040538,13.856892277414644,0,0.1554982812314864,0.04002020958432522,1,0.2151143917943206,0.019860371392948245,1,0,0,0,0,0,34.94643240743362,0
20.702458796055243,33.54805921487432,0,0.07377071705267199,0.0386948207462116,0,0.5246118762733452,0.018619098180888978,1,0,0,0,0,0,78.77783610654575,0
17.331550262059913,26.47481349688031,0,0.13563868682371633,0.01672611210128249,0,0.45839950848603883,0.03835400602952898,1,0,0,0,0,0,63.10261587487804,0
15.60909063380177,22.959806152034364,0,0.12601504458460105,0.017703343297319016,0,0.2910753163497889,0.018619098180888978,1,0,0,0,0,0,55.274478354679445,0
6.929907967740423,9.658624268846138,0,0.08280630550167017,0.02574094906322577,0,0.2333294117110719,0.019860371392948245,1,0,0,0,0,0,23.57668091166661,0
17.519237321487296,26.386546026003135,0,0.16567401857136338,0.011601877911089627,0,0.4114715450214761,0.018619098180888978,1,0,0,0,0,0,63.14165769282142,0
22.39615333594037,35.19742057889695,0,0.14243297545276712,0.016748606993849603,0,0.37367641662233114,0.014895278544711182,1,0,0,0,0,0,83.31451979162418,0
8.53509333816027,11.74785480135619,0,0.10110095135871511,0.023559012099822405,0,0.10145475080138455,0.019413207735230892,1,0,0,0,0,0,28.808579879363087,0
14.023199229720962,18.836264222942294,0,0.1875538565070612,0.016748606993849603,0,0.2820355882424204,0.014895278544711182,1,0,0,0,0,0,46.375564379993705,0
10.154311130360572,14.328673203309135,0,0.12227493724844982,0.015657414854762335,1,0.22103315830696044,0.008688912484414855,1,0,0,0,0,0,34.88190158352285,0
9.861632009646565,14.251219638003583,0,0.10942126020041597,0.001999418437411424,0,0.21850927733388276,0.019413207735230892,1,0,0,0,0,0,34.48341624912763,0
14.042089372991938,19.748533358443833,0,0.13837773909577858,0.0015735311560866989,0,0.19011251524796724,0.028759486108026287,1,0,0,0,0,0,48.13515167388427,0
10.455275767959055,12.013194666180507,0,0.14208056686229292,0.0010234187671339205,0,0.17527668198684382,0.018619098180888978,1,0,0,0,0,0,30.913959832128057,0
13.235510768542555,19.264908790806356,0,0.11877469414712949,0.0004775954246624963,0,0.38890293609518906,0.008688912484414855,1,0,0,0,0,0,46.51768750111869,0
16.407711752376898,24.174321015979864,0,0.130813329642667,0.0008187350137071365,1,0.4414406888742111,0.014895278544711182,1,0,0,0,0,0,58.19709204241168,0
12.219753948378695,17.10512035529914,0,0.10329686473890673,0.0010916466849428485,0,0.20993243546741397,0.019860371392948245,1,0,0,0,0,0,41.697113472220394,0
11.54735615027831,16.957137770786336,0,0.1865300707150364,0.001044902253012517,0,0.2351346922189523,0.03722819379276339,1,0,0,0,0,0,40.86246389948241,0
14.44467115055861,20.425594119450775,0,0.19536478644453104,0.0008187350137071365,0,0.2815403449469859,0.014895278544711182,1,0,0,0,0,0,49.686791939981944,0
16.42145749355175,25.587796468813856,0,0.10461419556400997,0.015657414854762335,0,0.33457328936383535,0.008688912484414855,1,0,0,0,0,0,60.701151659515375,0
18.539795232121023,28.849887470403658,0,0.12782793859843014,0.0008187350137071365,0,0.3521458508967575,0.014895278544711182,1,0,0,0,0,0,68.44643732582075,0
14.125421002653688,20.50802598762669,0,0.17124031036672865,0.0010234187671339205,0,0.2748652071498803,0.018619098180888978,1,0,0,0,0,0,49.531965518847215,0
11.416574359652504,16.833026887644866,0,0.1578746011638444,0.0010916466849428485,1,0.2154335235835591,0.019860371392948245,1,0,0,0,0,0,40.51821665231811,0
19.494781972270513,29.593961758384584,0,0.14373453822763055,0.0010916466849428485,0,0.3947479007984673,0.019860371392948245,1,0,0,0,0,0,70.67541689404064,0
15.727373416064948,24.13072294285127,0,0.13313774835577227,0.017703343297319013,0,0.32422713723331265,0.018619098180888978,1,0,0,0,0,0,57.43548178451324,0
12.421638669655358,18.35196542883464,0,0.14453813804683682,0.0010234187671339205,0,0.23180763848151875,0.018619098180888978,1,0,0,0,0,0,44.1359328224997,0
19.832698058012888,30.01609290985153,0,0.16703138537518009,0.0010234187671339205,0,0.3307320672751206,0.018619098180888978,1,0,0,0,0,0,71.73407101220776,0
18.493249517048536,28.47506881082332,0,0.12130594993932062,0.0010234187671339205,0,0.38384524788839675,0.018619098180888978,1,0,0,0,0,0,67.73268870619003,0
13.11433314280463,20.52528060898037,0,0.16793173795389305,0.024175641427335533,0,0.25119166387962405,0.018619098180888978,1,0,0,0,0,0,48.628907313700026,0
20.06718525697542,30.68939003680819,0,0.18107991414560154,0.0004775954246624963,0,0.3610052973225568,0.008688912484414855,1,0,0,0,0,0,73.15521890742126,0
20.14941132522581,31.52426931682247,0,0.09728097493468611,0.016748606993849603,0,0.43170311091856217,0.014895278544711182,1,0,0,0,0,0,74.674297574205,0
13.755789331259884,20.64641353038689,0,0.17271784058144507,0.0008684368233866776,0,0.2514946854199709,0.018769127090362533,1,0,0,0,0,0,49.46612086516664,0
18.389818320593836,28.568526037277113,0,0.13638937063447798,0.0010234187671339205,0,0.3153724127487304,0.018619098180888978,1,0,0,0,0,0,67.8101885744428,0
15.25313530245284,22.04685080862058,0,0.20261244040002435,0.016748606993849603,0,0.2726975667381285,0.014895278544711182,1,0,0,0,0,0,53.30826816370606,0
18.444918377618173,28.28724600891982,0,0.1600437639216499,0.016748606993849603,0,0.42873400084613567,0.014895278544711182,1,0,0,0,0,0,67.3885000317081,0
18.370781007793216,28.069404741151295,0,0.1403336897890761,0.0010234187671339205,0,0.3423478053185848,0.018619098180888978,1,0,0,0,0,0,66.9208284818506,0
16.555642413666796,23.853148718698403,0,0.2527280140342434,0.0004775954246624963,0,0.34183233283696296,0.008688912484414855,1,0,0,0,0,0,57.74765463652146,0
14.646390040127883,21.644430239267173,0,0.1048650910908566,0.0010234187671339205,0,0.20072129415045872,0.018619098180888978,1,0,0,0,0,0,52.069563437133326,0
17.3674154956932,26.295511505291906,0,0.2047874002682801,0.0008334491260783899,0,0.39051127843609906,0.03835400602952898,1,0,0,0,0,0,62.83331092403963,0
20.01451380946734,29.644942998443362,0,0.2687883286649262,0.0004775954246624963,1,0.41059827265102966,0.008688912484414855,1,0,0,0,0,0,71.26865598274634,0
11.454823750670863,16.155911735014584,0,0.08340850687127423,0.0008187350137071365,0,0.14140046405643192,0.014895278544711182,1,0,0,0,0,0,39.277167680683405,0
20.690384297218827,32.39267157785989,0,0.24798269975589762,0.0004775954246624963,0,0.3888540001611576,0.008688912484414855,1,0,0,0,0,0,76.75340120556899,0
24.147670336151673,37.3419950740821,0,0.2305980029774768,0.0019151466603568802,0,0.5353033760132184,0.034989123140219215,1,0,0,0,0,0,88.77467519526675,0
13.002413612318696,18.53549542549641,0,0.07413042339810624,0.0008187350137071365,0,0.19005649289233745,0.014895278544711182,1,0,0,0,0,0,45.00826222696693,0
17.764748778353155,27.302363004640984,0,0.23762449156623675,0.0010234187671339205,0,0.3549298313075824,0.018619098180888978,1,0,0,0,0,0,64.99090938930439,0
16.633743397115552,24.04433343289136,0,0.22918266069067422,0.010650166989624163,1,0.34840839996385187,0.014895278544711182,1,0,0,0,0,0,58.17522305946877,0
18.582294020739607,28.399331473456066,0,0.1476841134460916,0.0,0,0.3530888201286123,0.0,1,0,0,0,0,0,67.71528561384918,0
15.654766847037191,22.997214083408892,0,0.1964144637595306,0.0010954598161986612,0,0.22413275252664577,0.020047302651714824,1,0,0,0,0,0,55.39773835875853,0
15.60552968416189,22.541598994409725,0,0.17854493153004802,0.0,0,0.2468060538671042,0.0,1,0,0,0,0,0,54.54084797947834,0
17.12758633014134,26.68198339675291,0,0.19654046963709615,0.0010234187671339205,0,0.42177094528101855,0.018619098180888978,1,0,0,0,0,0,63.30116248602571,0
22.06405636449104,34.58959882939152,0,0.23707083019109199,0.0008187350137071365,0,0.5045726436523357,0.014895278544711182,1,0,0,0,0,0,81.91948418760238,0
17.213401809169408,26.123869508804678,0,0.14082904885541914,0.0008187350137071365,0,0.3295048837742064,0.014895278544711182,1,0,0,0,0,0,62.37776836932973,0
14.45243813636148,22.436625747872416,0,0.212556585615408,0.0010234187671339205,0,0.33053759402143956,0.018619098180888978,1,0,0,0,0,0,53.28226280061908,0
19.54708322218137,28.61457689295773,0,0.25281068966099923,0.01784240269207248,0,0.4260104235352421,0.034989123140219215,1,0,0,0,0,0,68.9885417852716,0
19.40849681924677,29.783614637426794,0,0.1637590763010076,0.0015735311560866987,1,0.3253008292704238,0.028759486108026287,1,0,0,0,0,0,70.93879029119977,0
16.58759173878339,25.411816063801265,0,0.18493905907538802,0.0010234187671339205,0,0.35760580822791066,0.018619098180888978,1,0,0,0,0,0,60.54362711935986,0
16.95675710853829,25.047599677037105,0,0.2659529055195736,0.001575914881822607,0,0.33509873636573284,0.028876386312933412,1,0,0,0,0,0,60.22815737831447,0
23.769777833277008,37.62707341452278,0,0.26639764345782035,0.0008187350137071365,0,0.44099602992508014,0.014895278544711182,1,0,0,0,0,0,88.90655975541276,0
16.74290358803882,24.872381646491114,0,0.18158557590481494,0.0010916466849428485,0,0.26598049781406047,0.019860371392948245,1,0,0,0,0,0,59.73130721503479,0
20.15158903633748,31.262063492783135,0,0.1538787518872496,0.02473674322295522,0,0.4733318162462208,0.0,1,0,0,0,0,0,74.25144516030757,0
22.65330225531063,36.046368165725916,0,0.31005062388701965,0.0010954598161986612,1,0.515032916715747,0.020047302651714824,1,0,0,0,0,0,85.06012983343287,0
15.714425348302736,22.527326052691325,0,0.18570247049190786,0.0010916466849428485,1,0.27605169092698145,0.019860371392948245,1,0,0,0,0,0,54.5956740296759,0
16.16075779916061,25.220841045814865,0,0.16643450696014064,0.001649700756772684,0,0.31847998558413393,0.018184051446464147,1,0,0,0,0,0,59.81362246040108,0
23.22065278318434,35.83124808859493,0,0.2509437117658479,0.0008187350137071365,0,0.5318269065282855,0.014895278544711182,1,0,0,0,0,0,85.22297972096436,0
22.598831569894617,36.16089169247632,0,0.2037351408876082,0.0008684368233866776,0,0.3934599529551549,0.018769127090362533,1,0,0,0,0,0,85.19665563417047,0
13.259345006155863,20.10821049786934,0,0.1645267369270162,0.0011470856426756579,0,0.25435685480734455,0.01658040118609106,1,0,0,0,0,0,48.042148345143794,0
18.637358826737774,28.74448685436394,0,0.2937209655415811,0.019180481526044554,0,0.42054699813988655,0.018619098180888978,1,0,0,0,0,0,68.36440390255487,0
25.31532972217484,39.851837386653514,0,0.13703116132218807,0.0008020958860602198,0,0.4809728332002819,0.05771042480366255,1,0,0,0,0,0,94.29362430783937,0
25.457469012369092,41.39276824883531,0,0.2035975703200265,0.019175408233064337,0,0.9859802538005921,0.026638621538164733,1,0,0,0,0,0,97.12276349436938,0
50.404634898898045,84.58544853608213,0,0.3187405169842401,0.01881111891128002,0,1.232029545809137,0.032297395827821464,1,0,0,0,0,0,196.8987751836696,0
24.278297582342542,38.52952989580056,0,0.16863984522364223,0.013290434136296549,0,0.5908702658264083,0.027318187203097373,1,0,0,0,0,0,90.9655232933413,0
18.37882338443082,28.664667907115355,0,0.25731956437086095,0.024340286372894496,0,0.2589689586709414,0.01658040118609106,1,0,0,0,0,0,67.9917611984812,0
14.590938002070454,22.451744050216707,0,0.2661205116713284,0.0033674379444370893,0,0.42544184361724835,0.00804534828998265,1,0,0,0,0,0,53.45230882673857,0
18.964660023769593,29.859038191251823,0,0.19680989369213958,0.0303367769973369,1,0.282586896647547,0.03628488147713781,1,0,0,0,0,0,70.65010804803121,0
15.265699905034836,22.936267973426272,0,0.17856523850422962,0.015364381273062588,0,0.26289227755570876,0.027762863185895846,1,0,0,0,0,0,54.93183307124025,0
10.96987388669524,15.999754903824607,0,0.20128105753373746,0.023845638675201643,0,0.3307130895607385,0.00773752055350916,1,0,0,0,0,0,38.62484759088248,0
18.85488984568844,28.751622095962475,0,0.21963915008646354,0.03361452071533469,0,0.32314929641774226,0.018769127090362533,1,0,0,0,0,0,68.59711186314325,0
14.328313310697265,21.519603097177725,0,0.1791767311075702,0.020933653004121363,0,0.25948732135066216,0.008852572771284834,1,0,0,0,0,0,51.54309593983895,0
11.771361554834685,18.135330667841327,0,0.19852074337879266,0.022712250729486416,1,0.4472669986701263,0.014895278544711182,1,0,0,0,0,0,43.14974514272256,0
18.24449331141097,26.854973654067,0,0.16993597520155257,0.017917123269726505,0,0.2744082596981746,0.03881774069464583,1,0,0,0,0,0,64.6662854190403,0
15.13390863470188,21.435885535065403,0,0.19530674722040434,0.0335775619812657,0,0.32301237091579266,0.05174803497867117,1,0,0,0,0,0,52.144883222679354,0
23.775655958157454,37.97218526446002,0,0.33839673934558334,0.032069531138130866,0,0.589729232331319,0.037530375703338094,1,0,0,0,0,0,89.50458034318707,0
18.690607123580147,23.152688266075444,0,0.10288710494363924,0.002110499401829907,3,0.30926613287822685,0.027198910312374765,1,0,0,0,0,0,57.92373816022665,0
15.5899700712558,23.515103356947662,0,0.21244333582817104,0.0004564327349001956,0,0.3731847033222667,0.008688912484414855,1,0,0,0,0,0,56.26454011800267,0
14.366574618408066,21.542278848021205,0,0.18886991026895278,0.016871816991282058,1,0.2573779087124039,0.018769127090362533,1,0,0,0,0,0,51.625776036333455,0
13.147244273626649,20.97090711249091,0,0.17281302999436624,0.00045964879583370287,0,0.45357959197328157,0.008852572771284834,1,0,0,0,0,0,49.44138391393871,0
19.77695344208172,30.718318797189063,0,0.2669506408683076,0.001017914493795398,0,0.40381057505976736,0.027318187203097373,1,0,0,0,0,0,72.93640299286639,0
11.905942193597559,17.65722640446195,0,0.12323110185778953,0.01678113523883476,0,0.246154964347065,0.014895278544711182,1,0,0,0,0,0,42.43834757476302,0
15.946548457238755,24.57441036350681,0,0.2596928824621294,0.0011072054882635693,0,0.4897981945384695,0.037530375703338094,1,0,0,0,0,0,58.46494954551871,0
18.3552849084494,28.562631294449762,0,0.21126437913268797,0.0007824561169717639,0,0.43661064027271823,0.014895278544711182,1,0,0,0,0,0,67.78276870744853,0
18.180260591216896,27.851163721526515,0,0.22949657509901458,0.0011072054882635695,0,0.4277584400880375,0.037530375703338094,1,0,0,0,0,0,66.37018319355568,0
17.277635464430244,26.369836920731924,0,0.20872687832659562,0.016906440970199825,0,0.45999109265718474,0.05216343277931018,1,0,0,0,0,0,62.89963715849652,0
12.672473257381478,17.971544905348892,0,0.18738441928215943,0.0010754647923280963,1,0.31216191839117724,0.033384700891713685,1,0,0,0,0,0,43.70603954087089,0
13.097992914174197,18.903715460836967,0,0.22638884929454473,0.001050329100376278,1,0.44288145274629415,0.04553184404543334,1,0,0,0,0,0,45.76235332887297,0
16.017965312600406,24.417643320163922,0,0.23591952365431137,0.0005115858382441196,0,0.3817669707108735,0.00773752055350916,1,0,0,0,0,0,58.26157152301316,0
13.863943331682545,20.216010249757588,0,0.2063372746067288,0.01057059007815914,0,0.3907454921658617,0.05216343277931018,1,0,0,0,0,0,48.80894085395987,0
13.052009096088288,18.185650597900036,0,0.23907972359760626,0.01678113523883476,1,0.3985830354381328,0.014895278544711182,1,0,0,0,0,0,44.43711751244395,0
15.896491423034114,24.573408821502007,0,0.2336282211014253,0.000978070146214705,0,0.40711151811323065,0.018619098180888978,1,0,0,0,0,0,58.42323996416085,0
15.435348077445028,22.278246341601832,0,0.2280406210514196,0.017795495559241366,1,0.3600710433118792,0.027318187203097373,1,0,0,0,0,0,53.90806244756641,0
14.470175270031929,21.682206558470813,0,0.16499694566785714,0.0010573095676124865,0,0.3588752400084668,0.026638621538164733,1,0,0,0,0,0,51.97169040061414,0
12.332467023845862,19.197499377499614,0,0.21068703322602372,0.0007993373309076108,0,0.42184050491187686,0.03807008899659072,1,0,0,0,0,0,45.556599303205054,0
19.563295571031233,30.73973535270617,0,0.3046870990656645,0.0005115858382441196,0,0.5091055853059352,0.00773752055350916,1,0,0,0,0,0,72.7710979857293,0
16.03474678913504,23.672812487136582,0,0.15109173889083616,0.0007824561169717639,0,0.20163425806261953,0.014895278544711182,1,0,0,0,0,0,56.956725141738026,0
12.331718607339548,18.691598928017527,0,0.20904493745700423,0.0004564327349001956,0,0.3394033070630436,0.008688912484414855,1,0,0,0,0,0,44.65996991788516,0
14.49731176911801,21.44732227295233,0,0.2056020684173766,0.0008299548424340724,0,0.3324572096804741,0.018769127090362533,1,0,0,0,0,0,51.581613380032145,0
19.556601008562065,29.662613745935644,0,0.27018106218283094,0.0010573095676124865,0,0.4189172568762194,0.026638621538164733,1,0,0,0,0,0,70.8593038986386,0
13.673127748231996,20.3662195486323,0,0.18422774300116723,0.0010754647923280963,0,0.2752487225301208,0.033384700891713685,1,0,0,0,0,0,48.89570869446342,0
15.334472058742737,23.068978211127998,0,0.2172200750619544,0.015817729070494124,0,0.36924381344985346,0.00773752055350916,1,0,0,0,0,0,55.230793677025986,0
11.742927756904837,17.82818500735325,0,0.1804279105757128,0.0004564327349001956,0,0.3969096983661519,0.008688912484414855,1,0,0,0,0,0,42.583345632990465,0
18.418958079594024,28.82070245083704,0,0.2611850357953993,0.0010432748226290184,0,0.4589344811485546,0.019860371392948245,1,0,0,0,0,0,68.30512924883226,0
16.530266475970425,25.398598835699275,0,0.2584848547826441,0.0008299548424340724,0,0.34921498727893363,0.018769127090362533,1,0,0,0,0,0,60.47875791252736,0
12.26419351845849,17.192938630294496,0,0.1928652183148457,0.000978070146214705,1,0.3161470430951808,0.018619098180888978,1,0,0,0,0,0,41.93223112697548,0
15.501254507882763,23.4104353586464,0,0.2370559245712709,0.0007824561169717639,0,0.39501219162906664,0.014895278544711182,1,0,0,0,0,0,55.99271435480864,0
12.157913748964276,17.926683370488,0,0.17155545307475223,0.0010179144937953982,0,0.4162220141960376,0.027318187203097373,1,0,0,0,0,0,43.15284863230252,0
16.48035489708777,24.684830722547304,0,0.2590009182183285,0.026831712777239645,1,0.44680433767889133,0.008688912484414855,1,0,0,0,0,0,59.15851878295557,0
14.12456964305646,20.469005617905918,0,0.23980196268912382,0.01571939294016521,1,0.3919066035971741,0.008688912484414855,1,0,0,0,0,0,49.467027113139295,0
15.521732283786003,25.245883287215218,0,0.22202431718427026,0.0007824561169717639,0,0.3602411533346923,0.014895278544711182,1,0,0,0,0,0,59.23498985756256,0
16.552582884667867,25.330192876980313,0,0.2229394416064912,0.0007824561169717639,0,0.3893912659255667,0.014895278544711182,1,0,0,0,0,0,60.380507250806886,0
13.991144387377865,21.14460507442056,0,0.22741749284617174,0.015292485604771176,0,0.40579545140432527,0.028876386312933412,1,0,0,0,0,0,50.56827311251032,0
16.603567303508374,26.143884582576767,0,0.23990341321506697,0.000978070146214705,1,0.42180366170499345,0.018619098180888978,1,0,0,0,0,0,61.85699172001834,0
21.01466554794333,33.12371152989079,0,0.3019263944689672,0.015817729070494124,0,0.49520255119916184,0.00773752055350916,1,0,0,0,0,0,78.35109595621688,0
37.510534400886186,61.78728624101719,0,0.26148365368338294,0.010626232447055326,0,0.679329098775037,0.013264320948872844,1,0,0,0,0,0,144.50842926492996,0
20.909236248943657,29.536889534931092,0,0.2254189117194793,0.017712468184675683,1,0.28614508985181103,0.018619098180888978,1,0,0,0,0,0,71.74301010873627,0
23.409606479963813,35.29870419445961,0,0.246925785508111,0.031135716693061914,0,0.7643850105169735,0.018619098180888978,1,0,0,0,0,0,84.46079042031594,0
26.879075672935052,42.25139113911024,0,0.3086947557843563,0.019784075146147523,0,0.7198928828738171,0.03807008899659072,1,0,0,0,0,0,100.01477538164073,0
24.66501920740129,38.27862927216016,0,0.34209449223374383,0.000978070146214705,0,0.3192660759856604,0.018619098180888978,1,0,0,0,0,0,90.8882057404256,0
22.80350199916516,34.33181941758938,0,0.29493978346416166,0.011723862619376321,0,0.5736774594867826,0.018619098180888978,1,0,0,0,0,0,82.18060705419951,0
23.585831040880176,37.09087047993495,0,0.24559140729703588,0.034158357332505954,0,0.7108080342471745,0.018769127090362533,1,0,0,0,0,0,87.79005155211311,0
26.746809049968526,42.352006047212996,0,0.31224496849318917,0.027844490069386593,0,0.44802141289260783,0.008688912484414855,1,0,0,0,0,0,100.06313009381071,0
18.16477551830803,27.16454243613566,0,0.3716330930057916,0.01252179722485045,1,0.3558683759754853,0.019860371392948245,1,0,0,0,0,0,65.13932267028748,0
14.52020067538859,21.41612003114832,0,0.31127210037092434,0.03277446300521267,1,0.3422019725197618,0.018619098180888978,1,0,0,0,0,0,51.54931518636723,0
19.793718436164525,30.901612467402796,0,0.25371538290115403,0.0010754647923280963,0,0.29031730210278817,0.033384700891713685,1,0,0,0,0,0,73.27609310936175,0
18.084487381977226,27.723731790672037,0,0.33127500797744863,0.019318893981712947,1,0.2794718154415092,0.045939583444392924,1,0,0,0,0,0,66.04789634753163,0
20.97364731692665,32.746938252520785,0,0.3398201787002671,0.01571939294016521,1,0.41856299802237323,0.008688912484414855,1,0,0,0,0,0,77.64929569816178,0
19.715736786678143,31.313141732366557,0,0.1947835226753073,0.013495214905957677,0,0.28060733199949633,0.05186624476132922,1,0,0,0,0,0,73.9217751145848,0
21.776758664142573,33.571648047650285,0,0.3823070963181812,0.02115485377547955,1,0.32946535452440423,0.045939583444392924,1,0,0,0,0,0,79.87115550235333,0
23.191721113645745,36.39203606682498,0,0.3124920327249355,0.01787807366004344,0,0.40293996136291427,0.026638621538164733,1,0,0,0,0,0,86.18338189371632,0
20.040043155883367,31.882421266759504,0,0.2974113309953617,0.0007993373309076108,0,0.34875968599283136,0.03807008899659072,1,0,0,0,0,0,75.23684961672762,0
23.504438476293625,36.67954339912423,0,0.31622904852148925,0.03632657237798901,0,0.31404990949358347,0.014895278544711182,1,0,0,0,0,0,86.969827830008,0
22.874850335543645,34.89101341752328,0,0.32384535246420015,0.030296225854946082,1,0.3969785515770891,0.018619098180888978,1,0,0,0,0,0,83.23058768454516,0
19.816653824633892,31.346360226839675,0,0.3033119488019369,0.018513391777687977,0,0.31301336909010063,0.019860371392948245,1,0,0,0,0,0,74.08188613031388,0
23.390151907264336,36.52807437956283,0,0.26588559320898975,0.018513391777687977,0,0.332756911210099,0.019860371392948245,1,0,0,0,0,0,86.61057554428763,0
23.049527865966084,35.89366889113459,0,0.3235168555646043,0.027953947767332746,0,0.3981399192545726,0.014122085993189846,1,0,0,0,0,0,85.1839036544016,0
25.094345800627682,40.15424114168494,0,0.24010606569319654,0.029702194491790353,0,0.4938369659720506,0.019333314760594834,1,0,0,0,0,0,94.61871290756139,0
26.78616732836278,41.86949059162256,0,0.2541196413020146,0.018841260468492965,0,0.5919221113420524,0.047390071779277274,1,0,0,0,0,0,99.26038434466398,0
25.230335718971343,39.370941051288725,0,0.2868785949554373,0.019420868396227208,0,0.5853551097333671,0.037530375703338094,1,0,0,0,0,0,93.37600469333425,0
22.18295292567756,35.38890757421996,0,0.2633975220975994,0.025858136518461902,0,0.4672372970813466,0.019860371392948245,1,0,0,0,0,0,83.45375652932039,0
25.97524103270557,40.59578717648353,0,0.35344716587092156,0.0010754647923280963,0,0.5375191760450448,0.033384700891713685,1,0,0,0,0,0,96.24160936769982,0
25.72796232870195,40.760954209700806,0,0.2945640137484013,0.017795495559241366,0,0.44197212141446773,0.027318187203097373,1,0,0,0,0,0,96.2919141369588,0
15.127849453256395,23.414926574937212,0,0.40852024806790566,0.019251624636674097,0,0.14311387125295294,0.03696866815621147,1,0,0,0,0,0,55.6408780221314,0
22.860067154822524,35.593070012152516,0,0.4113877498549112,0.035043835443882766,0,0.4383638725945497,0.019860371392948245,1,0,0,0,0,0,84.4622865422663,0
31.165280291341446,49.85556708087641,0,0.3072464486094677,0.017795495559241366,0,0.6758635310889709,0.027318187203097373,1,0,0,0,0,0,117.4832755296953,0
23.327203713106236,36.919799564062394,0,0.36045728577210767,0.02683171277723964,0,0.3062073478782508,0.008688912484414855,1,0,0,0,0,0,87.23716747211463,0
25.654762702831373,40.47627246983726,0,0.5352607232975246,0.001138496910435438,0,0.4801761893354353,0.03229739582782147,1,0,0,0,0,0,95.71934938989853,0
21.18193811408137,32.85654656371628,0,0.20540362588662595,0.0011072054882635693,0,0.40267714500196006,0.037530375703338094,1,0,0,0,0,0,78.04701628503315,0
27.037802064477752,42.98835503510578,0,0.2887878458860274,0.01851339177768798,0,0.6781575908519977,0.019860371392948245,1,0,0,0,0,0,101.45634708152201,0
25.46951766902888,39.832407630623635,0,0.42365439098902596,0.014237164499326768,0,0.472927342249726,0.05531035965414699,1,0,0,0,0,0,94.41273060755967,0
18.153656027026372,27.841223043051478,0,0.2548698011320675,0.0008770042941327764,0,0.2921114607102866,0.013264320948872844,1,0,0,0,0,0,66.32606862165858,0
24.376204907760183,39.10415692716322,0,0.31773429940888576,0.017712468184675683,0,0.5418066863067519,0.018619098180888978,1,0,0,0,0,0,92.08223853636848,0
26.935710204166018,41.2563078144059,0,0.28426519014725443,0.016194049036600114,0,0.471899738545117,0.017411124944798073,1,0,0,0,0,0,98.32450885498827,0
20.859282384212793,33.06654275503302,0,0.3197618291674229,0.029751594911787853,0,0.3725920019260113,0.07211281353863255,1,0,0,0,0,0,78.10723901097285,0
26.478233653744507,42.16066895800736,0,0.4485749757559504,0.0010026057380321672,0,0.48709333678517824,0.03696866815621147,1,0,0,0,0,0,99.46903347073432,0
16.06071055523588,24.061785051252244,0,0.20486215564941235,0.021283591346359862,1,0.31340380199827594,0.018619098180888978,1,0,0,0,0,0,57.67293961472707,0
19.883232122970817,31.25424415608415,0,0.3141248450128302,0.014185379348695727,0,0.3706332340214222,0.03668896341285144,1,0,0,0,0,0,73.98169446184869,0
23.299695740973032,36.49703459793649,0,0.45330159553833826,0.033950450263097835,1,0.42041303685542086,0.0361682729483953,1,0,0,0,0,0,86.47046015803299,0
17.806058713190357,27.59537101305634,0,0.28799574117950894,0.0010026057380321672,1,0.2672074898790271,0.03696866815621147,1,0,0,0,0,0,65.56228891856205,0
17.994280653742308,28.662338737491115,0,0.28705841380480024,0.0010432748226290184,0,0.3543165741173838,0.019860371392948245,1,0,0,0,0,0,67.61746894300794,0
21.987354666676517,33.61330802732985,0,0.374195488588963,0.027261380687705387,1,0.40505301345083805,0.018619098180888978,1,0,0,0,0,0,80.14710071736428,0
24.11564275520787,37.48181069818028,0,0.33001530276367075,0.01678113523883476,1,0.32208780300006257,0.014895278544711182,1,0,0,0,0,0,88.9720001039978,0
17.336871535600856,27.521860998831556,0,0.301613815843857,0.0010432748226290184,0,0.40205317327754014,0.019860371392948245,1,0,0,0,0,0,64.9804855562221,0
27.009221107297545,42.6900109458746,0,0.34191950869958443,0.028763038771939465,0,0.47492650574717615,0.018769127090362533,1,0,0,0,0,0,100.91033876559366,0
27.82584775915239,42.9831910007238,0,0.27368712463834166,0.017712468184675683,1,0.4906323324815888,0.018619098180888978,1,0,0,0,0,0,102.20974286049773,0
17.551970573230896,22.62628016615977,0,0.30154243145588183,0.0010026057380321672,0,0.3735350798562294,0.03696866815621147,1,0,0,0,0,0,56.365371068791866,0
80.71076798329297,126.63409023727156,1,0.2929138562021464,0.03367932242596059,0,0.7489929104116166,0.04567769198376593,1,0,0,0,0,0,299.894089295866,1
19.999093551331388,26.997518129164575,0,0.0894414186447707,0.027665108551670828,0,0.35827623236760864,0.01728019922588363,1,0,0,0,0,0,66.53536102315681,0
44.68860438090969,74.20586504475317,0,0.2971165993183882,0.011543194951624383,0,0.4641371120051719,0.016599154817041776,1,0,0,0,0,0,173.1999439452278,0
67.4924992712677,114.16338086212129,0,0.260375588197094,0.012905019175361698,0,0.8276115867820772,0.045487461057369324,1,0,0,0,0,0,265.2116889352671,0
31.139499846243197,50.313767367397496,0,0.40256937721823677,0.0010034342835424247,0,0.5278767400063251,0.0270105130691301,1,0,0,0,0,0,118.25150964919963,0
17.437919975347896,27.214894091983602,0,0.24386594717549007,0.001090767072579895,0,0.2683898331597013,0.014091166176285362,1,0,0,0,0,0,64.52984919370945,0
32.83249137406799,53.751857027212836,0,0.5072494498125727,0.0008155025639105914,0,0.6112593601316965,0.01859670624234127,1,0,0,0,0,0,125.89725812398348,0
60.58100761263067,101.96080134341261,0,0.39255999708232736,0.0010034342835424244,0,0.6817466789553086,0.027010513069130097,1,0,0,0,0,0,237.17127211184913,0
18.266901380348326,27.38398601568808,0,0.5382499022989444,0.0010355499530275542,0,0.4513591946042443,0.026451996755811665,1,0,0,0,0,0,65.62825128332192,0
25.122588905310305,40.91866422809109,0,0.3887474081683181,0.001035549953027554,0,0.35081096164117487,0.026451996755811665,1,0,0,0,0,0,95.98028512363206,0
31.292413953280587,50.14027236046464,0,0.3791798448170545,0.0008155025639105914,0,0.6174655495980437,0.018596706242341266,1,0,0,0,0,0,118.08311515872904,0
24.06160269433003,36.986135285794155,0,0.4683982545594705,0.002108349729571724,0,0.5241628756644242,0.03621040307550535,1,0,0,0,0,0,88.06841242134145,0
32.51075454297876,52.180387445766094,0,0.3298385040340719,0.0,0,0.5582532014984205,0.0,1,0,0,0,0,0,122.85333230352543,0
24.356602603891414,38.47708167814397,0,0.25711653819606745,0.0010422621013274813,0,0.30677944655861933,0.07585884705949762,1,0,0,0,0,0,90.96162073704728,0
25.339281478705225,39.87398184204477,0,0.407243091475031,0.0008014521551849409,0,0.41450359945583715,0.051646415387584625,1,0,0,0,0,0,94.35954658011974,0
33.87843129378762,53.833996958667036,0,0.530022900928763,0.0008538894827637466,0,0.47700933273891977,0.01327932385363342,1,0,0,0,0,0,127.07492259218407,0
26.793744073378093,43.367285655391164,0,0.866321409015851,0.0010432748226290184,0,0.3287370880979693,0.019860371392948245,1,0,0,0,0,0,101.88735429310469,0
27.26891888153214,41.33220093513522,0,0.2917314372078732,2.695642581627843e-06,0,0.31487621919424724,0.056271928122846225,1,0,0,0,0,0,98.73032202831631,0
21.100257780116024,31.46870992378643,0,0.17108255186435523,0.0007993373309076108,0,0.35154852784984314,0.03807008899659072,1,0,0,0,0,0,75.5147304960989,0
11.967983139316683,17.42081923839859,0,0.08490484319177635,0.001090767072579895,0,0.23502541372399344,0.014091166176285362,1,0,0,0,0,0,42.05498969552338,0
24.726303037942486,37.89913679838325,0,0.20092680301478436,0.0015530225940523109,0,0.3095455768485891,0.017953513680499363,1,0,0,0,0,0,90.29442054588117,0
27.054676288084913,41.770290799507805,0,0.2097395667062476,0.0010919977622536954,0,0.30564494841258544,0.037535228501759485,1,0,0,0,0,0,99.33880208665366,0
19.244239887655826,29.593466372024345,0,0.12139143113843037,2.695642581627843e-06,0,0.26302637720565414,0.056271928122846225,1,0,0,0,0,0,70.44966334627834,0
23.424555010052853,35.71112037966068,0,0.20881517475371608,0.001570343455399538,0,0.3357961700525749,0.04581250269119248,1,0,0,0,0,0,85.20220181415753,0
36.48016961308917,58.276327526942346,0,0.2504372659833691,0.0007993373309076108,0,0.380616643675747,0.03807008899659072,1,0,0,0,0,0,137.37384636645865,0
28.9822597944246,45.53744563620874,0,0.19541918663734303,0.001582786496465637,0,0.28633877138717284,0.01728019922588363,1,0,0,0,0,0,107.80735196589615,0
22.09144354100512,33.309825700591766,0,0.15857178918778966,0.0021242757492648335,0,0.3097720683839107,0.05347985643979019,1,0,0,0,0,0,79.7142717208138,0
18.093999698353766,26.703503804186578,0,0.2158512598870635,0.00048276542177207654,0,0.21316098549176715,0.06455310120830149,1,0,0,0,0,0,64.242981148654,0
26.30146497719976,40.68460797043065,0,0.1750723124555489,0.0007993373309076108,0,0.30431813159893306,0.03807008899659072,1,0,0,0,0,0,96.69582528923175,0
25.60513694888654,40.1716983777626,0,0.15551053079878924,0.0008157692710798533,0,0.3042195784005899,0.05186624476132922,1,0,0,0,0,0,95.13963267259561,0
13.66567279759983,19.73885559772913,0,0.132939280466798,0.0008157692710798533,0,0.19398317552378702,0.05186624476132922,1,0,0,0,0,0,47.77265456747159,0
27.74878358661126,43.342011133780005,0,0.210591664788931,0.0007993373309076109,0,0.3013185742522734,0.03807008899659072,1,0,0,0,0,0,102.76315742404235,0
39.746851538749844,63.719338633515434,0,0.23879552574347435,0.0019014082081331304,0,0.3979294329973114,0.03312689613295487,1,0,0,0,0,0,150.0722355618853,0
13.93334041387693,21.245311634800316,0,0.0742648642026967,0.0004564327349001956,0,0.22461018912914066,0.008688912484414855,1,0,0,0,0,0,50.68779386488099,0
26.99855226741779,42.13204536551513,0,0.18166134251899718,0.0010422621013274815,0,0.35244360720483175,0.07585884705949761,1,0,0,0,0,0,99.91736892236362,0
28.874500482742487,44.53444977718998,0,0.14742156983109428,0.0021315576029584853,0,0.3181545611583625,0.05712213513167233,1,0,0,0,0,0,105.94416788010184,0
18.286276736719337,28.13053997164037,0,0.13998496872479932,0.0007824561169717639,0,0.27045011662963464,0.014895278544711182,1,0,0,0,0,0,66.96397216978227,0
23.554866564834946,35.80870875058772,0,0.18902794034306628,0.000799337330907611,0,0.31264827004436724,0.03807008899659072,1,0,0,0,0,0,85.4938377562677,0
41.382005808407264,66.10680868104609,0,0.24121854053756392,0.0015760210397590063,0,0.3725161973265625,0.0361682729483953,1,0,0,0,0,0,155.82862721129334,0
22.685261297972033,35.94119765179846,0,0.11434572550438696,0.0004564327349001956,0,0.27514074185532567,0.008688912484414855,1,0,0,0,0,0,84.90361666488087,0
18.446026915167927,26.76765229493888,0,0.17553057081491566,0.0007824561169717639,0,0.26110137174078296,0.014895278544711182,1,0,0,0,0,0,64.69500509235306,0
18.754079497513732,27.393829669340136,0,0.17297990064784588,0.000978070146214705,1,0.210224688345237,0.018619098180888978,1,0,0,0,0,0,66.10380200640911,0
22.33257211653206,34.74970189920021,0,0.13248806323079443,0.0004564327349001956,0,0.3028137065641502,0.008688912484414855,1,0,0,0,0,0,82.47252820119265,0
26.228178645589313,40.94897522647292,0,0.19247287309269467,0.0004564327349001956,1,0.30186860979930746,0.008688912484414855,1,0,0,0,0,0,97.1013320223127,0
13.927696201332584,19.83448875853451,0,0.15575793770925053,0.0010927791781638917,1,0.19522530206931077,0.051600636140092575,1,0,0,0,0,0,48.1770843425308,0
22.697154321142232,36.62270818502592,0,0.14946100982009766,0.0004564327349001956,0,0.36961043303363217,0.008688912484414855,1,0,0,0,0,0,86.10928421169436,0
29.498268183198164,45.94532492054915,0,0.18824427517873266,0.013821755242918605,1,0.2962149844356567,0.01327932385363342,1,0,0,0,0,0,109.01479857608058,0
14.884729406441574,19.70413272881922,0,0.15417898416395656,0.0008394696481755007,0,0.1937736226642422,0.036992638052702136,1,0,0,0,0,0,48.81244645249235,0
33.546648036831776,54.29947886363256,0,0.0886155692658209,0.0004564327349001956,0,0.31834417704742946,0.008688912484414855,1,0,0,0,0,0,127.56679973694162,0
30.24514055423749,47.61280178188896,0,0.25334100122045466,0.0010927791781638915,0,0.355840095345511,0.051600636140092575,1,0,0,0,0,0,112.65928578485074,0
15.689959633863994,21.949787471623015,0,0.13383896521231506,0.0015760210397590063,0,0.2251936297440899,0.0361682729483953,1,0,0,0,0,0,53.554406753682976,0
36.19483186748333,58.35788627553256,0,0.31006648513264873,0.0004981021982788522,0,0.42065192668846557,0.007746272247952829,1,0,0,0,0,0,137.23904151567243,0
40.24453895207821,65.64952617101694,0,0.6490547589042261,0.0007720035164428261,1,1.1713244597167876,0.08960986961664823,1,0,0,0,0,0,153.9266422856186,0
54.478257786393655,90.07884262745745,0,0.3061826527338675,0.013764187294221977,0,1.5023936537457203,0.036992638052702136,1,0,0,0,0,0,210.47875231487154,0
16.846522217354067,25.559583052494474,0,0.45767611353013915,0.014184343595740948,1,0.30318424941506705,0.036015575049984,1,0,0,0,0,0,61.05497879783303,0
30.57399058176602,48.55685332275421,0,0.5288027008462721,0.0008394696481755007,0,0.5866963744658114,0.036992638052702136,1,0,0,0,0,0,114.63582724661232,0
60.44727014794841,100.90933497877361,0,0.3572891407786363,0.020809362719504388,0,1.4322581833147832,0.03258809675275887,1,0,0,0,0,0,235.2128410658009,0
40.74405309414863,67.2306971635052,0,0.5997768883308241,0.0,1,1.3098997877391274,0.0,1,0,0,0,0,0,157.17161686808203,0
30.595943176519324,47.11981859861247,0,0.6961403603847245,0.013267280173986108,0,0.17824181422006052,0.016599154817041772,1,0,0,0,0,0,112.13429364476383,0
66.24931071931472,109.26546189053593,0,0.38616064584591026,0.0021812741573389,0,1.6260557930447017,0.01879852817401531,1,0,0,0,0,0,255.47193109184948,0
39.75713948852404,64.05146623477528,0,0.5183059394720638,0.014184343595740948,0,0.694899354927639,0.036015575049984,1,0,0,0,0,0,150.6483884523174,0
25.506147569541916,38.807494886460645,0,0.727248809283789,0.0004848055480996179,1,0.15122750253478537,0.05490622316487414,1,0,0,0,0,0,92.6271460247763,0
20.008439265322348,30.56435945277729,0,0.47742669751333666,0.0004848055480996178,1,0.24789209126967784,0.05490622316487413,1,0,0,0,0,0,72.88111125196588,0
41.61284466203343,66.99970218881188,0,0.5931519436701433,0.000453140260999671,0,0.4454110823432492,0.008528195086598633,1,0,0,0,0,0,157.60498454415202,0
87.53881835942893,147.81239224951312,0,0.5208073856808619,0.0010927791781638917,1,1.9500200120727393,0.051600636140092575,1,0,0,0,0,0,343.54783742746827,0
21.107724418156327,32.81529101445744,0,0.44048478846854067,0.0010919977622536956,1,0.7958330800571236,0.037535228501759485,1,0,0,0,0,0,77.89421440581233,0
33.22309299721492,53.22226742321267,0,0.7650541202358879,0.0008538894827637466,0,0.14355916637085253,0.01327932385363342,1,0,0,0,0,0,125.36442021864661,0
66.22715216598336,111.03875282575937,0,0.5180472918553155,0.0010927791781638915,1,1.5277126844786713,0.051600636140092575,1,0,0,0,0,0,258.5398082319281,0
16.457813328750365,24.90663207763315,0,0.31865119506483336,0.0004564327349001956,0,0.12355183187017808,0.008688912484414855,1,0,0,0,0,0,59.52996411304036,0
32.94048816493494,53.04736081947265,0,0.7527180337110292,0.0007993373309076108,0,0.29231673893670235,0.03807008899659072,1,0,0,0,0,0,124.79049828466177,0
42.65244705960887,69.07302815770153,0,0.7022731109509739,0.001090767072579895,1,0.5707315838300979,0.014091166176285362,1,0,0,0,0,0,162.2505091912647,0
17.483059978275964,26.777913606718553,0,0.3639277828115698,0.0004916785100710373,0,0.11273362818770075,0.036015575049984,1,0,0,0,0,0,63.81385740622841,0
33.01867782774396,52.763253653159985,0,0.7867568779148368,0.02261248347211717,0,0.602516667103538,0.01879852817401531,1,0,0,0,0,0,124.37276841147605,0
35.21890337576807,56.929362595739505,0,0.8598285113926155,0.0019095241860092893,1,0.5197414934544973,0.018156168940038214,1,0,0,0,0,0,133.7956346222805,0
20.196231696657,31.47551811998119,0,0.36360217766364966,0.001138519310351662,0,0.11404773975780433,0.017705765138177895,1,0,0,0,0,0,74.66707285357236,0
25.452767407012946,41.33360947795039,0,0.7660686044243403,0.0014954726742082895,1,0.5065674997670568,0.02834243289596508,1,0,0,0,0,0,97.0266209442883,0
31.57263654364811,48.99097179643691,0,0.8526346201701397,0.001090767072579895,1,0.30218386802874597,0.014091166176285362,1,0,0,0,0,0,116.34283972478048,0
16.658781138763253,24.77146006495457,0,0.17718787607721959,0.0010927791781638915,0,0.17582254045607199,0.051600636140092575,1,0,0,0,0,0,59.49678694878158,0
18.153664331211896,27.468169545101002,0,0.30530745150061966,0.0010919977622536956,1,0.15852940504381166,0.037535228501759485,1,0,0,0,0,0,65.66776544387507,0
31.436082505893896,50.05623964587884,0,0.37079987307620477,0.0010026057380321672,0,0.21857990285372764,0.03696866815621147,1,0,0,0,0,0,118.09730512815153,0
117.22085051582114,199.6420334990249,0,0.6999016079370387,0.015592205816937,0,1.9617384045739565,0.0645531012083015,1,0,0,0,0,0,462.99883609736094,0
28.09201310015519,45.5713349278916,0,0.41761931770127814,0.0010927791781638917,1,1.000393344458354,0.051600636140092575,1,0,0,0,0,0,107.0031542981273,0
32.004611269005025,51.974921717733864,0,0.526838313537958,0.001582786496465637,1,0.19915020985354676,0.01728019922588363,1,0,0,0,0,0,122.00603796364626,0
53.12489481169599,89.1192133178997,0,0.3276220291139304,0.016690108623137752,0,1.546957056551281,0.04581250269119248,1,0,0,0,0,0,207.47439212007248,0
41.88354309777682,68.7085453382555,0,0.499332120446757,0.01446218498346596,1,0.6830877679934451,0.03282529140499363,1,0,0,0,0,0,160.86702085320366,0
24.45625987300253,38.18113355021723,0,0.4366481755332308,0.018487531854384114,1,0.16105818459246296,0.019860371392948245,1,0,0,0,0,0,90.53366076928967,0
17.376541458399544,26.140293116466516,0,0.3163232267386896,0.0015760210397590063,1,0.1340758463751798,0.0361682729483953,1,0,0,0,0,0,62.59589878591932,0
35.88034684790799,57.708610253347935,0,0.4010924109993654,0.0004744371332450542,1,0.30777073800577637,0.05531035965414699,1,0,0,0,0,0,135.77594995330858,0
25.35714484511904,39.49323003626157,0,0.2661584188469265,0.001568806309288771,1,0.19734450437404719,0.04567769198376593,1,0,0,0,0,0,93.71246761284891,0
17.69019903446762,27.107956925045695,0,0.2646515874734717,0.001026692056086025,1,0.1188988805158546,0.045939583444392924,1,0,0,0,0,0,64.59378736899033,0
32.16056048977018,51.62697933309906,0,0.4008327925031483,0.0015760210397590063,1,0.22581819458169772,0.0361682729483953,1,0,0,0,0,0,121.53887645158503,0
33.70229920841195,53.91495027355192,0,0.32130716139571425,0.0010220806177537246,1,0.32537861246084143,0.04553515132211325,1,0,0,0,0,0,127.03819649741321,0
15.235812229099693,22.940812384178056,0,0.10668054897173265,0.021912746268613104,1,0.11335370450969962,0.013848895234230493,1,0,0,0,0,0,54.92789906677353,0
35.411410455685754,58.143723077470945,0,0.298022903895912,0.014184343595740948,0,0.24782744310010635,0.036015575049984,1,0,0,0,0,0,136.09285524896472,0
34.36449139875227,55.15562438068544,0,0.21903171763769885,0.032839249165657905,0,0.2730451182622593,0.03286136141996993,1,0,0,0,0,0,129.85001390622634,0
20.26453708685349,31.311766606442262,0,0.25229577446975127,0.0019177294034703593,1,0.12447848630899107,0.03258809675275887,1,0,0,0,0,0,74.45425775483773,0
42.04535205728082,68.60871968137599,0,0.5352883206118784,0.032155039648375364,1,0.27618332876404306,0.051600636140092575,1,0,0,0,0,0,160.81768855600566,0
34.14381114397278,54.67518264849821,0,0.3871198841082958,0.002182163078513885,0,0.2602450315485026,0.03286136141996993,1,0,0,0,0,0,128.810825404959,0
29.46175568982963,46.83131576245679,0,0.40998704905461775,0.0004848055480996179,1,0.20344384489297299,0.05490622316487414,1,0,0,0,0,0,110.52669137626486,0
27.78810798757519,45.1026796778337,0,0.36100735569935,0.015235862783893826,0,0.24752688730077635,0.036168272948395294,1,0,0,0,0,0,105.88989733084341,0
36.29076636456238,58.54690517430647,0,0.4619849273918243,0.019914873606769957,0,0.27177793191648314,0.051600636140092575,1,0,0,0,0,0,137.66432732662489,0
26.4519342111743,41.07925327790146,0,0.2640792521124221,0.027414752615193827,0,0.20229371567960203,0.05228604487861534,1,0,0,0,0,0,97.54279712205962,0
24.065398287583847,37.188016866710335,0,0.49649899584042123,0.0026601035816260854,1,0.20162853365950767,0.026937166668251182,1,0,0,0,0,0,88.41243545104767,0
27.78144657274212,45.11480122478529,0,0.29761797725037054,0.014134322519661145,0,0.1975845414069706,0.05490622316487414,1,0,0,0,0,0,105.89914971810475,0
25.850764846589424,40.44449482884476,0,0.3757912850534534,0.03321703625317154,1,0.1954933233810414,0.03699263805270214,1,0,0,0,0,0,95.85553808124924,0
26.18020237203081,40.40209147646275,0,0.47278343147278,0.02844726287454551,1,0.2016981015752814,0.05186624476132922,1,0,0,0,0,0,96.08303440338656,0
21.06089400399386,33.721198814524115,0,0.28502282454874395,0.01675908399000729,0,0.175271943905064,0.017953513680499363,1,0,0,0,0,0,79.44101718614981,0
28.672511256637982,45.139632431848014,0,0.44537455300479356,0.021470745363596496,1,0.5052260000486382,0.051600636140092575,1,0,0,0,0,0,106.80961258837367,0
23.50812670070913,37.42610279861367,0,0.3180171791166466,0.03172926008268575,1,0.2896537880855143,0.051600636140092575,1,0,0,0,0,0,88.29863734086618,0
18.890150528171347,30.317989599886932,0,0.22694811692241446,0.02194374368800927,0,0.2267492343518253,0.03657233552941644,1,0,0,0,0,0,71.38621525353051,0
25.34715043858861,40.27559245879896,0,0.33769862710624665,0.014184343595740946,1,0.37760557979275283,0.036015575049984004,1,0,0,0,0,0,95.07213966682116,0
23.677596407914766,37.27618439936137,0,0.29618624698202484,0.022527886602109942,1,0.31297456775092364,0.037545539978783515,1,0,0,0,0,0,88.20027147524353,0
18.395782495505905,29.74518537833935,0,0.24381880851762489,0.015235862783893826,0,0.28684464453290826,0.036168272948395294,1,0,0,0,0,0,69.90178552861941,0
24.143321133318192,38.24846632644002,0,0.2919377121323903,0.0021826027259252653,1,0.36989571770262725,0.037545539978783515,1,0,0,0,0,0,90.35990041727975,0
24.4547232835631,38.91079413954897,0,0.3145484958742395,0.016676316430741755,1,0.3407790879236621,0.05628374583892668,1,0,0,0,0,0,91.81155538286467,0
26.6667813670644,42.130026285341934,0,0.2570781451466051,0.022443807992442204,0,0.48302283102268473,0.051327297564629816,1,0,0,0,0,0,99.56934749205526,0
20.66131259222011,32.80786016798296,0,0.27092991825199325,0.032839249165657905,0,0.3372984174377549,0.03286136141996993,1,0,0,0,0,0,77.46282862939279,0
21.382210050733356,33.389165754494144,0,0.327629148467556,0.001561907661607727,1,0.3261638873152184,0.03657233552941644,1,0,0,0,0,0,79.1730785081259,0
14.963575366040997,22.544945568513853,0,0.28442124314207995,0.03326883172963388,1,0.2458908437160883,0.056283302389416465,1,0,0,0,0,0,53.946894643738915,0
18.525165814261747,29.327851079787578,0,0.3103968035286159,0.015519786946011947,1,0.2954236438523891,0.037535228501759485,1,0,0,0,0,0,69.29048796222564,0
19.28776469382389,31.046367353208563,0,0.2562397816632428,0.026713201206460167,1,0.34085789118461285,0.03668896341285144,1,0,0,0,0,0,73.02304661311376,0
16.475049808580245,24.83001314272469,0,0.2733573777930056,0.02194374368800927,1,0.2010574441844541,0.036572335529416446,1,0,0,0,0,0,59.43232499559504,0
20.82443950905562,32.81076935843451,0,0.309353288387716,0.02885189696296567,1,0.2667316181355228,0.01783431069802846,1,0,0,0,0,0,77.62732891533145,0
11.644783955335193,16.319132389881283,0,0.6584582489967323,0.012004815376057774,0,1.0113531400681706,0.027071903467426033,1,0,0,0,0,0,39.76475930022373,0
62.46424698901309,101.81938239144176,0,0.5469473111563746,0.028461396627186282,3,2.4463350361785983,0.051327297564629816,1,0,0,0,0,0,238.73501103625497,0
37.1347320929029,55.33768463301534,1,1.0730029707020923,0.03375158898272286,5,2.1563536754084627,0.03657233552941644,1,0,0,0,0,0,132.62402740038846,0
15.001887724613832,19.36567275935775,0,0.6491074547587322,0.040929251614927505,1,0.9565951412262429,0.03372290693954307,1,0,0,0,0,0,47.97005016384479,0
22.939562050550858,31.73015752794174,0,0.46032037638941803,0.0008538894827637466,2,0.013622409151799492,0.01327932385363342,1,0,0,0,0,0,77.49747090218042,0
21.95236328640943,30.217488079871394,0,0.4680239173648293,0.013986209086078775,2,0.00897029514827509,0.05628330238941646,1,0,0,0,0,0,73.65847990168167,0
45.95723284861767,73.41812653740666,0,0.3350958737263851,0.03807031281828434,2,0.8700311420252189,0.014091166176285362,1,0,0,0,0,0,172.9977948255306,0
34.489482028708416,53.26918903222574,0,0.38699106655422694,0.0015619076616077267,2,0.36645053179075493,0.03657233552941644,1,0,0,0,0,0,126.62565817738644,0
19.8860130919205,28.279637598825246,0,0.41089285332096537,0.0008246005398236501,2,0.02168324444476083,0.051327297564629816,1,0,0,0,0,0,68.57871046858587,0
18.075573892014212,23.936178906599952,0,0.5872900134601229,0.03461885267337461,2,0.17432891276810863,0.03657233552941644,1,0,0,0,0,0,59.03133663506978,0
21.058323576108045,30.41858270307515,0,0.3891971528564987,0.0015760210397590063,2,0.026690739760040282,0.0361682729483953,1,0,0,0,0,0,73.53856063641068,0
27.768588552319443,42.22552148376145,0,0.4675715150727433,0.01673019805237764,2,0.7399720157441525,0.03807008899659072,1,0,0,0,0,0,100.73192810145198,0
13.227899894914833,16.037896085508677,0,0.5794279808333165,0.00046565957095442723,3,0.1827107300810277,0.03668896341285144,1,0,0,0,0,0,40.31676582934857,0
18.991347825559178,28.03452724431587,0,0.325555503256934,0.0010411112595546898,1,0.04068318208107404,0.052457044474989896,1,0,0,0,0,0,67.39082106944618,0
26.344352623278063,39.16594766984695,0,0.5210542597688399,0.03889903805417835,2,0.6205171989517693,0.07531746984568694,1,0,0,0,0,0,93.98053057784361,0
14.666234982689344,18.648901133849076,0,0.5270962287086511,0.016756464952550176,3,0.12324986895755356,0.014895278544711182,1,0,0,0,0,0,46.424432288245924,0
20.864946865283464,31.205185540056895,0,0.3590949798402357,0.026790270598622698,1,0.04239888710229418,0.008688912484414855,1,0,0,0,0,0,74.70067574466907,0
25.136864816217706,37.218959853736926,0,0.46013929127654557,0.016756464952550176,2,0.5715285383248764,0.014895278544711182,1,0,0,0,0,0,89.40932384713525,0
16.15882457488958,20.376419706317126,0,0.4411807124500562,0.020809362719504388,3,0.06707179372133572,0.03258809675275887,1,0,0,0,0,0,50.706806996143406,0
22.236164209708505,33.288357039932336,0,0.3529874360355296,0.030694523610683866,1,0.08905784969069303,0.07033991015355778,1,0,0,0,0,0,79.71963740355477,0
45.06049708019399,71.41469368983499,0,0.4186952024408186,0.033959697051925045,2,1.5766201249312473,0.08988199495686432,1,0,0,0,0,0,168.57003190048366,0
13.220597060099692,16.840568614594133,0,0.3494625211022935,0.02712150779193476,2,0.044915201202887625,0.01879852817401531,1,0,0,0,0,0,41.746414179915874,0
24.12630109098575,34.232930745799415,0,0.4760029051727658,0.0008246005398236501,3,0.02627425799924073,0.05132729756462981,1,0,0,0,0,0,83.08964422100007,0
35.67776331046316,54.88537078216109,0,0.4353820080247615,0.024778865897501667,2,0.2870482934765097,0.03282529140499363,1,0,0,0,0,0,130.48107609474536,0
18.35206473420852,26.487722760887294,0,0.34554003459346294,0.027821213774704628,2,0.04591396058809617,0.017953513680499363,1,0,0,0,0,0,63.953360345782464,0
20.204376407924435,28.178641919724722,0,0.4325887727735672,0.02363990787996504,2,0.10247257288121786,0.05490622316487413,1,0,0,0,0,0,68.68016680556673,0
39.48959480178252,63.48834759215909,0,0.31029022800151307,0.017687203079881458,2,1.2508260961046562,0.018619098180888978,1,0,0,0,0,0,149.36977461758752,0
27.155941672403635,39.091332333821846,0,0.39149243140436873,0.030259961237422334,1,0.21240670897963163,0.01728019922588363,1,0,0,0,0,0,94.37916574701356,0
31.63701725733541,51.27737972581471,0,0.44795653623167997,0.001592955194193344,2,0.3800724008678949,0.017261076053674388,1,0,0,0,0,0,120.3894740280417,0
17.809591839559364,27.358376535901204,0,0.20333958242072853,0.018280307037069787,1,0.2689640982406456,0.019839184987906863,1,0,0,0,0,0,65.07377936576798,0
29.098634165961137,46.27237452274529,0,0.3447191332107263,0.0026525470826570343,2,0.3526275789899615,0.02706535662410231,1,0,0,0,0,0,109.15194160130804,0
28.275283439252572,43.28717244853777,0,0.35119197522219375,0.0009507892109752517,2,0.4502746097081251,0.018599235926162687,1,0,0,0,0,0,103.04559916801401,0
23.48207050622898,35.58905572775232,0,0.24275782463917697,0.0015611423050549311,1,0.20798595167677147,0.045808456331995526,1,0,0,0,0,0,84.97060036874235,0
43.15851145129094,71.00922710346187,0,0.3584710283261633,0.0008092821577081947,1,0.6478795113165069,0.05628330238941645,1,0,0,0,0,0,166.12331701796046,0
47.9907714964704,79.84202334666551,0,0.34220589484921027,0.0009910075690517863,3,1.1724472072133798,0.07406078315323242,1,0,0,0,0,0,186.26801280941748,0
43.437790564729625,71.77406141861412,0,0.6764349603896264,0.0010673618534546834,1,2.2779673411011965,0.016599154817041776,1,0,0,0,0,0,167.73590101178837,0
28.22367429378629,45.02557839672045,0,0.6740873507936007,0.0007993373309076109,0,0.04322467171552234,0.03807008899659072,1,0,0,0,0,0,106.15886425159465,0
56.090303080574444,92.33978970461337,0,0.7235470407277156,0.0004774833123645937,1,1.6949758346530346,0.06441821659262323,1,0,0,0,0,0,215.9952616620543,0
26.309913026026337,42.6744327612559,0,0.34689968642435187,0.0004916785100710373,0,0.4728062273657134,0.036015575049984004,1,0,0,0,0,0,100.20314235955479,0
33.5004454783578,53.96967430062884,0,0.5984559210250823,0.0010135033979214727,0,0.13262546716728352,0.05494571729809256,1,0,0,0,0,0,126.93199633807413,0
37.24172668725358,60.2546458387006,0,0.7295421261735617,0.0019177294034703595,1,0.3053814978261181,0.03258809675275887,1,0,0,0,0,0,141.5659671202372,0
17.428624802995515,27.446842396905225,0,0.2865569150131788,0.0010927791781638917,0,0.16263732362053648,0.05160063614009258,1,0,0,0,0,0,64.94134845014726,0
29.837414381405427,48.03524814528586,0,0.599442794676892,0.0010220806177537246,0,0.08821036762134911,0.04553515132211325,1,0,0,0,0,0,112.99534164871912,0
33.66701990059142,53.3328040605061,0,0.7179042235707237,0.013370230171108444,1,0.07174020714158899,0.05353470306585877,1,0,0,0,0,0,125.95309099325931,0
22.105334824123318,34.50300139575135,0,0.2818723320837058,0.001108107183002554,1,0.11012742794425072,0.032307102131321694,1,0,0,0,0,0,81.8192671841107,0
37.893619415391214,61.07445231761256,0,0.5781029128153224,0.0010927791781638915,0,0.1295553990884378,0.051600636140092575,1,0,0,0,0,0,143.63248682196112,0
25.85495325635972,39.94616980887969,0,0.6263506637436664,0.0009680624664184956,1,0.07677841430644258,0.08379719432123126,1,0,0,0,0,0,94.95257187901538,0
25.04700388811364,41.160345812827025,0,0.37191344115337444,0.0010927791781638915,1,0.24398884281986222,0.051600636140092575,1,0,0,0,0,0,96.3157257470097,0
27.26644198363708,43.107918263608006,0,0.43676019599166543,0.001932491006557421,0,0.062354218444542905,0.01825601163320966,1,0,0,0,0,0,101.88522893835,0
47.43506551146513,77.41544336729565,0,0.3343486736127642,0.0009987660892578382,1,0.566462746839511,0.045935167543937436,1,0,0,0,0,0,181.4841682145634,0
27.346764631546158,43.61993281113383,0,0.4689883111615198,0.0010673618534546834,0,0.07201955468907353,0.01659915481704178,1,0,0,0,0,0,102.8420256603824,0
16.52774398405184,25.017649095787366,0,0.6206071594073803,0.001568806309288771,1,0.47004311344255,0.04567769198376593,1,0,0,0,0,0,59.81006110748804,0
17.13369888106609,26.896411594026848,0,0.6080493802143415,0.0010772457818898412,1,0.3874396266843736,0.03752978443732446,1,0,0,0,0,0,63.690778388181386,0
25.481279028715758,40.84321845352948,0,0.47923009619963464,0.014134322519661145,0,0.06477334186042483,0.05490622316487414,1,0,0,0,0,0,96.1800004555665,0
32.63765371348607,52.60508816621239,0,0.8637480689542012,0.013140109207614523,2,1.5255666384249558,0.07406078315323242,1,0,0,0,0,0,123.72365031781315,0
21.446670018658164,34.00274796749694,0,0.6416755425385127,0.0004774833123645937,1,1.340698539288197,0.06441821659262323,1,0,0,0,0,0,80.3110813307501,0
24.00762840470251,38.155405794735564,0,0.5354262932950846,0.0021812741573389,0,0.1375137113934633,0.01879852817401531,1,0,0,0,0,0,90.06285406558071,0
59.06384899408871,97.90756380455304,0,0.5685920927622955,0.0015530290270574867,1,2.0234602275151974,0.036560565993084077,1,0,0,0,0,0,228.62517849015572,0
33.08468815642559,52.8038175955519,0,0.43375626561179204,0.012496929949802164,1,0.655613913754777,0.032307102131321694,1,0,0,0,0,0,124.4971102885632,0
16.38455702513602,25.3637372029517,0,0.45394187870164965,0.0008074850626537762,0,0.023856739695803653,0.018768683640852303,1,0,0,0,0,0,60.2672511428933,0
57.06239246782442,96.04612625928559,0,0.3599445645575696,0.03825893684034603,1,1.0553694871818176,0.018599235926162687,1,0,0,0,0,0,223.4105740002678,0
29.79778037252541,46.0008514456252,0,0.09138840207827464,0.04355689000558844,1,0.25901105717488426,0.017953513680499363,1,0,0,0,0,0,109.36930955261963,0
11.262904885065696,17.352842915566388,0,0.2057628379475449,0.025811762826964752,0,0.15131388045748678,0.05603179856632827,1,0,0,0,0,0,41.29519944559192,0
33.35111667842245,54.915985529875634,0,0.2533710694029017,0.04186226354151021,1,0.6216035082608214,0.013848895234230493,1,0,0,0,0,0,128.45658794183512,0
29.845916383938242,48.13653943782425,0,0.342462181557851,0.009396112517997268,1,0.23064834077646817,0.04567769198376593,1,0,0,0,0,0,113.18898532736112,0
21.611791755060136,33.95491039986648,0,0.2369165917959656,0.01442016005376659,0,0.4012063251771431,0.056271928122846225,1,0,0,0,0,0,80.32135297425141,0
28.553293330049026,46.22122065212765,0,0.4367688072592584,0.0010931113203104827,0,0.23912909064265248,0.05628738909128462,1,0,0,0,0,0,108.58794171013774,0
36.9725488222275,60.615298759053836,0,0.22609740751718072,0.02121455467407446,1,0.3362268207172775,0.03575648041314804,1,0,0,0,0,0,141.93831829550118,0
21.240585946783042,34.60402092018154,0,0.2161418566126096,0.034579703304884385,0,0.4112165163499992,0.036992638052702136,1,0,0,0,0,0,81.1611468251561,0
31.219268728850196,49.711363966421345,0,0.42332994646537037,0.016703481878441503,1,0.19553732305295854,0.05186624476132922,1,0,0,0,0,0,117.2688513622511,0
27.945557271112293,45.63732028172017,0,0.23437986718765363,0.0008074850626537762,1,0.5225121200906586,0.018768683640852303,1,0,0,0,0,0,106.97096305075692,0
19.871152454125994,31.965036393797735,0,0.28324876530314275,0.03859487752487672,0,0.19323841062183128,0.026644503207223114,1,0,0,0,0,0,75.21582673885152,0
25.66417328881164,39.89196021497379,0,0.4179967602620229,0.02764088314307035,1,0.27527778612666737,0.056283302389416465,1,0,0,0,0,0,94.66584561838204,0
21.06728186651133,32.45103818936135,0,0.20202138093218516,0.02701685610924417,1,0.2008184884019136,0.045935167543937436,1,0,0,0,0,0,77.2101164317488,0
21.66331423497363,35.288344185935266,0,0.25061938732400435,0.03321703625317154,1,0.31260028481051794,0.036992638052702136,1,0,0,0,0,0,82.76248328992381,0
25.985150752843094,40.89128226543027,0,0.288129743491589,0.028562376568943317,1,0.28463505107422193,0.036992638052702136,1,0,0,0,0,0,96.75865917529886,0
18.14151960981367,28.202568844022338,0,0.23629614738313703,0.0010106611420126624,1,0.21999390401474955,0.05490465919229173,1,0,0,0,0,0,66.9374842871265,0
22.536004149026233,36.80224267081344,0,0.2876625430132155,0.041898009736299036,1,0.30244852619792395,0.008331303537002142,1,0,0,0,0,0,86.27015709880175,0
25.111319788491066,39.614678034066586,0,0.3323368597915176,0.03056059305197807,1,0.2613990751292598,0.05490622316487414,1,0,0,0,0,0,93.64304973243081,0
19.30821755404343,30.11396564230241,0,0.2180582192115355,0.020130806248432463,1,0.21841659979704964,0.05490622316487413,1,0,0,0,0,0,71.41481408175858,0
23.87194322663855,38.77524251847246,0,0.26652992285516425,0.0008394696481755007,1,0.3033538366345771,0.036992638052702136,1,0,0,0,0,0,91.00008638421622,0
29.822159613089383,47.83502466909241,0,0.3436069373528895,0.028864795050951124,1,0.36462254687077367,0.06441821659262323,1,0,0,0,0,0,112.64004209545459,0
21.621647484441507,34.865623325057996,0,0.22579223886726252,0.03200093989537262,1,0.1858998981769957,0.017018603398263457,1,0,0,0,0,0,81.98530173327575,0
20.286893906132498,31.84578224583934,0,0.2765589112188918,0.027235257559282702,1,0.2802390145302246,0.03575648041314804,1,0,0,0,0,0,75.36208619939023,0
32.87404732005889,53.95065253132555,0,0.3987755334459462,0.013201716078909052,1,0.4733661114919485,0.03575648041314804,1,0,0,0,0,0,126.29719009124386,0
26.538940790854898,43.47727140262134,0,0.2585235431944579,0.03496542937413146,1,0.28163725531213796,0.04567769198376593,1,0,0,0,0,0,101.82676059022755,0
19.146568129804354,30.911427400613125,0,0.2639217582681421,0.0341535638410807,0,0.33652340834878575,0.027192141744295927,1,0,0,0,0,0,72.65947898826724,0
29.208734260731966,46.479375601993404,0,0.43694478137197257,0.0029730076779642617,1,0.35127003374068766,0.03784419309988234,1,0,0,0,0,0,109.65425609100907,0
35.9102503871933,58.94193018034351,0,0.3299615666150132,0.02858654217687095,1,0.5555894846529044,0.014895278544711182,1,0,0,0,0,0,137.97063004769214,0
22.656425912960135,37.21971625363146,0,0.23038418712689607,0.037160401445801315,0,0.29118004506756123,0.03575648041314804,1,0,0,0,0,0,87.10970160024131,0
21.9028948338801,34.27760110138133,0,0.291256067883321,0.0191387857293912,1,0.2201776317245725,0.045535151322113256,1,0,0,0,0,0,81.21086423776042,0
25.76396883350604,40.492494612131075,0,0.34384336466200416,0.0011081071830025542,1,0.34328022801470626,0.032307102131321694,1,0,0,0,0,0,95.78992131431168,0
30.16410512953376,48.95792947222925,0,0.3576515784529399,0.0007869524726956858,1,0.37088889263851793,0.07531746984568695,1,0,0,0,0,0,114.92744801626102,0
28.61862829135952,46.90763501834373,0,0.3206713330540319,0.01364770357553791,1,0.33751624223791254,0.056283302389416465,1,0,0,0,0,0,109.84280326486358,0
20.908093135548953,33.70856950902408,0,0.267579278747084,0.03508580540805014,1,0.2855615945916496,0.017705765138177895,1,0,0,0,0,0,79.25680328055873,0
31.104778063995617,50.91193101075411,0,0.44090699548710927,0.03086475043723464,1,0.37859875141309085,0.03575648041314804,1,0,0,0,0,0,119.26998899069984,0
30.108842267133088,48.91638479634123,0,0.3350675707845916,0.021232302150140724,1,0.4670257944450913,0.0361682729483953,1,0,0,0,0,0,114.79989157459826,0
21.37824156947713,35.113233743657624,0,0.2300699414867422,0.031273644732369724,1,0.33261744174211105,0.016599154817041772,1,0,0,0,0,0,82.18298230038144,0
26.56997320091659,42.59080095768991,0,0.37212157209664687,0.028343990462306286,1,0.27393917046375693,0.036738544442589435,1,0,0,0,0,0,100.29519549333418,0
28.85145838963039,44.66476959952643,0,0.36943177469030397,0.030985244051740038,2,0.3693004626963451,0.01659915481704178,1,0,0,0,0,0,106.0864607997254,0
20.327084478943277,33.24111343300685,0,0.25673650776497936,0.028662907236936742,0,0.2614238722587296,0.01327932385363342,1,0,0,0,0,0,77.88445517000056,0
24.978944112281226,40.07359804075624,0,0.3264964836662201,0.030969845601641642,1,0.27543201114616034,0.045535151322113256,1,0,0,0,0,0,94.34599549831182,0
27.512566287548694,44.37453751690735,0,0.36580648729302606,0.03167296282261437,1,0.4041965131657683,0.03752978443732446,1,0,0,0,0,0,104.31828368005282,0
23.65296395292869,38.073783218703475,0,0.2879467666130743,0.034035704020831545,1,0.33143419256834866,0.05603179856632827,1,0,0,0,0,0,89.56748601048324,0
24.548927111385943,38.90606677080388,0,0.3052348439099688,0.013205753150592591,1,0.25812079670220145,0.054945717298092556,1,0,0,0,0,0,91.89488218719174,0
26.975111377474217,42.990350005357975,0,0.3681934187301238,0.03537396104472246,1,0.3461986579758217,0.05490622316487414,1,0,0,0,0,0,101.37270994597664,0
24.90414616472028,40.4708629962891,0,0.2955227216023226,0.02121455467407446,1,0.34073485230628053,0.03575648041314804,1,0,0,0,0,0,94.97534572023413,0
25.07664223814727,39.68508500340679,0,0.2984192365535394,0.01242292043458107,1,0.3232223184957068,0.03752978443732446,1,0,0,0,0,0,93.75059872717608,0
23.5150324490734,36.756514664651924,0,0.3373786698277498,0.019964528971483236,1,0.33552742729866447,0.03752978443732446,1,0,0,0,0,0,87.07017702333556,0
23.1310101453461,37.159416109375435,0,0.3253120405143682,0.034606000546606064,1,0.30307834678886386,0.03337381205618618,1,0,0,0,0,0,87.46364041091363,0
25.601560160909475,40.263782094410224,0,0.31049687024357264,0.0010289535797251442,1,0.26109679400888963,0.026644503207223117,1,0,0,0,0,0,95.27120185010207,0
23.001450044504185,35.594401252448975,0,0.3328725110025519,0.032526763125775085,2,0.2930781574055855,0.03552291585593575,1,0,0,0,0,0,84.56100005901442,0
24.63879189353903,39.870638028722055,0,0.29753028816619753,0.03700846263836705,1,0.3386409548111066,0.04553515132211325,1,0,0,0,0,0,93.67551529380526,0
24.702441891401065,39.34588308518175,0,0.3248956889891419,0.013706170071761744,1,0.27089169698995225,0.051327297564629816,1,0,0,0,0,0,92.79723243400608,0
22.045161292645556,33.55620858713494,0,0.28582343953850586,0.001917729403470359,1,0.24956751088603732,0.03258809675275887,1,0,0,0,0,0,80.02714401252194,0
24.46295751775484,39.03150779032483,0,0.30008090867616133,0.036054053423026644,1,0.24984599148347242,0.013567974521045016,1,0,0,0,0,0,92.03122088021013,0
24.830430700148913,39.59581763938842,0,0.2988071313100974,0.0008074850626537762,1,0.31263098842185744,0.018768683640852303,1,0,0,0,0,0,93.35097316379061,0
23.019859514959972,35.63825453277296,0,0.35580814040543285,0.020149656042511198,1,0.22151327898632653,0.06521155470202313,1,0,0,0,0,0,84.59895275928156,0
25.073358742678337,40.0546989691335,0,0.2857333636042257,0.02667255938518062,1,0.2861628490917108,0.01659915481704178,1,0,0,0,0,0,94.41150481893226,0
23.439663480162007,37.16839262328978,0,0.29158501833893985,0.028884588440809482,1,0.3346088778916924,0.032307102131321694,1,0,0,0,0,0,87.75304746141157,0
22.35411598915499,34.70803790373664,0,0.35292836597827215,0.027126281471145236,2,0.25733919275723616,0.04553515132211325,1,0,0,0,0,0,82.37735869774102,0
20.489222778322166,31.358368347297606,0,0.30664613769729265,0.03368411149081887,1,0.1941834851925786,0.017018603398263457,1,0,0,0,0,0,74.71457664506332,0
24.72504200228865,39.33220389589655,0,0.2784312050127511,0.020644143782596245,1,0.33999069378553254,0.007746272247952829,1,0,0,0,0,0,92.80353814588977,0
25.64006329289724,40.56380893871569,0,0.35878228349638785,0.027861762855837368,1,0.28004811243923194,0.01327932385363342,1,0,0,0,0,0,95.82943557353806,0
19.669630259306683,29.451274753465032,0,0.24922308769218493,0.023557586401235495,1,0.18444446939353865,0.03258809675275887,1,0,0,0,0,0,70.58482109052605,0
24.446899394979773,38.23241003858925,0,0.29437059653784814,0.012496929949802164,1,0.340249781261423,0.032307102131321694,1,0,0,0,0,0,90.55099883406251,0
28.892786275927705,47.445600928031276,0,0.3292211786133422,0.019536539116849844,1,0.3916185389686152,0.018788082434669312,1,0,0,0,0,0,111.05315962260269,0
22.731028576251806,35.94952998036138,0,0.30036042890852976,0.035033655879176645,1,0.27465014123585973,0.05490622316487413,1,0,0,0,0,0,84.94952904048804,0
25.634766976936792,39.93748874358813,0,0.3334007845926972,0.026504892163937515,1,0.26112205406097705,0.026644503207223114,1,0,0,0,0,0,94.68706506963599,0
31.685041597963558,51.83386898844322,0,0.345020373530383,0.02523532198127605,1,0.6576986986786598,0.016599154817041772,1,0,0,0,0,0,121.4406964945056,0
24.70511145936146,39.353115775663824,0,0.3113211913388906,0.024808437030632364,1,0.37340853495963866,0.03575648041314804,1,0,0,0,0,0,92.81805132228459,0
26.519675702990018,41.88537779543426,0,0.2960336822796267,0.028241928889401427,2,0.25639503776911643,0.02679469991485021,1,0,0,0,0,0,98.98725971449204,0
26.43058625803232,43.38210184297149,0,0.2800052354476352,0.019647672344396554,1,0.5462098809670544,0.05628330238941645,1,0,0,0,0,0,101.54464988848699,0
28.657471815760413,46.14594994193447,0,0.3677630489733086,0.036173729508557004,1,0.43474198638810196,0.05156429917598296,1,0,0,0,0,0,108.5402902011921,0
26.698082921732098,41.90719680002768,0,0.325514547601651,0.017740696814990378,2,0.2923753209438592,0.01659915481704178,1,0,0,0,0,0,99.16770608578729,0
20.280203718438884,32.29284230673424,0,0.24188414301091465,0.001138519310351662,1,0.36172951299830447,0.017705765138177895,1,0,0,0,0,0,76.16695465331944,0
31.734424178240747,51.97211665164801,0,0.4153452873226961,0.03608167178316051,2,0.4707495165003401,0.07447136245323302,1,0,0,0,0,0,121.71958186757435,0
29.275551898070578,46.92084341408252,0,0.377823195479264,0.013135702710068387,2,0.30057663114207483,0.045535151322113256,1,0,0,0,0,0,110.49679019581025,0
19.422778882341515,29.050026951008373,0,0.2583375726021648,0.039395661637099844,1,0.18888357899571107,0.01327932385363342,1,0,0,0,0,0,69.5664644768742,0
27.265072990346212,44.3163341881642,0,0.336178772968857,0.03700846263836705,1,0.3257893181800175,0.04553515132211325,1,0,0,0,0,0,103.99642560861945,0
32.560225459755195,52.78865016984254,0,0.32247406863228933,0.0329283308676771,2,0.5911927550422444,0.05628330238941646,1,0,0,0,0,0,123.95412657790274,0
25.380626961459306,40.271891520957695,0,0.32121983598237924,0.028662907236936742,1,0.29109807627932993,0.01327932385363342,1,0,0,0,0,0,95.05360766278713,0
26.563016665022264,41.549166866566885,0,0.3657395094028187,0.034814549675806813,2,0.29973118758841794,0.07059087581850566,1,0,0,0,0,0,98.41112556037346,0
25.987707163505195,41.38292358714952,0,0.33941322370263355,0.02906532911538494,1,0.3830548075686392,0.03752978443732446,1,0,0,0,0,0,97.60284949401778,0
27.64708055080472,44.29565305106573,0,0.3012936296923439,0.028884588440809482,1,0.32722953647475694,0.032307102131321694,1,0,0,0,0,0,104.29951029919104,0
28.81664273247932,44.26773251657257,0,0.372005058671952,0.03146263513067826,2,0.365203770204728,0.03575648041314804,1,0,0,0,0,0,105.31793794181584,0
18.772553333333647,27.829425943794174,0,0.22508957806604057,0.03267335064212833,1,0.20031552823390436,0.01462953566115257,1,0,0,0,0,0,66.79841308730254,0
28.7861650437078,46.62348884662503,0,0.36220454012546366,0.025882346596582416,2,0.3913631341688667,0.017705765138177895,1,0,0,0,0,0,109.49208107912698,0
32.02645763500092,50.981745204453595,0,0.36477626578591693,0.025578107935890555,2,0.3609547067875738,0.07577129838354205,1,0,0,0,0,0,120.2502840525452,0
18.843244751601713,29.1571595206607,0,0.24281632747406987,0.020244108375074097,1,0.22224910580440752,0.02679469991485021,1,0,0,0,0,0,69.27465616935207,0
30.0023895980341,48.28709988507156,0,0.3991060746362014,0.013764187294221977,2,0.4120443656992051,0.036992638052702136,1,0,0,0,0,0,113.55444773760695,0
29.147522187181195,45.666046874001815,0,0.31029342023036466,0.03601932764804769,2,0.42398117479058506,0.04567769198376593,1,0,0,0,0,0,108.12405451216915,0
24.088088318856915,38.4600821227871,0,0.3226201225118517,0.02835996741166565,2,0.30422866663591286,0.05628330238941645,1,0,0,0,0,0,90.63887034914355,0
26.012956334723057,40.129628910676594,0,0.3400838329057245,0.013201716078909048,2,0.2656484844290937,0.03575648041314804,1,0,0,0,0,0,95.32336331815831,0
26.114790338352183,41.5164775631705,0,0.3285503313648258,0.030056517484261157,1,0.3024025734128771,0.02731119691026342,1,0,0,0,0,0,97.97109943331606,0
33.10591266065018,53.710710553171964,0,0.36302140537151206,0.015964972804302317,2,0.504188855392105,0.05531035965414699,1,0,0,0,0,0,126.07646396852115,0
20.464730679941894,31.518297179082055,0,0.24485820772004196,0.01897233267231136,1,0.18073532749065452,0.05562554847168774,1,0,0,0,0,0,74.93048214064972,0
28.274263461452882,45.63379548229546,0,0.40327221610997327,0.03625475820276265,1,0.3332081790659077,0.01327932385363342,1,0,0,0,0,0,107.28526445892425,0
31.716664145962838,51.01029886493942,0,0.36286694828264043,0.02752172966098604,2,0.4003620999273745,0.04632216838724973,1,0,0,0,0,0,120.01385076092433,0
18.335009384776335,28.46939667596067,0,0.21105496656186526,0.030305634182671036,1,0.18869392251260572,0.01659915481704178,1,0,0,0,0,0,67.570577317686,0
26.323271476943184,41.159053047440544,0,0.3266298504734442,0.031121969803887487,2,0.2812187578440378,0.03575648041314804,1,0,0,0,0,0,97.53276028123614,0
25.4753969752868,39.39230210483744,0,0.2820210930531516,0.0329283308676771,2,0.2961314655047046,0.05628330238941646,1,0,0,0,0,0,93.59933955445857,0
22.891713644741813,36.052961183917894,0,0.2625063381403579,0.04429512937876179,1,0.275153430039498,0.013848895234230493,1,0,0,0,0,0,85.24813668546794,0
23.496872174709495,36.3605509131122,0,0.2756129802508119,0.031011153681879587,1,0.23653324556016236,0.04553515132211325,1,0,0,0,0,0,86.39808725096961,0
24.13599319003224,38.208018341789256,0,0.2802710291168667,0.027016856109244175,1,0.2988011260138541,0.045935167543937436,1,0,0,0,0,0,90.24820681023897,0
29.54680160345769,47.76476126776837,0,0.3235029342533708,0.01765932582196404,1,0.4813152203623948,0.026644503207223117,1,0,0,0,0,0,112.23470455583691,0
24.616478376630166,40.08835762305111,0,0.23347754988909902,0.024206589008142248,1,0.3249858971044195,0.05490465919229173,1,0,0,0,0,0,94.01964088595277,0
23.19849677942701,35.846463365872225,0,0.2821213767191605,0.001045935107013524,1,0.25442828335327583,0.03337381205618618,1,0,0,0,0,0,85.15816123720955,0
27.388352954813264,41.59087579563387,0,0.3702844174112536,0.03478207143477226,2,0.32454800891645263,0.027071903467426037,1,0,0,0,0,0,99.2313298615648,0
20.73159987791591,32.943869984782005,0,0.2296746785951438,0.02712628147114524,0,0.225212159986671,0.04553515132211325,1,0,0,0,0,0,77.74452544962108,0
24.40493202232133,36.59512145828466,0,0.34891508173782687,0.028217701554485157,2,0.27328314087785255,0.07531746984568694,1,0,0,0,0,0,87.59908308103124,0
24.744046859518306,37.78194858712857,0,0.32314629324605254,0.02233013894959028,2,0.2347126739568708,0.017018603398263457,1,0,0,0,0,0,90.01367087673779,0
20.43593292669178,32.955027201860894,0,0.19252712507300085,0.0022049552853591154,1,0.22970284272709096,0.013567974521045016,1,0,0,0,0,0,77.48369975729292,0
25.321731987925848,39.66879482782914,0,0.2746242734102396,0.029847353092214115,1,0.38728617355649775,0.051564299175982965,1,0,0,0,0,0,93.943654317615,0
26.414941277515904,40.15057611180205,0,0.2918167301198133,0.03607946562476229,2,0.3282708782183065,0.018768683640852303,1,0,0,0,0,0,95.70176518370242,0
18.090764808058093,26.62118729068599,0,0.20057359984539913,0.028562866223284723,1,0.173162656999262,0.01327932385363342,1,0,0,0,0,0,63.98922082722563,0
25.510629841788237,39.75161104197283,0,0.2663800580857053,0.028343990462306283,2,0.39796030641475605,0.036738544442589435,1,0,0,0,0,0,94.24460170070017,0
28.194473539104525,45.14366173357149,0,0.6637530108903262,0.012496929949802164,2,0.4844832006772541,0.032307102131321694,1,0,0,0,0,0,106.32981430299468,0
25.908274377197202,41.12117513894187,0,0.35349046709305676,0.01320171607890905,1,0.2502685539091222,0.03575648041314804,1,0,0,0,0,0,97.0791745309069,0
26.100652113630133,40.538263824181755,0,0.3239343143454399,0.0010289535797251442,2,0.2991994202025825,0.026644503207223114,1,0,0,0,0,0,96.18731500103718,0
18.231147164366423,28.679808167607916,0,2.0811527160102137,0.02588234659658242,1,0.44608464822906857,0.017705765138177895,1,0,0,0,0,0,67.8262952257646,0
28.438848794454454,46.04357252839907,0,0.9120675868901222,0.02906532911538494,1,0.4564261044160355,0.03752978443732446,1,0,0,0,0,0,108.15180024031925,0
32.66153017679762,52.801276427272796,0,0.26869475802753207,0.028562866223284723,2,0.8059583638797698,0.01327932385363342,1,0,0,0,0,0,124.04669323705144,0
21.19803342574212,32.533220711954215,0,0.3481363362794336,0.03144376437861508,2,0.23428223632391643,0.016941568227318987,1,0,0,0,0,0,77.41831642405207,0
27.929470134368348,44.4620199576554,0,0.2547403390041418,0.03615580132603149,1,0.530335582001795,0.0361682729483953,1,0,0,0,0,0,104.88092854937746,0
30.06093482412956,47.89413626517767,0,0.3029718269852415,0.012698680109444345,2,0.514104229711295,0.07577129838354203,1,0,0,0,0,0,112.9531624335419,0
26.309390759191494,41.63189347612264,0,0.29232815642422016,0.017740696814990378,1,0.3820072969984573,0.01659915481704178,1,0,0,0,0,0,98.32498252881392,0
25.571805665174132,38.68012235855093,0,0.2670345438028776,0.018310273801517063,2,0.31859444200845444,0.032094066627009823,1,0,0,0,0,0,92.37731270154725,0
20.99193449740437,29.95848194706154,0,0.2308563862118459,0.0022049552853591154,2,0.30465014680605473,0.013567974521045018,1,0,0,0,0,0,72.54717936129236,0
32.12016172118451,52.1091050571122,0,0.2676641909886825,0.029747180664809973,2,0.45209392775016155,0.036015575049984,1,0,0,0,0,0,122.307631719212,0
32.67448485098631,51.34141512046732,0,0.315899462348112,0.0008538894827637466,2,0.5983275400496345,0.01327932385363342,1,0,0,0,0,0,121.4531511473115,0
17.786067611303,26.55406757640891,0,0.22646874292170988,0.030985244051740038,1,0.24412833450062246,0.01659915481704178,1,0,0,0,0,0,63.638442306701656,0
24.99719047539236,38.54709233706715,0,0.40485789015743645,0.020084126000390508,2,0.28400825428661053,0.03689016034084883,1,0,0,0,0,0,91.60270924925152,0
33.02542138588577,50.99274886970381,0,0.413294523753564,0.013764187294221977,2,0.42773803446716596,0.036992638052702136,1,0,0,0,0,0,121.12980677690675,0
19.91831577693273,31.679309564916185,0,0.11969036340110295,0.0341535638410807,1,0.30178362676031983,0.027192141744295927,1,0,0,0,0,0,74.75003419327312,0
23.342321620245407,34.38554391512266,0,0.3140772919126434,0.030354777045590527,1,0.29836001232511744,0.007746272247952829,1,0,0,0,0,0,82.6580978551184,0
27.10326004293985,44.05316895165985,0,0.3051532707171074,0.015820030057588544,2,0.5398367511865443,0.052286044878615344,1,0,0,0,0,0,103.37942396052397,0
20.97898449227313,32.90618682237912,0,0.14593210463486866,0.028370628361028827,1,0.23502132596986003,0.03258809675275887,1,0,0,0,0,0,77.8919917459174,0
25.531363375036804,40.29829405173388,0,0.34033867699260373,0.0008538894827637466,1,0.3365636166797968,0.01327932385363342,1,0,0,0,0,0,95.24063649138623,0
20.693638311677308,32.07004976907803,0,0.19850894316688525,0.019072508481598513,1,0.3854311604050446,0.045935167543937436,1,0,0,0,0,0,76.12051462063698,0
20.23365209603791,31.80960520221951,0,0.12081336627737835,0.03711562498762452,1,0.34523002037607825,0.016599154817041772,1,0,0,0,0,0,75.22550482248663,0
18.050776299212608,26.789542431863698,0,0.22028896652584298,0.019389999836435454,1,0.24485678948767634,0.016941568227318987,1,0,0,0,0,0,64.31104891738494,0
19.78486505358442,28.829429923626982,0,0.26131660623159403,0.0336050275352347,2,0.33878301230565044,0.007746272247952829,1,0,0,0,0,0,69.47214882795714,0
23.12725923973359,35.28634938320424,0,0.14096542281093322,0.032839249165657905,1,0.3723699040744216,0.03286136141996993,1,0,0,0,0,0,84.03388023686854,0
18.526721772681796,27.731519515102335,0,0.16380787450466347,0.030918992805268573,1,0.280883672503457,0.05494571729809256,1,0,0,0,0,0,66.3899520354086,0
18.012738337540853,25.550934468585847,0,0.21441736581167106,0.027037514301865028,1,0.28189294587596414,0.051327297564629816,1,0,0,0,0,0,61.897399745306394,0
22.415899057765778,34.71196498887612,0,0.14597268917166017,0.03997841822631494,1,0.4036548295189024,0.032307102131321694,1,0,0,0,0,0,82.39044953865996,0
20.508594509297794,31.18505569180744,0,0.1511848356787296,0.03747980180554902,1,0.3730786822668487,0.037044079932361466,1,0,0,0,0,0,74.37816892976034,0
19.127818825435256,28.342157033613926,0,0.21865655313499435,0.0008246005398236501,2,0.33718196193889766,0.051327297564629816,1,0,0,0,0,0,67.99923933443631,0
30.679762227598797,50.04626856394896,0,0.2365039377321363,0.019204613703420272,2,1.0490278187118869,0.03575648041314804,1,0,0,0,0,0,117.30807527523349,0
19.483071330897253,30.97495892671158,0,0.21027487544815465,0.018237259810323963,1,0.3290224242991806,0.05603179856632827,1,0,0,0,0,0,73.0872208354408,0
15.230481441051676,22.017083842538717,0,0.3834435081176247,0.021554224473132072,2,0.10634406450082191,0.03575648041314804,1,0,0,0,0,0,53.18617718659191,0
30.36471561805744,48.610517319574534,0,0.07498077642897527,0.018503127219589136,1,1.0243030722930195,0.032307102131321694,1,0,0,0,0,0,114.46118447770529,0
26.093174313851975,43.06538486835367,0,0.26733750502856324,0.028461396627186282,1,0.7442438101073874,0.051327297564629816,1,0,0,0,0,0,100.66660368989051,0
23.98098022457754,36.7568998691928,0,0.3276417648960773,0.03622272819179642,2,0.15453210959937774,0.045808456331995526,1,0,0,0,0,0,87.52633376699082,0
26.19057516437993,42.07590840814488,0,0.04854122936881514,0.01812677262281986,1,1.2691748414590975,0.026644503207223117,1,0,0,0,0,0,99.01651837620213,0
27.99070905058913,45.810686397677934,0,0.3500836101794015,0.023866865145949014,1,0.7887489245423331,0.01825601163320966,1,0,0,0,0,0,107.31864728078745,0
17.14676737302533,24.14163048641299,0,0.4456439782148545,0.024546616522722615,2,0.3400119715343863,0.05490465919229173,1,0,0,0,0,0,58.593115787634474,0
25.34163657604609,40.82342561001336,0,0.23177705692263037,0.03559259844168338,1,0.4705802508082021,0.03258809675275887,1,0,0,0,0,0,96.01520056145938,0
21.027937365093006,32.58858504787301,0,0.32903695447581083,0.027031165162062984,2,0.08084900365724751,0.036738544442589435,1,0,0,0,0,0,77.38039341819297,0
16.197760132592386,23.52683958959802,0,0.33574865383648345,0.030985244051740034,1,0.12982432721358048,0.016599154817041776,1,0,0,0,0,0,56.75203116177825,0
21.820586814049914,32.31611650278608,0,0.2830236535997928,0.032359642154796364,2,0.5488997392429171,0.05490465919229173,1,0,0,0,0,0,77.63290540478988,0
17.31906724320409,25.545318081829805,0,0.2544014883744409,0.0369467946716765,1,0.15352313933038375,0.026451996755811665,1,0,0,0,0,0,61.323607070154324,0
21.38349340767029,32.24094396500785,0,0.570545334719737,0.031157840100174118,1,1.098270713821171,0.05490465919229173,1,0,0,0,0,0,77.09375797676061,0
13.590361457829944,18.805552771477792,0,0.4685391729913644,0.025882346596582416,2,0.6589906516305284,0.017705765138177895,1,0,0,0,0,0,45.954340608702495,0
15.304939286588237,22.490690778995397,0,0.20189006614650454,0.046270102912929635,1,0.02556179897526778,0.018156168940038214,1,0,0,0,0,0,54.045060652326434,0
23.91974373656508,36.12714372769597,0,0.6896642879544298,0.03437137949096649,1,1.5485318869329996,0.017018603398263457,1,0,0,0,0,0,86.40279942204933,0
18.06033119362033,27.497587020112608,0,0.29544229224375074,0.04493349277625698,2,0.10662125586713571,0.036739370251071546,1,0,0,0,0,0,65.57279540463952,0
11.780085212063499,17.787878081438368,0,0.2865009547945062,0.03391459122235231,2,0.4606139438786955,0.01327932385363342,1,0,0,0,0,0,42.46038461949168,0
23.211015980058,37.19024871874384,0,0.21398651824491338,0.03510037022551299,1,0.5286607625329801,0.0645515553332313,1,0,0,0,0,0,87.58528219949335,0
15.822646366709803,22.12929346265304,0,0.3154913181081971,0.01408385216981774,2,0.009350073360730519,0.06441821659262323,1,0,0,0,0,0,53.80229128355046,0
42.03584253625572,68.63097555028247,0,0.09709243675933768,0.034926319727999054,1,1.2647380923778406,0.032307102131321694,1,0,0,0,0,0,160.83401210671917,0
54.79960633720173,90.2874200376688,0,0.367972046004594,0.035804141046785164,1,2.710457145823659,0.07447136245323302,1,0,0,0,0,0,211.13045933885144,0
13.524246963601998,18.918145735122057,0,0.32272052009835944,0.02576582363582813,1,0.009445203557502432,0.032307102131321694,1,0,0,0,0,0,46.10626899072649,0
11.333389229748828,15.212011058740284,0,0.43746727379602524,0.024436881450582162,2,0.25161904326395224,0.01728019922588363,1,0,0,0,0,0,37.352661428480374,0
18.86091571090969,26.738853914109637,0,0.3401345578967028,0.038057132435459044,2,0.022621997589390593,0.017018603398263457,1,0,0,0,0,0,64.76408339432916,0
17.587785206497305,27.26428947821785,0,0.13565917828509205,0.03370758789032964,1,0.16296211476579414,0.07531746984568694,1,0,0,0,0,0,64.75089664867582,0
23.404155849463866,37.3009353484489,0,0.35410545507499286,0.001582786496465637,1,0.15508680828800353,0.01728019922588363,1,0,0,0,0,0,87.9589080517955,0
18.98286606438792,27.45300879568976,0,0.3738796165266066,0.025882346596582416,2,0.017238009568239912,0.017705765138177895,1,0,0,0,0,0,66.24652194918514,0
18.796283426842113,28.813768372633163,0,0.0986391137168527,0.028062240823504253,1,0.07842048667014714,0.017705765138177895,1,0,0,0,0,0,68.61750960395321,0
21.649552714044685,33.77660542660756,0,0.2706013719571335,0.0241461606778988,1,0.11421900941055813,0.018788082434669312,1,0,0,0,0,0,80.11199120987253,0
14.830219212029608,21.060031436904655,0,0.3566636322205985,0.03508580540805014,1,0.020071786775988813,0.017705765138177895,1,0,0,0,0,0,51.07843620172873,0
16.898485384010282,23.990021480458097,0,0.23358081991135973,0.034121591976579255,1,0.02868762305397772,0.017705765138177895,1,0,0,0,0,0,58.20129387806348,0
17.6517870619449,26.771271339464388,0,0.2479234595703169,0.013162394232022282,1,0.06804630232304494,0.026644503207223117,1,0,0,0,0,0,63.91155100893538,0
53.11031760455032,86.38134395411349,1,1.3438350028084174,0.031011153681879587,3,3.0471276974700796,0.04553515132211325,1,0,0,0,0,0,202.67527471903992,0
33.19156243074222,30.141792018264415,0,0.5560523419667244,0.032717404922834356,1,0.4277585976749608,0.016599154817041776,1,0,0,0,0,0,71.1764880618928,4
26.590874602832663,43.045163295876016,0,0.407384928534279,0.036280435924586775,0,1.7722610511517392,0.03574095238697089,1,0,0,0,0,0,101.1177059256995,0
57.86070708174217,78.1847916603404,0,1.2356375230396233,0.03596635148932379,1,4.13873475533405,0.03629402721687772,1,0,0,0,0,0,190.8886512652039,3
15.507002774082924,19.57460226039434,0,0.43885300722849163,0.02005883035289162,0,0.10938912413834316,0.07059087581850568,1,0,0,0,0,0,48.83621553034088,0
40.876390111470414,62.972097873648636,0,1.1095738123961616,0.03269393307327315,1,1.3584215081879802,0.01743032202525902,1,0,0,0,0,0,149.81710412874997,0
42.94201268772603,65.78545145617714,0,0.42005355933857735,0.0269502601853508,1,1.2613915525125008,0.037545539978783515,1,0,0,0,0,0,156.72523994090974,0
17.093871633938537,25.011488853952,0,0.616541831488484,0.034926319727999054,2,0.07109468370812584,0.032307102131321694,1,0,0,0,0,0,60.26445315243141,0
24.12986027658544,39.30111618960593,0,0.4969744200714423,0.0455830067932716,0,0.7806908118824387,0.016941568227318987,1,0,0,0,0,0,92.17224233325236,0
89.78943107199873,152.22765293458812,0,0.46371654603852996,0.02862143358018979,2,2.4524205523547553,0.036738544442589435,1,0,0,0,0,0,353.44742745405625,0
20.40440390203397,31.55472600123192,0,0.28791036598123354,0.030206689523824607,1,0.023053662046457757,0.01327932385363342,1,0,0,0,0,0,75.00659992371396,0
28.327042317197552,44.442988323754534,0,0.6686148671801353,0.03254992309640283,1,0.002164027674577953,0.026644503207223117,1,0,0,0,0,0,105.22856497963589,0
39.42804212770031,64.90937194815274,0,0.5920139092674765,0.0361976226828323,0,1.1494696271996385,0.008679643432209254,1,0,0,0,0,0,151.83543674487854,0
27.297033390380577,43.60331541871466,0,0.5834257912174494,0.0340577316654316,1,0.04132606882197289,0.03752978443732446,1,0,0,0,0,0,102.76582530884414,0
17.84367347148934,27.587774415439245,0,0.20663086137548178,0.03893713907240489,1,0.008859607001941702,0.05156429917598296,1,0,0,0,0,0,65.57129416848572,0
23.139605720565797,37.05414757147456,0,1.0252335219199193,0.03625475820276265,1,0.8707484962996662,0.01327932385363342,1,0,0,0,0,0,87.27298964645595,0
27.639302951279785,45.21648529802435,0,0.26804870228614386,0.03893713907240489,1,0.04845712645594945,0.051564299175982965,1,0,0,0,0,0,105.93617217152281,0
29.68893592699744,47.17540331911865,0,0.8417035164960159,0.001045935107013524,1,0.23096073043005055,0.03337381205618618,1,0,0,0,0,0,111.35973242810087,0
44.06191164071997,72.68177929562347,0,1.1202621626858706,0.03492631972799905,1,1.2198128845350027,0.032307102131321694,1,0,0,0,0,0,169.91619053308995,0
21.773292346860632,34.38674381502298,0,0.5180317644471477,0.032717404922834356,1,0.052031717397049856,0.01659915481704178,1,0,0,0,0,0,81.2958393556097,0
42.03213815209862,68.07341711920746,0,0.8628114913875649,0.037160401445801315,2,0.8189058460230254,0.03575648041314804,1,0,0,0,0,0,159.90391589916044,0
19.369310811404414,29.994908653596667,0,0.3701588076922896,0.02912149095836785,1,0.3129997244209492,0.008679643432209254,1,0,0,0,0,0,71.26999593252756,0
84.28098714940386,142.78328732410915,0,0.4250598444779907,0.02901344693385073,0,0.6056163691752052,0.017705765138177895,1,0,0,0,0,0,331.57437816243146,0
29.0768378795532,46.92912689501788,0,0.8115375557462942,0.03842713181949318,1,0.10663708002946495,0.027311196910263423,1,0,0,0,0,0,110.32164469778314,0
19.82374237757143,30.165024964844765,0,0.5315238420640042,0.035747341535774343,1,0.015070577289305172,0.027425199228096178,1,0,0,0,0,0,71.95373447977163,0
29.09984964855121,45.48713577294442,0,0.7264836677558859,0.03355401446063318,1,0.046811654825027034,0.018768683640852303,1,0,0,0,0,0,107.78067745610788,0
21.305749927925955,31.171461859325174,0,0.546011308896604,0.03476638477418436,1,0.011523260258038749,0.03752978443732446,1,0,0,0,0,0,75.07594262598616,0
22.977952463638328,33.39227971820545,0,0.4488309814887611,0.030935938464607717,1,1.1686940133989765,0.026644503207223114,1,0,0,0,0,0,80.49605281453327,0
23.625870720708598,35.152204245180435,0,0.3293361712985133,0.03252699066763101,1,0.015405416404663492,0.07577519637253749,1,0,0,0,0,0,84.34302424207799,0
16.089931309091515,21.26257836776096,0,0.19202218468278426,0.024987822665782995,1,0.012405918184164873,0.03552291585593575,1,0,0,0,0,0,52.46137460000269,0
17.08830087844208,25.41959009842256,0,0.39815330824019035,0.03338345241106423,1,0.015534324166572078,0.01659915481704178,1,0,0,0,0,0,60.953568551800544,0
22.902611852087606,34.170695780499926,0,0.37133997020225634,0.013157075419820561,1,0.013869478110874568,0.01659915481704178,1,0,0,0,0,0,81.92418639255581,0
20.537420729167188,30.23287369929766,0,0.3102394035811753,0.012503520899521187,1,0.021482146908269037,0.03752978443732446,1,0,0,0,0,0,72.73630867274257,0
16.01419046157353,23.55617672143798,0,0.3951929249751063,0.0009752345481190115,1,0.11482840543110082,0.045535151322113256,1,0,0,0,0,0,56.68077116502318,0
28.840564287832446,44.82650518143415,0,0.4844063111303625,0.02251711841809743,1,0.0407221643719025,0.018768683640852303,1,0,0,0,0,0,106.36439666201943,0
20.84476603232349,30.981238861507606,0,0.351693487243354,0.012718542967872164,1,0.005568699883319903,0.017018603398263457,1,0,0,0,0,0,74.34791419301317,0
13.184738560002096,20.250543335717985,0,0.3029356048724298,0.016502711916934202,1,0.01695713319962911,0.036992638052702136,1,0,0,0,0,0,48.20809283952314,0
21.5931619401911,33.5980949475723,0,0.4373611330100722,0.03834448735664281,1,0.01828676739300647,0.08379719432123126,1,0,0,0,0,0,79.72298833315932,0
28.578868862623207,43.876612769218966,0,0.46486357488745855,0.03450357405689171,1,0.01249278058876963,0.0361682729483953,1,0,0,0,0,0,104.44049416465398,0
148.74605545352625,255.33819220781677,0,1.5686553610746101,0.000800993668940878,0,4.958189552530423,0.036992638052702136,1,0,0,0,0,0,591.0025956397615,0
42.98490126637902,71.27784249052426,0,0.47049020265155406,0.036046872466955066,1,1.9978801403315263,0.05628330238941646,1,0,0,0,0,0,166.4257874082336,0
30.4912762519938,48.661975254284016,0,0.5676532535056655,0.03585676765594944,2,0.1209948728687861,0.01743032202525902,1,0,0,0,0,0,114.69679597273944,0
11.5161480113602,15.81743285034178,0,0.47390795616066284,0.03952009065203622,1,0.28231408950917736,0.02679469991485021,1,0,0,0,0,0,38.752383894654336,0
23.800620647221486,37.6568115866235,0,0.3633210775947234,0.02257964524276343,1,0.17666449841544868,0.051860652527062054,1,0,0,0,0,0,88.98486175213978,0
29.984753823033635,47.210350771105595,0,0.5543027019412784,0.027285420603293753,1,0.04805068827426792,0.01659915481704178,1,0,0,0,0,0,111.63859085171678,0
20.961147271475514,32.68787058070659,0,0.7455569336979947,0.03701642691048419,1,1.2194589756030045,0.026644503207223117,1,0,0,0,0,0,77.51016233383774,0
22.072166755225282,34.78963120655292,0,0.3760737269112963,0.033179784407429566,1,0.05337385292749354,0.028314194758566114,1,0,0,0,0,0,82.27628577976998,0
27.362302967292205,43.410128420033736,0,0.4646617828728682,0.03437754160094251,1,0.08469584039569215,0.05603179856632827,1,0,0,0,0,0,102.45622507708572,0
18.097635691975036,26.80714112446172,0,0.8453040964618731,0.028966007178194184,1,0.6555441205317702,0.05603179856632827,1,0,0,0,0,0,64.41168447424201,0
23.727932313033673,36.77249792826389,0,0.43741475657123113,0.0381700698123595,1,0.05373336897504312,0.018210928886600603,1,0,0,0,0,0,87.32643794732276,0
21.80318808059589,33.9596716568592,0,0.2462437245364414,0.024483577683521364,1,0.07148778717451348,0.03586000990267636,1,0,0,0,0,0,80.51378179462647,0
23.527631549109877,37.03023741896676,0,0.18730050985421043,0.03391895818241979,1,0.26546880420448965,0.032307102131321694,1,0,0,0,0,0,87.60541894147978,0
16.61567024758196,25.682429488383253,0,0.1622404011563014,0.03078933345746728,1,0.050814976997261944,0.04632216838724973,1,0,0,0,0,0,61.02404677263165,0
26.251932837606685,42.04425027332931,0,0.22641157547006774,0.031189531124444413,1,0.6684573236563581,0.01659915481704178,1,0,0,0,0,0,99.00652776685207,0
30.14102374769374,48.47833929826171,0,0.15427502330398868,0.011667016015436914,1,0.5875603584714887,0.05490465919229173,1,0,0,0,0,0,114.0724347889149,0
17.86194917549009,27.789308202223868,0,0.1906026888184814,0.032549923096402825,1,0.08538650707396367,0.026644503207223114,1,0,0,0,0,0,65.92391414116364,0
22.790970803091746,36.37770352942263,0,0.25251181951126545,0.03828622176884158,1,0.11997770197897123,0.017018603398263457,1,0,0,0,0,0,85.74130389566986,0
28.88927806877936,46.25274313083531,0,0.1226999428768846,0.01981628604526308,1,0.41628714486044327,0.032307102131321694,1,0,0,0,0,0,108.95329072149154,0
16.701788486574074,26.022643159493068,0,0.17173805441076634,0.027227843925159416,1,0.0698847791658368,0.018768683640852303,1,0,0,0,0,0,61.71318952326225,0
29.9632049933947,48.38754580827253,0,0.22648216446550878,0.028864290218169067,1,0.281370570896004,0.03752978443732446,1,0,0,0,0,0,113.72207252317287,0
24.095092974019423,38.737173295840954,0,0.13984061093750613,0.045835089487918756,1,0.49763930986613203,0.03752978443732446,1,0,0,0,0,0,91.14724300735188,0
15.808078781168762,23.34100463663336,0,0.24647360745115088,0.03326883172963388,1,0.06095097833022038,0.05628330238941645,1,0,0,0,0,0,56.0769666436629,0
20.69198466435915,31.536730333095633,0,0.2536298519494839,0.02690225580552827,2,0.0958313729076429,0.05490465919229173,1,0,0,0,0,0,75.19966178692154,0
12.572914491378175,19.030619857109276,0,0.1998811948779769,0.0017781449353412423,0,0.07065041973434233,0.03297980776061164,1,0,0,0,0,0,45.467974175155234,0
18.78705380876029,28.392965651775583,0,0.4285055166207647,0.02120068751314281,2,0.14815554693256183,0.017157549010485204,1,0,0,0,0,0,67.87090925423658,0
17.144443079654803,25.714083978773186,0,0.2324351955059416,0.021121152035604576,2,0.22373229086804947,0.019657370053308473,1,0,0,0,0,0,61.602660366972955,0
15.151651294131513,22.931269330341056,0,0.3237030770422174,0.00047001330449369087,0,0.06427841986828645,0.03574095238697089,1,0,0,0,0,0,54.787852268258966,0
23.362829595834377,35.26485465335059,0,0.35209805962396223,0.014107744986169173,2,0.3275799568283309,0.007746272247952829,1,0,0,0,0,0,84.32871116454848,0
12.992142947044556,18.898787498706124,0,0.2684445035359918,0.0014513693670929987,1,0.1531396710988305,0.017710673993777813,1,0,0,0,0,0,45.58993158083396,0
17.886302154572434,27.704575456285788,0,0.28427082273022325,0.0017716911287612548,1,0.05890114682756926,0.03276556996202986,1,0,0,0,0,0,65.80050222839256,0
16.7826608600053,24.97336369931621,0,0.42952267950265677,0.03006565109379477,2,0.7468643091361544,0.07406078315323242,1,0,0,0,0,0,59.93163040906663,0
12.311442853136437,16.71437171852404,0,0.3868764788888139,0.01434589847374851,1,0.1767666317273362,0.0325301396890801,1,0,0,0,0,0,41.01782576873804,0
20.024248164054846,31.26137576566091,0,0.23034749245301095,0.0004203928096739643,1,0.07668004545929638,0.008520647224562479,1,0,0,0,0,0,74.06985511000713,0
18.456389647600542,29.090979263532603,0,0.31210088441693484,0.021200687513142805,1,0.4120099958332622,0.017157549010485204,1,0,0,0,0,0,68.80841460611147,0
15.273564613180232,21.994567934358134,0,0.3020488063082502,0.031231070183923584,1,0.04245433664205975,0.019475765084714238,1,0,0,0,0,0,53.210804095612815,0
20.34740941176523,31.747548406486406,0,0.193252872183038,0.0017781449353412423,1,0.08316789142018956,0.03297980776061164,1,0,0,0,0,0,75.24117668501265,0
25.224707454032306,40.374571750109375,0,0.2110953586449379,0.028359414589848874,1,0.48246973124665593,0.017610587417420942,1,0,0,0,0,0,95.11824782212837,0
15.401891333753186,22.891598582707058,0,0.25388779560927416,0.0014391152159763383,1,0.04580029272636319,0.02742519922809618,1,0,0,0,0,0,54.916820236806416,0
20.997638733473245,32.56639594175849,0,0.19525134879953732,0.018603796045675434,1,0.6185151770624384,0.03230710213132169,1,0,0,0,0,0,77.30189838897306,0
30.352608690132357,48.74845187265758,0,0.13236326346279917,0.0014513693670929987,1,0.8043642238858506,0.017710673993777813,1,0,0,0,0,0,114.72733827284709,0
22.410807371625314,34.583327847305824,0,0.20472957828796443,0.0008032200483739123,1,0.2518303309871363,0.036738544442589435,1,0,0,0,0,0,82.19557716591035,0
18.51781469197474,28.1224085928536,0,0.3374630621417409,0.0004700133044936909,1,0.46657870485565794,0.03574095238697089,1,0,0,0,0,0,67.13904236363408,0
28.293986793478815,44.86179762846693,0,0.23384201256808929,0.013104761592462858,1,0.5369256807427019,0.03552291585593575,1,0,0,0,0,0,105.93935042288977,0
80.73835656694274,135.55087736233756,0,0.9204579707571734,0.01749914206061883,2,2.682645772980731,0.01904116891330639,1,0,0,0,0,0,315.5047903542728,0
17.290917645990646,26.80044490977031,0,0.25997288756924125,0.009730634132228484,2,0.9051865454458282,0.05477308158374151,1,0,0,0,0,0,63.66986704313715,0
63.579855189548994,106.98621467276776,0,0.3402459874937629,0.014067978307220523,2,3.6104436041932297,0.03574095238697089,1,0,0,0,0,0,248.87611818220773,0
18.15641752893809,25.5674012432972,0,0.8205719012415764,0.03625475820276265,1,1.6699951827623225,0.01327932385363342,1,0,0,0,0,0,62.20611625955793,0
16.987239677071607,26.394928992532844,0,0.48198677722735067,0.028180952336197742,0,0.07424579287881995,0.014606823813535678,1,0,0,0,0,0,62.66960561839225,0
33.381795043298176,52.56643266929149,0,0.5302490684733391,0.027035893463549662,1,0.05452253551850725,0.027311196910263423,1,0,0,0,0,0,124.36772452023615,0
16.706997034660564,24.82314660408379,0,0.9421181693221731,0.03170302190165125,1,2.6990016846594074,0.013945708438659962,1,0,0,0,0,0,59.6276518396495,0
17.1792193885015,26.115658970191433,0,0.3947944876698447,0.03486510896095568,1,0.012826524062857711,0.008679643432209254,1,0,0,0,0,0,62.33013972778912,0
23.60712550921971,30.6910148393823,0,0.4845926926786262,0.0014391152159763385,1,0.020054398140977585,0.027425199228096178,1,0,0,0,0,0,75.95002279189123,0
14.830951579968817,19.521516393937446,0,0.21314577887102346,0.026475725065331693,1,0.014216669195552239,0.008520647224562479,1,0,0,0,0,0,48.24113549044926,0
16.530386949159812,21.814747208589765,0,0.43218731135787847,0.0184396909805678,1,0.010304621550062763,0.052556498924363336,1,0,0,0,0,0,53.975235413129965,0
19.64607820211407,25.79463554346398,0,0.3400247714684479,0.0463310386616523,1,0.013131964634558152,0.056929340321351704,1,0,0,0,0,0,63.80955874484741,0
14.472238163270505,18.548794132721294,0,0.41918800173184323,0.0357484954195078,1,0.009707490668747818,0.014606823813535678,1,0,0,0,0,0,46.243848807444365,0
20.67365924697555,28.958677035084893,0,0.3878899009019515,0.0224774621759652,1,0.011805630388827289,0.01327932385363342,1,0,0,0,0,0,70.53875133021893,0
16.673683632290217,23.89616507275757,0,0.3943288845222762,0.028274427498309086,0,0.008641643233254942,0.018768683640852303,1,0,0,0,0,0,57.936211553070024,0
27.00204623433516,39.099709147195995,0,0.6382522980552247,0.003010512962232827,1,0.02379599841906484,0.038347004960620865,1,0,0,0,0,0,94.47725019756524,0
13.259724233988441,17.396604985253287,0,0.2155519281965528,0.015474664892555945,1,0.013468702934346218,0.03629402721687772,1,0,0,0,0,0,43.12766268526789,0
24.418507297239117,34.40192667540678,0,0.5172340957562798,0.02342822901202364,1,0.01838934422064431,0.01904116891330639,1,0,0,0,0,0,83.67809023584866,0
21.718465842754572,29.981363330545165,0,0.33499773522221693,0.015307692525723723,1,0.022215626059420453,0.052231685441736314,1,0,0,0,0,0,73.19479154925435,0
19.298252709779362,26.597296791434918,0,0.547730781139893,0.0016858143287454361,1,0.008723991355677134,0.03430941138873908,1,0,0,0,0,0,65.10744388706176,0
19.7776220978946,27.331152884689253,0,0.3263234312561552,0.021119819877260658,0,0.03014193472199991,0.04526814516941606,1,0,0,0,0,0,66.65822947620022,0
19.720223824389052,28.127841071013293,0,0.44024036447450354,0.0010335910304510674,1,0.024079347439055675,0.05603179856632827,1,0,0,0,0,0,68.27552030624082,0
21.296113073561433,29.146253147016036,0,0.44779067701279696,0.015474664892555945,1,0.017316754761079255,0.03629402721687772,1,0,0,0,0,0,71.32943941574311,0
20.05787490240251,28.973927229271066,0,0.3147949108553805,0.014692438961018121,0,0.0310305383964412,0.03282523316721944,1,0,0,0,0,0,70.04325202829315,0
24.40001123904974,31.947903146450173,0,0.424959350499372,0.020846012693212675,1,0.024188817398268905,0.027425199228096178,1,0,0,0,0,0,79.3747054985819,0
20.397097694268492,28.81316457061812,0,0.41006304836459717,0.016460822447261825,1,0.01787641549179618,0.036191834739266154,1,0,0,0,0,0,70.0096096040157,0
14.461939231433151,20.38229689887027,0,0.323298205510155,0.0014513693670929987,1,0.010048039710352974,0.017710673993777813,1,0,0,0,0,0,49.609622325012545,0
21.354396099512606,29.980023600214583,0,0.4508586713370025,0.0009825385376777771,1,0.0226887473926477,0.04515235126937827,1,0,0,0,0,0,73.06859860066486,0
21.110654373363516,30.24779928816696,0,0.38828412014756675,0.014312115530895939,1,0.012225006513074612,0.05576595375270875,1,0,0,0,0,0,73.23112043867006,0
15.477568203414586,20.644210878731265,0,0.3783120038202943,0.0014790143644112293,1,0.009776236178100185,0.04526814516941606,1,0,0,0,0,0,50.79883972566154,0
20.54262363129622,28.72903394069808,0,0.38893467252293973,0.0010233770218735319,1,0.008455961244106929,0.013945708438659962,1,0,0,0,0,0,70.06659446499427,0
16.455626864776605,22.510601412153648,0,0.40703037854773205,0.02654418075895302,1,0.014630447268567085,0.033647244179750777,1,0,0,0,0,0,55.191678115225194,0
17.409441000459484,23.725448174217096,0,0.4079985043834777,0.0010233770218735319,1,0.011356008236052647,0.013945708438659962,1,0,0,0,0,0,58.03661501896957,0
17.71858381356201,24.526934398274435,0,0.5032013812771068,0.00041845789561269664,1,0.014212795911425526,0.04601071851740195,1,0,0,0,0,0,59.96764759564165,0
18.861284178351237,26.224578066730324,0,0.3563527791421265,0.024157270803102794,1,0.013484964964248088,0.07518782550412839,1,0,0,0,0,0,64.00684905196721,0
13.920366011086477,17.673110376640306,0,0.4173491974696823,0.11819138566102405,1,0.016599641735171068,0.03774099250612839,1,0,0,0,0,0,44.22094813681454,0
15.35110330975468,19.37552159385159,0,0.442741518448103,15.901715434996365,1,0.025169863286625842,0.518183225194417,1,0,0,0,0,0,48.55956089904633,0
15.543045389599953,22.27504318518302,0,0.34142545363524024,0.06790168637633207,0,0.00876829178594431,0.050974737203598616,1,0,0,0,0,0,53.99195284712654,0
19.107321145256588,27.731461580158317,0,0.3937096574510973,0.014773564139390105,1,0.03545282986234285,0.007892004999111175,1,0,0,0,0,0,66.95855716042426,0
21.984692769480333,32.498964411709615,0,0.46967106235303785,0.17955298024600264,1,0.0311614020197718,0.05456132898118289,1,0,0,0,0,0,78.1260407148446,0
22484.14394617862,38910.50492439956,0,0.36284874747867474,355.2866798903541,1,0.01263048753666825,20895.33594147508,1,0,0,0,0,0,47.67830784531064,0
1357.8436236593777,2309.4321221769196,0,0.30399654592260406,152.71522158127493,1,0.0706448764134028,9132.065678739751,1,0,0,0,0,0,66.80644010812978,0
26.722739570765476,39.3181261850915,0,0.6269682684772844,0.0004861895548858672,1,0.011733750121569547,0.015135526081729595,1,0,0,0,0,0,94.59350450566967,0
14.762001024181881,20.017790640265048,0,0.2193730731403573,0.015333993797951426,0,0.019010360678660368,0.055379499369259,1,0,0,0,0,0,49.230820639655576,0
51.03746512339553,83.01771876138595,0,0.43654729441600626,0.017509611761074982,2,1.4614642072261328,0.015938210303234952,1,0,0,0,0,0,194.75494139132599,0
25.62936260748522,39.22365783251272,0,0.47936454652326765,0.020191629378860737,1,0.6707403118642272,0.04514731181799249,1,0,0,0,0,0,93.4960046568221,0
21.730559850289602,31.498154565468532,0,0.6010758076906788,0.01654093613163525,1,0.007683681765446789,0.036279933151975134,1,0,0,0,0,0,76.09693296675516,0
17.951462053569355,26.967723138389683,0,0.2601712157029601,0.0005096637365313988,1,0.056040045258069375,0.05120209613163573,1,0,0,0,0,0,64.57434078648993,0
27.42958401841862,39.9727963678212,0,0.6451981208396753,0.00101910821536014,1,0.013466278469465947,0.016948971723666724,1,0,0,0,0,0,96.40113160148923,0
25.666768210265957,36.71531544254848,0,0.6195329168217177,0.0006281298899400981,0,0.5130894120365218,0.02717676043945501,1,0,0,0,0,0,88.90758191178861,0
205.9696402278738,353.4205758804084,0,1.86836179846724,0.0012032654685683742,1,5.224293518334029,0.03289678799267592,1,0,0,0,0,0,818.1068392310666,0
29.302535582823154,47.157425568020614,0,0.8136638249473022,0.0005045533829645467,1,0.9796700259955696,0.051407904617287524,1,0,0,0,0,0,110.93107721149576,0
36.21862385043528,60.04638112794934,0,0.5577213135339056,3.842758148377842e-06,1,0.4701060528874191,0.0556246804982316,1,0,0,0,0,0,140.20767351794342,0
35.922302755185484,59.55006710306738,0,0.5552182756747052,0.0005342359393234366,0,0.4807026310201956,0.05062079659601494,1,0,0,0,0,0,139.05449221153768,0
42.92328249523693,71.00267009655227,0,0.4653151345102048,0.021619089352634978,1,0.2892837998320457,0.04514731181799249,1,0,0,0,0,0,165.8869160871133,0
30.20501565706095,48.711608416493455,0,0.3932224626309675,0.0006903913492206678,1,0.27593264894656877,0.03711653386540631,1,0,0,0,0,0,114.52976030034657,0
39.92282202796592,65.31871811184084,0,0.5354237559744779,0.0006807148232595517,0,0.10186115912093485,0.03507010148526658,1,0,0,0,0,0,153.0190572202581,0
32.19196017659666,49.38446843408038,0,0.45889084287259,0.0006590933656817807,1,0.016547962658702377,0.044931212584259625,1,0,0,0,0,0,117.57677246428352,0
22.331263621990914,32.21268950878231,0,0.48676873460230524,0.016483718505073547,1,0.017719606339022573,0.055649740648170534,1,0,0,0,0,0,77.82687903996117,0
28.44601775449424,45.02365829660425,0,0.3979452365088508,0.0327168667465132,1,0.17480113636709713,0.036279933151975134,1,0,0,0,0,0,106.33842422859578,0
20.920815684565035,32.60054726913833,0,0.3007021550239281,0.010595592850618792,1,0.038675215731719385,0.04534031174059747,1,0,0,0,0,0,77.34904344905566,0
19.49829892351843,29.232047766067783,0,0.2583503297609982,0.03181689966565703,1,0.04314333554195858,0.018609354664497188,1,0,0,0,0,0,70.01429974592145,0
22.020881426830584,34.66517875541218,0,0.38897082627085544,0.026287079986617893,1,0.008502608759322782,0.03169403580261443,1,0,0,0,0,0,81.99867934969026,0
26.89092783180261,42.17167763454496,0,0.308680499250086,0.026099188727922287,1,0.025090314910595213,0.05565874078142103,1,0,0,0,0,0,99.8795693301361,0
19.3676460508326,28.31802645145003,0,0.20637114167073844,0.01645187404839834,1,0.016164368809469445,0.045142050893524785,1,0,0,0,0,0,68.2614763066221,0
17.799264068103273,26.372674296517562,0,0.2772992060433815,0.027688365960797115,1,0.010470067019851073,0.04534638206426926,1,0,0,0,0,0,63.357282798824315,0
27.06198089450726,42.03828540250151,0,0.3320931550863456,0.028046774106253492,1,0.039859119430261575,0.045142050893524785,1,0,0,0,0,0,99.80187007206177,0
18.757177984442414,26.552532687509416,0,0.1844847796181487,0.03255715276144377,1,0.030242555343637716,0.036262531580163855,1,0,0,0,0,0,64.53223192051654,0
18.919069918284595,29.159796418823383,0,0.25488762797808046,0.04562032369534247,1,0.18132322398560982,0.01863506002552215,1,0,0,0,0,0,69.34767977010529,0
32.13288947891754,49.30790796247052,0,0.23567221592257398,0.03329022908737592,2,0.10461486169237426,0.044931212584259625,1,0,0,0,0,0,117.41872581264285,0
19.419011571927832,27.25094601609153,0,0.17335496899924785,0.027260401098728626,2,0.018512271256115646,0.045521543600214064,1,0,0,0,0,0,66.33549016484108,0
11.96269799126657,16.905140370478215,0,0.2523034683899587,0.03089354261392355,1,0.16781676525810965,0.013190633684418468,1,0,0,0,0,0,41.11790499829207,0
28.62091160342573,43.09307668526437,0,0.2418848950410295,0.02762457585312314,2,0.07967912234118787,0.04552154360021406,1,0,0,0,0,0,103.0947184912302,0
19.610359082185756,27.52151494185925,0,0.1905703598359591,0.03538927570587614,2,0.026760666400335215,0.06384961999434716,1,0,0,0,0,0,67.01366562684777,0
13.941370760000048,19.264973762099217,0,0.21309498963274331,0.030311474597506577,1,0.10600578951385392,0.044931212584259625,1,0,0,0,0,0,47.04635476442171,0
29.96886172510197,45.45672892924228,0,0.2797453970390326,0.0357773028126997,1,0.10250683535387059,0.051407904617287524,1,0,0,0,0,0,108.52411335663243,0
20.301032702865154,28.88427283293119,0,0.183331271087465,0.02340359386106044,2,0.0330931113528314,0.0939804925520845,1,0,0,0,0,0,70.10143104834181,0
11.971399226144108,16.806003581535354,0,0.23944094443694003,0.03147054224234118,1,0.02974957984218749,0.055649740648170534,1,0,0,0,0,0,40.88641057809082,0
25.861482586429286,38.15108749524921,0,0.2859944760330455,0.03483424650739386,1,0.046958593493433995,0.05062079659601494,1,0,0,0,0,0,91.76195215628208,0
25.10805763864962,36.3753394177754,0,0.22409435326548577,0.03755674194441546,1,0.1476625808637992,0.051019573657188566,1,0,0,0,0,0,87.86113933040579,0
27.060342151523127,38.65256638671398,0,0.5227242175457921,0.03971694087876662,0,0.25097948129267833,0.031694035802614436,1,0,0,0,0,0,93.4157863772152,0
23.550846801958347,36.08761174048521,0,0.436346158675348,0.03812893028795425,2,0.03738074903604509,0.07346209589224374,1,0,0,0,0,0,85.98363079849435,0
40.85290858940571,66.18857896011217,0,0.24552688402270756,0.03923917635653371,1,0.027514359190074198,0.0332682518451596,1,0,0,0,0,0,155.44230123768097,0
19.729367556169038,30.696549187093414,0,0.25105678539026255,0.000619045134386202,0,0.034400583756967876,0.044931212584259625,1,0,0,0,0,0,72.8416367215198,0
28.069798188180634,43.2485397344046,0,0.3612285511598283,0.03911921548369484,1,0.009817890806056155,0.07547313660808248,1,0,0,0,0,0,102.86128072888636,0
21.746370327670594,32.60404056800163,0,0.22183712790484644,0.028306382418503497,1,0.05688454256394086,0.05140790461728753,1,0,0,0,0,0,78.03562007396141,0
16.377930426986648,25.35563256766703,0,0.27495620937037085,0.03315820676675023,1,0.009699364243309841,0.03507010148526658,1,0,0,0,0,0,60.24136529250719,0
24.482856638417488,36.491086742553776,0,0.3297699751091534,0.0369334037920661,2,0.010989279091333397,0.06365284298902901,1,0,0,0,0,0,87.54537648827815,0
19.389210499534226,27.931083087468362,0,0.20061949566088091,0.031935948751284846,1,0.026440638238924147,0.02717676043945501,1,0,0,0,0,0,67.55687534740295,0
17.084387081667618,25.545731484151435,0,0.28273305247354513,0.014420613232503973,1,0.009429691172584045,0.008667772867683964,1,0,0,0,0,0,61.236612435359774,0
19.033399494043792,27.52340981303162,0,0.30520924110473197,0.03936508442088951,2,0.22873497623338984,0.05140790461728753,1,0,0,0,0,0,66.55936171159185,0
26.078558695629507,35.21765742816963,0,0.3656192605918587,0.028168564404996,2,0.6439495059664551,0.03789528850336592,1,0,0,0,0,0,86.00700839218999,0
86.3225308178201,143.80047328435498,0,0.30450744470980595,0.03668479943813661,0,1.155133678570221,0.01888986538300714,1,0,0,0,0,0,335.30677484979515,0
38.90992921278135,64.34053031805163,0,0.16223172102448524,0.03516073271016229,1,0.8944041931533331,0.03711653386540631,1,0,0,0,0,0,150.32278135740628,0
33.21421676867307,54.652767548003496,0,0.13377379014354893,0.02828908565537889,1,0.621068723916623,0.05140790461728753,1,0,0,0,0,0,127.85338498900896,0
32.29277827811818,53.59382820817058,0,0.1780007212007801,0.03795524483865541,2,0.551942392212165,0.02717676043945501,1,0,0,0,0,0,125.09909018321416,0
127.67023376157563,213.8220850869524,0,0.5010331382350205,0.03735731661052606,1,4.761212269402808,0.0368410945331299,1,0,0,0,0,0,497.959667333015,0
34.11498194888683,55.3231826662978,0,0.1702006694572241,0.029239052047389136,1,0.127468184002861,0.0547756169166267,1,0,0,0,0,0,129.90891482186046,0
29.04557311346719,46.64126981244279,0,0.20947887046817174,0.028635901123517937,1,0.05346604022810125,0.055649740648170534,1,0,0,0,0,0,109.76222926564992,0
12.870962367096134,20.366649635729935,0,0.12950840809231579,0.031152891611027585,1,0.06113043879697665,0.03711653386540631,1,0,0,0,0,0,48.1257393219867,0
60.28845145176354,101.19169122971589,0,0.4629527053123488,0.02487300207463562,1,0.44326944286811704,0.044931212584259625,1,0,0,0,0,0,235.54647622376993,0
37.176131230356546,60.9749849038349,0,0.33630204755161686,0.013148523141512847,1,0.2475562601289735,0.07006675538923224,1,0,0,0,0,0,142.7609136845906,0
30.616773969956938,50.64629330914755,0,0.15062407860205426,0.023620616042518448,0,0.16507775971199856,0.013190633684418468,1,0,0,0,0,0,118.32959546261615,0
34.171370333767996,56.36642199031898,0,0.3774066416395105,0.03357374842611468,1,0.1609755161648919,0.03507010148526658,1,0,0,0,0,0,131.78732790545354,0
28.64615283563888,45.70907433166179,0,0.27884178095403667,0.0367953270372612,1,0.046872971132824556,0.03714240110627209,1,0,0,0,0,0,107.77345918497141,0
17.30481367211468,27.837892738176706,0,0.20645809442649637,0.0189672397634965,1,0.10438632293107863,0.04618010965461061,1,0,0,0,0,0,65.50729692563795,0
34.27769553055232,56.80555119990717,0,0.3463403069375858,0.03800803628836526,1,0.1415323261869554,0.04552154360021406,1,0,0,0,0,0,132.65457821216987,0
24.836995275400195,39.97622771755712,0,0.20254318599310414,0.017817142737909367,1,0.03772731523025639,0.03169403580261443,1,0,0,0,0,0,94.05244366215712,0
18.231564217554805,29.268687634127534,0,0.25189049683157216,0.01553685701575935,1,0.09633824345267189,0.051019573657188566,1,0,0,0,0,0,68.90138505120584,0
35.435534801731464,57.99849461728796,0,0.3226160655132807,0.012493148230231533,1,0.1448541262546162,0.03211723413682966,1,0,0,0,0,0,135.86682426373702,0
22.7766718196045,36.32967505984819,0,0.19908873500574123,0.017255790217864428,1,0.036242281047219244,0.0368410945331299,1,0,0,0,0,0,85.66488125372499,0
19.34678401788134,31.14471332275433,0,0.2519810854527208,0.031905970612446766,1,0.1305972037614456,0.02717676043945501,1,0,0,0,0,0,73.27140234535935,0
41.51570066102856,63.5064821062905,0,0.3965269516373222,0.03115289161102758,1,0.5088586820171285,0.03711653386540631,1,0,0,0,0,0,151.13822460456964,0
49.94031092388301,81.76174470717079,0,0.39253767225556135,0.03923917635653371,0,0.02333782711911309,0.033268251845159594,1,0,0,0,0,0,191.49953214355062,0
46.7679322609811,78.18681959918297,0,1.0225951755023757,0.02931684032155843,1,2.270050390720117,0.00881527051207,1,0,0,0,0,0,182.17738986929464,0
36.6481824407255,58.801063619083834,0,0.8805162776463797,0.03341440742035001,1,0.3196281793070626,0.07113475230248706,1,0,0,0,0,0,138.44221041503388,0
18.076174743266087,27.91504772387862,0,0.18408216010131823,0.031969819162123256,0,0.009522543493870106,0.0327605129042112,1,0,0,0,0,0,66.38951752426354,0
18.922840772610336,29.63824339466053,0,0.508957551484457,0.03410392778015922,0,0.009563244043390593,0.04579298526209399,1,0,0,0,0,0,70.20008347535466,0
19.653095776529398,30.152920864514126,0,0.6011790645316124,0.03988368130558126,2,0.019260524211853036,0.05170213082271261,1,0,0,0,0,0,71.83265213659779,0
12.024197480194767,17.890722316535108,0,0.34940457770600253,0.03494622054660014,1,0.013306363915004855,0.03711653386540631,1,0,0,0,0,0,42.96440171037787,0
17.626023840796314,27.766940705778374,0,0.49361939787471404,0.013769200703005484,0,0.010483907234153338,0.02717676043945501,1,0,0,0,0,0,65.68022930865524,0
22.402200195390563,34.66781658175734,0,0.5761888562997075,0.034295655806806644,1,0.02977224760879941,0.017717251945973164,1,0,0,0,0,0,82.38836256439063,0
13.215181677056018,19.90243191433119,0,0.3373242430179402,0.028625516072697855,1,0.013264323435870208,0.02619287541286428,1,0,0,0,0,0,47.63041935737348,0
18.26801820563921,27.87288628303589,0,0.5109978111013911,0.033441105401590045,0,0.015192296499902645,0.015938210303234952,1,0,0,0,0,0,66.4640250923498,0
20.95216577970603,32.65546530148898,0,0.574126330142591,0.03214794048416954,2,0.043243417313641355,0.06454632017912273,1,0,0,0,0,0,77.46732384318958,0
15.555054015288695,23.71735194270639,0,0.3200483562250495,0.07527535607039994,1,0.0171962253680317,0.03276051290421119,1,0,0,0,0,0,56.594379057192896,0
19.83434590589064,30.650655821886023,0,0.4805610016679601,0.0012813733407972035,0,0.01275901797211941,0.016487141748770855,1,0,0,0,0,0,72.8748304444112,0
21.67684491924061,32.89542601113156,0,0.5032610982701141,0.018675997337449225,2,0.03353304344079469,0.0732805144653912,1,0,0,0,0,0,78.57413896442145,0
15.084444004674879,23.03950461213061,0,0.35982226967053754,0.0011162079043758471,1,0.022445484782774645,0.03276051290421119,1,0,0,0,0,0,54.952618622103174,0
20.347136443503565,31.788515544223046,0,0.5038298337692002,0.021107755246660347,0,0.015147705388748576,0.03221278665352723,1,0,0,0,0,0,75.36587489175986,0
24.10395645014759,37.35096292560063,0,0.4267167748273866,0.01838041571231653,1,0.01072969685472722,0.026192875412864275,1,0,0,0,0,0,88.73750977463986,0
18.645635815120695,28.84096954293541,0,0.4587325180829719,0.00046673861916317013,1,0.010140106457596719,0.05091201657283015,1,0,0,0,0,0,68.55737224864018,0
22.322363563884153,34.608149029970974,0,0.5244675992897707,0.029009913079852713,1,0.009804429389161784,0.03680774551412107,1,0,0,0,0,0,82.17015937698146,0
25.038579598069234,39.292168853795324,0,0.37445267417975203,0.000479092814228496,0,0.011939331582917908,0.05516207051587833,1,0,0,0,0,0,93.02872011456296,0
17.69928134898436,27.033853825858888,0,0.5168910358707837,0.0009157732341377764,1,0.007669343440682986,0.03590470320312667,1,0,0,0,0,0,64.44762208458653,0
244.46599798171505,420.46385567858607,0,1.5607257417376532,0.0163784025643265,1,4.2903522813454735,0.05516207051587833,1,0,0,0,0,0,972.7278477494002,0
159.38326173287183,273.46085697891186,0,0.6146525126902034,0.016410456213810563,0,4.381239977685712,0.05091201657283015,1,0,0,0,0,0,633.0283635982021,0
18.876823235009073,27.766181425487765,0,0.6333389177090835,0.01487093552419777,1,0.00808715756860352,0.032166531544538454,1,0,0,0,0,0,66.86116502289879,0
22.35878761330891,34.44958016204547,0,0.3512979055237059,0.0009157732341377765,0,0.011429971723120588,0.03590470320312667,1,0,0,0,0,0,81.92394478232607,0
13.936909688098256,22.227895232464697,0,0.5023361925734439,0.014460486027646774,1,0.01820871476279285,0.0631080987084714,1,0,0,0,0,0,52.41729916857443,0
25.984060243271717,40.949218349240525,0,0.709400643616119,0.0011050536668618155,1,0.00964057072155352,0.05613175000596029,1,0,0,0,0,0,96.8638626840652,0
15.730724375282827,24.004917325550092,0,0.22153441761525844,0.0012813733407972035,0,0.013457826680080328,0.016487141748770855,1,0,0,0,0,0,57.26986850327414,0
20.61391229797002,32.679869888972696,0,0.630733357820181,0.014992629188526084,1,0.013787222552842345,0.03591985751620866,1,0,0,0,0,0,77.18442298776955,0
25.990841275655225,40.10145260807114,0,0.4322597925498757,0.010739263334794545,1,0.003238542499556653,0.018453669433034385,1,0,0,0,0,0,95.35808271938609,0
20.8780806042114,31.91968856038344,0,0.5357430971483184,0.015144543511080959,1,0.01389181323999416,0.035382321332341045,1,0,0,0,0,0,76.096856347509,0
26.033820514156776,40.79919130481427,0,0.3903423655592323,1.6198298159137999e-06,1,0.008555694456500455,0.032166531544538454,1,0,0,0,0,0,96.59130909835639,0
24.413100223822937,38.354868946734115,0,0.4823246357374396,0.016291984285478466,1,0.00859316950919823,0.03590470320312667,1,0,0,0,0,0,90.80718049040314,0
27.507163196304674,42.562145526156115,0,0.5789667416303063,0.0005161128714930821,1,0.009507538210006213,0.03607842335544281,1,0,0,0,0,0,101.10170169640976,0
25.414154628227816,40.39208446598713,0,0.3350426728009146,0.0015817046052044171,0,0.04316612601246205,0.01702286093299934,1,0,0,0,0,0,95.32303437156185,0
27.973661294635356,42.73097967329637,0,0.43233564331684055,0.0012892249227229276,1,0.017740009197464338,0.018420533973854965,1,0,0,0,0,0,101.8872337370137,0
22.730632692784763,35.033774362928504,0,0.3728285597642341,0.014738397669591247,1,0.004134799430298433,0.03185796762639492,1,0,0,0,0,0,83.33941832751282,0
27.75113211371683,42.44775494773293,0,0.444201029739221,0.001099365009018897,0,0.03379673479938059,0.019110603740429354,1,0,0,0,0,0,101.14734159620022,0
26.152197919283623,39.72760535078058,0,0.3450137324695079,0.001081356766277255,1,0.02077943780296921,0.07530291145699694,1,0,0,0,0,0,94.81895654832886,0
22.55457724821279,35.06334996294842,0,0.3960080676498052,0.015408748748510379,1,0.007292372843019229,0.044931116372406626,1,0,0,0,0,0,83.19546151222738,0
27.47720731410514,43.68149296158511,0,0.37146244104891674,0.0005045154258994769,0,0.0325351834000094,0.05021584088414382,1,0,0,0,0,0,103.0691491011818,0
26.199831077642102,40.35959809189476,0,0.4168300484006172,0.021107755246660347,1,0.013744181764279398,0.03221278665352724,1,0,0,0,0,0,96.03170046604023,0
24.05335659439561,36.7855026405472,0,0.432066149746843,0.0012122239483749653,1,0.005103995766164807,0.06468237593087076,1,0,0,0,0,0,87.65851998921856,0
25.227949825459064,39.146558705595034,0,0.2840230573566161,0.001289812804628704,0,0.04202610351602053,0.03681460174904566,1,0,0,0,0,0,92.92837503114573,0
27.866974111482737,43.42721787324748,0,0.5295418107521204,0.0009222130042765915,1,0.018218101783413317,0.0449258565144869,1,0,0,0,0,0,103.00276552893983,0
26.376028391193096,40.3066127249256,0,0.5399192998466102,0.0010438963891669796,1,0.008710484605896131,0.05752814142373258,1,0,0,0,0,0,96.1084629355225,0
24.63134729893256,38.780292824570054,0,0.26195307910457305,0.0006369391848959978,0,0.027378924498166764,0.03678767701788906,1,0,0,0,0,0,91.72386582301161,0
28.88917644003201,44.99287174823762,0,0.5440078925652548,0.000867690755654635,1,0.014811730363589045,0.08340276724011972,1,0,0,0,0,0,106.73725530155696,0
23.585886250153592,36.563509332711774,0,0.5202724649932419,0.0009157732341377764,1,0.00534660419389108,0.03590470320312667,1,0,0,0,0,0,86.83318428180837,0
21.39453918945739,32.70932855868237,0,0.33505615951955553,0.0009209609310971282,0,0.01942589362594528,0.03591985751620866,1,0,0,0,0,0,77.95051675259526,0
26.840874774928988,41.55603876389004,0,0.4778973144801351,0.0006466183678714095,1,0.022316118621049666,0.05057053485914069,1,0,0,0,0,0,98.74784572852246,0
21.317303391236706,31.811871274198094,0,0.545331146040196,0.019153984176287712,1,0.008982872838193807,0.05021584088414381,1,0,0,0,0,0,76.31062252624213,0
24.6236677086097,37.56926080611827,0,0.4618038782430025,0.0012892249227229276,0,0.01110542432297323,0.018420533973854965,1,0,0,0,0,0,89.57058753801375,0
26.961618639040214,42.15290388723106,0,0.48117695885180645,0.00218455201532994,1,0.062654540373082,0.046377364718490396,1,0,0,0,0,0,99.91709123922575,0
20.113753656486725,29.128343381501537,0,0.5287687691983218,0.0012354663733544838,1,0.012322074507048471,0.05683655184550014,1,0,0,0,0,0,70.44453413660364,0
24.884759220272937,38.773615578246165,0,0.48026595094367686,0.0009337041189977243,0,0.01728061866490772,0.035396850384745826,1,0,0,0,0,0,91.95509719732901,0
23.04895748972365,35.15986303263028,0,0.4317595996899392,0.0006467653383478535,1,0.0359599870429384,0.055169051802938365,1,0,0,0,0,0,83.86541581240297,0
21.069991588478935,31.90120241887241,0,0.4636084422030871,0.00023907640402662147,1,0.008549783803531861,0.10158350400724289,1,0,0,0,0,0,76.2337458124727,0
29.731375090769678,46.40621168007457,0,0.47761679259090895,0.0002780020893495383,0,0.028030806719839187,0.0632818925263721,1,0,0,0,0,0,109.9665123014041,0
25.554863812252613,39.431551334878385,0,0.43638271176270427,0.0002780020893495383,1,0.08434383613626828,0.0632818925263721,1,0,0,0,0,0,93.76091507147996,0
19.147320885294285,28.907641833516976,0,0.5736077047269383,0.0011120975788200833,1,0.015390338245595566,0.03255439341935213,1,0,0,0,0,0,69.14712768936283,0
25.618365622278336,40.21080851450254,0,0.4799469805522172,0.01698297452751533,1,0.01240436511418162,0.03187066002473617,1,0,0,0,0,0,95.16847993784539,0
22.04942381422953,33.82878900287743,0,0.43931500831640813,0.0005931246276121445,1,0.021240487784501945,0.09366525173372725,1,0,0,0,0,0,80.57305627307866,0
23.990916954062595,37.02296081020151,0,0.5800115603074611,0.0005929128237919872,1,0.008058687663273913,0.0890266509527561,1,0,0,0,0,0,88.04435205158171,0
26.2177188001081,41.74236447356252,0,0.28992591955381986,0.000579797032267241,1,0.05611020587880897,0.0714302107076857,1,0,0,0,0,0,98.45739977308855,0
27.971166814887617,43.50170563504914,0,0.531877681880562,0.0012633142279752834,1,0.02957361003166887,0.02620851921335081,1,0,0,0,0,0,103.26459796728352,0
27.81930358200575,42.91451591931481,0,0.5398920231344053,0.0002975834308868906,1,0.005551940143712542,0.05374178054808244,1,0,0,0,0,0,102.05702700314802,0
21.485840971845725,33.010464476529044,0,0.3638167013333937,0.000479092814228496,0,0.01868686254176727,0.05516207051587833,1,0,0,0,0,0,78.56468320249019,0
26.355716838097635,40.492046996993246,0,0.4205268602150629,0.00047909281422849596,1,0.013054404808166047,0.05516207051587833,1,0,0,0,0,0,96.41210071705405,0
20.688507168375132,31.893020687547637,0,0.4358913140735834,0.0006466183678714095,0,0.008559504474461053,0.05057053485914069,1,0,0,0,0,0,75.86570423682225,0
33.07472644001164,51.15022467778811,0,0.5434208976774504,0.001099365009018897,1,0.07499040017017061,0.019110603740429354,1,0,0,0,0,0,121.54424793867231,0
19.385287408372363,30.24769343187748,0,0.3446830311769288,0.0011410435347766062,0,0.03950930424582907,0.03858648494919587,1,0,0,0,0,0,71.71988600274443,0
31.440869346190908,50.02636466520153,0,0.6876672197920476,0.0009222130042765915,1,0.015653909164344823,0.0449258565144869,1,0,0,0,0,0,118.03571662451516,0
24.204628544738707,37.069007598466186,0,0.3979840086023171,0.0014985949468020916,1,0.07893538355718317,0.037727207475174676,1,0,0,0,0,0,88.31865235926887,0
18.387420834254687,28.71463113200616,0,0.5755649881097753,0.0009281899658965741,1,0.04246621165321618,0.044756572241693285,1,0,0,0,0,0,68.07412072282669,0
32.28342671457003,49.70415619753923,0,0.446533212029307,0.0010934366208289513,0,0.036520616430318356,0.07031254952355553,1,0,0,0,0,0,118.28079728637402,0
162.71108818310273,277.9873847442753,0,2.957921971054984,0.0006466183678714095,1,1.932791904257948,0.05057053485914069,1,0,0,0,0,0,644.1924217042707,0
120.23547871537484,206.68814796268407,0,1.9335478555164676,0.0009222130042765915,1,4.759042549667123,0.0449258565144869,1,0,0,0,0,0,478.2290058529501,0
24.961585982309067,40.09081286978861,0,0.3794240288589428,0.0006287930482990161,1,0.011807780195643856,0.026008050768564397,1,0,0,0,0,0,94.37584255046946,0
248.97032739397756,428.6179267881792,0,2.97863399808003,0.01417123808235487,1,12.831955513493657,0.05112499685019833,1,0,0,0,0,0,991.3568486383422,0
9992.186489080956,17292.668998804504,4,22.350531183992395,8.278302569771537,4,7.48807532531582,1.678652543210172,1,0,0,0,0,0,39943.96730280441,0
27696.495206989897,47918.42053035205,0,86.29193059273007,480.25916064580434,1,1.4720386537051853,18476.618780538287,1,0,0,0,0,0,86.85728327517852,0
20.451575707192355,19.82347330525974,0,15.728694587091793,76.28952749397517,0,1.1364826794802245,195.84983307270605,1,0,0,0,0,0,42.91446605746548,0
29.168482631593378,48.77414371641469,0,49.1883907496765,0.5917026581947622,1,1.241091403485074,1.689925396555552,1,0,0,0,0,0,113.64669441389974,0
14.97680781105359,25.603265974941852,0,18.761633736062773,0.0006214923340692447,1,0.8985909722357541,0.026679255641464103,1,0,0,0,0,0,59.32262460129201,0
5.886168919711758,8.681460459357657,0,6.271446361018214,0.018196670912816165,0,0.5844022089489779,0.04271225486450407,1,0,0,0,0,0,20.88246928840379,0
4.435620461267482,5.912933923051993,0,5.170775235724221,0.0004464279147167665,0,0.2895893387257933,0.06620931057628282,1,0,0,0,0,0,14.48874822182983,0
7.519203735334339,11.281295533509423,0,8.213616592238683,0.014415749878255028,0,0.16322648976893006,0.08741398852908916,1,0,0,0,0,0,26.97519156621282,0
13.341124005723406,21.917289666082457,0,26.188362881455273,0.10897843470026791,0,0.39707801339845833,0.11816537124795298,1,0,0,0,0,0,51.29829217971981,0
21.209785088604605,35.53333304784156,0,63.56348613378291,0.04377599297173462,1,1.4418524976115015,0.09570028160203767,1,0,0,0,0,0,82.74939957070401,0
12.957794676563088,21.312854475246994,1,33.38785431614921,0.0010589596628285244,2,1.033981442361294,0.03662726233667021,1,0,0,0,0,0,49.868443485130896,0
15.900870439936154,24.43234685581847,1,56.52826430658956,0.03348382976789639,1,1.1389437065767554,0.06826180095979455,1,0,0,0,0,0,58.10603602995728,0
8.19193397592134,11.683367602135903,0,28.018012641152175,0.03894529774668571,1,0.538294754489138,0.04172484278599893,1,0,0,0,0,0,28.264226818488787,0
13.970937674412964,21.423429169694344,0,35.122491436592824,0.001019452949730322,0,0.15568773334560704,0.08741716014470831,1,0,0,0,0,0,50.97035718077416,0
20.822622174028115,34.19497678350871,0,79.57444400155279,0.0005310369413412348,0,0.6009678631691929,0.021922579104373778,1,0,0,0,0,0,80.03504534832999,0
24.312180884123652,41.36036391821291,0,97.15027973339086,0.020142667987509844,1,1.4034065272044125,0.021922579104373778,1,0,0,0,0,0,95.94922697860207,0
15.325562939742701,25.11489456063157,0,42.979719342501525,0.02393969736838012,1,1.1603415541683402,0.026028980655047475,1,0,0,0,0,0,58.81055938276126,0
6.247758265603677,9.345981146677973,0,12.137976023370525,0.00030931032173297455,0,0.4714174252780786,0.012560172697926489,1,0,0,0,0,0,22.412011748495914,0
3.2773059582420667,4.351887251244034,0,5.6386410480841125,0.0182528542914115,0,0.3840430353158978,0.0,1,0,0,0,0,0,10.694665113265039,0
7.661551317391163,10.975585930278328,0,16.0265527772113,0.0010172277485134174,0,0.09264862258559309,0.04172484278599893,1,0,0,0,0,0,26.540153705956953,0
12.389542226510404,20.04671977118035,0,35.62082644571447,0.0005310369413412348,0,0.88745111267525,0.021922579104373778,1,0,0,0,0,0,47.09662330964696,0
17.182695878844562,29.041698270854756,0,94.65418237493364,0.00030977154911572026,2,0.4400847009673764,0.012788171144218036,1,0,0,0,0,0,67.48268482996374,0
10.5383469904869,16.3798973420594,0,54.570158425303305,0.00030977154911572026,1,0.5867950897118792,0.012788171144218036,1,0,0,0,0,0,38.88229543267366,0
9.656713035604918,12.731486213976595,1,56.755370522381135,0.0208505642411688,1,0.6077111452491062,0.0508265330539417,1,0,0,0,0,0,31.298641983735152,0
11.478464024808037,16.902993962080295,0,45.360412449674484,0.001331550997883717,0,0.26123770529932777,0.07701568629062254,1,0,0,0,0,0,40.632214037853444,0
20.12009117184961,32.391632635009685,0,100.27097291200263,0.020142667987509844,1,0.7137364825680014,0.021922579104373778,1,0,0,0,0,0,76.20501680637742,0
21.287433119239925,35.83735881222875,0,97.75889241011151,0.0,2,0.9886810812284909,0.0,1,0,0,0,0,0,83.35377264788067,0
7.160861259875749,10.769009873976415,0,17.805619397950135,0.0006628078322849455,0,0.3400214410102378,0.02691465578127105,1,0,0,0,0,0,25.77789864621795,0
5.121021360856796,7.041300258559159,0,12.525566005823373,0.00030977154911572026,0,0.4593928822126384,0.012788171144218036,1,0,0,0,0,0,17.183228351692897,0
10.356466421587328,16.133734985460098,0,31.10364843712238,0.0006637961766765435,0,0.27636902218119863,0.027403223880467224,1,0,0,0,0,0,38.248345196262825,0
16.12939175495908,26.391192444478005,0,103.20101017810616,0.0,1,1.063259668379867,0.0,1,0,0,0,0,0,61.82476269470628,0
16.66003550421449,26.41908473380261,0,91.34303489327631,0.0005310369413412348,1,1.2456374673515875,0.021922579104373778,1,0,0,0,0,0,62.39446080227512,0
3.840102817579912,5.5052574146777635,0,9.531792540518765,0.0005310369413412348,0,0.24069415193026206,0.021922579104373778,1,0,0,0,0,0,13.312125448872202,0
11.286217600326726,17.951479734496356,0,49.0542052622974,0.0005310369413412348,0,0.36343566708505504,0.021922579104373778,1,0,0,0,0,0,42.35088937341358,0
16.155431972360596,26.480424217989523,0,87.87514944758121,0.0005310369413412348,1,0.49897028332381244,0.021922579104373778,1,0,0,0,0,0,62.01242333984865,0
7.342849120095699,11.461331749121387,0,27.490967181365836,0.00030977154911572026,0,0.26513262530313864,0.012788171144218036,1,0,0,0,0,0,27.174168604594094,0
6.078795971281699,8.169980903865502,0,13.323220722721056,0.0006637961766765435,0,0.2913789926499105,0.027403223880467224,1,0,0,0,0,0,19.984455913125476,0
12.254232797966274,20.29797463299112,0,65.27836235299644,0.0005310369413412348,1,0.6769938634698066,0.021922579104373778,1,0,0,0,0,0,47.40604233684529,0
11.95904265401832,19.512260173348878,0,63.11497995438528,0.0005310369413412348,1,0.47966894010781475,0.021922579104373778,1,0,0,0,0,0,45.74509926600919,0
4.941106412631516,6.8795722259015255,0,15.660735994853912,0.0005310369413412348,0,0.40176357830353576,0.021922579104373778,1,0,0,0,0,0,16.74411081521487,0
11.092856372102839,17.764193114127558,0,76.0693961242774,0.0007080492551216463,0,0.3406908450144076,0.029230105472498373,1,0,0,0,0,0,41.84695204218411,0
14.77512701267778,24.389745506503917,0,71.84025525959106,0.00030977154911572026,1,0.6714165069105701,0.012788171144218036,1,0,0,0,0,0,57.00481868579653,0
3.859804848003323,4.886214284277936,0,13.145216737396336,0.00030977154911572026,0,0.006241995433763446,0.012788171144218036,1,0,0,0,0,0,12.174449568818542,0
12.484278084090723,19.900540943107945,0,92.18807180204413,0.0007080492551216463,1,0.45535036673105267,0.029230105472498373,1,0,0,0,0,0,46.93166744946529,0
14.101414173892469,22.965837266840712,0,78.92320971575045,0.0005310369413412348,1,0.8074323952616567,0.021922579104373778,1,0,0,0,0,0,53.869988126035366,0
5.13952142509348,6.981966889472436,0,13.122727592358384,0.0007080492551216463,0,0.013980750399192828,0.029230105472498373,1,0,0,0,0,0,17.165268705653013,0
8.750825595666512,13.6651981497409,0,34.7821090062543,0.0005310369413412348,0,0.27038002543273404,0.021922579104373778,1,0,0,0,0,0,32.38953854934876,0
16.380636402915158,26.597311989995173,0,105.72097629570719,0.0006637961766765434,1,0.37364816386795774,0.027403223880467224,1,0,0,0,0,0,62.437552638804,0
10.578915407428097,16.874092812008243,0,50.11153243816736,0.0005310369413412348,1,0.5836607364436044,0.021922579104373778,1,0,0,0,0,0,39.78118040144787,0
2.970747211904892,3.6771677636932405,0,8.877875814607552,0.0007369222989972619,0,0.25249787401328294,0.022907939920493302,1,0,0,0,0,0,9.229028162468186,0
8.219227031024303,11.62426561599458,0,22.792393212571916,0.0006637961766765435,0,0.2946638642713971,0.027403223880467224,1,0,0,0,0,0,28.234668192338845,0
11.191484644712055,18.08540504733405,0,78.58835044595521,0.0007080492551216463,1,0.6594313013346877,0.029230105472498373,1,0,0,0,0,0,42.50771268943234,0
18.912913083197576,31.80231672173229,0,135.06753519997153,0.0005310369413412348,1,1.046064878988441,0.021922579104373778,1,0,0,0,0,0,73.98805081043913,0
5.292125824924156,7.63412431851798,0,20.074266378156576,0.00030977154911572026,0,1.0064633941030758,0.012788171144218036,1,0,0,0,0,0,18.481845616025744,0
4.533586763104042,3.7911927346258767,0,11.221869170902512,0.0007080492551216463,0,0.6132143705327201,0.029230105472498373,1,0,0,0,0,0,10.466515109710354,0
7.1714135524157046,10.547298522703738,0,14.885104925918423,0.0007080492551216463,0,3.523057314299935,0.029230105472498373,1,0,0,0,0,0,25.406491041746875,0
8.788469575492943,13.740961285585996,0,44.30022772258121,0.0006637961766765435,0,0.16863182149535133,0.027403223880467224,1,0,0,0,0,0,32.574089508245976,0
11.32274767853482,17.83882561858875,0,109.83273679237023,0.0007080492551216463,1,0.43736851127645493,0.029230105472498373,1,0,0,0,0,0,42.20431562126623,0
19.006239126124854,31.50281326511563,0,149.14855151678552,0.0005310369413412348,1,1.3744392221722888,0.021922579104373778,1,0,0,0,0,0,73.56218196556662,0
11.656992134507789,18.550714749295857,0,54.49421109220849,0.0005310369413412348,1,0.9302383788817041,0.021922579104373778,1,0,0,0,0,0,43.76295937986443,0
2.691254644886067,2.982931019306972,0,5.879654399363366,0.0006241387965253158,0,0.1560587199146738,0.04816887520493489,1,0,0,0,0,0,7.678988686321166,0
4.75448456203247,6.235796854777987,0,17.016816662457064,0.0005310369413412348,0,0.20041839529944286,0.021922579104373778,1,0,0,0,0,0,15.33439842772761,0
10.741891832060938,16.752122527983886,0,54.11560394423001,0.0006637961766765435,0,0.5097331423560385,0.027403223880467224,1,0,0,0,0,0,39.729062256316894,0
13.679356351276427,21.995183514195865,0,115.16590638239653,0.0006637961766765435,1,1.2358881119057914,0.027403223880467224,1,0,0,0,0,0,51.76178089610921,0
14.158545852810292,23.400926062083432,0,75.11020733788504,0.0,1,1.3009101761263746,0.0,1,0,0,0,0,0,54.6762759290403,0
2.7399146079495895,3.3162239392097104,0,6.027759344188778,0.0,0,0.3829172425268868,0.0,1,0,0,0,0,0,8.387893392795169,0
5.94803656558026,7.985347614736101,0,21.778138075233016,0.0007080492551216463,0,0.34456730424421844,0.029230105472498373,1,0,0,0,0,0,19.613817121592216,0
9.617190639450676,14.9170789252966,0,51.70101829341474,0.0005310369413412348,0,0.3830164154443251,0.021922579104373778,1,0,0,0,0,0,35.432871280815775,0
19.82567204352896,32.51703003521167,0,173.03672504767917,0.0005310369413412348,1,2.148441615172886,0.021922579104373778,1,0,0,0,0,0,76.12121692185771,0
4.876579179287407,6.942437520714828,0,21.30740157285945,0.01565606254451202,0,0.8920032105115189,0.027403223880467224,1,0,0,0,0,0,16.870505681148217,0
6.584919596479665,9.3230553414813,0,20.974360561073407,0.0007080492551216463,0,0.2630799159876962,0.029230105472498373,1,0,0,0,0,0,22.601358546450037,0
14.48084454932866,22.395074469919262,0,82.2061439651934,0.0007080492551216463,0,7.989529683172501,0.029230105472498373,1,0,0,0,0,0,53.238415781150096,0
15.711626217495429,25.471422499896406,0,28.50519082290455,0.0006637961766765434,1,17.231607346335323,0.027403223880467224,1,0,0,0,0,0,59.818349478980245,0
5.952154838877657,5.574717753500974,0,2.9207432681363716,0.0007080492551216463,0,5.210335781307124,0.029230105472498373,1,0,0,0,0,0,13.74897783889868,0
11.650126545386533,19.2500675276002,0,17.030392821509352,0.0008990709802671126,0,9.573625902046226,0.055987417703418293,1,0,0,0,0,0,44.987338274803534,0
18.647882048271075,31.444076649296537,0,64.82116327593823,0.0007080492551216463,0,26.49078398106458,0.029230105472498373,1,0,0,0,0,0,73.10718240703658,0
20.16276158792232,34.378167827174664,0,71.31082976134248,0.0007080492551216463,1,17.45802007806416,0.029230105472498373,1,0,0,0,0,0,79.70696302332189,0
3.747326500486336,5.8719541742271035,0,7.600116867477193,0.0006637961766765435,0,2.183319762750087,0.027403223880467224,1,0,0,0,0,0,13.908194928703715,0
11.08944690440565,18.467247441048098,0,39.69340029155258,0.0012997656867148523,0,4.888323185936169,0.02362528837570172,1,0,0,0,0,0,43.069375966676866,0
14.648025411100882,24.82461841578721,0,81.74646036910389,0.0006637961766765435,1,7.295889882792431,0.027403223880467224,1,0,0,0,0,0,57.64371333551347,0
7.994569064558101,13.343341437598664,0,19.323250394738533,0.0005310369413412348,0,3.5584610767070766,0.021922579104373778,1,0,0,0,0,0,31.104277103870004,0
4.10368760386244,5.8196590997813775,0,12.17727870985056,0.020954815600223713,0,0.7101675613263584,0.027403223880467224,1,0,0,0,0,0,14.133800193026065,0
14.16599236016827,23.694323661922763,0,71.73669743721558,0.022860221497024068,1,2.922738040335508,0.021922579104373778,1,0,0,0,0,0,55.19966194594143,0
19.648217675675863,33.48049963762886,0,138.65687000931223,0.03603073379765331,2,7.228881414142761,0.027403223880467224,1,0,0,0,0,0,77.63752504373886,0
6.711935771711734,10.525559359298132,0,31.957467146512315,0.04372062640149436,0,3.4163777192116305,0.021922579104373778,1,0,0,0,0,0,24.910353013962148,0
4.888385211833068,7.073750546420569,0,16.40899543291217,0.0006241387965253158,0,0.5161511726332219,0.04816887520493489,1,0,0,0,0,0,17.068689877243827,0
8.861342923974451,13.286351022239852,0,40.88420185211379,0.20547476583455157,0,1.6516493601830224,0.11207481243776625,1,0,0,0,0,0,31.866027167015613,0
13.704925575141345,22.12722938048049,0,113.84652267177475,0.3163122599803796,1,3.1252648568068997,0.2524527954558509,1,0,0,0,0,0,52.028866611916584,0
15.34070627448328,25.81832304272829,0,95.10225786430821,0.0006637961766765435,1,3.4990061495297784,0.027403223880467224,1,0,0,0,0,0,60.05697665551422,0
2.5964694961186603,3.5364191474229445,0,9.84322250847469,0.00030977154911572026,0,1.077050601965579,0.012788171144218036,1,0,0,0,0,0,8.680722537808641,0
5.836477604962336,8.48192018726625,0,20.40433820944953,0.014820665801818374,0,0.5633974204740841,0.07402051509182872,1,0,0,0,0,0,20.407714755049668,0
12.897207574753454,20.718338797757678,0,101.66884557162498,0.03959914402294594,1,2.9952997566940196,0.0232154111314651,1,0,0,0,0,0,48.77102367309607,0
15.034752108763497,25.4343920905899,0,135.84809475557466,0.020617405871094424,1,3.3738036460859986,0.022643053772473595,1,0,0,0,0,0,59.08721953093213,0
9.266940374060058,15.527420478397206,0,46.51612586491718,0.015824757723640184,1,2.1893197201625805,0.034505153906682365,1,0,0,0,0,0,36.160051737741185,0
3.8247586179150064,5.356202357085006,0,13.527718840001711,0.037501673312248164,0,0.7536070287848748,0.029230105472498373,1,0,0,0,0,0,13.047143948879256,0
8.773434976786122,13.750980599806331,0,35.92805775876206,0.0513836731066724,0,1.2399237314091534,0.05699625870321027,1,0,0,0,0,0,32.55597756910655,0
11.21552771943887,18.65395516543249,0,137.56222624793784,0.04245993401425599,1,2.173529159652666,0.007127190454202531,1,0,0,0,0,0,43.521511498668225,0
14.555116034012906,23.915828357498686,0,121.28296612908233,0.031886939331914464,1,3.153319110809364,0.03624379863966826,1,0,0,0,0,0,55.97325096351617,0
9.244794439593697,15.053485197362015,0,51.62170520185218,0.014608112427432844,0,1.1904777718606345,0.021922579104373778,1,0,0,0,0,0,35.30677849266391,0
3.507470320883421,4.869536077348963,0,13.8980295887372,0.04554458515227078,0,0.545210088314027,0.08182198554227871,1,0,0,0,0,0,11.855784498555431,0
9.848317041057221,15.070699890919675,0,46.96919631635731,0.043685241455669425,0,0.5141301920889666,0.017394440723634903,1,0,0,0,0,0,35.912750618019786,0
14.819133335883901,23.96432968006235,0,160.67694791802245,0.040010035499074524,1,3.1876567299016845,0.08182198554227871,1,0,0,0,0,0,56.31587029003033,0
8.894370838887728,14.976267884984809,0,55.95116121540201,0.04525080451135925,1,2.2358053066312356,0.055987417703418293,1,0,0,0,0,0,34.83324331338089,0
3.558283790933199,4.638651085996213,0,14.042896411563913,0.0391913661785785,0,0.36358381932638567,0.0,1,0,0,0,0,0,11.411413244558876,0
8.276063485432251,12.67159909633938,0,42.50543270702137,0.0,0,0.340293921065841,0.0,1,0,0,0,0,0,30.178880537693516,0
10.875249003539338,17.342107258904807,0,128.37136325499083,0.04394359288838786,1,2.569847864971384,0.016290721038177216,1,0,0,0,0,0,40.89581372473653,0
14.125703359461069,23.046873000504007,0,131.29028050049823,0.0313530929428628,1,4.963868776912669,0.0,1,0,0,0,0,0,54.025883841684134,0
7.089899368950642,11.185507457488765,0,44.72395436686239,0.03932830299987079,1,1.9791895779254838,0.012788171144218036,1,0,0,0,0,0,26.454322106095887,0
4.365779665916633,6.196190612797923,0,19.598994991799444,0.04103569008137445,0,0.3404338949238045,0.021922579104373778,1,0,0,0,0,0,14.997644107616294,0
11.141399168480197,17.546407935065297,0,91.71809313638151,0.01340289946622776,1,1.1639102806953974,0.0635555619194616,1,0,0,0,0,0,41.516815823056476,0
8.965141850385725,14.122299007987536,0,87.17616395525215,0.04759249698938287,1,1.1569710424286972,0.07114137104122845,1,0,0,0,0,0,33.40229953323099,0
11.807118373391532,19.027854665352418,0,140.38366163531768,0.039067411198480916,1,0.9011357089062828,0.017394440723634903,1,0,0,0,0,0,44.74276797162444,0
13.686150465223132,22.287442695809663,0,155.8843796108661,0.0007617292589171048,0,3.9458032292465006,0.10492746847576438,1,0,0,0,0,0,52.27824558744419,0
15.060002304344223,25.266935629452288,0,112.12794704818242,0.034374355345844626,2,2.226688546379121,0.029494336858751732,1,0,0,0,0,0,58.82096641222751,0
5.879180840940554,9.075469359636477,0,27.85297442693891,0.03673091020160847,0,0.6374219502372704,0.034505153906682365,1,0,0,0,0,0,21.577921300666862,0
2.502670070847957,2.943571662039307,0,9.125829849011197,0.01599611559012307,0,0.1945751833768392,0.08182198554227871,1,0,0,0,0,0,7.430378351075648,0
6.239680946840729,9.278440080871675,0,27.067117165190623,0.03220246781358893,0,0.46216064409019686,0.0232154111314651,1,0,0,0,0,0,22.258256973673657,0
14.158463526243532,22.576177524219545,0,144.4624057343752,0.037121907017054215,0,1.6500800877406074,0.08758711586295656,1,0,0,0,0,0,53.245993446720476,0
9.78040070808844,15.446744032228127,0,111.92826881575826,0.022568485636739435,1,0.9441518069223748,0.030461596270957004,1,0,0,0,0,0,36.513249334008364,0
10.72697600773445,17.406396966129115,0,118.68526169523105,0.03845171901531103,1,2.1723260658333956,0.03998966087860736,1,0,0,0,0,0,40.86881171808561,0
16.307254854338993,26.641232229767336,0,137.51496904432943,0.021400803642216863,1,4.709929511955008,0.034505153906682365,1,0,0,0,0,0,62.423974516984856,0
4.756712714041138,7.202843100268271,0,25.842149832575718,0.0342462555498277,0,1.5223393769779814,0.0672250044202356,1,0,0,0,0,0,17.209955588546787,0
2.904325390846094,3.5000544036778356,0,13.866695506040184,0.03350498644003651,0,0.77927884240258,0.058481783643064625,1,0,0,0,0,0,8.705142195608639,0
8.455382167495161,12.611641403308717,0,41.87820951439071,0.023784165895718717,0,0.4835590785441025,0.034505153906682365,1,0,0,0,0,0,30.256746263827544,0
12.554038345126642,19.941298332111955,0,167.01521173055926,0.04638394146192945,1,3.1854264580761766,0.0665930000660864,1,0,0,0,0,0,47.075296113549,0
10.192443758793402,16.400357243955806,0,126.01850334329848,0.02233822281062634,0,2.4550320770294425,0.04021852692795361,1,0,0,0,0,0,38.57893405309178,0
13.979278543250688,22.596707409211913,0,159.99555592971703,0.03835812056853177,1,2.4737038511373046,0.04021852692795361,1,0,0,0,0,0,53.104983901310646,0
11.963590582913369,19.925358075651918,0,57.87474369930692,0.00030977154911572026,1,9.959309760822478,0.012788171144218036,1,0,0,0,0,0,46.47162346046299,0
1.8803094911502525,2.424577300066324,0,6.591735676812084,0.00030977154911572026,0,0.590129662506069,0.012788171144218036,1,0,0,0,0,0,6.026527581411351,0
6.318356993677444,8.384530501002669,0,26.140381728890837,0.0007799514486050703,0,0.5103498360652527,0.08182198554227871,1,0,0,0,0,0,20.67242679798244,0
8.439575189844856,13.042179005223907,0,89.07257092229878,0.0010928095622437764,1,0.3381694214851358,0.04021852692795361,1,0,0,0,0,0,31.010147078327492,0
9.747365040166443,14.543369590867059,0,131.34752288376527,0.0020200013548827347,1,0.30557225607509286,0.018129867242135583,1,0,0,0,0,0,34.89685444811539,0
12.092233796920041,19.06392516978383,0,156.6055443966455,0.0010167823942504486,1,0.4313099079711977,0.030461596270957007,1,0,0,0,0,0,45.09473937448777,0
7.665576452639445,12.42496608396332,0,65.03652976053331,0.02059859979296054,1,0.2571096806511328,0.04037289317299167,1,0,0,0,0,0,29.18468632779952,0
2.7889353366616527,3.8414357446537903,0,16.390190781743343,0.027834864609771366,0,0.40470377579962397,0.042029871906680324,1,0,0,0,0,0,9.422190074257399,0
5.511981256220578,7.436382361843505,0,25.374173792483887,0.025410300039950977,0,0.30304178767214474,0.069842007015027,1,0,0,0,0,0,18.348428983868153,0
7.5986379052597,11.445738709418967,0,115.1051543967464,0.04025027914562179,1,0.43608809497731704,0.07858151525210753,1,0,0,0,0,0,27.40134134124571,0
14.596995880887697,23.56318396434706,0,189.1347633317797,0.0012291597316864725,1,1.3949315392760875,0.07079034932483105,1,0,0,0,0,0,55.38970332649513,0
5.115118667080891,8.052962809424187,0,37.64461186082916,0.03592071202730097,0,0.7825772272283367,0.012218040778632913,1,0,0,0,0,0,19.056939619016973,0
4.947546168668306,6.290096113234395,0,22.49432045672141,0.0009962212553702712,0,0.26520628414213593,0.053938991736833725,1,0,0,0,0,0,15.664223158719693,0
9.118414141373123,13.382346956345248,0,101.77560576338641,0.0005074207985743259,1,0.8176558830957269,0.07697521099199443,1,0,0,0,0,0,32.25277169517606,0
9.636053102872538,15.39994765176195,0,124.01546175784043,0.0,1,0.14044560126884964,0.0,1,0,0,0,0,0,36.29771134132198,0
13.425051779302015,21.419060279194422,0,142.31342588015073,0.0012571718212090772,2,1.1600437097220666,0.016290721038177216,1,0,0,0,0,0,50.479900038532605,0
2.5144629361857964,3.1252130634002273,0,11.244917786252831,0.0013476275782174831,0,0.6105494169360177,0.04500979652450069,1,0,0,0,0,0,7.878357035834815,0
6.420658366282131,9.111620389568788,0,35.72148919521242,0.0028668743847715564,0,0.1508904869361105,0.07829570127030608,1,0,0,0,0,0,22.144743458752476,0
9.810726719565608,14.40498019796384,0,136.38601405802893,0.013999415999476296,1,0.26087766242382815,0.06044669024589268,1,0,0,0,0,0,34.716975949589404,0
8.70081298806975,13.171502619449603,0,165.05125048174037,0.09454589732976562,1,1.9642825345411126,0.09664328291667067,1,0,0,0,0,0,31.507391501614098,0
6.195264855713758,8.30604879807755,0,126.58632827356845,0.7422405148342808,1,3.283717776788459,0.27532721170267066,1,0,0,0,0,0,20.559702916149952,0
14.087299620374361,13.269998476275243,0,66.76260935162479,0.8041047057845927,1,5.240703136480299,0.6541250705947927,1,0,0,0,0,0,27.48234523366925,0
12.743314355014757,19.978164682401378,0,204.00324891406936,0.2448813661879637,2,0.4120299663886969,0.4808750092829854,1,0,0,0,0,0,47.31479176775309,0
11.509389862773917,17.88536009509078,0,105.10821521878088,0.037991136640469374,1,0.42772511596748486,0.029380237073600518,1,0,0,0,0,0,42.42602125584832,0
4.449800918029336,6.606040611760288,0,28.017597140903856,0.0006876363431524528,0,0.5632105526397607,0.029380237073600518,1,0,0,0,0,0,15.862098386172644,0
2.7534292524775617,3.231504383546408,0,12.112300281266828,0.021278423046336373,0,0.13571662554131478,0.02754397225650048,1,0,0,0,0,0,8.256930458573933,0
6.854571901021897,9.83408099981631,0,35.28132025112684,0.041902955983268285,0,0.006675068307950496,0.09505320935549476,1,0,0,0,0,0,23.843193511249886,0
9.21175855941628,13.441834563958581,0,113.1649127467455,0.04137450318758224,1,0.5805844844086103,0.05175117745122389,1,0,0,0,0,0,32.44897541780564,0
10.897471300988045,16.59845276367833,0,190.04393050647982,0.03015135124442926,1,0.5668977612655295,0.026618334906516494,1,0,0,0,0,0,39.62031587298695,0
11.174100149447035,17.110054729244943,0,157.04703117970303,0.0006876363431524528,1,0.6953934494073899,0.029380237073600518,1,0,0,0,0,0,40.780175342073775,0
11.524138814048882,18.28580773530748,0,156.58995326250923,0.0005157272573643396,1,0.5020852583622746,0.02203517780520039,1,0,0,0,0,0,43.181504407899624,0
12.208315129314233,19.349211605972997,0,159.9557697753796,0.0006446590717054245,1,0.8557974770474654,0.027543972256500484,1,0,0,0,0,0,45.70397349927386,0
11.221010317195812,17.850284330231467,0,100.34650223621216,0.0009645423595737257,1,0.5890543948408071,0.03137799404283991,1,0,0,0,0,0,42.09624464449336,0
2.8939782044343305,3.20483795928655,0,12.013219801382455,0.0005188543792618532,0,0.5368540640638261,0.007527010711887331,1,0,0,0,0,0,8.332307278432227,0
3.853953455622545,4.73374787775776,0,24.10941181049766,0.0008248686648893036,0,0.18721572288223975,0.04350202305110136,1,0,0,0,0,0,11.812173560389825,0
7.207047851081443,10.284046699709995,0,35.91983642653096,0.0006740482304410325,0,0.33283554098999,0.06476645756216728,1,0,0,0,0,0,24.961538438494678,0
8.318245072939794,12.297291537730695,0,108.1712269596704,0.03659622593045764,1,0.3856323979257536,0.02754397225650048,1,0,0,0,0,0,29.575803447668328,0
9.04684285944062,13.795360486175117,0,133.44030153554237,0.02127842304633637,1,0.2889800987554636,0.02754397225650048,1,0,0,0,0,0,32.916360145938356,0
13.574300313260643,21.764368173489167,0,216.55917849258623,0.00030084090012919815,1,1.5625816077439652,0.012853853719700225,1,0,0,0,0,0,51.24858610434602,0
12.14064059641819,19.450011162000262,0,172.41695034750768,0.0005157272573643396,1,0.5806889256044258,0.02203517780520039,1,0,0,0,0,0,45.815262262281294,0
12.382443610526565,19.73041659900604,0,144.12685697041704,0.0005157272573643396,1,0.7641153556022973,0.02203517780520039,1,0,0,0,0,0,46.51982092375849,0
4.1298462386864125,5.559855638517921,0,27.644973896042348,0.0,1,0.8241693905477987,0.0,1,0,0,0,0,0,13.698835873652996,0
3.7482014913451396,4.970087713614829,0,22.818943640491927,0.0006876363431524528,0,0.2633388733834378,0.029380237073600518,1,0,0,0,0,0,12.226765988299924,0
8.39990925507122,12.832899313067923,0,47.46271760194673,0.021997367037065754,0,0.69928456846299,0.029380237073600518,1,0,0,0,0,0,30.605544126386718,0
10.943462127559773,16.677381127647404,0,126.80560329009448,0.0010934640020734481,1,1.3625443633932666,0.09835157931514732,1,0,0,0,0,0,39.80189612148134,0
12.71700264042684,18.961952093687113,0,176.03919077359495,0.00030084090012919815,0,1.97630571702168,0.012853853719700225,1,0,0,0,0,0,45.42339354867285,0
11.696024231315649,19.483340116410407,0,94.46515908874468,0.018189506521084215,1,3.121148614307264,0.012621966336294987,1,0,0,0,0,0,45.43938360149285,0
4.624379124389596,5.933204159410164,0,20.721050501156274,0.02122671096920118,0,0.5999658327664542,0.012903446934663996,1,0,0,0,0,0,14.832269083026127,0
5.329530158525714,7.929310675005384,0,32.9084116522114,0.03182365655605467,0,0.48394097082403204,0.0,1,0,0,0,0,0,19.026731167557962,0
8.457837040155814,12.604057390789682,0,109.61981169771397,0.017044509458102472,1,0.8255835200697113,0.04350202305110136,1,0,0,0,0,0,30.24220844113853,0
12.477883570667888,20.006123092100932,0,200.00442635621877,0.03182365655605467,1,1.5107167360695875,0.0,1,0,0,0,0,0,47.106599651511345,0
10.762384108143737,16.976527277541425,0,102.73071873709351,0.03825582735277698,1,1.1409597166746581,0.016129308668329994,1,0,0,0,0,0,40.132843688741005,0
2.782464287866589,2.3895189250999294,0,7.874451516098167,0.0449538443353909,0,2.037342908803449,0.019955650125930834,1,0,0,0,0,0,6.520390031030921,0
7.347149798096422,10.098467084581703,0,37.37603439606293,0.2874136587667346,0,0.7366985142400413,0.052812973201899455,1,0,0,0,0,0,24.796679510524164,0
12.462827657295591,18.861263167951478,0,203.65580482574268,0.023019160962890084,0,1.0230530584646103,0.025046934145327042,1,0,0,0,0,0,45.086116311748015,0
12.326273535391232,20.19802576707669,0,145.95350292501726,0.0450720942981191,1,1.0679666169045587,0.012560172697926489,1,0,0,0,0,0,47.29723570623519,0
14.268651488505828,22.985993659994918,0,147.1866898588395,0.0008141858441745157,0,2.044212563140996,0.03028941181597281,1,0,0,0,0,0,54.04952669322114,0
7.721422253193271,11.065819166081363,0,49.41706978612775,0.03191233788943673,1,0.37616752632310935,0.055494832315404,1,0,0,0,0,0,26.830337037026894,0
4.2655068212197,6.014344759760445,0,21.694455943866455,0.0013720856162516917,0,0.2533565724550606,0.04499619553744954,1,0,0,0,0,0,14.630267606384756,0
6.17617612144375,9.18148458344526,0,28.236131791038318,0.01631229462594884,0,0.5971955684064216,0.016405027213337336,1,0,0,0,0,0,22.05972666159851,0
8.136668192820991,12.455833147498126,0,108.32100936576,0.026321873616997518,1,0.5648054477537796,0.019759158684581064,1,0,0,0,0,0,29.694950967485397,0
13.650995566902566,21.406622855099645,0,222.41129018196835,0.0014981876001431828,1,0.43645213808306105,0.04427333011604819,1,0,0,0,0,0,50.68613235478629,0
11.613163868515363,18.56698992425456,0,126.9686462383056,0.0347016409016869,1,0.551869981239023,0.019389145013584214,1,0,0,0,0,0,43.75550648848602,0
5.010221569220805,7.000043602284835,0,27.181707575311655,0.0472338066736863,0,0.21590601768959358,0.018078543953910745,1,0,0,0,0,0,17.07935972249989,0
3.5883706487543074,4.256561651113923,0,18.25746233925947,0.0227117236753358,0,0.31646009931266456,0.036078088772495215,1,0,0,0,0,0,10.762423989856543,0
7.424878960029184,11.224912232629816,0,39.460097615419755,0.020373164931624842,0,0.48039054494818845,0.022628676158087807,1,0,0,0,0,0,26.835975944558896,0
11.954423755522873,18.633915847277013,0,186.97720264687723,0.03490276394506739,0,0.40489829949108125,0.05318784376165055,1,0,0,0,0,0,44.20813941713094,0
11.44192538732986,18.092136548922177,0,174.58269890714877,0.046373675822832396,1,0.42189538959454603,0.09050352503255893,1,0,0,0,0,0,42.761126677171845,0
12.776339022792547,20.52888513363332,0,137.67422889047185,0.05156058478733401,1,1.1818207755377628,0.022903881769568566,1,0,0,0,0,0,48.314195393520635,0
7.026402068146039,10.229010324876576,0,50.43695936770382,0.029508927290966054,0,0.6744907756949655,0.02056796650906151,1,0,0,0,0,0,24.670007632901957,0
2.337337344863952,2.5551104254924644,0,11.167371937373469,0.03976668119991171,0,0.5844995932545773,0.04230338513598059,1,0,0,0,0,0,6.578187579221414,0
7.369920886445779,10.720579767534932,0,34.9026221941246,0.050060623064310195,0,0.21820301917077972,0.024918586460594368,1,0,0,0,0,0,25.901043854632803,0
9.773504737358913,14.115446691351023,0,104.03871041999192,0.030058654772054102,0,0.7499092116413202,0.07042913470766111,1,0,0,0,0,0,34.17527188674677,0
11.657637564691495,17.38730731447607,0,115.25108536185088,0.0005622450300583067,1,0.35669092710974837,0.0629334925676429,1,0,0,0,0,0,41.7227272451186,0
9.416692228631716,14.24043545435209,0,127.89289279438731,0.03240824938943883,0,0.6026423504792319,0.0520108701691383,1,0,0,0,0,0,34.05069773672913,0
9.70308595668165,14.781511897970026,0,138.19842040507544,0.018050337099932597,0,1.0398580372681407,0.044646105819005404,1,0,0,0,0,0,35.26089368860365,0
11.517622377983658,18.169381997941922,0,149.10993802400696,0.019031343749445862,0,0.8555638101081768,0.0629334925676429,1,0,0,0,0,0,42.97199058306744,0
12.195748006339498,18.976809830365625,0,166.1970015316145,0.04226088877525129,1,0.6252597203355827,0.03629136665099113,1,0,0,0,0,0,45.03193494982625,0
14.546663611834212,22.81490145553732,0,165.82788137060103,0.024230795269418154,0,1.1104419632978,0.044646105819005404,1,0,0,0,0,0,53.998929010762254,0
9.896642742540857,15.427965375286087,0,85.49970038568298,0.04123168863632987,0,0.9918383179868868,0.015379713012503751,1,0,0,0,0,0,36.57715739776895,0
1.7687983422163,1.7418542041662906,0,7.393263244064649,0.000804605955342602,0,0.5456769094783626,0.04468643245110648,1,0,0,0,0,0,4.6603793740016854,0
4.90168934172725,6.558732700968859,0,22.908525959324272,0.020748549385715312,0,0.28192593556883105,0.04230338513598059,1,0,0,0,0,0,16.073091214753163,0
7.611343968847933,11.635211545438855,0,42.55908308016828,0.00024756108037251884,0,0.12039562212622684,0.05778956747437932,1,0,0,0,0,0,27.7374600847471,0
9.509569522623663,14.612221329004413,0,122.62714472751342,0.021299384222786277,0,0.5340916426290055,0.041173228001934015,1,0,0,0,0,0,34.801330407069,0
10.195832190854038,16.009766424494693,0,156.84979820900014,0.019217671843565393,0,0.5120111985260372,0.012721388309135401,1,0,0,0,0,0,37.90109783000891,0
12.455672293222891,19.436540146064864,0,191.94457888180455,0.018861879315087638,1,0.12309487082483143,0.04094570545010673,1,0,0,0,0,0,46.09473993696743,0
15.115499957355206,24.042873289263177,0,156.14437878645228,0.03606910094186991,1,0.7876153514959779,0.016181422846887294,1,0,0,0,0,0,56.72189248172863,0
3.4086589696820635,4.475921993456783,0,18.50260690656738,0.04294971827272591,0,0.23999690215082503,0.04094570545010673,1,0,0,0,0,0,11.100944268392052,0
5.933144893926513,8.1679454224562,0,30.425116415520176,0.038879797722564294,0,0.42848894935031856,0.021423827085581167,1,0,0,0,0,0,19.900866215705527,0
11.158940159498432,17.541236260378913,0,137.5527767865899,0.01956129049900937,0,0.21773742054602274,0.0446461058190054,1,0,0,0,0,0,41.51848127617694,0
8.83150754626942,14.023756047120429,0,159.73612943293674,0.042228720506524445,1,0.2528292919765345,0.007177199405835086,1,0,0,0,0,0,33.10604034610559,0
10.906398391073093,16.55059195461025,0,96.0034201486901,0.03204992445842343,0,0.4735149874212611,0.018078543953910745,1,0,0,0,0,0,39.494386396689904,0
3.454165241198894,4.242496459135956,0,13.938693888174658,0.03585742949669683,0,0.2980458363718332,0.007177199405835086,1,0,0,0,0,0,10.69655924831088,0
9.02901196922053,13.199942315468128,0,57.547121311864835,0.03879566039504949,0,0.46614904982429867,0.03602249748615268,1,0,0,0,0,0,31.832017996301715,0
11.416752313568873,17.882029347569606,0,190.2793613250725,0.031486569225761374,0,0.2634543297690262,0.0,1,0,0,0,0,0,42.36755785503363,0
11.455799089342205,17.356645908528538,0,99.91707483438343,0.037518843296606465,1,0.43014019299963585,0.019389145013584214,1,0,0,0,0,0,41.45040524653094,0
3.5490586223223035,4.750810299282573,0,21.382119293632392,0.037778833103150826,0,0.344200790285602,0.026779783856976457,1,0,0,0,0,0,11.737556354989604,0
5.7190031887405475,8.333149202148165,0,33.88593792008564,0.019217671843565397,0,0.34169676669798554,0.012721388309135401,1,0,0,0,0,0,20.12215174249755,0
13.013098640996578,20.575486757906067,0,209.23436599814758,0.023239363522906217,1,0.18204291456129992,0.04135025098067609,1,0,0,0,0,0,48.61135697676126,0
9.177739566316754,14.151364385325325,0,76.63286027553863,0.01901155431914069,0,0.42495040430650355,0.02318916862840845,1,0,0,0,0,0,33.638635780445476,0
4.045679068238692,5.33402154902852,0,21.515780718899553,0.0270605135168931,0,0.5048634014602946,0.04139280614298606,1,0,0,0,0,0,13.211594009961782,0
11.463775206215132,17.45381991028132,0,147.41271783618043,0.019186874690363575,1,0.288925399199523,0.023494163645846135,1,0,0,0,0,0,41.659704559661606,0
12.590883317959438,19.858517742403798,0,151.72997464646426,0.018154481921758073,1,0.1814786522786681,0.045008421932854245,1,0,0,0,0,0,46.96487184921341,0
6.485163133078521,9.454270397496087,0,50.997752497044054,0.023748091606640678,0,0.430778064576806,0.04137648874210845,1,0,0,0,0,0,22.83114419263415,0
4.952839498127663,6.801979993217547,0,27.88188804905923,0.02486805159432576,0,0.39052543073757806,0.06733276633865387,1,0,0,0,0,0,16.667047851396557,0
9.189933574774837,13.330641752418817,0,116.6443552390968,0.018154481921758073,0,0.32599683914401933,0.045008421932854245,1,0,0,0,0,0,32.232135886333936,0
12.94274353699624,20.58863437374949,0,210.15549416773064,0.046688355517395676,0,0.2507721067700246,0.048087759426711854,1,0,0,0,0,0,48.58745352836717,0
14.208215294862413,22.430209895452634,0,139.3234301598843,0.03620181528365774,1,1.0276036493536256,0.03444547053630185,1,0,0,0,0,0,53.01769478486512,0
3.1292930322867187,3.411039641211609,0,13.39815828940312,0.0005622113752955445,0,0.020426051964447578,0.06322193694725109,1,0,0,0,0,0,8.914593156090067,0
5.964358198132938,8.505887328256614,0,31.874272157332275,0.043368348770103565,0,0.3471218159737792,0.041376488742108454,1,0,0,0,0,0,20.573467164259238,0
8.5938418805982,12.649186566886652,0,110.64651125231252,0.023748091606640678,1,0.17116987008357298,0.041376488742108454,1,0,0,0,0,0,30.46851556391865,0
11.568453179870865,17.13284081772075,0,170.37893919162423,0.020739658854450713,1,0.2279609318664658,0.03989549349251737,1,0,0,0,0,0,41.192672516151205,0
14.788437721738315,23.197605375736924,0,162.67995460520947,0.0008242919753847194,1,1.0218946617312246,0.06733276633865387,1,0,0,0,0,0,54.87373042038471,0
3.20511356539949,4.127089330639765,0,17.939725802044748,0.035246290379741085,0,0.16178531324932044,0.053568337915439815,1,0,0,0,0,0,10.314364211336438,0
5.912535138300344,8.119306629934332,0,30.35520348288519,0.0014934004497644308,0,0.1992539846143619,0.019832257703543767,1,0,0,0,0,0,19.828204571826767,0
11.37822723612376,16.98988578025319,0,135.0055862961918,0.023882295577249166,1,0.3876791671232893,0.023494163645846135,1,0,0,0,0,0,40.765677625917654,0
9.61420722172888,14.188835886701924,0,130.5032073322349,0.04027570164021232,0,0.18844983639312238,0.048087759426711854,1,0,0,0,0,0,34.14499497333868,0
13.032932324256475,20.473682924031333,0,157.98224666036964,0.03695340694801463,1,0.44028764860654246,0.01824421808854109,1,0,0,0,0,0,48.43764120659144,0
8.839002530965974,13.553604654388229,0,63.92836078247359,0.0012628005215689112,1,0.4140249252647533,0.0008046550792781258,1,0,0,0,0,0,32.27354460807613,0
3.5986812531976673,3.9743935781371182,0,16.05155052397602,0.0421759035552622,0,0.3503475820079766,0.023553074501105692,1,0,0,0,0,0,10.257704862029055,0
7.41088865652931,10.722680589429514,0,47.72265061018368,0.046009311129103794,0,0.5120954342516316,0.047175012170613866,1,0,0,0,0,0,25.934661372414148,0
12.856439985385602,19.203641024561872,0,191.3497759835624,0.0013371647278464913,1,0.4194076419940058,0.0126119215406691,1,0,0,0,0,0,46.05705610009778,0
12.468523109996775,20.03566113404836,0,159.9563681618423,0.03695945688124326,0,0.36229469374161843,0.029077458992309492,1,0,0,0,0,0,47.15704534297847,0
14.030341414358169,21.926493074752035,0,177.0089085333418,0.025519757222533287,1,0.29278437215269465,0.05594441887399709,1,0,0,0,0,0,51.97358336131593,0
8.928260608874727,13.440330349718801,0,75.42623357877861,0.016979302121204833,0,0.64699488248754,0.014481658820453935,1,0,0,0,0,0,32.16482801826115,0
2.6810269142688243,2.6012188860847343,0,15.037620092670792,0.017078163915067265,0,0.2726482305856398,0.023205826055207913,1,0,0,0,0,0,7.034714477491166,0
8.005073256752578,11.81293728264216,0,52.26549861388017,0.02193934474385977,0,0.22690650092641407,0.02726011780529015,1,0,0,0,0,0,28.412909619651728,0
9.955980709811383,14.816641190219704,0,138.12721983127463,0.032146863640415586,0,0.490043682000564,0.029077458992309492,1,0,0,0,0,0,35.58048622125018,0
11.415704705183092,17.576211841688934,0,172.37414564341088,0.00048751516891321707,1,0.520738230835353,0.02726011780529015,1,0,0,0,0,0,41.82864657944576,0
13.014684857777594,20.265893254943936,0,122.18876852107866,0.0007412543680033781,0,0.7807009167523616,0.053568337915439815,1,0,0,0,0,0,48.05907297026432,0
3.942062192802005,5.6655864906855,0,23.843267501187785,0.0005480103064053111,0,0.4362386196961856,0.022628676158087807,1,0,0,0,0,0,13.712514601086994,0
6.072879836264876,8.40835082862702,0,33.055094491858355,0.01637635379927447,0,0.2174474740226311,0.04503221842670442,1,0,0,0,0,0,20.493949637052637,0
10.865651007428033,16.593947532281824,0,150.79508781277727,0.00048751516891321707,0,0.4453076577073187,0.02726011780529015,1,0,0,0,0,0,39.5566186728898,0
10.247556812802861,15.686055052410651,0,143.9589298282148,0.044387974216467604,1,0.23241636533608112,0.047175012170613866,1,0,0,0,0,0,37.38565257743794,0
10.168777806957465,15.223798781325637,0,84.78799979794093,0.0006985676144898019,0,1.2583677277771512,0.012303770410003002,1,0,0,0,0,0,36.440842483970584,0
3.3094864222974736,3.752969101434834,0,14.580708726621491,0.028210575681419933,0,0.2302090919256228,0.03444547053630185,1,0,0,0,0,0,9.714452481550566,0
7.245141677452986,10.378395180621293,0,36.675030339523396,0.04724225205244778,0,0.5526381769081019,0.029077458992309492,1,0,0,0,0,0,25.155005668755564,0
8.429096874901866,12.660895705453463,0,134.8350341289218,0.04201766725053557,0,0.4349782328234474,0.0426275825404772,1,0,0,0,0,0,30.33172107901782,0
11.883025303225722,18.643935449627243,0,209.2363374789188,0.017040929017108318,1,0.3171139482745885,0.03444547053630185,1,0,0,0,0,0,44.15044982937482,0
10.871505459252344,16.876083548736336,0,109.19361950278969,0.0008732095181122523,1,0.5017725563256192,0.015379713012503751,1,0,0,0,0,0,40.05411093285241,0
5.6795061234289275,4.774742036834078,0,19.12421233800292,0.018367165381694136,0,0.5652519428980298,0.0,1,0,0,0,0,0,12.051416869627056,0
11.049834232680956,17.19417872955164,0,33.424336414381784,0.00048751516891321707,0,8.492822811985492,0.02726011780529015,1,0,0,0,0,0,40.794810546926676,0
20.560209161997683,26.335724116952658,0,51.569892513129275,0.03410478563525836,1,26.524541873759688,0.03174910216807956,1,0,0,0,0,0,65.50923793620086,0
7.735693368566966,13.071980753744633,0,14.750804850854449,0.03674054168620379,0,6.8712050932672035,0.023494163645846135,1,0,0,0,0,0,30.37666455179764,0
4.634704662397877,6.686984087241524,0,15.778112319902263,0.0012342514049970281,0,1.354143232008763,0.02617542309822777,1,0,0,0,0,0,16.200058086739595,0
54.45793548552521,62.1147284448267,5,107.19677891143071,1.6628605292686895,0,4.565349815337806,2.6357521213135264,1,0,0,0,0,9,16.888985122769974,3
8562.673292924383,14731.171911129955,0,36.17519565754106,10.372686272176882,1,11.597179327476955,2.2307469591869395,1,0,0,0,0,5,34077.77502068796,5
13.949284817986362,12.996537607877816,0,0.1477526049689426,0.051920860140577646,0,0.1229711854771106,0.017825596041170125,1,0,0,0,0,0,29.900298413167494,2
8684.641853895308,15034.581720735447,0,24.577050202979763,0.2419121408563909,0,4.200006305775138,0.09990540613045776,1,0,0,0,0,0,34725.300964113034,0
5.791629292113075,8.651310646701557,0,11.119084069541838,0.0009786378001004291,0,0.37808476739191454,0.03776233646819197,1,0,0,0,0,0,20.7277541181978,0
7.4846587486527945,12.20402946198513,0,12.206351074490623,0.0011051757144923385,0,0.7020512071532959,0.016762377285071933,1,0,0,0,0,0,28.61510543755916,0
6.046345930440638,9.86713823154475,0,9.652614978455002,0.0018937592834549944,0,1.0862485312799806,0.017507419688407144,1,0,0,0,0,0,23.136221797521987,0
5.702749532748336,8.855784380981426,0,8.305538059634987,0.002224686945291713,0,0.714158946952086,0.02077247959958233,1,0,0,0,0,0,21.02153215919306,0
6.33071816630211,10.451547660012267,0,8.835111078863976,0.0010192938901635168,0,0.348722443094579,0.03438280776142689,1,0,0,0,0,0,24.431611234299375,0
5.820021514859269,9.4200167685394,0,12.273805462344374,0.0017103459447168554,0,0.41731404879875766,0.01902806224144684,1,0,0,0,0,0,22.13502541435775,0
6.391146817368366,9.729032513326889,0,11.36458388984523,0.0016713103221190303,0,0.2913804925167961,0.03559680366815734,1,0,0,0,0,0,23.215105763531422,0
6.615825541902533,10.53859665855334,0,9.873164033474644,0.002289954187773376,0,1.1147499190982069,0.01919333665334961,1,0,0,0,0,0,24.86719064595369,0
6.627406312100247,10.961387583926289,0,10.201262362089567,0.00167131032211903,0,1.8312659384300978,0.035596803668157345,1,0,0,0,0,0,25.612864858790633,0
5.574892467156891,8.739948769985029,0,7.664840924089965,0.0189456474928421,0,0.8412532121169058,0.01845340763385255,1,0,0,0,0,0,20.698748155962,0
7.350427326179001,12.030531224126294,0,14.53157875404506,0.0013753816957475648,0,1.849653178998067,0.039680984493296524,1,0,0,0,0,0,28.186417988347593,0
7.098175591324029,11.242029833659192,0,15.042545944803255,0.0018937592834549941,0,0.8489942307934628,0.017507419688407144,1,0,0,0,0,0,26.557165743971893,0
7.412856131079123,12.104312688959949,0,8.880673740236764,0.0008288817858692537,0,0.7733706415001456,0.01257178296380395,1,0,0,0,0,0,28.375126087757415,0
6.39007350564579,9.343117688679827,0,15.517910107746333,0.0017103459447168554,0,0.9469867160601534,0.01902806224144684,1,0,0,0,0,0,22.535647517750053,0
7.1059277111450125,11.542374729530328,0,13.884790422274696,0.000483514375090398,0,0.3324087952682919,0.007333540062218971,1,0,0,0,0,0,27.092764838535782,0
6.136843195870874,9.743662239453162,0,13.357824861742412,0.012438260171270922,0,0.7640138389633016,0.01257178296380395,1,0,0,0,0,0,23.008350565966197,0
7.104157404019416,11.437526980302463,0,11.824392813396713,0.00092907837430595,0,0.2968689172938529,0.01578345586562426,1,0,0,0,0,0,26.90888781181183,0
6.430795761046003,10.273545400252523,0,10.675538204952991,0.00033122414263318404,0,0.7453901115936602,0.011018206936761988,1,0,0,0,0,0,24.218123377691768,0
6.147117056507119,9.486302159268499,0,12.525594829074935,0.0010361022323365672,0,0.71450725348653,0.015714728704754936,1,0,0,0,0,0,22.55834238434072,0
7.816989007088537,12.572502091250461,0,13.187194810810809,0.01892906627954188,0,1.3703442724077473,0.03799399461384337,1,0,0,0,0,0,29.58822494567636,0
7.4289948433430375,12.260029420628104,0,8.5628687919649,0.01128468311657049,0,0.8354403170484759,0.0505365997959628,1,0,0,0,0,0,28.662565348621293,0
4.359205553303493,6.640548958876738,0,5.382985125646597,0.03363181872047248,0,0.268846682831461,0.061749910327358444,1,0,0,0,0,0,15.84811072203252,0
5.54696355955662,8.867185857450497,0,10.01499187293648,0.0392428857426018,0,1.3658475420271203,0.025184472998313116,1,0,0,0,0,0,20.901067052306786,0
6.469804048601616,10.663448034030369,0,11.745219021594961,0.03561031877761694,0,0.23645933285665946,0.015714728704754936,1,0,0,0,0,0,24.93726184458385,0
7.313611959974584,11.321034793078143,0,17.25786062315074,0.054302495468297976,0,0.5644641076294543,0.04388739621508454,1,0,0,0,0,0,26.913310602947213,0
6.1493707284404415,7.487955234703817,0,5.614810497139865,0.026557597652565344,0,1.629494942607155,0.009516876082364423,1,0,0,0,0,0,18.939761224718865,0
6.2926080511146605,9.819087440274826,0,11.105419298252519,0.000881622366184235,0,0.3996216390697279,0.03131359323131773,1,0,0,0,0,0,23.2804658013128,0
3.561273035779964,5.709946665432775,0,5.007157630974671,0.0014989941404980169,0,0.6391033340352209,0.0185630597342753,1,0,0,0,0,0,13.449990493728984,0
6.091518585605212,9.480829886333774,0,8.510888796804585,0.0003507742900052621,0,0.45990048514077597,0.011018206936761988,1,0,0,0,0,0,22.500637562605853,0
6.264960617390847,9.841924095386759,0,9.618368613012112,0.0003520281497012517,0,0.4924023304923521,0.011219862905149246,1,0,0,0,0,0,23.289971925521087,0
6.0952303443594555,9.698245050978205,0,8.904952054238553,0.0006013273542947349,0,0.48558582781044146,0.018888354748734838,1,0,0,0,0,0,22.885908601622305,0
6.666487532168123,10.767315041385473,0,8.415022844988245,0.021346655100232197,0,0.4738165807507093,0.018888354748734838,1,0,0,0,0,0,25.30962022363294,0
5.55849644743933,9.0011942873117,0,11.507960529972687,0.0008017698057263133,0,0.36042767379212,0.025184472998313116,1,0,0,0,0,0,21.144318277090306,0
5.320047263935645,8.69003140340521,0,8.689081006656327,0.013191125101443664,0,0.4534031338579695,0.018888354748734838,1,0,0,0,0,0,20.368472490989337,0
6.25685165538067,10.333355739753651,0,9.538132171584351,0.0006013273542947349,0,0.2368750682636515,0.018888354748734838,1,0,0,0,0,0,24.151929643432535,0
5.384438469145826,8.31217870363708,0,8.290979175242532,0.0013555949825864112,0,1.0137241156323424,0.02108531254424042,1,0,0,0,0,0,19.774253754102617,0
5.553693753973654,8.322456295543502,0,6.764306523912132,0.0017982218066442336,0,1.130270292297912,0.02224484852710531,1,0,0,0,0,0,19.925111567211722,0
6.378241484788152,10.417677313633156,0,7.944725923374005,0.019428171315255403,0,1.0603627344018816,0.023610443435918546,1,0,0,0,0,0,24.418106116298247,0
6.437092341708268,10.184389057736663,0,7.284295582548067,0.0007537575820253212,0,0.4739421396596441,0.020880980061756094,1,0,0,0,0,0,24.069258709000714,0
6.310693157131186,9.75716127152123,0,7.876639436375919,0.0007516591928684187,0,0.281931138334933,0.023610443435918543,1,0,0,0,0,0,23.19891481450614,0
5.492796639327484,8.81531848765436,0,6.523068594158777,0.0006638893643662417,0,0.26773157764262945,0.043723077991267824,1,0,0,0,0,0,20.75141741638225,0
12074.984089177404,20855.247867638165,1,28.15211174108314,0.05319046347727875,0,1.825352467453977,0.024236092346849022,1,0,0,0,0,2,48197.31559152207,4
7866.201344254574,13508.524094054192,9,4.466948473193103,0.47291473444831744,1,17.42274594596934,0.09473962361214505,1,0,0,0,0,9,31263.39211584798,2
30.391116787348132,23.94078454131068,3,156.79126800230495,0.2618735432470244,9,22.580269136736252,0.10682648744113776,1,0,0,0,0,3,55.4083999523696,1
18.87799955115335,24.48775968776373,0,71.29499532735824,0.0006453054654186597,1,11.07908854325457,0.07643069526537491,1,0,0,0,0,0,60.839114519486905,0
15.504120373743634,24.730403932318946,0,84.23816467183761,0.00027694678797003707,2,4.561998054938925,0.011424718818246452,1,0,0,0,0,0,58.27949423623677,0
3.3260736068897603,5.052802179945714,0,13.41803311139956,0.00027694678797003707,0,1.3620094900320123,0.011424718818246452,1,0,0,0,0,0,12.067027618219917,0
5.801455107979792,6.040517643727175,0,14.246925033550696,0.00027780738640129803,0,0.9509728427448537,0.011632784132275168,1,0,0,0,0,0,15.859333016809027,0
8.479356895351746,10.757694566718891,0,35.71754316585661,0.0011090055536585233,1,0.5453697077181718,0.021929954024984023,1,0,0,0,0,0,26.955794024341635,0
10.886371245213107,16.469069509674718,0,119.22180312030432,0.00027780738640129803,1,1.1025806827373765,0.011632784132275168,1,0,0,0,0,0,39.335777264257274,0
19.973214749736503,15.86896891821057,0,86.9944937613885,0.04529787013608559,2,3.2301725400423305,0.019941915655328858,1,0,0,0,0,0,44.103969413125235,1
10.208412286912193,11.993640123829469,0,82.26673854761164,0.000634004675348669,1,1.289954081957204,0.026351297831371127,1,0,0,0,0,0,30.428279305963656,0
2.9571770745027384,3.9348397172470397,0,16.032737680232806,0.00047624123383079665,0,0.5463886001285267,0.019941915655328858,1,0,0,0,0,0,9.673830048657436,0
6.007660283990516,8.982838566363839,0,34.97105533681605,0.016552063112544365,1,0.7139206580756268,0.019941915655328858,1,0,0,0,0,0,21.484203081547754,0
10.850443410482212,16.164537048805304,1,135.1387643733994,0.0011090055536585233,2,0.7509655649963995,0.021929954024984027,1,0,0,0,0,0,38.735825312177184,0
9.492045858935123,15.448655267267219,0,98.32160168625302,0.017427704470942575,1,0.6126250274130676,0.0,1,0,0,0,0,0,36.243049815707096,0
4.236710830810216,4.324159994971595,0,21.5162191427902,0.00027694678797003707,1,0.32972029993147356,0.011424718818246452,1,0,0,0,0,0,11.18125186501026,0
4.729490656053713,5.591232920095384,0,21.458068844392137,0.000634004675348669,0,0.15543052716543515,0.026351297831371127,1,0,0,0,0,0,13.841049845704669,0
5.882375211077299,6.409015145077358,0,27.380483224584793,0.002866140256988029,1,1.3575318298887602,0.060889648292715357,1,0,0,0,0,0,16.37462438499103,0
11.951183605155256,19.123119938663454,0,171.48558390883636,0.0011446509898225894,3,0.440491987552609,0.04248786901732304,1,0,0,0,0,0,45.06380255109461,0
10.486635709131724,17.586544058319753,0,142.04020206042995,0.00043428276894517324,2,0.6379543686736585,0.007227711412231427,1,0,0,0,0,0,40.94608427482871,0
6.505994756348698,10.91914014296762,0,57.94827398332202,0.0,1,0.3345987100042249,0.0,1,0,0,0,0,0,25.416690764145613,0
2.0277421225138568,2.254669233814135,0,10.137821407303504,1.9770815325085768e-05,0,0.5470977683670615,0.03710984009726813,1,0,0,0,0,0,5.699190663561356,0
4.881605573798426,7.378319771527445,0,27.13146077194324,0.00027557578131306743,0,0.28100659800312566,0.05441756445378986,1,0,0,0,0,0,17.610313900829002,0
7.586605951963556,12.114376512767619,0,96.14005109537133,0.0,2,0.40483357858949975,0.0,1,0,0,0,0,0,28.54557171115083,0
7.6551879946849954,12.408176726932608,0,130.29907730996712,0.0005383613393264888,1,0.6142941834272491,0.045179087651109104,1,0,0,0,0,0,29.133540250902534,0
11.360594413128208,18.53890385112547,1,161.71617750979465,0.00047624123383079665,3,0.3457671170189043,0.019941915655328858,1,0,0,0,0,0,43.46046950961512,0
4.751122116692382,7.4613462655663065,0,41.903694991119266,0.00027694678797003707,1,0.4852690436640032,0.011424718818246452,1,0,0,0,0,0,17.667407733773892,0
1.9393799314114875,2.128158886529071,0,9.074521638040851,0.016980529450135957,0,0.16002620698026768,0.011632784132275168,1,0,0,0,0,0,5.393246208916445,0
4.245005873796882,6.304798654477453,0,30.16740916359418,0.00047624123383079665,0,0.24850741722867425,0.019941915655328858,1,0,0,0,0,0,15.111578289767316,0
6.68293423480122,10.01478708330923,0,96.83094506124111,0.00027780738640129803,1,0.11319029765036495,0.011632784132275168,1,0,0,0,0,0,23.983013780615803,0
9.473818085964654,15.631602145063313,0,175.23927630974853,0.00027780738640129803,2,0.23331656887545102,0.011632784132275168,1,0,0,0,0,0,36.54441774612588,0
7.9543606666307305,12.797661162786575,0,88.22222228799129,0.00027780738640129803,2,0.6952137629451234,0.011632784132275168,1,0,0,0,0,0,30.111623069625004,0
3.134572977901332,4.629612821842548,0,20.791625143760495,0.00043428276894517324,1,0.3339141766711544,0.007227711412231427,1,0,0,0,0,0,11.132736258745787,0
3.521809101456788,4.696222529405344,0,19.02951456055876,0.0,0,0.3886884919963598,0.0,1,0,0,0,0,0,11.495884991434192,0
5.197950261587683,8.174274578019094,0,36.304937988953746,0.00047624123383079665,1,0.18918450074142484,0.019941915655328858,1,0,0,0,0,0,19.32852145021873,0
7.012180887997588,11.287562275515963,0,117.19975188860039,0.000318752846811687,1,0.43264700975504755,0.042806290178799354,1,0,0,0,0,0,26.55131370153601,0
11.211454371537783,18.749052967047206,1,161.8052539595769,0.0007108748092288996,3,0.33220216336174646,0.03200554659245973,1,0,0,0,0,0,43.68311325270106,0
2.888564504388698,4.214086607969986,0,20.52216464805328,0.017470714688788545,1,0.3372914042611498,0.03727471090277661,1,0,0,0,0,0,10.177080059117483,0
3.6995256862703245,3.2922055879270435,0,18.074241627683637,31.190506893798602,0,0.4891387867792588,69.667965111072,1,0,0,0,0,0,8.879737584949522,0
5.510424713183184,7.020432290359691,0,28.188457601212498,1.171448219569296,0,0.23025967950817905,4.6298128608204525,1,0,0,0,0,0,17.578838927535056,0
8664.314187069558,15004.527256326619,2,24.679458797531368,30.389822257237366,1,5.299764169596464,57.4647087370629,1,0,0,0,0,0,34652.91769183936,0
16.441044555723963,24.214654777584524,0,0.4031144261768654,3.6973031651255424,2,0.002573614373474841,7.261038304137253,1,0,0,0,0,0,58.29728753645413,0
15.328149923092807,24.313109056187535,0,0.6902115174129686,0.0658157960619897,4,0.015972324936870057,0.10709296979919514,1,0,0,0,0,0,57.421723444110505,0
16.05821631165852,25.835557911461642,0,0.7376817172627674,0.0009055068408465479,4,0.006709718852212703,0.017446753450353212,1,0,0,0,0,0,60.79400927160566,0
22.12386254862569,36.2437638076605,0,0.8244976370922663,0.037188196859403735,3,0.007475249768552189,0.039305318581634684,1,0,0,0,0,0,84.8835266501061,0
17.016014880082885,27.944677084430747,0,0.8682036563177014,0.014669282471344873,5,0.004105634541869544,0.016356331359706135,1,0,0,0,0,0,65.41035278915504,0
18.807663291037954,29.843199321445095,0,0.8144988330658285,0.03202116893165321,4,0.003493608148910362,0.03930531858163468,1,0,0,0,0,0,70.46754490699603,0
24.87823431202109,40.81764657099162,0,1.1102345376561822,0.02502857431376348,3,0.007611264016322552,0.017446753450353212,1,0,0,0,0,0,95.56593012934314,0
21.086040829846024,34.13643546648414,0,0.8901637624243997,0.01867486475587847,4,0.006780585745488648,0.039957177451424505,1,0,0,0,0,0,80.19363418854475,0
21.11368946393139,32.63916184351955,0,0.8010056605094851,0.015480135302348713,4,0.003711613518026198,0.017446753450353212,1,0,0,0,0,0,77.57084575629528,0
24.074923495883517,40.20093228503437,0,0.9808377801251168,0.04804573212100603,3,0.00589512347043539,0.05263801020210626,1,0,0,0,0,0,93.6982287107555,0
23.174791859376885,38.311526992708906,0,0.8720720843829788,0.03029595682607477,3,0.0027502558323055015,0.018004877394230456,1,0,0,0,0,0,89.52297005688806,0
21.231688296344785,35.29091014665048,0,0.8281724971823857,0.032339612315217744,4,0.004510173582855913,0.016356331359706135,1,0,0,0,0,0,82.35166579775202,0
25.525890870524385,41.06971832361686,0,0.8392140947583071,0.041602428107612575,3,0.0034635310278752413,0.05223641928037835,1,0,0,0,0,0,96.6071528404323,0
20.710654907312513,33.67070128277655,0,0.771438602801642,0.033849999085584795,3,0.0036177992899868393,0.01308506508776491,1,0,0,0,0,0,79.00979547520583,0
19.665656614594024,32.617116264110386,0,0.6818433335603066,0.01599412382511556,3,0.004711803862858365,0.039305318581634684,1,0,0,0,0,0,76.15198424959047,0
23.450762104051357,37.15354076307822,0,0.6950238654870895,0.035402851174704736,3,0.0038161935154590494,0.0353402518699592,1,0,0,0,0,0,87.72948861828692,0
18.50745114517609,30.454348154892248,0,0.6791445392351683,0.0486109767546233,3,0.006278524803560982,0.06469434694114247,1,0,0,0,0,0,71.24775108386066,0
16.717982208239093,27.08120354838575,0,0.5518375242762995,0.0428399500758499,3,0.003093568386014657,0.04059904643889689,1,0,0,0,0,0,63.61185374561643,0
17.71546736523828,29.375322287910585,0,0.5174632002565284,0.04129658268961714,4,0.0037806910927113743,0.014289573655694577,1,0,0,0,0,0,68.59140545438774,0
19.52975919828625,30.58331752189254,0,0.7049483427706752,0.04425069172246791,3,0.0012414774392798481,0.029439588313549127,1,0,0,0,0,0,72.42077190960521,0
17.225161306998636,28.10150316589125,0,0.6051697308699201,0.039731201685366785,3,0.0021058308026598205,0.01308506508776491,1,0,0,0,0,0,65.87924473119394,0
19.798518484173396,32.137574078740656,0,0.511958259379089,0.03198300949165166,3,0.002321257432261652,0.00763295463452953,1,0,0,0,0,0,75.44514064636243,0
16.64723093796148,27.490518024626205,0,0.6714165919045105,0.038047659524268716,4,0.003939633333982976,0.04061728824964157,1,0,0,0,0,0,64.25484614879771,0
16.683840427089073,27.438382124725265,0,0.6354640508412983,0.03630413587557474,2,0.005776171686533873,0.0213580805758449,1,0,0,0,0,0,64.20211477048004,0
27.448621434419874,46.03539211067319,0,0.6558081901955828,0.0005372617709049668,2,0.4710452318502334,0.0213580805758449,1,0,0,0,0,0,107.17346918753103,0
82.31826326650727,140.02701847394684,0,0.5618565811182925,0.045365527483354054,3,4.146793833544008,0.036453431407930996,1,0,0,0,0,0,324.8393110547042,0
61.54166492920665,94.59923789358672,0,0.8939832187823922,0.016159882346166148,1,2.814772325033149,0.06300699027740775,1,0,0,0,0,1,224.73635702100322,0
45.34626449455309,74.93309874146952,0,0.4449293544683861,0.015994546810635533,0,1.249344913698358,0.06285237401383242,1,0,0,0,0,0,175.07579529525344,0
22.932197422746036,37.933556979744175,0,0.23030191752361806,0.047753246314249535,0,0.6710803944840558,0.024133534948189674,1,0,0,0,0,0,88.60390739683848,0
24.846387246784086,42.228791950897744,0,0.25871245534677545,0.0338062751632087,0,0.6157079643123318,0.011262316309155182,1,0,0,0,0,0,97.98376310045195,0
27.499706258510738,45.93839158637837,0,0.31933107884595835,0.039794789404407026,0,0.6823056871795541,0.0,1,0,0,0,0,0,107.04265405624533,0
29.720787251685646,49.686473652351026,0,0.2996666309840564,0.042329865110498174,0,0.5381727179034563,0.059711535934937776,1,0,0,0,0,0,115.75901749378954,0
32.19110091107147,54.68194047889388,0,0.3827753633561296,0.0006791301306349109,1,0.5767085103779985,0.01308506508776491,1,0,0,0,0,0,126.89994173070023,0
32.67617640281652,54.97378558759657,0,0.4075325182894435,0.021113857841675167,1,0.6183571715510738,0.03556583428545604,1,0,0,0,0,0,127.88275038878542,0
40.97195720468645,69.80955173742561,0,0.4629486505491161,0.026875007968421606,1,0.7939230348798747,0.01889295232741976,1,0,0,0,0,0,161.8846088563398,0
42.37627165539518,72.31877466394454,0,0.4796644159606979,0.041344301454254245,2,0.7430002273404237,0.05971153593493777,1,0,0,0,0,0,167.6346702056697,0
32.813465432437404,55.624040142142,0,0.4093263605855355,0.02493849038970534,1,0.5932746624632786,0.03864182568627316,1,0,0,0,0,0,129.15544175448264,0
42.59877129948928,72.11710990411505,0,0.49376754522240307,0.037203982791678,2,0.7314466382689346,0.03864182568627316,1,0,0,0,0,0,167.50665044448422,0
34.03475472645093,57.13150820833535,0,0.633821925269393,0.04127433257249595,3,0.6129328276030033,0.06821531940506562,1,0,0,0,0,0,132.9849509089723,0
24.555138086551153,40.18956290540925,0,0.5493044705761464,0.03262978646621397,1,0.5136230122281947,0.02964550580798324,1,0,0,0,0,0,94.15397516503621,0
19.172134622878684,30.642639964525582,0,0.418290011344044,0.04905375169057845,1,0.3304911886517892,0.08858319024524275,1,0,0,0,0,0,72.22755343043846,0
10.306653674509647,15.727074847850016,0,0.3998793589226925,0.04593001762139361,1,0.08852265705514388,0.05852503136014052,1,0,0,0,0,0,37.5136190593681,0
18.916268655522334,28.483061329929413,0,0.13518817097626384,0.03429905880687692,2,0.17365066548466682,0.06411255413965153,1,0,0,0,0,0,68.11493076721199,0
22.05738972581501,35.91790425779463,0,0.13270756195004635,0.02552002504557027,1,0.1676274544900016,0.01969807916920523,1,0,0,0,0,0,84.24643072031759,0
29.03301662004954,49.27977341186787,1,0.15395307521560544,0.038661182227858845,2,0.22590193684511814,0.029439588313549127,1,0,0,0,0,0,114.38657678933352,0
45.66806064389527,73.43911650804584,1,0.21467571750979048,0.04663176422172739,4,0.385914586639746,0.00035913230793324885,1,0,0,0,0,0,172.73024999922936,0
27.61591045453197,44.09969145094662,0,0.3403577497936,0.03497773096950431,3,0.18498165525583837,0.04298814186844294,1,0,0,0,0,0,103.90000563803802,0
34.40710432232703,58.741036855045714,1,0.3126495271727531,0.03226094292354012,3,0.24752546995764013,0.016356331359706135,1,0,0,0,0,0,136.14712199873958,0
35.474177938289095,60.60879439918847,0,0.39775479079985804,0.0007914227694198353,7,0.20582145512421862,0.016356331359706135,1,0,0,0,0,0,140.45029131193178,0
27.878562265830436,45.24609561871676,1,0.38635308569790283,0.018689264783734158,4,0.16424435398028303,0.00763295463452953,1,0,0,0,0,0,106.18047306470336,0
33.08982041535832,56.29117600902935,0,0.31735339354696346,0.03370335924685629,3,0.24114554568405963,0.01308506508776491,1,0,0,0,0,0,130.5872662632799,0
142.64942115178476,238.4496070555123,0,1.2295728727376902,0.0208291088099308,3,0.7516929613918524,0.06300246712794172,1,0,0,0,0,0,555.5302582106308,0
70.38956468471358,119.05471672835782,0,0.22023309300381266,0.04252378975442583,1,2.458645856896845,0.011262316309155182,1,0,0,0,0,0,276.5764208509851,0
42.83737489323167,70.14992289629527,0,0.2182046254231461,0.01480345212116917,1,0.4855327926449541,0.06400785359290195,1,0,0,0,0,0,164.2619499545217,0
51.87500948039093,87.83076741134201,0,0.4080890905794856,0.0004370755647850698,1,0.6155430273233609,0.06812725217886273,1,0,0,0,0,0,203.99574898931934,0
23.74389686745535,39.001859455302814,0,0.46747656077390337,0.0451267545146871,1,0.20450114973678762,0.08956683892268841,1,0,0,0,0,0,91.2836832133658,0
32.888569553954824,54.591806115470455,0,0.46918823041179053,0.03886038617771284,2,0.17129691004760966,0.05794607905315753,1,0,0,0,0,0,127.43080730557595,0
142.07496980791913,240.93514964295497,0,0.7163688914489179,0.0756925491267765,0,0.17941992405182372,0.0859472323744693,1,0,0,0,0,0,559.3600061614163,0
22.183435972850745,34.766327551322405,0,0.3520010769682531,0.044483604473612645,0,0.20542237319657772,0.044756483399527355,1,0,0,0,0,0,82.32566561629639,0
24.336232298609975,36.13157336129543,0,0.3487100928520517,0.05073830575963374,1,0.035298654790310094,0.0725504810818024,1,0,0,0,0,0,86.53588968195609,0
12.719154847037876,20.022099172896333,0,0.23740725777214755,0.034949674712133325,1,0.007577189283126567,0.0807000148558549,1,0,0,0,0,0,47.38492355685729,0
10.496675792239138,14.901833373370149,0,0.2428524102615179,0.021257117874859826,1,0.003581035534038064,0.043971640734724815,1,0,0,0,0,0,36.20359365069724,0
14.96466503716561,22.85506398882895,0,0.24101953376655133,0.04119266094236032,1,0.008710347238359794,0.11287876888233156,1,0,0,0,0,0,54.497522779581246,0
11.199732021456903,17.35768072332508,0,0.178642018615427,0.05016257348762744,1,0.010808271088617231,0.0882576642220383,1,0,0,0,0,0,41.24387226801309,0
22.818541363673326,36.168777343507394,0,0.32398757673848394,0.043801329785286766,3,0.22089070920298354,0.08982425125046034,1,0,0,0,0,0,85.42904986213316,0
22.104639737014505,35.16011820320916,0,0.19074046083826102,0.02675053421622591,2,0.054717492865001896,0.08726889178275696,1,0,0,0,0,0,82.9720156953708,0
15.537232108077397,23.796135995064898,0,0.18670120979971172,0.03864172365619281,1,0.07249004274268694,0.06620914157732147,1,0,0,0,0,0,56.71833428725949,0
40.89670830220493,65.18463761116307,0,0.34817885239055035,0.03469192215184047,2,0.8319296768566948,0.040982034466664666,1,0,0,0,0,0,153.7030042397949,0
17.503049295424535,27.547866048264606,0,0.2570573844551469,0.029699591329957302,3,0.019932536535081972,0.008393425735864548,1,0,0,0,0,0,65.19577386937657,0
19.662591892955273,30.808280881010838,0,0.3026693470488681,0.04147853769238169,1,0.09913053746098884,0.09788684895415185,1,0,0,0,0,0,72.98985900732147,0
14.89488687798089,21.255230976561915,0,0.37673717633462106,0.03752895299826207,2,0.018756954811125156,0.11055406266468853,1,0,0,0,0,0,51.527953189357646,0
31.536528970147547,52.78983637128456,0,0.6308523059423161,0.021346646003013284,3,0.5334351504868357,0.0435122092737684,1,0,0,0,0,0,122.96271392615392,0
23.493392689972936,37.26568209735407,0,0.4650779808727924,0.030522876890706478,2,0.15899434572594628,0.06496070850038005,1,0,0,0,0,0,87.99510054191546,0
19.550937178588118,31.574549786648866,0,0.437655117680272,0.0006542987756533402,1,0.08348259761058327,0.05263801020210626,1,0,0,0,0,0,74.21632072038435,0
15.080026600591639,23.680280334526174,0,0.5515909404720886,0.0006539182143815451,2,0.09028448600954746,0.03929770789546433,1,0,0,0,0,0,56.03195373622778,0
15.777484468297054,26.201213420698394,0,0.47645780796318,0.031246427718841827,1,0.07865779994392932,0.04262390335166291,1,0,0,0,0,0,61.155890425339365,0
14.928195136106513,23.971826761272883,0,0.31110695817117345,0.0006542987756533402,1,0.16864529361585284,0.05263801020210626,1,0,0,0,0,0,56.41055309908211,0
14.110588557272749,23.07605020299322,0,0.18928809319075315,0.016656167213448564,0,0.015117733092592327,0.03743870638240573,1,0,0,0,0,0,54.06984990235433,0
17.602678469396952,28.618384085571645,0,0.2004659794294602,0.021043460914465826,1,0.05998371148261709,0.008393425735864548,1,0,0,0,0,0,67.16190341432471,0
21.267957003248807,34.71240494185463,0,0.31663386139350697,0.0004187836229682492,1,0.06389275388962276,0.06810658560395588,1,0,0,0,0,0,81.37104850242306,0
24.763794297804125,39.55592681776338,0,0.27722213107225907,0.020256313906342246,1,0.012715865734080591,0.07616842842059739,1,0,0,0,0,0,93.24755119961131,0
323.50714454222987,558.9421997295385,0,2.2706563992647246,0.02978227089929982,1,2.4212830265244545,0.03687251253692861,1,0,0,0,0,0,1291.623184324017,0
51.410815313040025,85.91088913481623,0,0.9277253720433016,0.04313511760208625,2,1.1644662892816946,0.0420840956442822,1,0,0,0,0,0,200.19694856063742,0
23.385989314767944,38.48658366058568,0,0.8229507495504867,0.037188196859403735,2,0.21030835786785299,0.039305318581634684,1,0,0,0,0,0,90.0364097031591,0
21.486146559807423,35.196299997265214,0,0.6447740544800244,0.04269330382891096,1,0.4266210126438308,0.031912998329489836,1,0,0,0,0,0,82.43656541561123,0
19.640696953566678,30.311397791188014,0,0.4869090844016527,0.014467694220931207,1,0.31666652501770287,0.06304179697006718,1,0,0,0,0,0,72.0961442084092,0
9.484007869469329,14.040163518108141,0,0.3521671094601324,0.0006542987756533402,1,0.02777206400078085,0.052638010202106254,1,0,0,0,0,0,33.76392546884215,0
14.894011036261515,24.27083865693877,0,0.18609301618156804,0.03736062230546272,1,0.20344352978127717,0.05263801020210626,1,0,0,0,0,0,56.92298474520162,0
14.189420046123727,22.38786364611115,1,0.11748166109687054,0.018706590290440434,2,0.05673278386400555,0.04086395869651918,1,0,0,0,0,0,52.94644412077946,0
34.29670335995581,58.11973689885753,1,0.19885724655462,0.02374318512055681,2,0.3175320352289204,0.031912998329489836,1,0,0,0,0,0,134.9591942632407,0
25.907332919685096,43.26516558775672,0,0.2221822307599145,0.036703657976248694,2,0.08160671672056005,0.051153964192541826,1,0,0,0,0,0,100.83933698505456,0
36.87195491044996,61.296896509229455,0,0.26032697166163166,0.03930331707135237,4,0.4546944309096817,0.03863497024433828,1,0,0,0,0,0,143.02641292886435,0
42.22496363126006,69.02074330472652,0,0.5482335590373502,0.03286407393883664,2,0.6688001983130241,0.04086395869651918,1,0,0,0,0,0,161.68829034978089,0
33.62241479722435,55.974189753465545,1,0.44129974524106563,0.030556603467158782,4,0.1139204742926401,0.0353402518699592,1,0,0,0,0,0,130.5596468349905,0
28.997406959004156,48.2752962779897,0,0.44077591386302656,0.04018799504719712,6,0.010429936300619369,0.06411255413965153,1,0,0,0,0,0,112.59056518690832,0
36.87930403201789,61.743241936084836,1,0.5775385036554026,0.044927179084176615,2,0.6582848332481624,0.052219180665454557,1,0,0,0,0,0,143.80779892705525,0
38.54559565656084,64.98244421403258,1,0.8045094584538568,0.033708932197293456,5,0.6614073397393281,0.0762480897586924,1,0,0,0,0,0,151.0891192011155,0
28.642428507403842,48.022003538565286,1,0.5467832333079841,0.03188601536127696,4,0.0375632408153379,0.02964550580798324,1,0,0,0,0,0,111.81129614229408,0
43.191697401029266,73.08279415207743,1,0.6384709815513938,0.037737290085328265,3,0.7809981145770479,0.05115396419254183,1,0,0,0,0,0,169.77114917941054,0
29.82863813885738,47.96526639752354,1,0.6403169916893373,10.952643655852189,5,0.10207183488651496,27.50716198825141,1,0,0,0,0,0,112.89546386692453,0
45.62745954967984,52.204271587791965,0,0.505256952537224,102.32387133880454,3,0.1304984979954334,241.91807625992237,1,0,0,0,0,0,47.59719838802789,0
13.847111853685206,21.09839509492326,0,0.4035481750610108,0.17456760732686402,1,0.12778734290757116,0.3850181819577691,1,0,0,0,0,0,50.378942740076376,0
13.905341655515898,20.548149885124875,0,0.49327929277015936,0.20893787260734886,1,0.015894604258232477,0.7538160598905692,1,0,0,0,0,0,49.45242085857332,0
43.20629679080403,71.77853832738383,0,0.3864112232525164,0.6947415703791042,1,0.6062638874960233,2.1077914383034924,1,0,0,0,0,0,167.52954296356847,0
17.283589723952485,26.790274939836234,0,0.38196668309298976,1.6401263332489768,1,0.22880144014056175,2.038567463284286,1,0,0,0,0,0,63.673901441686056,0
14.450315794374935,16.607369088363715,0,0.33746528693205957,0.2955671858023608,1,0.09430692545523381,1.0403010060581126,1,0,0,0,0,0,42.943982706436,0
8.216101837595989,12.484891947891601,1,0.19416778096350684,0.034988042505206096,1,0.022867840024968153,0.04026987896251137,1,0,0,0,0,0,29.820349730873232,0
14.81807485508291,22.510081177781004,0,0.12877808936297966,0.0006340046753486691,2,0.30276322513078285,0.02635129783137113,1,0,0,0,0,0,53.69744954961617,0
22.98822486745236,36.18952904585211,1,0.15882904515506635,0.013628145054953364,3,0.15930352330484748,0.03623575883039232,1,0,0,0,0,0,85.63458300235853,0
11.315907613053925,17.185039367001878,1,0.23264925941184567,0.01972235152938194,2,0.006014491302537284,0.04407329722088031,1,0,0,0,0,0,41.03176764755234,0
663.5904283174,1146.2160763517743,1,8.409209510077265,0.014937804301554655,3,8.953183495663302,0.03200554659245972,1,0,0,0,0,0,2648.8930550172686,0
53.26168293995296,89.30589327211322,1,0.264929560172729,0.028731930871368973,4,0.9304100476483348,0.011632784132275168,1,0,0,0,0,0,207.91485992265302,0
96.04308917149446,164.26124709007237,1,1.3061447371593549,0.03251846859352844,4,1.7300162987627878,0.04014168851135384,1,0,0,0,0,0,380.5472340339253,0
57.77753580864565,97.21594498622666,1,0.5975681517754479,0.036336646216057124,5,0.19537443606007526,0.08548907421068799,1,0,0,0,0,0,226.14317585525342,0
134.04691942942492,226.07903505920382,1,0.4548923688859492,0.05055570885717027,4,2.20276590286009,0.08577758856623632,1,0,0,0,0,0,525.5716221861975,0
16.638970612476683,22.280568678510146,2,0.4440538942894172,0.04411991072182518,1,0.001528442763537439,0.044159360635814104,1,0,0,0,0,0,54.71898780163219,0
13.389219901614103,20.823624004127115,1,0.34753980461196027,0.026679546619982925,3,0.003122995913713949,0.03989417914539974,1,0,0,0,0,0,49.41580750500867,0
11.464710031681424,16.500994526989917,0,0.2364363513389206,0.03446082060770437,2,0.002541251292018451,0.08947665205952642,1,0,0,0,0,0,39.950697867290764,0
14.735710002232429,22.606315597028907,1,0.35278035514112527,0.043332044004375944,3,0.0009426922906119314,0.08577758856623632,1,0,0,0,0,0,53.83289337433333,0
13.112130495608994,20.834786704431668,0,0.3375027527732497,0.0452682711432003,4,0.001999191109380968,0.1081882158936287,1,0,0,0,0,0,49.18163949251169,0
11.95270331606564,17.429264040392404,1,0.2664911974443994,0.03597041546693169,3,0.0027908924266712236,0.061011858377302775,1,0,0,0,0,0,42.08190197453813,0
14.656400258436825,21.57886844932468,0,0.34591320513104334,0.03652070276114216,3,0.0019848443866122283,0.038330407886958476,1,0,0,0,0,0,51.95151365041248,0
15.459695837578911,22.994707578656655,1,0.4345914344812518,0.040327396831771875,3,0.0028402297230601834,0.09968916551304868,1,0,0,0,0,0,55.12728369233228,0
13.350477819692033,20.832338349380016,0,0.3085203984916327,0.02603809387151297,2,0.0014090053747014488,0.01753447507879592,1,0,0,0,0,0,49.41409639156112,0
17.09003719348226,26.84895071364154,0,0.4184875807907325,0.03564522161812731,4,0.0001626334855648342,0.06260622550873698,1,0,0,0,0,0,63.55092597352786,0
16.974117869194444,22.04366381003346,1,0.44385846460231426,0.038193466452178734,4,0.001504567721086439,0.05687612716931756,1,0,0,0,0,0,54.245397547640536,0
13.596023329014242,21.531125440786422,0,0.3130404573273393,0.032601019717067456,2,0.0024316834156621033,0.05065099404719297,1,0,0,0,0,0,50.86411452579391,0
15.147911012614886,21.8358563930576,1,0.31503504012971906,0.0009102918984980454,2,0.0006516786335498264,0.034701576225022505,1,0,0,0,0,0,52.70240017112325,0
18.66228458254438,25.961495390531,1,0.3222515073042773,0.0009926463290175387,4,0.0024827687945751984,0.016520483227957548,1,0,0,0,0,0,63.056361914488164,0
12.939977959346686,19.669610850911397,0,0.25210749350158923,0.00041450244593517737,2,0.0017956332285040187,0.06103619988794745,1,0,0,0,0,0,46.917662489252265,0
13.754366980182436,21.22766317903338,1,0.2999797331336296,0.017656273495202983,4,0.0015784872326356492,0.0727464550009582,1,0,0,0,0,0,50.441677637195696,0
15.649175401887167,24.40069446477189,2,0.3424811720919312,0.0005681280487021131,4,0.0016541488378226067,0.059242234118772,1,0,0,0,0,0,57.82548934593807,0
13.642892116174737,21.593811990012867,0,0.30668077147220457,0.0007997905757912131,4,0.0017931293013452667,0.04234994927581287,1,0,0,0,0,0,51.01053705393331,0
16.843523496361765,25.309575213018704,0,0.3280163231170356,0.001120501650695857,4,0.0018991954069054872,0.04201893024568784,1,0,0,0,0,0,60.53548754441578,0
18.6699077361952,26.74683560477153,1,0.4846107665393521,0.00043803368040255634,4,0.0012294914499132526,0.0676984097891603,1,0,0,0,0,0,64.61014388412329,0
17.230341453030395,26.370193335046928,1,0.4372085301654414,0.000722241580286569,4,0.0008646624702740516,0.05242150504212349,1,0,0,0,0,0,62.85409038162827,0
14.85552301033092,18.71129864901727,0,0.3882217957705889,0.0008132479343737665,3,0.0015674762036068323,0.06302282340936818,1,0,0,0,0,0,46.5798865969105,0
11.605937096997637,15.954842422835908,0,0.300628883121442,0.020581621348792996,2,0.00344529224593224,0.127726700691341,1,0,0,0,0,0,39.07966621943375,0
7.8155046596273055,9.926204762764284,0,0.17765167635681423,0.0013011801016799577,2,0.0024021054398679375,0.05770645016453633,1,0,0,0,0,0,24.865330449858316,0
8.602481085064149,10.793900966452759,0,0.15506312421078242,0.030896718637498558,1,0.0019874367878581255,0.11156370154449487,1,0,0,0,0,0,27.145029873547436,0
7.148259820497524,8.015017766208056,0,0.1375495924044302,0.02393076958957974,2,0.0021780207089416087,0.06287153443835948,1,0,0,0,0,0,20.786124810381047,0
10.807183998667997,14.547346576498551,0,0.2280591348373569,0.01674421385026184,2,0.0008389209280849725,0.08410065897840469,1,0,0,0,0,0,35.87848632723627,0
11.862267676264846,16.400770387362595,0,0.2480216140433401,0.0014908369771468115,3,0.0010379403920806793,0.06287153443835948,1,0,0,0,0,0,40.17044450514996,0
13.481405291247516,18.645888467744566,0,0.263822045634029,0.04603886206192854,2,0.0021184769400653123,0.10724527283087042,1,0,0,0,0,0,45.627222961776724,0
13.38645068561373,19.148050428780316,0,0.37404818900070824,0.032314948602926385,2,0.0019199610354952376,0.04197921550326486,1,0,0,0,0,0,46.458025019784316,0
182.3188446521168,307.36506897781425,0,1.206691903439916,0.03709983480359666,4,1.1349518829505487,0.01848144439138459,1,0,0,0,0,0,714.6661448905072,0
63.88151810584049,108.25790458420855,0,0.5205141238217599,0.03340560338114832,2,0.6554689089989075,0.041613699472995674,1,0,0,0,0,0,251.38430238482056,0
9.926431297482626,14.723655628400586,0,0.3682076331200412,0.02850530377751479,2,0.0028013256509818855,0.07160444428609845,1,0,0,0,0,0,35.320852005220885,0
8.493527082913168,12.96519555477152,0,0.2925168373662247,0.05024397295913402,2,0.004295398532281974,0.00966038893818082,1,0,0,0,0,0,30.92641389770214,0
9.114698843362074,14.60603348064236,0,0.31065396492694447,0.0342356252597313,1,0.0011669127505120646,0.02127508084142293,1,0,0,0,0,0,34.39571781210752,0
5.89913278578587,9.156842406609329,0,0.17527184134782986,0.12279190905068663,0,0.0008462506931501991,0.051948254803002344,1,0,0,0,0,0,21.74383777115232,0
7.505340932679244,11.14265613397251,0,0.17236815506255115,0.046662191168016565,1,0.002760527813409709,0.049868227679711,1,0,0,0,0,0,26.7258638913379,0
8.382419748309108,12.382337740105525,0,0.22560520169663273,0.0005222539246088039,1,0.003938887924318989,0.05870637358072004,1,0,0,0,0,0,29.699994052139406,0
7.261875658676108,11.050009808415306,0,0.15093793574905745,0.04186403698929087,0,0.003649101107911076,0.04224151349638032,1,0,0,0,0,0,26.367910566517605,0
8.399888886800762,12.647867976183141,0,0.15218921738081798,0.001814431431910644,1,0.0008388188478686327,0.019279893378571618,1,0,0,0,0,0,30.250143985017022,0
7.8617541590815225,11.41768011615735,0,0.1903079286009059,0.0007529949804187141,1,0.0008673637411254206,0.06288280855319897,1,0,0,0,0,0,27.556184448540662,0
7.739618319028877,11.931188369408304,0,0.17078163288663495,0.01645264954713496,1,0.0015427114586592247,0.06059754794584814,1,0,0,0,0,0,28.37505672894791,0
8.467625756873284,12.154280859296817,0,0.17730430166203262,0.018430098002987914,1,0.0013596243221937942,0.041613699472995674,1,0,0,0,0,0,29.35255479259311,0
8.123765644989884,12.982426043423459,0,0.26861752344056067,0.0007452091800115679,1,0.001942711700841841,0.04197921550326486,1,0,0,0,0,0,30.6011984984123,0
7.726517689101147,11.927000496480002,0,0.19042604075657457,0.03008530748187678,1,0.0023240769422220755,0.06288280855319897,1,0,0,0,0,0,28.346044282126353,0
7.8197305449120105,11.40711360829513,0,0.21289720456764766,0.01843009800298791,1,0.00206934110572868,0.041613699472995674,1,0,0,0,0,0,27.470847436026993,0
10.13922808583327,15.183867546251438,0,0.3310845847774696,0.020076087058200846,1,0.0018860801219725302,0.030334348429168538,1,0,0,0,0,0,36.36112999280326,0
9.831245849618899,15.23726247131194,0,0.3167249617141539,0.017554134047404177,1,0.002686291333124223,0.04197921550326486,1,0,0,0,0,0,36.16577602279685,0
9.585511642429523,14.412300056940419,0,0.3593495123723095,0.0006545196393794904,2,0.0015673175469978337,0.03899145673256629,1,0,0,0,0,0,34.482949355594606,0
12.671662086888418,18.083573714683872,0,0.3934060271895326,0.0005351605127096371,2,0.002131420377393934,0.023948856442871584,1,0,0,0,0,0,43.78550781968305,0
12.242250902328584,18.70929213780338,0,0.45315917530287353,0.0013874891241342285,3,0.0033100264940031394,0.03130312483530867,1,0,0,0,0,0,44.609221765028565,0
11.013547664774944,14.992375040242244,0,0.36431592140764824,0.03211206127656109,2,0.0039471266701783195,0.019159085154297265,1,0,0,0,0,0,36.80633036968436,0
12.590054821533878,18.195327001158365,0,0.37380175247638536,0.02095079948741784,3,0.0012853949203215803,0.051948254803002344,1,0,0,0,0,0,43.91749240568576,0
12.641864421041106,18.584757992425285,0,0.4397069117855815,0.0007506216274511574,3,0.001529319622467806,0.05767383793841431,1,0,0,0,0,0,44.742293635878355,0
11.177178025389349,16.27019499276143,0,0.3433939820136558,0.0,3,0.001434107970206728,0.0,1,0,0,0,0,0,39.25019180351342,0
13.570792957334136,18.557824734065772,0,0.3834802544788959,0.017276155176853315,2,0.003892572889551596,0.06288280855319897,1,0,0,0,0,0,45.454086993458944,0
12.198236009973566,18.028635990581726,0,0.44390424471434065,0.0010539040064468331,3,0.005360955126807691,0.05151180667806729,1,0,0,0,0,0,43.348683130352725,0
11.922226530220561,17.9598830226617,0,0.34775589980553145,0.0005222539246088039,2,0.0032264051900831796,0.05870637358072005,1,0,0,0,0,0,42.95462525405772,0
13.925113300980662,21.11537169378125,0,0.39534267834304493,0.02043394991522503,2,0.0038323273496369114,0.051948254803002344,1,0,0,0,0,0,50.40615080229664,0
12.246476376812666,18.494698797636044,0,0.42752440552563964,0.022131089050457287,3,0.0008566728955882537,0.038055002583676945,1,0,0,0,0,0,44.20640816131876,0
10.086071238260505,14.933342718315835,0,0.3762141085889114,0.0010800412928658593,2,0.0022413203158940763,0.05095549770454255,1,0,0,0,0,0,35.87941401647586,0
12.650962985310697,19.318069435827745,0,0.3942531356267832,0.0006638162780290184,2,0.00263073556310718,0.05194825480300234,1,0,0,0,0,0,46.012810653708684,0
9.572336945398327,15.226715487633808,0,0.36391870319059516,0.0014710310075309741,2,0.0025062988708362275,0.03699868758619792,1,0,0,0,0,0,35.920202365813765,0
8.72992215194835,13.537961695196854,0,0.275441458090939,0.00024974157259783063,1,0.0029401895423676683,0.011176133006673404,1,0,0,0,0,0,32.11378298678919,0
8.831304922469535,14.023070227941034,0,0.28631892372702344,0.020536805042037167,0,0.0018114904780288112,0.023948856442871584,1,0,0,0,0,0,33.1010914565986,0
7.203957331137613,10.736031712251824,0,0.20962892669360017,0.0013200347826295294,0,0.0021542239282326603,0.05482078569685764,1,0,0,0,0,0,25.7770289319665,0
11.037563517306202,16.293199073807397,0,0.23738826033724167,0.0002816279554362775,2,0.0009484525555439266,0.041943977966281375,1,0,0,0,0,0,39.16708529316959,0
9.870046957441074,14.229287987885378,0,0.26557314704834467,0.0017197889479775455,1,0.0019204843277634306,0.05337392221759321,1,0,0,0,0,0,34.43355281828693,0
11.53863406044755,17.22503889846381,0,0.4160209311181794,0.01161006840502474,3,0.0014816096091471434,0.027828476653460544,1,0,0,0,0,0,41.33161503919298,0
14.971823963934678,23.11615664726168,0,0.5540922688044649,0.02793824611117012,3,0.0026846452762954937,0.0391515506744845,1,0,0,0,0,0,54.96733862801533,0
9.386041025551895,13.014396922642371,0,0.3942499846315535,0.0004295015971569318,1,0.0014134078853084435,0.019504960137972725,1,0,0,0,0,0,31.82909268498506,0
6.198973906909828,8.399181981920322,0,0.21021296538684722,0.018237710670461534,1,0.004327664911964375,0.04197921550326486,1,0,0,0,0,0,20.686381127251725,0
6.841448818840347,9.290236317219616,0,0.12820783239182282,0.01594857149394193,1,0.0020457567947353523,0.05647630105365524,1,0,0,0,0,0,22.86510451119036,0
15.706677695197694,20.856795542739054,1,0.2637360979581522,0.0005351605127096371,4,0.002058658749869896,0.023948856442871584,1,0,0,0,0,0,51.100931810770064,0
13.854826014984228,22.46223807153966,0,0.32584543596988846,0.0008216091598410207,5,0.002572902709967187,0.03698072827198012,1,0,0,0,0,0,52.73678677297381,0
16.881303890705894,26.839662064360606,1,0.4006969049652897,0.0010957868710689863,6,0.001656393089716005,0.03993872676121414,1,0,0,0,0,0,63.3061331200375,0
18.54270627984664,26.837168517062892,1,0.5813720438591246,0.0004772799184453001,7,0.007064725250095761,0.044152985080759224,1,0,0,0,0,0,64.64247988117144,0
12.145553182806937,18.602530264665493,1,0.41770018711236656,0.001168460658372371,3,0.003690120668149559,0.11440215244329083,1,0,0,0,0,0,44.339908663219475,0
11.435970060150284,15.200760647509837,0,0.34867885454717695,0.0008194821208965271,2,0.0036181451867377504,0.07954434746655314,1,0,0,0,0,0,37.55596510677888,0
7.043868038802045,8.987258935178177,0,0.18906294832585918,0.0006015771464263711,2,0.005251201787222018,0.043168811336187524,1,0,0,0,0,0,22.47680840671724,0
12.32977072313746,15.811330182007563,0,0.23199620537094434,0.0011288983708677537,2,0.0007300320005486644,0.1344460450427735,1,0,0,0,0,0,39.519985806533015,0
9.62657651071013,12.54272505406752,0,0.22409755920570684,0.0015720920827076144,2,0.0014922602928414581,0.07082540582583083,1,0,0,0,0,0,31.16572606567287,0
12.231864804591535,16.618517357704814,0,0.26354375093367166,0.0006030015142356641,3,0.005445131031664056,0.10423539135939444,1,0,0,0,0,0,40.8464591615753,0
13.589722654959274,19.476501280825456,0,0.44182336327956534,0.034585328300024455,4,0.0018357682235516921,0.05765126774148248,1,0,0,0,0,0,47.16306226537856,0
11.160771709122793,15.53398396715454,0,0.3602397384240098,0.00030933683616063775,3,0.002775075690877177,0.06227131149938819,1,0,0,0,0,0,37.89029015675382,0
13.498936124115703,19.51998501304571,0,0.399331343510291,0.0010729732810325064,3,0.0021677403596971887,0.050969402456637766,1,0,0,0,0,0,47.166667504824304,0
11.73607914346229,17.670930452963297,0,0.4790146871158024,0.0007511908312721843,4,0.0020175816464242866,0.05765126774148248,1,0,0,0,0,0,42.241821716390206,0
11.204995217805862,16.54974235878017,0,0.421438026209804,0.03176447749921151,3,0.003030119800797003,0.05194825480300234,1,0,0,0,0,0,39.76461727595047,0
12.35107312486494,18.44667883680507,0,0.43167018103493826,0.033270618985017354,2,0.002692828804667403,0.07160444428609845,1,0,0,0,0,0,44.1336451947857,0
9.307112224406612,14.30212328074453,0,0.400007888596733,0.03941877196105133,2,0.0022678414154294166,0.05151180667806729,1,0,0,0,0,0,34.00352029223791,0
9.986503143905407,14.139170328828314,0,0.3536636447491089,0.044189607669662255,1,0.002964791787990309,0.025545446872396356,1,0,0,0,0,0,34.24094947767698,0
10.187729058619876,16.103495486315722,0,0.34626758911550354,0.035128451205733824,2,0.0049399001610200026,0.050969402456637766,1,0,0,0,0,0,38.04381987095387,0
7.776439775326183,12.209492983291446,0,0.26207954558021473,0.040077003209956205,1,0.006343821699599154,0.03899145673256629,1,0,0,0,0,0,28.8981509804943,0
8.208086700766652,11.906131901917934,0,0.23276172032125958,0.018738625296456816,1,0.000689267169986847,0.019159085154297265,1,0,0,0,0,0,28.660636232270818,0
7.939341874650331,11.386190535079185,0,0.25016971237256624,0.018922190116645136,1,0.0030721744239210953,0.06227131149938819,1,0,0,0,0,0,27.500959234193264,0
7.907795797308969,12.147837247943517,0,0.1808930573034584,0.03717351355388248,1,0.003747371411968285,0.043168811336187524,1,0,0,0,0,0,28.927043805144855,0
9.017001730574187,12.860490705714053,0,0.20947606649368972,0.019954665573662128,1,0.003270655060354448,0.03899145673256629,1,0,0,0,0,0,31.173564561753913,0
8.43822796605263,13.20555888256011,0,0.25599988002373497,0.03876198205855615,1,0.0030842450464623286,0.07215813360599391,1,0,0,0,0,0,31.293163326940654,0
11.102925136510198,16.753159567628575,0,0.25582429282157665,0.0459228371642008,2,0.0011570156321438086,0.023948856442871584,1,0,0,0,0,0,40.07083835349823,0
13.36898001930896,20.10395162860928,0,0.3365663136978145,0.020014981678933202,2,0.0013342407263706659,0.025545446872396356,1,0,0,0,0,0,48.10933289479958,0
10.816270902109496,15.551016577601205,0,0.2972198415603595,1.3629835655211395e-05,2,0.002808034283103823,0.036541789992753974,1,0,0,0,0,0,37.60894314715264,0
14.517181961057549,21.493851564067942,0,0.39936780280525686,0.03035760953062819,3,0.0012089096667443316,0.06227131149938819,1,0,0,0,0,0,51.68008349710297,0
15.374632269401493,23.229511277996746,0,0.478401927308479,0.00044490537264578884,3,0.0015179722224143023,0.044152985080759224,1,0,0,0,0,0,55.557734766374594,0
11.309792076430057,16.063210321942254,0,0.42659453837297623,0.018646120781678422,2,0.0009944913312280286,0.044152985080759224,1,0,0,0,0,0,39.0302017445168,0
13.70273880381043,20.086740878077595,0,0.5317705623367515,0.019333650438293878,3,0.0029100618192257244,0.043168811336187524,1,0,0,0,0,0,48.380715447979426,0
14.277911753097598,21.425139737627916,0,0.6257220046965544,0.04213979931434832,2,0.0031926370779923456,0.043168811336187524,1,0,0,0,0,0,51.321964232202035,0
9.694482322996416,13.267347522755696,0,0.40002634608182364,0.01864612078167842,2,0.003809936718393059,0.044152985080759224,1,0,0,0,0,0,32.57015409545842,0
9.409160490121607,13.520591965316948,0,0.3517012559204124,0.03841157079990626,1,0.006147444498976333,0.04194397796628138,1,0,0,0,0,0,32.759763695702695,0
7.484315799381394,10.425466239694996,0,0.3221618582358388,0.02055338808830058,1,0.005065084215169579,0.023948856442871584,1,0,0,0,0,0,25.444466705127454,0
6.348996442050098,8.08188660616788,0,0.16950752361951343,0.03954443154517288,2,0.0017598785588882658,0.041943977966281375,1,0,0,0,0,0,20.229143421725112,0
6.831484935157756,8.596090524982118,0,0.12892882994615043,0.01995466557366212,2,0.004377310182941222,0.03899145673256629,1,0,0,0,0,0,21.575718405843034,0
8.02894969683891,9.054410910625913,0,0.12992930825832566,0.02910115246628725,1,0.0024293763120628465,0.03869033967087733,1,0,0,0,0,0,23.12882704296061,0
10.661623727412733,14.102408184402934,1,0.14964889161414463,0.0006034424528679947,2,0.0018794756991521286,0.07550348620270828,1,0,0,0,0,0,34.79385257267314,0
10.078688310005498,13.719750774561474,1,0.17899471159420785,0.0002483177695952229,4,0.0025631452103325185,0.05331387584788974,1,0,0,0,0,0,33.63269139355256,0
11.86024894803207,17.784070112984107,1,0.16103951445230352,0.0006625694289958187,2,0.002839606747208608,0.039439215746811807,1,0,0,0,0,0,42.567539897886725,0
14.873850546972971,20.175517059426486,2,0.2650930915889423,0.01993689366298966,4,0.004792927975336387,0.03827652838895218,1,0,0,0,0,0,49.46184568102246,0
12.132820142097106,17.22891453123832,1,0.26204033192819054,0.00025054259834154355,5,0.0009379975449900282,0.011377893413817423,1,0,0,0,0,0,41.719382475604945,0
16.11820633068763,22.972936744170553,1,0.2845958706859734,0.012528928851117262,3,0.002847167648611957,0.007265041976619736,1,0,0,0,0,0,55.52969132872575,0
19.198786758688126,26.07360634040479,0,0.3407441591444459,0.02034489165671896,5,0.002019281943785627,0.05770645016453632,1,0,0,0,0,0,63.57457461685086,0
13.11540873275548,19.14890493783443,1,0.30069441459706314,0.022003469777616635,5,0.0020456844988941845,0.03698072827198012,1,0,0,0,0,0,46.08346100694798,0
15.426781392073407,23.935511727769356,0,0.2976131849411331,0.0006780212011072309,5,0.003522119604724438,0.012454357674205262,1,0,0,0,0,0,56.803277502180435,0
17.95621379397875,25.853332599734227,1,0.40303762143524,0.0009671217223899927,7,0.0027425953216984374,0.03306407797020497,1,0,0,0,0,0,62.329154674647604,0
14.147651517830427,21.663824479922734,0,0.3126817486314854,0.00025054259834154355,5,0.002476203609401642,0.011377893413817423,1,0,0,0,0,0,51.55715438810323,0
16.39266067788795,23.897195394749975,0,0.3330853643780173,0.0006451340079608849,5,0.002988410216433061,0.0319653178464099,1,0,0,0,0,0,57.4829890515117,0
17.86704306406355,26.9375330123053,1,0.4182397844095037,0.0012945079676993996,7,0.0027289153389312886,0.00046877709083550814,1,0,0,0,0,0,64.35762011583273,0
14.493227339183303,22.464928773698688,1,0.31167081904740646,0.045580782818506915,3,0.004075320461862982,0.05070921285187059,1,0,0,0,0,0,53.35074388739725,0
15.181599774928378,22.667247814690146,1,0.3792063866880993,0.022333005012401812,4,0.0008591429453336213,0.03845571033386541,1,0,0,0,0,0,54.362409144316885,0
18.58055053372653,27.8132157651023,2,0.47709789081823006,0.01527951004835298,7,0.004360019828582438,0.044256471477986406,1,0,0,0,0,0,66.54505390756776,0
16.64560332909803,24.547530636032796,1,0.40034599456345105,0.0006486856696999227,6,0.0017670556603544955,0.03169471244901177,1,0,0,0,0,0,58.90900020433264,0
18.555121140470575,27.99182320932196,1,0.5678670834020544,0.014894079253421667,6,0.004654010663588429,0.09871148481110101,1,0,0,0,0,0,66.87991287721121,0
19.52910620444437,28.610320721485568,0,0.6821495598950955,0.035932297381209705,4,0.005615917614959753,0.0891867113848307,1,0,0,0,0,0,68.85185422318945,0
12.441742751106588,18.89070709403527,0,0.5226484756240588,0.0013379533148860613,5,0.0013414051060108272,0.05545916199551092,1,0,0,0,0,0,45.117191463156246,0
16.254887287349206,23.062281525141834,0,0.5116502826491091,0.03365171374554124,2,0.0028238009516605355,0.15799939599220894,1,0,0,0,0,0,56.01060850953844,0
10.182401332357491,12.218481181781014,0,0.41134744153972114,0.02273929381488975,3,0.006721471042430798,0.026240607611519074,1,0,0,0,0,0,30.687458944869984,0
9.158075408579942,11.693195993646775,0,0.23738735074197095,0.026469916635032474,2,0.002687073172195373,0.05683929120351789,1,0,0,0,0,0,29.250771350712803,0
8.78087693134263,11.379388104392364,0,0.21989018992309528,0.028275789614121853,2,0.0009902093648071837,0.0839745482122159,1,0,0,0,0,0,28.34165958306156,0
9.068866034392993,10.973017560069547,0,0.18390924057967772,0.012009923595558815,3,0.004474620725915971,0.016335623027373316,1,0,0,0,0,0,27.711530990799233,0
14.119340346993992,18.969417237925747,0,0.323133482414103,0.03984119254655619,3,0.003126100744153224,0.0543101936152424,1,0,0,0,0,0,46.726591731191334,0
11.404245493856072,16.090770872206942,0,0.2968256040042073,0.0010178146144645558,3,0.0019796674924021573,0.02155072076871463,1,0,0,0,0,0,39.15755602504338,0
13.773447534822484,19.796938935334904,0,0.3356307424733463,0.01772426966043165,2,0.0020393000952380717,0.0727464550009582,1,0,0,0,0,0,47.961498538998,0
14.571852483811565,22.146871258829087,0,0.5026279328352189,0.030026014945697472,3,0.002365772392959146,0.026006613517296967,1,0,0,0,0,0,52.860054064189924,0
12.262362368730706,18.510996460971374,0,0.41552770421821905,0.019858254773338045,3,0.0046219735031513,0.08123283633722202,1,0,0,0,0,0,44.27985398055069,0
14.482836546104474,23.10822897450048,0,0.4998279741395431,0.0004295015971569318,3,0.005158375733681761,0.019504960137972725,1,0,0,0,0,0,54.472562164051865,0
13.960008013627709,21.411872537250122,0,0.4972387498968959,0.021239303956312808,2,0.005866239195267305,0.019504960137972725,1,0,0,0,0,0,50.982187611918974,0
12.791871612340872,19.729768289580495,0,0.45846274314318214,0.03160194830784237,2,0.0037098529223483943,0.06332806805840098,1,0,0,0,0,0,46.921207070653885,0
12.351886320964207,18.778702540983314,0,0.4851784985654369,0.04436387243987369,2,0.0028599474060005525,0.011377893413817423,1,0,0,0,0,0,44.78113956358432,0
11.715764844302651,18.827964020350812,0,0.45780052552529815,0.00025054259834154355,2,0.002202067003995897,0.011377893413817423,1,0,0,0,0,0,44.30344496544794,0
10.473069767193875,16.464083011698346,0,0.3845336948120678,0.03467440971021961,2,0.0023045594145150467,0.039439215746811807,1,0,0,0,0,0,38.94144171919037,0
11.673035613852544,17.99178069254175,0,0.4319355401284115,0.03244884799783549,2,0.006454714847399765,0.05644953362788081,1,0,0,0,0,0,42.78280960987874,0
10.584590968664724,15.933141895916588,0,0.37588187864244504,0.020708727450386023,2,0.004514023825888773,0.0319653178464099,1,0,0,0,0,0,38.13233517518927,0
10.794348430838104,15.422555714386434,0,0.35287925449011864,0.001107354947158027,2,0.0012324198672562492,0.01848144439138459,1,0,0,0,0,0,37.26246295273357,0
11.084181520816154,17.33398836516611,0,0.4363796369485815,0.03933240202158197,2,0.0019202820465041132,0.039439215746811807,1,0,0,0,0,0,41.079224705344046,0
10.884114264282898,17.139286903408717,0,0.4176223975384187,0.04708400681131071,2,0.0038581295345489685,0.02438120017246591,1,0,0,0,0,0,40.52525165311162,0
11.409471115888675,17.785007154149614,0,0.3958822781094899,0.025929237590023586,2,0.003103578508058223,0.09620120107502132,1,0,0,0,0,0,42.18131854870969,0
12.822610088624641,19.326784558600107,0,0.4558313295613041,0.026303620919036326,2,0.004639548357622663,0.05644953362788081,1,0,0,0,0,0,46.21130980111581,0
9.715448841914156,15.352469907039946,0,0.39922362747902274,0.036801908350467934,2,0.0026834958641428377,0.007227711412231427,1,0,0,0,0,0,36.27115600284844,0
11.136636937580716,17.45787058201072,0,0.3966319643867183,0.0006625694289958186,2,0.0026694422157245564,0.039439215746811807,1,0,0,0,0,0,41.34582449596485,0
14.372943118796378,21.50914462393563,0,0.45112245523493943,0.0007477628852469661,2,0.0032137225909608974,0.04234994927581287,1,0,0,0,0,0,51.53680151130369,0
13.05559001496612,18.483174437495375,0,0.4839047658857756,0.0005561149873997957,2,0.00493763518879087,0.021240593256345877,1,0,0,0,0,0,44.96898515649792,0
13.248116117473312,18.70838122873635,0,0.4287753974705085,0.03997878107979515,2,0.0017200067681749224,0.011377893413817423,1,0,0,0,0,0,45.48184097481617,0
13.310022268327215,20.45735960698439,0,0.4672555647295062,0.0005561149873997957,2,0.003803339204939093,0.021240593256345877,1,0,0,0,0,0,48.63952366948631,0
10.518837868501624,16.095456911873793,0,0.3921429580453618,0.021343558545637107,2,0.002968876613732424,0.06078777595776988,1,0,0,0,0,0,38.37862884472047,0
10.56888606919742,16.133774881171284,0,0.36660344217024654,0.038755393619889056,2,0.001523936197238221,0.011377893413817423,1,0,0,0,0,0,38.43070334664975,0
11.473398351039299,18.2739025940312,0,0.38822862344601744,0.018232032742891688,2,0.002658669197746371,0.007103997734809688,1,0,0,0,0,0,43.09138070007401,0
9.382181159862954,14.575010350060605,0,0.3453425883289134,0.01319258518665411,2,0.002781868692289519,0.012178281831102323,1,0,0,0,0,0,34.58289942267718,0
9.523708224905024,14.589707316886491,0,0.314098799284533,0.00042812841016770964,2,0.0013300998318328727,0.019159085154297265,1,0,0,0,0,0,34.72912864762906,0
10.718213213281555,16.13530525494583,0,0.35943481449540693,0.00039551236731255135,1,0.001443539613779052,0.007265041976619736,1,0,0,0,0,0,38.57362047497056,0
9.11701648597794,13.958316207283692,0,0.30015048216392914,0.04136685751915127,1,0.006383176616498123,0.051865506129516945,1,0,0,0,0,0,33.21732265892528,0
8.243487130440247,13.163857008638395,0,0.24223828727209407,0.0009617282761960933,1,0.0027755682204822565,0.032857022136795824,1,0,0,0,0,0,31.038098712742936,0
8.701486873747868,13.856770303680966,0,0.27811439217986833,0.0,1,0.006859004466218376,0.0,1,0,0,0,0,0,32.678178669083124,0
7.388743587664671,11.089416092633103,0,0.18022045058826924,0.015279510048352977,1,0.001901483976567385,0.0442564714779864,1,0,0,0,0,0,26.56368164609733,0
8.62932963349929,13.210102727337759,0,0.20865716824652136,0.01577538054838409,1,0.0014465965896093631,0.029027566819840128,1,0,0,0,0,0,31.481418892773092,0
9.475163762255665,14.30325881576245,0,0.2628114979000612,0.026475341692374216,1,0.0025679996507960616,0.044256471477986406,1,0,0,0,0,0,34.209835015596184,0
8.090371453487759,12.609271689646977,0,0.21218644452185995,0.02145109985150962,1,0.004193637053428503,0.044256471477986406,1,0,0,0,0,0,29.9024869733118,0
11.638228856792677,17.694255495132865,0,0.2551299542329848,0.03326000749899809,2,0.006887237498357773,0.011377893413817423,1,0,0,0,0,0,42.21888456210824,0
14.293307569287093,20.85865260560203,0,0.32674430173115115,0.030094901439944706,2,0.0019045491873143456,0.061361591863455564,1,0,0,0,0,0,50.29557920489534,0
11.922319082967148,15.435662009534804,0,0.20346521505544385,0.020635433651694013,4,0.000975335899315348,0.06811421631510098,1,0,0,0,0,0,38.33886735397502,0
15.036482671266457,20.23660805191121,0,0.3812766682459435,0.0006451340079608849,5,0.004819544843120773,0.0319653178464099,1,0,0,0,0,0,49.560571392920764,0
9.645609153525635,13.393804287731674,0,0.3641534410316585,0.0348891054038208,3,0.0031029638563177895,0.026006613517296967,1,0,0,0,0,0,32.744761339402714,0
13.076916246952774,18.980281274951267,0,0.41921233041676864,0.0006167478140196119,5,0.0015045499687654914,0.10967521197213005,1,0,0,0,0,0,45.850147806860015,0
12.0928844193162,16.821942394478487,0,0.4579644491996677,0.01930856383797885,4,0.0009833248307990362,0.05065885442618163,1,0,0,0,0,0,41.08365074928295,0
6.779927730857219,9.239171971839362,1,0.2577886285559049,0.021279157582666484,2,0.006529476459706567,0.05770645016453632,1,0,0,0,0,0,22.719128688693736,0
10.978038571036693,14.932127610370197,0,0.2519300423309762,0.036859762832961065,1,0.0032029509956770447,0.1045787932239807,1,0,0,0,0,0,36.72728330208675,0
7.642256324549158,9.2130471001039,0,0.11386512617192901,0.0006491879995790468,3,0.0029555148811743074,0.03968558507718083,1,0,0,0,0,0,23.15271237897737,0
12.790377671281673,17.88287544499708,1,0.17097685642534954,0.03787736720402182,4,0.0017125195644172345,0.08216785022147147,1,0,0,0,0,0,43.49736502787107,0
11.13166876066339,16.813748886904442,0,0.20838436227976312,0.039220294932003574,4,0.0015853093762150127,0.01734078104927613,1,0,0,0,0,0,40.20978339477365,0
14.768116470858788,21.229268111298712,1,0.26964825445005836,0.0222175864968124,5,0.0010769925991338497,0.03306407797020497,1,0,0,0,0,0,51.23493750883441,0
19.209964476492072,26.54249909849587,1,0.42690823579436477,0.02793824611117012,7,0.0008899652864065566,0.0391515506744845,1,0,0,0,0,0,64.44997009217201,0
14.516537134628532,20.765452589638866,0,0.39240787654258835,0.03040203565318278,5,0.002246489210278988,0.051865506129516945,1,0,0,0,0,0,50.284851654169415,0
19.065048919485363,27.917717783491614,1,0.5086197915473077,0.03191373989547145,7,0.0008700317955636386,0.069922701512686,1,0,0,0,0,0,67.19345766218088,0
18.343494074332476,25.473619308991772,1,0.609195929899929,0.016814652150828356,6,0.0012288967122708453,0.05331387584788974,1,0,0,0,0,0,62.05602306605938,0
11.500353624107634,17.47978186654713,1,0.3340203945814266,0.047018262327448046,3,0.0034162077312681303,0.05070921285187059,1,0,0,0,0,0,41.744251441197406,0
13.155319142970644,15.273861535168436,0,0.3530771087725487,0.037844589156978956,4,0.0061567939202985325,0.06257934211602043,1,0,0,0,0,0,39.00894433535552,0
8.117238449345688,11.159800977660584,0,0.25830004899968295,0.0010010257960416467,3,0.003506741058569166,0.045222957734937466,1,0,0,0,0,0,27.37690614853144,0
9.734118863792396,12.751157380946708,0,0.1967596410766816,0.03203000051769536,2,0.006273252713125884,0.058614598804002306,1,0,0,0,0,0,31.66845122117307,0
8.898400971537674,11.206106854201536,0,0.21441738452457748,0.016246806733639638,2,0.004604398190097839,0.12130204379801768,1,0,0,0,0,0,28.16071935847434,0
7.037991096618462,9.24521067420897,0,0.15621177070647244,0.0008221813210865299,1,0.003132568829037637,0.037124842848511565,1,0,0,0,0,0,22.94954167104643,0
11.60770037873888,14.220364635248393,0,0.24547743245779088,0.03616240186976063,2,0.0016904010692729695,0.1681699484513473,1,0,0,0,0,0,35.98638961295406,0
10.054006598286703,13.377513475570147,0,0.1962476402853223,0.04074732790702784,2,0.0022183712428740527,0.1313115970379984,1,0,0,0,0,0,33.08880167210958,0
12.333962048638597,15.982781873379455,0,0.2285608786074807,0.0004826894724872203,3,0.0012773144550454964,0.04463453147862925,1,0,0,0,0,0,39.75026565577686,0
15.550016459345015,21.51929815472281,0,0.4252466364014226,0.0005384150293601902,3,0.0009925286147878666,0.02482018389730927,1,0,0,0,0,0,52.52847508759237,0
11.969919095405025,17.29464839553861,0,0.35642979132107716,0.019512228872134874,4,0.0008991673971160812,0.02438120017246591,1,0,0,0,0,0,41.83192909759789,0
13.985475561358315,20.893900562198,0,0.3809502594399805,0.020708727450386023,3,0.0018603554073285847,0.0319653178464099,1,0,0,0,0,0,50.067794380731264,0
13.396047358774611,19.60727009869472,0,0.4516134715926976,0.0002483177695952229,4,0.0028573262263166554,0.05331387584788974,1,0,0,0,0,0,47.233228606768115,0
11.908298267932384,16.324298892410976,0,0.38666850393285485,0.022358433455552662,3,0.002336382277710965,0.038124932853660795,1,0,0,0,0,0,39.83300020252553,0
12.603926955213174,18.687324544484284,0,0.45779727316124585,0.020708727450386023,3,0.0035016505473875956,0.0319653178464099,1,0,0,0,0,0,44.84442669099366,0
9.556599422255234,14.64342296968757,0,0.3350027962214256,0.02108421286937488,2,0.0012003698009918524,0.04254405425015796,1,0,0,0,0,0,34.8646799337703,0
8.733366772083222,13.235923064457477,0,0.3114998761252006,0.016541935015017745,2,0.002942034049987156,0.05644953362788081,1,0,0,0,0,0,31.62177867959528,0
8.75787077779029,13.270783115534615,0,0.33625996678495196,0.018221597029573763,1,0.004176568632060825,0.048286648702643944,1,0,0,0,0,0,31.675768989283107,0
8.292089807589987,13.28280809519281,0,0.23110156896153472,0.000747762885246966,0,0.0034750345896902048,0.04234994927581287,1,0,0,0,0,0,31.28389900667417,0
9.542473324117244,13.682131467394822,0,0.2230448700789692,0.020566537315027018,1,0.003336835489896792,0.07639098596989051,1,0,0,0,0,0,33.14032373235209,0
8.259615959014996,12.148648353210591,0,0.1729345145621663,0.019772562556146935,1,0.002448771472071583,0.0319653178464099,1,0,0,0,0,0,29.216257198622593,0
8.732772521855617,12.798057135383768,0,0.19286412455042826,0.018811806457279933,2,0.004660937338155714,0.019504960137972725,1,0,0,0,0,0,30.81842038719877,0
13.503544359206456,19.115583622969844,0,0.19165622060067689,0.0008282491649626847,4,0.006036110231103618,0.03473881410430016,1,0,0,0,0,0,46.38529171331064,0
9.993803168380031,13.826812250432013,0,0.15889960945755174,0.04716846348020705,6,0.002231554681109426,0.08740486095359298,1,0,0,0,0,0,33.781526637878024,0
14.636665547113969,18.895201141286293,0,0.19993161398735576,0.03366549209698401,2,0.007420159838843652,0.02438120017246591,1,0,0,0,0,0,46.85768883287795,0
12.203091213958283,17.79008223362477,0,0.30839061113701083,0.0006034424528679947,3,0.00341517119933784,0.07550348620270828,1,0,0,0,0,0,42.931449520195876,0
11.55968266228151,15.471653631514807,0,0.2908847512872481,0.07332243844706739,3,0.0052596503522244304,0.08036448186650344,1,0,0,0,0,0,38.21020988722469,0
13.856487150730324,18.87355076332516,0,0.32932382395475224,0.3021561319027493,4,0.002632181107734216,0.069074064105423,1,0,0,0,0,0,46.28636263962275,0
14.596435935767673,18.519566919872467,1,0.43413818001314847,0.053325481310152065,5,0.0014265335627377438,0.08667397982820246,1,0,0,0,0,0,46.1365259148604,0
10.774196357786167,15.063066781221442,0,0.4297588207473795,0.4931872974186269,2,0.0061950481880647815,0.15215958731482326,1,0,0,0,0,0,36.769123011487665,0
13.185893117535526,19.141915415824005,0,0.39291639710683357,0.00034929002155669646,3,0.00165361811105956,0.07333317504936512,1,0,0,0,0,0,46.265177776278406,0
12.730741042514246,18.138484957458644,0,0.4523250568575805,0.03403530756329201,2,0.0025815138406211457,0.08548907421068799,1,0,0,0,0,0,44.03773490640066,0
9.00620810772607,13.132182807511311,0,0.3048151062829112,0.0006869388355550879,1,0.0022138333329669254,0.052895725917956604,1,0,0,0,0,0,31.69995965755799,0
8.212563587469205,11.373343215072802,0,0.2952352934980753,0.016823952010552895,1,0.0020837999237222375,0.061486066143522915,1,0,0,0,0,0,27.825924341376396,0
9.115855441006703,11.466342660340267,0,0.2774748945604395,0.017990876379423378,1,0.0011753762775297057,0.07797835908945104,1,0,0,0,0,0,28.749593303512512,0
8.944554885164724,7.222135721196857,1,0.13281457146742245,0.270544338318097,3,0.0008129822317552921,0.8878966884208881,1,0,0,0,0,0,20.97942149859061,0
15.708392702093853,13.764163828830872,0,0.1617716004955556,22.9222758076328,1,0.0015999813819861976,45.64421454116359,1,0,0,0,0,0,26.71869417323994,0
5.504977811660832,6.629777225080171,0,0.29004006139240074,0.23010296947974834,3,0.0023181832316392335,0.21428225793300656,1,0,0,0,0,0,16.91194357925436,0
21218.53222702375,36742.81275555288,9,74.49587691972275,0.05084220295156823,8,0.05338601433922463,0.08016819526209626,1,0,0,0,0,0,84858.95022940275,0
9.969603388048514,15.74744688322391,1,10.20170457293409,0.0001294575488485831,2,0.27251137535418024,0.08612644930559968,1,0,0,0,0,0,37.22386365490821,0
16470.213662522412,28519.1493305481,9,34.264381566593286,1.814659917957422,9,2.2328976998181953,4.81331993011978,1,0,0,0,0,0,65866.82910156331,0
20.689917065824847,29.117408445048422,1,0.35796585257583813,73.33372294512458,6,0.02385194805564818,156.9662790676869,1,0,0,0,0,0,70.98738049411261,0
19.87979958153408,28.288036036067982,0,0.4399282368781692,13.66310171818445,3,0.00797575951116635,43.45186255839384,1,0,0,0,0,0,68.85284099674419,0
22058.43347204083,38185.488712187565,0,8.440278256463877,43.59839435913794,2,0.40962217405227985,21998.24743020483,1,0,0,0,0,0,33.90933290749462,0
16712.638348101198,28916.347814196954,1,25.96742137481317,148.14785691900263,3,2.1333063146020033,14705.524517313712,1,0,0,0,0,0,51.74313208224623,0
8633.088656169,14944.060705756916,0,4.238885856227905,169.84589167712903,0,0.22340680631928056,9022.68567448873,1,0,0,0,0,0,13.152232510279717,0
77.66963034636694,110.47150658319457,1,13.696149881896336,359.2192990962186,4,1.0430893683318536,0.8663603026377047,1,0,0,0,0,0,41.028774515624875,0
8.361972513076326,10.62405841892098,1,10.164912497569311,26.439103580114327,1,0.3754311441316769,66.43431717416587,1,0,0,0,0,0,26.619504113863503,0
76.94660371406634,131.68172881273256,0,10.56362705043941,0.17138114111339997,0,0.5269613848417962,0.19825432287433717,1,0,0,0,0,0,305.02323033472265,0
28.68017364441213,34.8086804330219,0,11.72340658055083,126.57890586874935,1,0.36987811078126986,355.04577603145077,1,0,0,0,0,0,26.214003011720358,0
26.267086353672155,26.566199773647234,0,26.26863720662213,46.63314306745036,1,0.5427498586351719,132.03454848916846,1,0,0,0,0,0,44.25697464946666,0
8.983283281840308,13.16513033928265,1,16.47725148544646,0.05177314070467606,2,0.8024118955840084,0.12270155335784269,1,0,0,0,0,0,31.742369150872626,0
8.869500507655287,14.037998698264456,1,22.505885870360146,0.28191642794611094,1,0.30444563294051386,0.8214671996942836,1,0,0,0,0,0,33.1654239704184,0
13.822252475034208,21.706848835786605,1,36.48299326236253,0.09425791569104197,3,1.0783727263460525,0.15756703256746052,1,0,0,0,0,0,51.40191507878684,0
8.90518599273149,13.26660360933043,2,26.036789564868933,0.055412313462472725,3,0.3574548773062408,0.09915694916750262,1,0,0,0,0,0,31.85009480779398,0
11.63346437410648,18.892219685572773,1,32.140865359353796,0.3007316304718957,4,0.12415927007707997,0.8437339792237764,1,0,0,0,0,0,44.3358881816407,0
17.70695220409032,28.770610123507076,1,55.11724383661927,0.26845948457318897,5,0.42288431931692094,0.9780838923501731,1,0,0,0,0,0,67.52879122069575,0
11.86536387604206,19.149975670757545,1,31.871015228377527,0.0414162063708325,3,0.7607704312281655,0.07138978945017567,1,0,0,0,0,0,45.00827438872117,0
7.189281134316564,11.099903312293625,1,16.928817563655254,4.688374997235457e-05,2,0.8196549690297437,0.009937943676244659,1,0,0,0,0,0,26.396838878920445,0
6.542152773252441,9.933135355498168,0,20.449961907584317,0.05266479607855419,2,0.6464992480970237,0.1574068755363761,1,0,0,0,0,0,23.711740519008806,0
12.100168678793395,18.501767842201545,1,47.675800257220246,0.3763997019506553,2,0.8124130005861879,0.7875245355181391,1,0,0,0,0,0,44.09352236011702,0
9.83718734402629,14.431179515053289,2,35.21509037426746,0.48925433389080325,3,0.6840661581573229,0.8399692473210478,1,0,0,0,0,0,34.78945133670728,0
14.923329608746242,24.2127267313408,1,55.382916134360045,0.37154778887591927,4,0.40271015031014207,0.8223409723356114,1,0,0,0,0,0,56.85395598190762,0
10.349182639867044,16.54638876368967,2,40.81342097765412,11.979231417212015,4,0.3938790899358359,27.15220505499501,1,0,0,0,0,0,39.00235768065784,0
10.808928583004914,16.980488481382665,1,46.65357722181224,0.02428115653430402,3,0.4172674447112934,0.04545029115607764,1,0,0,0,0,0,40.197088287386975,0
15.283790019862243,24.341410526504433,3,46.78995022984513,0.024724474208330297,6,0.46575583885409166,0.04834906032424703,1,0,0,0,0,0,57.42470959222325,0
14.335066383695231,23.05749043145616,1,54.175405070862844,0.02304765821767811,3,1.2812092352999254,0.053895591321246696,1,0,0,0,0,0,54.25489487722412,0
11.280710043129464,17.680896783757145,1,46.038577972863294,2.3915514230921724e-05,2,0.7314251555333398,0.018161090588430198,1,0,0,0,0,0,41.886307443431704,0
12.322976441481226,19.902024557527657,0,50.31896363127516,0.05382067944732007,2,0.17865550478614403,0.10110855436575447,1,0,0,0,0,0,46.78286781939504,0
8.4731708438987,11.745097202271118,2,29.702973965500167,2.6977591449610983e-05,2,0.24975894925483164,0.07990188621759553,1,0,0,0,0,0,28.732460127287318,0
8.350894827389718,12.653532300672907,1,25.262151530026983,0.023550708314573655,2,0.45123411503852073,0.10110855436575447,1,0,0,0,0,0,30.238886221412113,0
9.449484571137297,13.96629082863814,1,43.61078925964091,0.04067782190880308,2,0.992748410351344,0.16621770060132057,1,0,0,0,0,0,33.518812801625245,0
10.216136783814543,16.112434058377406,3,45.94115851247912,0.05360735356732246,2,0.6484573174092398,0.06631874517297034,1,0,0,0,0,0,38.109781129170585,0
15.517868860662706,25.13492137686879,3,67.36470385572576,0.04075548154692452,5,2.082896260737787,0.13591273223279207,1,0,0,0,0,0,59.02385427005836,0
12.195217056337542,19.788551304943358,1,52.03615747198579,0.04140218077272664,3,0.5690834700691216,0.05072163113011588,1,0,0,0,0,0,46.462445738750496,0
16.34273562711285,25.309373507727223,2,81.85655479272835,0.07917522339180465,2,0.4564582035033181,0.16691185244640766,1,0,0,0,0,0,60.11954089083468,0
6.280567686735172,9.93814390319649,0,28.880019140331257,2.1449911223112178e-05,1,0.11291952014577322,0.027305390906654077,1,0,0,0,0,0,23.484642757014726,0
6.7022401974634,9.745585016938733,0,21.53093971654703,4.803040073311984e-05,2,0.16933645537033726,0.028450397208668272,1,0,0,0,0,0,23.53813448436702,0
10.73747986883486,15.970154366305774,2,53.3932024845629,0.05433285550167887,3,1.0444039112822319,0.10769875513428002,1,0,0,0,0,0,38.350898760163,0
13.513917224441974,21.713223019009487,1,62.32067078269724,0.02386842205092584,4,0.7880151962603855,0.0821079801278072,1,0,0,0,0,0,51.11441946962741,0
15.994251727477376,25.66856881276376,1,70.37288874442754,0.040070787275725564,3,1.1749805097624728,0.09288601796332742,1,0,0,0,0,0,60.42596227761298,0
8.042804031614153,11.970595388151144,0,36.307359708437986,0.05089249856132266,1,0.27590263826043837,0.1498154612171959,1,0,0,0,0,0,28.72061259970284,0
7.745438131500558,10.385252111836856,1,23.047439231314335,0.5423543666017867,2,0.6090971285001848,1.4056956213771412,1,0,0,0,0,0,25.646419703484966,0
10.159991109951516,14.157135950310376,1,61.135587023437495,0.04112967633516089,2,0.40809485908948934,0.19195070945968232,1,0,0,0,0,0,34.537688418542565,0
8.645929519592784,12.832416754376052,3,38.50271888881555,0.05496755536904262,3,0.22266446117685193,0.07523012959814226,1,0,0,0,0,0,30.838420408992278,0
5.734809513530168,8.240848438023933,1,25.487985732902363,0.05486571088601198,2,0.617838941756766,0.11067762599665765,1,0,0,0,0,0,19.97262089835767,0
12.47010183494086,19.358940850226723,1,58.00784723737016,0.051995156366391605,3,1.3311571526385402,0.05541076913733724,1,0,0,0,0,0,45.9660142107141,0
8.569181996453455,12.669874835324032,1,36.80400880713745,0.055061978378713766,2,0.16350046792045028,0.04769154140318693,1,0,0,0,0,0,30.480867182018255,0
13.933525389329592,22.194663140716873,2,67.86772283182795,0.04104763675456166,4,0.8995965516271959,0.040328829137704435,1,0,0,0,0,0,52.360530585551075,0
12.03531683324402,18.922925410063637,1,68.48623053110212,0.02431429171390833,2,0.6669795531125092,0.08072621153879007,1,0,0,0,0,0,44.78586129885481,0
7.230297492705802,9.565975445237122,1,31.213597243438155,0.023509028516722742,1,0.3240509893967577,0.08167427528197423,1,0,0,0,0,0,23.72162503986205,0
10.404615376645147,15.787917261364987,2,46.98482710405771,0.048965581777909516,2,0.678674442220308,0.07692665210483474,1,0,0,0,0,0,37.72323597917962,0
10.148870687567328,15.513091250005253,1,51.873488487245545,3.824476954703722,2,0.34514354530594793,8.837280235748517,1,0,0,0,0,0,36.98232020453575,0
17.29724634873205,22.87269540848777,0,68.73001899086728,0.13179371994948236,3,0.33969073683138007,0.19021050654871774,1,0,0,0,0,0,56.320140880658585,0
9.361862050832276,12.641561450118246,1,38.33048722492212,0.04383935749976134,1,0.39641629858642924,0.09810679298874277,1,0,0,0,0,0,31.14518619302367,0
16.628695513442864,26.076204739824753,1,76.18846764454679,0.024416043223783976,2,1.1192486452702528,0.07429427752847848,1,0,0,0,0,0,61.7613568914534,0
11.9136531423885,19.47743774128337,1,61.46274354714596,4.006396201618568,3,0.5944182890323064,11.10191218863433,1,0,0,0,0,0,45.64496484909829,0
11.279367552481075,17.72290796457486,1,72.18306917497677,0.8187482993659038,2,0.21486794971853118,1.726728422150874,1,0,0,0,0,0,41.9600128231721,0
14.57871881122029,22.523201377153573,1,76.1760561126616,0.31102373091799057,4,0.7450305334732799,0.4807094696494678,1,0,0,0,0,0,53.546547331810956,0
4.979554776529387,7.007321241556389,0,30.823067068200327,0.04042703370617319,1,0.5875596942037928,0.0766407946343245,1,0,0,0,0,0,17.059739707938217,0
8.105220920484262,12.008891551515656,2,36.238542599276045,0.053732739136147706,3,1.086813661798155,0.07980082054934731,1,0,0,0,0,0,28.87041572323224,0
11.351897929632303,17.499594855234218,1,95.71361230535315,0.050227502474066044,2,1.5691173424270457,0.10859138121196765,1,0,0,0,0,0,41.629787750210355,0
11.227746499778977,17.67018638061472,1,62.81007568735402,0.05220167951438827,2,0.9290293616416542,0.029262956243214615,1,0,0,0,0,0,41.8169911917916,0
11.217431173655122,18.02893333596871,0,73.53742561251559,0.040773685821158895,2,0.2925924811028138,0.07980082054934731,1,0,0,0,0,0,42.42783321292232,0
7.334201169820718,9.452435035875494,1,28.02033230211569,0.07670162240637785,2,1.5058296590783473,0.1832007045765925,1,0,0,0,0,0,23.449094683058604,0
9.788479455264476,15.425389227191312,2,52.913491016185944,1.5154126414632198e-05,3,0.2685345046272826,0.0799475654758862,1,0,0,0,0,0,36.48640159244895,0
10.332057055695698,16.29400301904469,1,80.0146302713506,0.0393211880066586,2,1.1075169594504748,0.02456996875697736,1,0,0,0,0,0,38.5289709971122,0
13.230100088450698,20.806837749665494,3,88.10422495161444,0.4468853332360554,6,0.43354110085455944,0.93136176188147,1,0,0,0,0,0,49.22100771625598,0
9.287814524347302,14.409065817164386,0,64.27617454078401,0.049154663706186374,1,0.3947713200600358,0.15190297159188343,1,0,0,0,0,0,34.217401435283776,0
6.007283134379275,8.412723029775032,0,28.069472487095414,0.04866594249748034,1,0.12377435494371775,0.07980494469887768,1,0,0,0,0,0,20.45153994136649,0
8.924894956364486,13.180561421035495,2,59.694968353611976,0.02375411476489315,2,1.5417952883610773,0.07962138318730938,1,0,0,0,0,0,31.727205081356974,0
10.80845284013544,16.859441282286674,1,91.532990976516,0.03938081455765025,2,0.19642319322936685,0.05401653261429351,1,0,0,0,0,0,39.98377909060187,0
15.194848727892094,24.37435690023602,2,124.38638593477569,0.05390721848800005,3,0.8482254304246537,0.01376149634283228,1,0,0,0,0,0,57.39639890359186,0
7.7202397938048195,12.467388807040088,0,52.99034317207413,0.0242281406402284,2,0.7803412294791213,0.022660429060637876,1,0,0,0,0,0,29.309343288563312,0
8.512426903711058,12.390914478185339,0,45.29697995683765,0.023285354612013826,1,0.258332262906962,0.09099990622071627,1,0,0,0,0,0,29.917696259606842,0
7.297442522997847,10.33900675101254,0,45.327153689083524,0.02328535461201383,1,0.7274342888875586,0.09099990622071626,1,0,0,0,0,0,25.13228655138865,0
9.30184781026667,14.739016734806917,3,60.35581735914231,0.03791475678316435,3,1.1821659601012295,0.07268404145651328,1,0,0,0,0,0,34.8209070620907,0
14.047967354182392,21.82658467232077,3,101.64592449984937,0.024986934584254477,4,0.4171779653321863,0.013992483410887598,1,0,0,0,0,0,51.82042895778234,0
11.412911520042737,18.43804566816784,1,73.93973852972589,5.5147921468247564e-05,1,0.8581706389440825,0.05525474794887468,1,0,0,0,0,0,43.33409453821576,0
11.213065594492472,16.868191858177028,1,79.60213233349947,6.960295982619323e-05,2,0.8450672238411137,0.11087283711885675,1,0,0,0,0,0,40.374486506137075,0
5.981128044682585,8.340238920605593,0,35.96150669724106,6.873913546343614e-05,1,0.5165672757259188,0.07785477416593155,1,0,0,0,0,0,20.378470990625452,0
6.860599696177781,9.408061256156142,1,30.18617984264076,0.022919538839661073,2,0.4278186310600464,0.15058316787050974,1,0,0,0,0,0,23.02094355735096,0
9.00621665318317,14.760604982737778,2,76.18138300628404,9.993687278945609e-05,1,0.7299275529741021,0.08441989348446992,1,0,0,0,0,0,34.56753573334747,0
9.739024289415488,15.78114523473655,1,104.72299684941865,0.0401472707348752,3,0.7709289077328367,0.009263640644579773,1,0,0,0,0,0,37.05886367362327,0
16.61605280788489,26.698832934075483,1,115.482659422632,0.04111043222822323,4,0.8307032521131216,0.1059298131735748,1,0,0,0,0,0,62.838102093734896,0
9.359861965822482,15.296531828159726,1,63.646482221262964,0.0,1,0.6277806550672334,0.0,1,0,0,0,0,0,35.848032056435606,0
8.241451864070012,13.083844319987564,1,56.98825995316965,0.049112216636714015,1,0.599940580960562,0.0459195067466692,1,0,0,0,0,0,30.876263407698296,0
7.198416511747004,10.393148495714705,1,45.556108054062555,0.04073562289877221,2,0.6109879566384976,0.167404149608205,1,0,0,0,0,0,25.096158726135954,0
5.696851363293824,7.24344851713014,2,33.45586921691757,0.0001783829918041703,1,0.4397339755136118,0.0725150888580107,1,0,0,0,0,0,18.15680638486993,0
10.385576999192331,17.433276614706635,1,77.35952808045909,0.050393973574333895,4,0.9739085029979125,0.1049806937352287,1,0,0,0,0,0,40.57873396401409,0
10.765896144704223,17.40961011452598,1,84.46900105155862,0.023582563867333307,2,0.23045490695070556,0.023501713251350774,1,0,0,0,0,0,40.91101549515176,0
14.96749645712487,24.075188141073323,1,112.05611632100506,2.9465455199012052e-05,1,0.3738107127073327,0.013709332729954617,1,0,0,0,0,0,56.64377201767586,0
5.852322651731883,8.912848215732009,0,34.401988259087354,0.035314401566875736,1,1.8027222179630717,0.1285993175646269,1,0,0,0,0,0,21.270853180421057,0
6.532904296308241,9.130708258298124,1,29.949377882656268,0.04945623690174777,3,0.26330239058097066,0.17874754100654555,1,0,0,0,0,0,22.23255589580876,0
10.714367736556895,16.65694431962595,1,81.2237070505947,0.022018775158475633,2,1.4010257365748608,0.05473985886420736,1,0,0,0,0,0,39.54488636535057,0
12.029471913388774,19.68327274371708,1,69.80705302330401,0.042421964200154455,2,0.19266032794463023,0.08084263012052889,1,0,0,0,0,0,46.11347253629978,0
12.22474559220168,19.18337737079161,1,88.51925767399437,0.04125572679647922,2,1.2785780741563029,0.04561083829383179,1,0,0,0,0,0,45.41796026179193,0
7.178269333284663,7.874193489146963,1,35.21841178769907,0.04973625965975097,1,1.6721019657099223,0.1123944954632264,1,0,0,0,0,0,20.45051870435374,0
10.223002344937864,13.50023013339883,4,58.07184652995247,5.0512208912592094e-05,2,0.7292616648680024,0.023501713251350774,1,0,0,0,0,0,33.183530137426295,0
8.51105856003555,12.334114878440529,1,59.84419762330789,0.02289707893767867,2,0.6248575768868203,0.0667975116662333,1,0,0,0,0,0,29.80260650452754,0
11.356487121775736,18.017063892889166,2,80.68236833079855,0.02125080268524409,3,0.6387417533450652,0.0710284969226447,1,0,0,0,0,0,42.54902690898116,0
4.683885726377238,7.301448694126081,0,29.61332386740575,0.05213722077732322,1,0.7488288015766242,0.12841936006340518,1,0,0,0,0,0,17.308929811497066,0
7.713647350268606,11.776904397592268,2,46.39221138116289,1.9656134642532017,2,0.8235936280405776,5.78785507997165,1,0,0,0,0,0,28.10522953150256,0
7.96697832150939,10.51720559427352,1,56.105980733175116,3.7845300719187094,1,2.0131007667939977,8.589496006165254,1,0,0,0,0,0,26.162469810299207,0
10.665978218145263,15.841527100419679,2,81.7979261092778,0.04910835078873957,4,1.7061446102677684,0.05034110870810605,1,0,0,0,0,0,38.004758857406244,0
13.232908565313412,20.465254653611115,1,122.21445200445137,0.03802075287287959,3,0.5362725943275386,0.022715358311983888,1,0,0,0,0,0,48.64231379037457,0
8.698930755620838,14.51215815818184,0,82.17439829414715,0.09136121348295083,1,0.7056461643170008,0.19681975929430545,1,0,0,0,0,0,33.833168472426195,0
7.252828273778698,11.563152243128867,1,62.62480011033115,0.036903083254753055,2,0.43502668072342127,0.07487781321152898,1,0,0,0,0,0,27.259951813814276,0
6.423969153080735,8.498882416300592,2,44.42032014228865,0.07533037245898205,1,0.7505167001244979,0.2638177214296441,1,0,0,0,0,0,20.947384452121003,0
14.346188629400531,22.69683520060539,2,116.22375718147347,0.052683309457266604,3,3.1028601987629107,0.0443745067805322,1,0,0,0,0,0,53.640032165018646,0
10.500207115810976,15.921934295072278,0,88.13483911772153,0.040369476567281126,1,1.7912184723858946,0.07949846199486403,1,0,0,0,0,0,38.02626065306367,0
11.192000943235,14.951846114229106,0,62.61356294746753,0.02310208376541592,1,1.3490869926057645,0.13726184637587982,1,0,0,0,0,0,36.816156165048675,0
6.9466105079063585,9.003593861526342,0,37.004690471120625,2.1983199470557462e-05,1,0.6143237780014245,0.0667247352487995,1,0,0,0,0,0,22.29499865843825,0
9.78166531565755,14.01036882461527,2,64.03410793942831,0.03934386262013791,1,1.1079813221673736,0.08114472839309442,1,0,0,0,0,0,34.00042916169359,0
10.814465836877776,17.15087876472135,2,120.47817704537027,0.053070290271385594,2,1.2189663215583482,0.07937432038161332,1,0,0,0,0,0,40.504489397834845,0
10.622775790646967,17.409281091012478,0,78.89811216432722,0.00010794143400353187,1,0.19416482924385195,0.0532106685175141,1,0,0,0,0,0,40.77335906377682,0
12.480809292677119,19.521102567045688,1,94.71976921362184,0.04205390302391353,2,1.6137807533834874,0.038167436545211174,1,0,0,0,0,0,46.25309464109661,0
5.697882386412995,8.725002566428559,1,42.70195331423327,6.235769268230255e-05,1,1.618796415278248,0.0530615396248214,1,0,0,0,0,0,20.799070227512715,0
6.944843883331278,9.90811336006104,2,31.348792586331996,4.40102494316175e-05,1,1.715801787185893,0.07393028642626784,1,0,0,0,0,0,24.062851393420047,0
8.3945461730637,10.454287524574669,1,72.80448669943522,0.022879882207405527,1,0.516916700144884,0.21546045758487878,1,0,0,0,0,0,26.32500687888118,0
10.396184798497726,16.32830550801637,2,90.59604724426958,1.8049341125269671,3,1.1551248039565238,4.009699580735447,1,0,0,0,0,0,38.67491458167984,0
8.707204303637006,12.631512279998887,1,90.07372512490716,46.95434362070574,2,0.36785308706148606,117.58112431749599,1,0,0,0,0,0,30.554087424491467,0
15.335736946839955,19.146188399847986,1,131.3846286160418,15.057682847509241,1,1.0851810596542064,43.135138834432,1,0,0,0,0,0,47.82222226307566,0
11.940473041722726,16.77437404134662,0,78.80310835708653,17.56407134669973,1,0.5556951749571557,45.13910265050864,1,0,0,0,0,0,40.94924965419102,0
14912.744036227556,25802.911969994744,2,77.4623410012119,235.9274721192823,3,0.7312551173363794,22698.919490477907,1,0,0,0,0,0,35.92985564931907,0
10.157555487457648,12.777243029083396,4,55.37669158931199,0.7055050617190638,5,0.7880338046439036,1.4885475399584798,1,0,0,0,0,0,31.940421934619984,0
7.228247422276322,8.442026438334763,1,34.43894945330749,0.1636892876643284,2,0.6344797249957268,0.21110398445632722,1,0,0,0,0,0,21.661074141988415,0
10.968726970802592,12.801091733760098,1,55.60218875861074,1.091611623280512,2,1.1370842096354292,2.981549766229631,1,0,0,0,0,0,32.66357570450464,0
9.296134815553927,11.816683623944991,1,62.97966921238327,0.11066431668261444,3,1.0596390108577227,0.2503645823679167,1,0,0,0,0,0,29.524564020987384,0
7.998170032699219,11.500478935262066,0,73.17901107494669,5.2239571289991644e-05,1,0.44925512625077996,0.10599076488794963,1,0,0,0,0,0,27.87167159420059,0
12.107093876177162,17.26686705423919,1,76.69557839437445,0.16456964152689085,3,0.6996834186161348,0.24227423581699986,1,0,0,0,0,0,41.900557151390615,0
7.348144912048447,10.291169758067714,0,64.52060646899798,0.023442559508450037,2,0.27835796497228427,0.02759771805494146,1,0,0,0,0,0,25.10454993594246,0
9.969116925587132,15.203529632083107,2,65.83907356395875,0.05613914028254498,4,1.0602169703809767,0.09673057666270071,1,0,0,0,0,0,36.259527978197106,0
9.842289817460376,12.587916084379952,1,53.15745569360942,0.0414752698350446,2,0.7978139717380788,0.07383484987457181,1,0,0,0,0,0,31.169661692455918,0
12.125502205138433,16.219004557572006,0,52.940988540318486,0.052430320018051625,4,1.0021771954849086,0.12912855420654568,1,0,0,0,0,0,39.707399267728164,0
12.983991302496909,10.66585671400082,2,23.33591875336741,17.906288729755282,5,1.5811979059889396,42.64062921541839,1,0,0,0,0,0,9.907679947494456,2
34.4060971905825,19.2653256685197,1,31.43754084694985,117.43833266966882,2,2.9828400276572045,324.3528155706448,1,0,0,0,0,1,16.64685702455191,3
24.19999975673878,24.354754308174595,1,63.58708360853251,14.687544100467479,3,0.2477445640191819,47.65868148348754,1,0,0,0,0,0,37.17955618320076,0
25.505290394519665,30.570316931119898,1,57.596552553413346,84.44347974577443,2,1.0592395646336992,240.04771387339832,1,0,0,0,0,0,22.47081053122011,0
23.182894345892624,21.935591184960206,0,86.95931044147721,76.3017770197596,2,0.17731568946280574,78.71843016588775,1,0,0,0,0,0,39.98965404115535,0
6.133753059398382,8.29611307949259,1,57.14053738782552,0.17974435772201378,2,0.6809890877512546,0.36072521867241747,1,0,0,0,0,0,20.386204880781712,0
9.527228785457726,13.944345106296256,2,64.75321484224132,0.03821497410208263,4,1.089424250369465,0.12728593423756868,1,0,0,0,0,0,33.62709232603707,0
4.820695269427071,6.413325740512129,0,49.39345152380881,0.023749870261823458,1,0.34751437543393515,0.07017074487148821,1,0,0,0,0,0,15.81210848993477,0
9.149954477409935,13.137661615833684,2,70.947521990122,0.07114553545939721,5,0.7560180705247135,0.17515537633847805,1,0,0,0,0,0,31.867879248576635,0
4.130873244971426,4.825460666763037,1,30.186157582515435,0.05013831676117049,1,0.21749606329076124,0.02281570263975194,1,0,0,0,0,0,12.389226404329056,0
10.47156752305737,14.24988983900137,2,46.77822926748196,0.05320680870810504,4,1.3525653689246953,0.05011672880599953,1,0,0,0,0,0,34.837341325131874,0
5.931930859093136,6.438669341539471,1,15.768931949503822,5.038202380100642e-05,2,0.7139216677948121,0.08133213525539922,1,0,0,0,0,0,16.600799186749647,0
8.23033556300704,7.30491728350162,1,36.2724612549611,6.097306396816412e-05,4,1.6946938314463964,0.049761272494106196,1,0,0,0,0,0,19.02975790262091,0
5.466324811032228,6.281975726670748,0,16.530242084752906,0.041490177999045044,4,0.36069615608000183,0.13244635524567522,1,0,0,0,0,0,16.14763850902885,0
8.06268068824698,10.40132898134564,1,46.89142928715903,0.03987806940019016,4,0.7773693438591763,0.052512753556498176,1,0,0,0,0,0,25.832219799553762,0
6.265506664554753,8.990807373246676,2,46.30388319106229,0.0775770630160381,3,0.8791777273098482,0.09152273971924138,1,0,0,0,0,0,21.77487794863541,0
229.383054745651,387.99958849638807,5,247.44969894041742,2.238673437361675,8,0.7143307620296131,5.128476305001344,1,0,0,0,0,0,901.3983178107105,0
8.5693115919719,12.550103164087977,0,94.18642939508715,0.05431634696693123,2,0.3580412901127593,0.05278011710868913,1,0,0,0,0,0,30.208217817470743,0
12.636289563017169,19.00296191904678,1,110.27384184756427,0.21724413749314786,3,1.0412586433848334,0.5899540262472613,1,0,0,0,0,0,45.5155491604161,0
5.790880627177415,8.438099006293623,2,56.92013257036814,0.5409235522265423,2,1.172427918476994,1.249071309985284,1,0,0,0,0,0,20.387812930873856,0
5.779590213115307,8.333381221653466,1,38.471607934862085,0.023768630126022643,2,1.4656225124705737,0.07435783100984858,1,0,0,0,0,0,20.11840854575597,0
6.401879751367238,8.13170140908918,1,55.18052441353617,0.4202409000943642,1,0.8982218522647222,1.2327624602447143,1,0,0,0,0,0,20.3788663206791,0
7.737032633685657,9.324230312845229,1,68.25536461632379,0.04065473195771348,2,1.203710204323086,0.10164354298020606,1,0,0,0,0,0,23.673480563091523,0
10.771701798038313,15.874630226450739,1,91.66631175318523,0.023714738098517582,5,1.0948119759348633,0.10841977917888646,1,0,0,0,0,0,38.20579484859041,0
9.65647347224924,15.262175123780626,0,99.50196322892512,0.0,1,0.32200578123855794,0.02033228975146445,1,0,0,0,0,0,36.07906099523866,0
13.093929830765047,20.820296446419587,1,122.3430972080139,2.0256803150422913,2,0.8673964587858207,4.967531054770474,1,0,0,0,0,0,49.140840532319245,0
9.229109668590292,13.374380505963513,1,60.28291056369213,0.02413353415638149,2,0.39343299919220315,0.05251275355649816,1,0,0,0,0,0,32.337543564518015,0
6.372678677832652,9.542863310434967,1,74.16873759737953,0.03877065117344457,1,0.792304731253042,0.0220139171150623,1,0,0,0,0,0,22.88229832493635,0
9.426651382919921,15.475652034706638,2,88.26382883334323,0.040466779570984115,2,0.3951456103252142,0.1018464265978101,1,0,0,0,0,0,36.22623801500068,0
8.914070759415692,14.655908066588362,1,99.17795465074339,0.024259988515456635,1,1.7504795910714321,0.02759771805494146,1,0,0,0,0,0,34.2958676640834,0
11.306971865070752,18.094921079306186,2,114.95782878956253,8.493070132045358e-05,4,2.1886078035922982,0.050822963494183734,1,0,0,0,0,0,42.63897849451637,0
5.289203633884475,6.6850108282015155,0,33.969599326257054,0.05429026053269827,1,0.6496311756894095,0.21127972825064487,1,0,0,0,0,0,16.759368288822316,0
9.118983786699783,14.076514935143807,1,103.40508147082227,4.234608899073522e-05,2,0.7848325477962859,0.048889423542235674,1,0,0,0,0,0,33.478505728233195,0
7.84744239015087,11.968574437327524,1,79.49138394691876,0.21748025307994776,2,0.16679978092310743,0.6267958288086893,1,0,0,0,0,0,28.548532569782612,0
7.189991846489109,9.365561154141087,0,93.18720881050768,0.050862557516999474,0,1.2587495084537328,0.07348518110206428,1,0,0,0,0,0,23.313649524027404,0
9.717313095615417,13.350048174652255,2,74.65060912975625,1.4652751040085433e-05,1,0.731513438337728,0.08065123654369336,1,0,0,0,0,0,32.704117660841504,0
10.958236185153705,16.4245608998554,1,97.88287397486549,0.024097725425245613,2,1.2911432367191715,0.06654594850556779,1,0,0,0,0,0,39.36888884341931,0
8.03649403816093,10.742839002404406,2,77.54890335000628,0.05109728216153199,2,0.825879682993923,0.09308560932438496,1,0,0,0,0,0,26.547958445605104,0
6.574845316277379,9.096927083972808,2,68.69255996540653,0.05062779636643289,1,1.4725307386308883,0.024519311653143798,1,0,0,0,0,0,22.27783743187953,0
9.175491978051902,13.595076917195856,1,74.28240501641297,0.16423164078399374,2,0.7329905996428444,0.570532924585271,1,0,0,0,0,0,32.681201381638616,0
8.015243206320124,12.471344164005671,1,105.049565732828,0.04168952082838721,2,0.8156334687984459,0.08069883700184927,1,0,0,0,0,0,29.579726029439378,0
13.531781607553768,19.28556213995794,0,125.22045158280285,0.9438193328514783,1,1.9257750817507748,1.69279968907907,1,0,0,0,0,0,46.82334796263005,0
9.963639962657941,13.864595105655342,0,82.89067151232726,5.792701374607621,2,0.9680730609884693,13.50671535598796,1,0,0,0,0,0,33.854581295596304,0
12.610422453575708,15.75408803390143,1,96.42004583131715,31.651758212342738,2,0.6328042075183706,78.4542112621618,1,0,0,0,0,0,39.70631291825482,0
11.501381632459859,17.5613058444799,1,108.81623685589008,10.107229896461735,2,0.6047248066734566,6.193702348773655,1,0,0,0,0,0,41.88613209440685,0
6.837852976929724,9.762853056908204,0,56.29408336773897,0.05096927568135415,1,0.5353755014958674,0.14653856119042122,1,0,0,0,0,0,23.719062192574903,0
10.041790741720618,15.889982219991948,1,120.04323240503575,0.0240427360402009,1,0.4036466803765931,0.054487885267400116,1,0,0,0,0,0,37.54981077925711,0
6.8868293096170925,10.662376077759845,0,71.00219564704705,0.0386582324146755,1,0.5402350836088832,0.031195895987857894,1,0,0,0,0,0,25.342391231173863,0
12.41500788216695,15.477494339125178,3,128.08810598451794,0.07596985825885019,2,0.5204549510404834,0.08134340662303577,1,0,0,0,0,0,38.692610756841546,0
7.201011651880859,9.599855918975942,2,46.91489897327473,0.0001306633826101973,1,0.5415488549366465,0.11598257473043155,1,0,0,0,0,0,23.715208684287155,0
8.138145363221287,13.076682740747854,1,92.03857490673485,0.00010172568532256002,1,0.5969702275220342,0.04062182413139578,1,0,0,0,0,0,30.780541960782838,0
11.859418454486928,17.716463854309787,2,141.32683140633122,9.597281547528395e-05,1,0.3599069720826756,0.05594683297858203,1,0,0,0,0,0,42.49667533759032,0
9.265069112538999,14.4615436303835,1,89.7876797445858,0.024298333663950084,1,1.060832880216385,0.07634218130053906,1,0,0,0,0,0,34.29700069938055,0
7.371642976930473,8.258076604509265,0,49.90507376712892,3.7168516883158835,2,0.6964580666278823,9.165079307272697,1,0,0,0,0,0,20.663181233975937,0
9.790183532844463,9.634085202855806,1,48.43963547390582,0.8414539512208384,1,0.6629665894403625,1.7385800452440012,1,0,0,0,0,0,23.148050950903325,1
41.19513746018001,42.36981710047625,2,53.73955349512261,0.19301548385564565,2,0.3191916943516048,0.5209040836872885,1,0,0,0,0,1,20.284556848168577,9
49.55467960841942,37.969741512492746,4,76.24983032715704,15.093750977483753,1,13.477966523658017,42.28693185543859,1,0,0,0,0,6,69.42086066946355,1
14.263823094123953,14.86461998485737,0,16.879265065286226,11.767980869097332,0,26.248516385123374,0.07445372936065862,1,0,0,0,0,0,38.71562255451837,0
7.545078335477183,4.473007319965804,1,37.027017956904906,11.373804993269648,1,1.9743718755969693,30.838282897470773,1,0,0,0,0,0,14.156257548431253,0
11.117851571327387,10.828272431577016,1,77.21609218210932,92.44847976946085,2,0.6236386669035792,234.72834625316858,1,0,0,0,0,0,27.788427400149732,0
231.6322347201999,380.05109046569777,1,130.63006588544363,81.7140939436724,2,0.3295600409288493,9700.604493379065,1,0,0,0,0,0,34.15958977000793,0
10.732861735525791,15.832619612912612,1,134.52440785743167,0.09617197397914005,3,1.183937461614256,0.39334528882157727,1,0,0,0,0,0,38.14533032919309,0
8.033050128311595,12.843429080026553,1,77.22856550300801,0.00014872680956540968,2,0.010569821036244605,0.03144893070419677,1,0,0,0,0,0,30.253240670110685,0
3.2696007126044764,4.543711074534696,0,22.43485667552678,0.00011898144765232774,1,0.1620245423332203,0.02515914456335741,1,0,0,0,0,0,11.11420905762511,0
3.385135876992797,4.898037779474096,0,17.970097485389697,0.0003781464651724441,0,0.3520378336630182,0.04674598887488385,1,0,0,0,0,0,11.825220403935743,0
7.0973546129940495,11.02569151271144,0,62.66216651098728,0.021894811371259804,2,0.012250204684750906,0.0,1,0,0,0,0,0,26.178430059849646,0
8.062621718228375,12.218386788530076,1,80.90481764148353,0.02169485635211391,3,0.31672584781408697,0.04137919747086942,1,0,0,0,0,0,29.169797271252598,0
4.759480354463698,7.368375807504794,1,42.26588866169757,0.04691745293841386,2,0.2970176025605674,0.0,1,0,0,0,0,0,17.49681038085597,0
2.28155290042956,3.0658476555883127,0,9.66590659321995,0.0383598909651936,0,0.3583317197922724,0.014858976073757578,1,0,0,0,0,0,7.544649490824972,0
5.86931703082261,8.303381486908124,0,35.00839069982964,0.00010001533204950855,1,0.5299397092633769,0.050928251513695455,1,0,0,0,0,0,20.206664974227326,0
8.050234680820495,12.561891453693269,0,76.69453770675639,0.0357993089500995,1,1.219265141988021,0.0928242466145158,1,0,0,0,0,0,29.792327859803795,0
12.563471353496839,19.85819342383496,1,134.19916320597738,0.020418657608443247,2,0.3835915572228198,0.050928251513695455,1,0,0,0,0,0,46.94052177188112,0
7.339236686480264,10.92671583346954,1,70.59952899417499,0.0202434164706848,1,0.7493090136021099,0.16725077008022268,1,0,0,0,0,0,26.24014844681438,0
8.06727136642478,13.244280636777866,1,76.17080639865816,7.820240318571646e-05,2,0.5564598125253872,0.014858976073757578,1,0,0,0,0,0,30.99606198771231,0
2.6809228472659687,2.6906311929117566,0,16.952105049442142,0.03522143326917681,0,0.6920814595600918,0.050611628670500425,1,0,0,0,0,0,7.220933802592759,0
7.797455683352756,10.946941156408975,0,55.87517935138477,0.033210879918232586,0,1.7200257621243364,0.053279548555556076,1,0,0,0,0,0,26.65487909041063,0
12.517535780674226,18.940204332749722,1,141.24417864963362,0.018582187713523025,1,0.5488865621770388,0.10495373503342098,1,0,0,0,0,0,45.27904016989835,0
10.751863943858819,11.955710936733972,1,62.16922024888075,0.035882411275829834,0,0.7543642034999174,0.09720775447260885,1,0,0,0,0,0,30.924623232834122,0
13.796615194343264,16.62059163110288,3,152.16771191165287,0.07308401264016147,0,0.19411981520798774,0.046210371076548976,1,0,0,0,0,0,42.23931764763745,0
9.818547982101101,8.348924002656235,1,53.397288610225885,0.049335675917806354,0,3.292275031015723,0.1296492141289047,1,0,0,0,0,0,21.047203614874938,0
11.40222875165209,18.01862863998478,1,160.18817894545637,0.040121362847900584,0,0.4493985489196288,0.048163121066198786,1,0,0,0,0,0,42.59328840186435,0
11.707069234156899,19.808833127030017,1,139.67251769588196,0.00044195314286265706,0,0.7243265564159744,0.09267644048246707,1,0,0,0,0,0,46.016831524092254,0
2.4147169797667836,3.234829357259441,0,16.835294817202218,0.0006957706452532682,0,0.6285419142133419,0.026378016781657007,1,0,0,0,0,0,7.989413620297691,0
4.120159472591479,5.549762940002359,0,22.34607173607938,0.0002648372702016525,0,0.0,0.050201876890212466,1,0,0,0,0,0,13.553065613481458,0
7.678455884857459,12.409540401095182,0,60.702037775959724,0.0002718077804555705,0,0.42705163012364805,0.03364130959395108,1,0,0,0,0,0,29.15675755712346,0
10.967097679259423,18.433291690065733,0,152.82696264651202,0.0004936228598798008,0,0.6891908736913079,0.04965763140676391,1,0,0,0,0,0,42.89409218832478,0
7.438824652801462,12.00483084097239,1,72.01203963936499,0.00047692664800542245,1,0.6987808636998012,0.04250304356371287,1,0,0,0,0,0,28.228020555146614,0
2.5147036346549174,3.045936662074872,0,9.445923893924638,0.0007149779069836642,0,0.31837491347636376,0.018164871490617643,1,0,0,0,0,0,7.760571791334978,0
6.25976943824164,7.1727076843069355,0,25.802942596907748,0.0003582481518777051,0,0.6821485209672223,0.1038554056819611,1,0,0,0,0,0,18.475577889278565,0
7.465440609206263,11.307198905555902,0,69.26782376814319,0.10933779257602735,0,0.4661228361241064,0.3032193635099096,1,0,0,0,0,0,27.038340075773682,0
10.273697964202432,12.094813878569093,0,109.298838353297,0.0482065318444909,0,1.3484054377864285,0.08373328186367704,1,0,0,0,0,0,30.617901364066654,0
8.660107566844651,14.23202235532294,1,90.39642321620353,0.03780019067821444,0,0.7243265564159744,0.0320008086801169,1,0,0,0,0,0,33.30655064815653,0
3.180157793721041,3.3051143885076684,0,18.6448069550087,0.03669302477804598,0,0.3919860919958141,0.04269261253280025,1,0,0,0,0,0,8.840297496185626,0
9360.549928557559,16202.74644890882,0,16.3226814014881,154.00129389683084,0,0.40799635807279183,8575.989145698433,1,0,0,0,0,0,13.88199379782494,0
60.56566563874868,78.02932881697835,1,139.02936391136424,127.55101971381002,1,2.870635441828892,384.0381477461392,1,0,0,0,0,0,48.75813869071924,0
12911.423606904034,22352.20687609413,1,69.70391458709574,146.83410157024664,1,1.8487941671184596,13355.261112531109,1,0,0,0,0,0,14.419957668665393,0
149.878026273733,249.2721413724611,0,33.63363299837189,93.02151211609862,0,0.0,11638.607500650685,1,0,0,0,0,0,15.731006199034852,0
6037.9019842230855,10446.613326120087,1,66.09259583664799,139.37045086012344,0,1.6663466327242742,8324.950065366067,1,0,0,0,0,0,15.03062572585641,0
9.963725998330823,4.3850906591792915,1,38.849851396427866,19.83476397219268,1,0.0,49.349913024622246,1,0,0,0,0,0,14.063975838708743,0
10.524217753410555,12.516393516134782,1,74.3815273332291,25.223064386185925,2,3.262458321658063,66.42546149579533,1,0,0,0,0,0,31.78080642088748,0
6.813835090061735,9.6306714583978,0,77.1479246238653,0.04120248972798542,2,0.9600799586735788,0.048380104335510814,1,0,0,0,0,0,23.4303993198734,0
6.218614405215359,7.588418558587594,1,60.79023200834775,0.023405007301731486,2,0.9455541249581707,0.10949263898965635,1,0,0,0,0,0,19.210097831160418,0
7.492427600974741,11.281044304302934,3,75.13013166959125,3.812322456853909,4,1.249396461127032,9.884204346709282,1,0,0,0,0,0,26.99873415475131,0
8.08494120883419,11.925355471490569,3,106.09905538541794,0.16296375632485702,3,2.408729996739506,0.4602093115469894,1,0,0,0,0,0,28.702767296048286,0
6.518401797404515,6.596584670757465,1,75.90552488252453,0.10559410731363056,1,0.826150212723836,0.19039028831350127,1,0,0,0,0,0,17.620151582588754,0
7.6081055975952205,11.591585599253227,2,71.74046439305734,0.10854421850544521,2,0.46650434313660505,0.21470341909566606,1,0,0,0,0,0,27.625547549635705,0
10.521308551486879,15.34563497578783,1,114.07661376179823,0.6968272878128243,3,0.8914106950188789,1.530853731075158,1,0,0,0,0,0,37.04743918632151,0
5.730679485768672,8.237823214350177,2,36.150994472987435,0.20347123310506193,3,0.3919860919958141,0.4188708235765871,1,0,0,0,0,0,19.955260959031964,0
9.157242922769024,12.576493255169796,3,93.55187695004281,0.0507167981024635,3,0.2912579119597288,0.08118608114315592,1,0,0,0,0,0,30.84408006569893,0
10.174467152520409,15.897570283429223,2,110.3565150827109,0.13108761628100932,4,0.7048196772556703,0.32300432410262425,1,0,0,0,0,0,37.6883824457047,0
8.418731408531363,11.815771385876287,3,93.17301445974981,0.04202653324715609,3,1.4905525836596483,0.20517113999566372,1,0,0,0,0,0,28.820512169548287,0
10.025627473201514,15.82535481851298,1,106.91176310914847,0.2027530811399551,3,1.5069576143563612,0.7294057010300645,1,0,0,0,0,0,37.418249796384956,0
5.109261845447135,6.876789044433786,1,38.40223537526707,0.2004514998003559,3,0.40403330348634847,0.5105743246291814,1,0,0,0,0,0,16.941550403938166,0
8.082592371307927,12.615840180872045,1,118.55864423285686,0.09709564983570304,2,1.4762684172536686,0.10896647800159387,1,0,0,0,0,0,29.9241440430776,0
7.359764552039467,10.971636017717458,3,80.02475645750928,0.21240850095154717,2,0.4278825010764766,0.6472164916585514,1,0,0,0,0,0,26.317143756906763,0
7.397728637136276,9.913555280495585,0,76.16005011357458,0.21529246222802387,2,0.4430882878221145,0.6197586516675258,1,0,0,0,0,0,24.458335800334822,0
20.869202683422046,24.50150636112411,1,50.72389225006697,52.1101378497185,1,0.9038000317132655,150.6709392792993,1,0,0,0,0,0,19.657727944491082,0
698.2145313349733,1199.7535052245562,1,79.89569707084345,145.16787730514795,2,1.348864378308707,10108.851793678894,1,0,0,0,0,0,15.260396164731212,0
1096.172774945482,1881.7480698054005,1,77.55164321651057,176.07920084308847,4,2.52872172750176,18160.72483089394,1,0,0,0,0,0,26.179364993452552,0
5.062940985974728,7.088670680468809,1,75.87548078020959,0.03974518093911772,2,0.9513501755671123,0.04885856009144113,1,0,0,0,0,0,17.303202911184925,0
4.186816691913847,6.085413431218365,0,19.76803249351745,0.03882445309102624,1,0.6154780766906074,0.025310849270187244,1,0,0,0,0,0,14.677500413080395,0
8.33532999713978,12.041671599773021,1,66.46311785230839,0.03891503981311096,1,0.39846841121332965,0.07257391449141667,1,0,0,0,0,0,29.144062186173436,0
16.49075327196035,15.193243261829656,1,112.83933153053559,0.05597968151536814,1,0.3753927048868836,0.05944306736061984,1,0,0,0,0,1,38.35245581951847,0
12.337337032844665,17.81680871748081,1,124.27953807708403,0.038574320992838515,0,1.0236819604954475,0.02496693943731627,1,0,0,0,0,0,43.11413338261555,0
2.811369882863926,2.6819428201797297,0,39.775099082865516,6.156839576024712,0,27.09840597512798,0.12237330209988373,1,0,0,0,0,0,6.88523261714466,0
0.6053873231278125,0.6361710738908902,0,6.612051198524562,0.03147351712116481,0,21.768708563852407,0.11158365987061915,1,0,0,0,0,0,0.44151835562411773,0
1.2237334510127276,0.9482465823796585,0,8.870968493329961,0.060419697801176245,0,24.219184965591456,0.08388107709086574,1,0,0,0,0,0,0.7244518979982939,0
27.678115575232543,45.43856762159892,0,23.20832325226899,0.03103548801910213,0,24.127183245207995,0.18085046602221405,1,0,0,0,0,0,1.2256469942699693,3
29.010821441099093,48.22968378973542,0,11.176394522500887,0.0316714651303906,0,25.03264814667441,0.09016428260632234,1,0,0,0,0,0,0.8790063359995528,3
1.6021972746427855,0.8195086147954697,0,8.481469521629457,0.1312998188412247,0,16.300664749701042,0.18981196199836115,1,0,0,0,0,0,1.0021776333630088,0
1.6809209787587909,0.9711209571322694,0,25.51589797514921,0.014957957871268523,0,33.24345098916363,0.06914451842307728,1,0,0,0,0,0,1.3502301779053472,0
2.2153825943455647,1.8864241867698766,0,16.952054517891977,0.02656168960968423,0,26.462389060101522,0.141915071867245,1,0,0,0,0,0,1.2112945047780368,0
2.4791321482002133,2.719463203804609,0,7.566945998030278,0.11217428816674292,0,16.067925233471925,0.20709542618206966,1,0,0,0,0,0,0.5386237428708824,0
2.8429809599848985,2.450174705274374,0,14.276298844684748,0.07891151768659195,0,29.34504110660035,0.09498062312150962,1,0,0,0,0,0,0.7543982221960066,0
0.9273801191612279,0.41379931278559334,0,10.50170076278473,0.05642117746047964,0,16.963314880361917,0.18399229111010845,1,0,0,0,0,0,0.884773485979703,0
0.5258663413619922,0.24003802239675429,0,5.7879981784476735,0.07004761858876202,0,10.820600184549267,0.1716136544574015,1,0,0,0,0,0,0.5195724852168793,0
0.5984865867841577,0.48194033773202105,0,15.496131848079976,0.00016305129057191253,0,37.81144296591278,0.024809135127441838,1,0,0,0,0,0,0.7960185084067967,0
0.48283192000759706,0.25907239760794,0,8.567552905000372,0.10529669052745522,0,16.843863202628903,0.1363921896856594,1,0,0,0,0,0,0.449592236482019,0
0.8471916265074301,0.6236137706074137,0,15.014476430425994,0.08014632157804005,0,40.80115086135422,0.07800353582099097,1,0,0,0,0,0,1.6789918942243438,0
0.9595283839518878,0.3045671246633287,0,10.081130989933957,0.09255342081610654,0,16.39562200818919,0.18736327862874042,1,0,0,0,0,0,0.8068343546879841,0
0.6573786045099714,0.29703033928542083,0,10.401664017745745,0.07203758685325556,0,17.914805274708183,0.09230649856046787,1,0,0,0,0,0,0.912138164563418,0
1.2232904788298242,0.8088804935842958,0,7.583409122894745,0.06965161022742322,0,27.209230795827043,0.1392658550730623,1,0,0,0,0,0,0.5715033468730026,0
0.6823740774132875,0.3806923758226723,0,15.402196104238262,0.08024396497931241,0,23.71590028184967,0.13949009768970555,1,0,0,0,0,0,0.9003689401786507,0
1.0696680757479085,0.6469944739059492,0,16.045401087838876,0.07602134626407332,0,23.103012494973974,0.29227168912336426,1,0,0,0,0,0,0.8280970430399234,0
0.648229598596537,0.379641776876945,0,9.3209841885818,0.018245926187485807,0,27.634535486797706,0.043533845407707814,1,0,0,0,0,0,0.832348143957717,0
1.3859753938447086,0.599982795103191,0,18.387900024686136,0.11090070362670718,0,21.28821852779061,0.14850737745367615,1,0,0,0,0,0,0.8401409002513218,0
0.41219555942583913,0.10352653246967511,0,1.85606685905727,0.10461316228470413,0,4.97031422151024,0.18652565161966322,1,0,0,0,0,0,0.29732496837428996,0
0.5193801524964449,0.3538480647643594,0,9.953164294540302,0.03265031886751254,0,33.300073811074796,0.01075077791586488,1,0,0,0,0,0,0.9809777359794739,0
0.7712807108517249,0.24280626100426503,0,12.150125605376777,0.1269219489852136,0,19.205403222377907,0.23578718603394738,1,0,0,0,0,0,1.1598018168571342,0
0.39385186732530386,0.19269232698699168,0,1.2131296649871535,0.09780385170396673,0,3.8685770112224267,0.2221844054800334,1,0,0,0,0,0,0.26902924581579796,0
1.0353458167782752,0.5800811855629004,0,7.566159632684091,0.01599180391921292,0,26.112060432515552,0.024809135127441838,1,0,0,0,0,0,1.0336764464494193,0
1.090288734918008,0.4367978868369719,0,14.749024222753352,0.06796872375117358,0,29.284076947582452,0.1285612549502313,1,0,0,0,0,0,1.3557564385164325,0
0.6279754948530989,0.2687844892372728,0,5.290300942009161,0.09768186815857093,0,3.538839162156857,0.14698317160647664,1,0,0,0,0,0,0.7979052198270693,0
0.965213882800775,0.5325110591814917,0,19.169480394968193,0.030854978096896402,0,35.885234508204505,0.09245625931892386,1,0,0,0,0,0,1.1966757262017373,0
0.6675102724180797,0.3993758358774102,0,10.196833433694003,0.07247298055182019,0,12.36100820087843,0.1794974496186451,1,0,0,0,0,0,0.588253578452916,0
0.5746550140509306,0.24994442961272514,0,6.333758562762956,0.038888072035266084,0,22.626865063687656,0.07899509379723874,1,0,0,0,0,0,0.8127035210770299,0
0.6306788989727207,0.4416301629799461,0,15.519996537112583,0.07803045793677012,0,28.27530595323047,0.13084098669074135,1,0,0,0,0,0,1.0945754516505761,0
1.0852552002020417,0.7178264451454881,0,8.307601291892286,0.07017797110943344,0,18.823247185272148,0.16089090903902248,1,0,0,0,0,0,0.6358909012339365,0
1.041887125425491,0.40409308005841277,0,12.441163744835901,0.03337393304839478,0,19.26787868748113,0.12927637503876355,1,0,0,0,0,0,1.0440020997486172,0
1.3784135498064802,1.2442052436781643,0,6.054523823985134,0.07556201119649769,0,18.744430662379912,0.174746003940699,1,0,0,0,0,0,0.519923481928613,0
0.8909430512406834,0.3360532338369221,0,14.911217811316236,0.0766206924511404,0,29.983864786974166,0.10377831476922744,1,0,0,0,0,0,1.058349760933992,0
0.7693409563880752,0.37521036963285187,0,14.818672147734222,0.0689655470965384,0,19.65756622822467,0.12219593499620122,1,0,0,0,0,0,0.988527047818125,0
1.0067590685227605,0.5216842041949389,0,14.656248792442252,0.040461038839432195,0,21.681460347944167,0.13084098669074135,1,0,0,0,0,0,1.0218929529676128,0
0.6436666245752407,0.46215757620407383,0,10.032237290179651,0.0569386954525917,0,18.274538190553468,0.10608311829223604,1,0,0,0,0,0,1.1565676718102464,0
0.7853634190261573,0.5093705610028637,0,10.205690454004383,0.08992270641128682,0,22.302000813604117,0.158502801174984,1,0,0,0,0,0,1.6667270473430476,0
0.5162724524565061,0.15963252155885366,0,7.783560695981423,0.0351634340751997,0,18.58107323727279,0.13593594479864857,1,0,0,0,0,0,0.6519434174670977,0
0.5589228081854775,0.20415432414306303,0,7.615666777068891,0.03886497757698185,0,23.780457085445875,0.10284577400750475,1,0,0,0,0,0,0.76724598346392,0
0.7121120196201975,0.44137031633139423,0,6.61303361092828,0.0332122387260404,0,17.100926518604126,0.10377831476922744,1,0,0,0,0,0,0.5670972901441149,0
0.7052549596977513,0.39794066627614477,0,15.30627792019676,0.07347050212988658,0,25.132819498582435,0.08526544556054613,1,0,0,0,0,0,1.3493090970395318,0
0.6626098889499231,0.30566865862176124,0,13.581705643753741,0.11661880666577479,0,18.303136379279977,0.11016363786298138,1,0,0,0,0,0,0.9463594312457599,0
0.7285966835352974,0.28285168076803285,0,13.53746909569217,0.06689415234182808,0,21.672475836279986,0.0639172015350611,1,0,0,0,0,0,0.7402968952264191,0
0.5470942078548262,0.23614893238943716,0,13.762767182139427,0.06780761202842772,0,15.363363990106567,0.10377831476922744,1,0,0,0,0,0,0.7129446277379046,0
0.885707115518285,0.4531841778001448,0,10.38624930390791,0.035032422705792654,0,28.02424334396133,0.08950887627529977,1,0,0,0,0,0,1.104096605413742,0
0.8806804757720532,0.30523623405050426,0,10.689885116409,0.0751338133150362,0,23.254080375231403,0.06816536730960474,1,0,0,0,0,0,1.023236081895499,0
0.8305789235606417,0.46530481284032643,0,12.443404486886966,0.027980813401821653,0,18.03660276592827,0.04329777654960756,1,0,0,0,0,0,1.4448834587555637,0
1.0720257261867108,0.9314849793287073,0,6.17695491768512,0.09238191464441041,0,13.623431301984606,0.13492092386936574,1,0,0,0,0,0,0.5266051166857133,0
0.8295758316645266,0.32920520618542093,0,12.649103515290655,0.07567013197839409,0,21.896281998080504,0.16430245100195712,1,0,0,0,0,0,0.8973438781513117,0
0.5098940684653078,0.1441925839219048,0,8.745378886091345,0.03601782823324875,0,16.524978926800376,0.07224677513399844,1,0,0,0,0,0,0.7269670359229417,0
0.7634870594063081,0.3519330014867755,0,14.260696763586406,0.03401141945571059,0,15.475509820187826,0.09259641348946537,1,0,0,0,0,0,0.5452720896984694,0
0.9073156846451521,0.478204579291636,0,12.284052363086573,0.07365865157075187,0,20.055523010525018,0.07283157998280132,1,0,0,0,0,0,0.9231503389823468,0
1.0344560952028838,0.4753731169625869,0,4.668577021665646,0.07057603131142828,0,23.621149168912677,0.10377831476922744,1,0,0,0,0,0,0.977612048961527,0
1.3264525042845554,1.3396125268766494,0,5.973813106849268,0.0689655470965384,0,16.121075704285968,0.12219593499620124,1,0,0,0,0,0,1.2717871595446302,0
0.8988231288212061,0.47034771051110125,0,12.550459062747393,0.03435728349763667,0,26.135784482190402,0.04793462101103403,1,0,0,0,0,0,1.4533369346908993,0
0.9962603701005635,0.46354807938696235,0,13.764302552684935,0.09036656850799801,0,20.94506429456304,0.24882912272676627,1,0,0,0,0,0,0.9799958252437457,0
2.816423100032412,1.5985645112357671,0,32.7073733221695,0.19112225274618905,0,34.50573294538372,0.3573656063342034,1,0,0,0,0,0,2.155570407575813,0
1.6709479430347434,0.9591688268816442,0,16.214246064135274,0.07416227027621047,0,28.389742735767616,0.16089090903902248,1,0,0,0,0,0,2.8970501473069987,0
1.572444996650608,1.585229043450387,0,8.666535498952388,0.07992520468479898,0,13.554508511713186,0.13492092386936574,1,0,0,0,0,0,0.6713616732605873,0
1.2372797948591274,0.686742780087045,0,7.513142539811272,0.07895287354253938,0,18.48405210640879,0.0852920314646975,1,0,0,0,0,0,1.2692586057630708,0
1.6344106252657817,1.1237780499501657,0,10.775913039008241,0.07175611117046134,0,25.277397387509957,0.09303267727861705,1,0,0,0,0,0,1.1429661335438583,0
0.8947413235891248,0.5817590705665228,0,10.570950277200435,0.11166348807345693,0,15.671873838368377,0.14138002111972323,1,0,0,0,0,0,0.6071918425510143,0
2.1840830931646797,2.368745028738484,0,12.579037929925649,0.06963811390231278,0,27.634428458435526,0.13508155791044216,1,0,0,0,0,0,1.3004434770047362,0
2.1242507389022496,1.5184820994904604,0,11.681788494392837,0.07050605213409966,0,26.42152494905879,0.1532449905141498,1,0,0,0,0,0,2.0809660225020608,0
1.3552105700734218,1.2871040232491704,0,7.771173162389655,0.03823828928740319,0,17.97654105053996,0.14007527769329856,1,0,0,0,0,0,0.6760837629144177,0
1.1544960660388695,0.7563193262514187,0,17.595352439727026,0.033037408603456345,0,29.196964907507297,0.09233110347567705,1,0,0,0,0,0,2.36128247742125,0
0.9746149811839269,0.510463003480485,0,10.006408794185194,0.07260479509513075,0,29.013552891211155,0.07283157998280132,1,0,0,0,0,0,1.5635907540953777,0
1.1684380613700698,0.3666832093936284,0,11.260807720284834,0.07573837860465046,0,26.204855914510496,0.1219228501010497,1,0,0,0,0,0,1.156506130460576,0
1.711254842186424,1.2321630930269885,0,13.345813239116723,0.09071851463795887,0,22.3619890841452,0.3030577210467976,1,0,0,0,0,0,1.2478023738367043,0
2.3099208832961784,1.2184786796090872,0,6.551656675178062,0.07964859854447416,0,19.116988051698563,0.22421156389319583,1,0,0,0,0,0,2.243481237907541,0
1.7390883255238299,1.3712412859981318,0,14.627807425153048,0.05568321873550477,0,29.14939342575134,0.1708896524097267,1,0,0,0,0,0,1.2974034725539165,0
0.586979540238584,0.22942054809006435,0,6.88670832480416,0.0665487731742521,0,12.93138196551561,0.1710691935554645,1,0,0,0,0,0,0.5247475111901476,0
0.6692668780433833,0.44482423836924323,0,9.22107194350872,0.07769257496655431,0,24.114038167827708,0.27704882137515546,1,0,0,0,0,0,1.3454986720512925,0
1.370934072518149,0.8854947174648722,0,8.964259228142808,0.07784415310048898,0,30.261079543347222,0.17627818359181102,1,0,0,0,0,0,1.8158914186872688,0
0.7085265666123537,0.3995583158319716,0,10.529299699255654,0.03858860658290667,0,28.166086700230572,0.1129850147547495,1,0,0,0,0,0,1.2015005354229535,0
0.7375936541498207,0.17301937415620935,0,10.405529637094162,0.0740474368913612,0,10.883913388120057,0.11078868418329664,1,0,0,0,0,0,0.6811263304398366,0
1.3464140225023828,0.9167174697131389,0,8.120399238438175,0.03449071227126379,0,33.572478999152516,0.12312640160642388,1,0,0,0,0,0,1.9677321799056864,0
1.1526330233694553,0.47324303213267555,0,10.168205636832209,0.0751660622195282,0,27.607038791554576,0.09865014664133873,1,0,0,0,0,0,0.9639860757946828,0
0.9635670958356009,0.4775393862923642,0,10.905594192892059,0.07641300446341387,0,25.142318841107745,0.07212977005808546,1,0,0,0,0,0,0.6760839495998572,0
0.8987531293373843,0.3605826893475479,0,10.623223278392782,0.1109462024532929,0,25.213051513586183,0.13635537033765216,1,0,0,0,0,0,0.9707397908682716,0
0.9067770782484155,0.29535182185112124,0,15.543185286654122,0.07194988928475858,0,35.1931049126552,0.2062871133227004,1,0,0,0,0,0,1.0708335228283368,0
0.7964661020750542,0.4792681490167159,0,15.63419643400472,0.07643119502291104,0,27.63408267222328,0.10284577400750473,1,0,0,0,0,0,0.9467364575138837,0
1.0034810692211322,0.574051811763025,0,14.594902463322104,0.06637775378835,0,29.698416308844433,0.2089598667090255,1,0,0,0,0,0,1.5432332707750032,0
1.2810822166208717,0.5781474928691304,0,15.536270306765012,0.0757053041490155,0,29.241412171116423,0.1255952029036502,1,0,0,0,0,0,1.5538772571351631,0
9.223009717786455,6.434495359588225,1,293.79274516656864,0.5515886928672276,0,448.34868465325735,2.0758863136515524,1,0,0,0,0,0,12.19988352679078,0
1.0440164991956178,0.5380456363351585,0,13.330111904153675,0.03876294725617608,0,36.29107240548655,0.06813860464022006,1,0,0,0,0,0,0.9081289834266231,0
2.1223197311218116,1.1355578263657604,0,8.862044571270367,0.06696275427300011,0,29.303140501767018,0.16171645365731196,1,0,0,0,0,0,1.7145220794564022,0
5.673389389090792,7.197038165659469,0,10.362426448791101,0.03605209476554757,0,39.696543535021675,0.13724213977589797,1,0,0,0,0,0,2.637515517740525,0
0.6771528673025953,0.2688831986736798,0,5.381709023097309,0.03533801037629288,0,11.367546955972486,0.22323061084387763,1,0,0,0,0,0,0.7779621532307828,0
2.15877217200203,2.5220494151978605,0,5.0484326255972745,0.03496595408745337,0,9.062613086059285,0.11726884850268268,1,0,0,0,0,0,0.6006532382666416,0
2.0136872612106957,2.19735494251162,0,7.880809313749325,0.1253153191431325,0,32.02356052477044,0.23877467370910907,1,0,0,0,0,0,1.6572469111457335,0
1.44938991290509,0.7904203012881099,0,23.32839638492318,0.03095675155524965,0,36.039428813537576,0.09865014664133873,1,0,0,0,0,0,2.553944237375161,0
1.2238141815880708,0.4788894409817193,0,19.61156299101414,0.06552493221422802,0,28.29065023358715,0.23646244900050983,1,0,0,0,0,0,2.036903422177466,0
0.5796731728450644,0.14952626918636674,0,6.125175064475489,0.03516739447191454,0,5.836532552064847,0.179077274030663,1,0,0,0,0,0,0.42005148147186616,0
0.24176632825861416,0.06646320575128917,0,3.604991371293983,0.04028867243072158,0,10.776004496683814,0.05463264775318714,1,0,0,0,0,0,0.35357055620662625,0
0.7946621739055321,0.7851134843459592,0,18.424784514189028,0.00016313490401658175,0,40.89274544396627,0.02168269258398327,1,0,0,0,0,0,2.0657921402201085,0
2.072459581872155,0.9213853247695035,0,17.881808442818638,0.07731330423763685,0,36.856087138891326,0.17180185770781836,1,0,0,0,0,0,2.313087378637684,0
1.4094951346538862,0.73353645371978,0,24.897076346181137,0.1457243138204603,0,40.96353077383575,0.3424147109966133,1,0,0,0,0,0,1.159610236554638,0
3.3441879515397113,0.7273476479841728,0,30.32494583149404,0.5928861922144277,0,40.992073587051514,1.1952301244613497,1,0,0,0,0,0,3.6396495962202327,0
3.0515988710254502,2.8705810402793506,0,12.474554471672299,0.28126374547746347,0,49.94618922713432,0.03680801221033052,1,0,0,0,0,0,1.8392016228017518,0
2.1362881168938603,1.1120997487165054,0,24.24953613563018,0.11347517515552422,0,39.66274940616437,0.3758377654062064,1,0,0,0,0,0,2.7471409093024337,0
2.3752755626370523,1.2004104288102062,0,18.830699367667727,0.07821270576866246,0,23.8318735319519,0.10433783167019137,1,0,0,0,0,0,2.201832090917888,0
3.103824592225218,1.712478573787129,0,27.590009923927482,0.07205942068971477,0,64.19407906476418,0.41427174537474487,1,0,0,0,0,0,3.136428443087113,0
3.2204146497902344,2.2638245603980813,0,2.6342638964243443,0.2947291366754419,0,4.660078949666859,0.6196849280747645,1,0,0,0,0,0,1.3824286465354807,0
1.6484086634200745,0.7864825032711187,0,12.166527380905698,0.08100670395108787,0,40.102868901146834,0.11027835410912819,1,0,0,0,0,0,2.2172431826320746,0
5.546736445547957,4.676471455826125,0,34.43471978329477,0.03827383899442105,0,55.83809503167038,0.23168609596583845,1,0,0,0,0,0,4.856836422381432,0
6.139124611187482,8.56070193758735,0,12.924469310490485,0.12323754084922242,0,7.937903375147682,0.31440712484794753,1,0,0,0,0,0,1.0750068175633753,0
1.5737632733492115,1.0747109390988903,0,7.01642504537568,0.2918207402994525,0,23.317331343362028,0.1973623213568762,1,0,0,0,0,0,1.4945345589068766,0
2.1342982610883747,1.369647767980523,0,23.301781961982773,0.02743654038979685,0,69.57688519497762,0.0604275038033039,1,0,0,0,0,0,3.7735099039463718,0
1.3491632833263376,1.0146774872711366,0,20.595948331781536,0.09669075643461926,0,41.56689887618028,0.19384821506392527,1,0,0,0,0,0,2.529823274705555,0
1.348575680775648,0.592121527584914,0,12.31497060821546,0.15484283648203506,0,13.923625889619217,0.28748999594464825,1,0,0,0,0,0,1.2875788521876808,0
0.7213080494718567,0.48434732321078433,0,2.9994388362701807,0.103674268507327,0,9.958496765093816,0.20258597408666015,1,0,0,0,0,0,1.1064644220094746,0
2.129360145988687,1.3919431705630771,0,18.2417298264798,0.00012191215830597003,0,46.4526608788526,0.01842990499862551,1,0,0,0,0,0,3.0612584076938774,0
1.742624769221529,1.3081935249395742,0,27.10946643277062,0.07731878965932026,0,45.9721118080466,0.29865499776667603,1,0,0,0,0,0,1.8901563777723973,0
1.5177203714625658,0.9610370110995012,0,39.38932681620737,0.14024038743751652,0,28.791605381641233,0.3959523722715422,1,0,0,0,0,0,2.84769291312307,0
3.199914303026847,4.014440038167914,0,6.273628932685485,0.19729353340538444,0,4.3592373058021945,0.19830330381650443,1,0,0,0,0,0,1.1225495808159598,0
2.41760682694477,1.9331198563816598,0,20.076616291778468,0.03880673031167599,0,61.275847423291566,0.05635970065942558,1,0,0,0,0,0,2.558509856406058,0
2.5687224962103326,1.449193244312809,0,43.458795582769056,0.036066040658666074,0,63.389189973154,0.20402732731287332,1,0,0,0,0,0,4.2641542699083095,0
2.730658238413441,1.5722469561067016,0,25.20216146438424,0.2153288479392672,0,42.587752925889816,0.35478466510985673,1,0,0,0,0,0,3.2460019051922435,0
1.9157054757458305,1.820103591854878,0,8.308768215160393,0.15848082744768333,0,12.334180277198918,0.41652049451342993,1,0,0,0,0,0,0.9665585279605703,0
1.5169802737337013,1.262560569803414,0,2.890074255192329,0.11598553221489215,0,1.8796329014613056,0.2760755810190289,1,0,0,0,0,0,0.3205533396064923,0
2.6601143931270617,2.6393854907030496,0,2.642547595163604,0.10367262897256568,0,17.82759867340081,0.13235765326767282,1,0,0,0,0,0,0.6574641607171317,0
1.9588928235141274,1.2230805482966396,0,13.466092522944983,0.042894399759066615,0,36.902155483546125,0.0837787964570238,1,0,0,0,0,0,3.268959324950847,0
3.511601217022784,2.2041302010702615,0,13.91221484236016,0.029816848990044373,0,53.82479903576076,0.17507228304461697,1,0,0,0,0,0,2.792833236954018,0
3.484541904749208,2.967443620400271,0,33.51883673720224,0.07817000239512706,0,44.41838563960977,0.18416886196428192,1,0,0,0,0,0,5.626114220937268,0
2.099594404882435,1.7590835336980357,0,10.22465155775258,0.1267463194124715,0,14.307400791078926,0.1926298033192444,1,0,0,0,0,0,0.8939834921986483,0
0.9971640656450139,0.928682837358859,0,0.7405238565006493,0.13803824604576997,0,4.727949816502075,0.14395204604219738,1,0,0,0,0,0,0.39210172705759855,0
0.800248691240576,0.511355994137972,0,3.393429065076242,0.045725264882913765,0,31.8024358489522,0.01782759741121385,1,0,0,0,0,0,1.0434938064708121,0
1.096644195297506,0.5911851383885715,0,12.378012245607852,0.01668175110538068,0,55.491911010004586,0.05697531651550802,1,0,0,0,0,0,1.8913351869274644,0
3.421600119319157,2.9536233029957613,0,14.36415022761085,0.0984542019662887,0,33.84278968601913,0.28224144960178066,1,0,0,0,0,0,2.3313750618968463,0
2.859277047320332,3.3803577814480468,0,3.626764253901208,0.07576662575898666,0,5.820731513962534,0.2452877922739767,1,0,0,0,0,0,0.8177522542569282,0
1.3395444620520043,0.9504873197196222,0,4.073823663522667,0.04153168677581308,0,14.169897199861989,0.09898159713048318,1,0,0,0,0,0,0.9076526718151238,0
2.4718280219568802,1.619527835244507,0,26.717811873176537,0.03460917234089937,0,45.94776311843647,0.06671716992910898,1,0,0,0,0,0,3.2150879326434367,0
4.546274016856517,4.5502361173376915,0,5.7718833552404085,0.13557799190371245,0,22.53338480165239,0.2498566008884684,1,0,0,0,0,0,1.0785654305966872,0
0.8080891166379823,0.4404229123286633,0,3.532000048382076,0.07717101979643431,0,17.664295808686685,0.08950887627529977,1,0,0,0,0,0,0.7747779402242772,0
1.7856813135067098,1.5374646082889207,0,20.1952363526474,0.030686144752648133,0,48.001002293172334,0.042712735579028833,1,0,0,0,0,0,1.8991638982981582,0
3.003772748297007,2.3314223932676645,0,20.62312750954372,0.03279144511399385,0,29.91219117560329,0.2281248436042969,1,0,0,0,0,0,2.5549679916692534,0
2.4845460892702125,2.834263430232914,0,7.3563714626336525,0.16146622856674658,0,3.351159165100422,0.21717373522746578,1,0,0,0,0,0,0.5299156953066835,0
0.8956419619447995,0.6359087548073843,0,8.192402382296823,0.07717101979643431,0,23.080736818308633,0.08950887627529977,1,0,0,0,0,0,1.2209626885704865,0
1.9443149886585758,0.9900673817378909,0,12.724082330715499,0.035253535004355595,0,43.99820712705002,0.09702645047505999,1,0,0,0,0,0,3.179145934387156,0
1.1953425044592507,0.9782590251244249,0,6.210143828826713,0.10811635632533345,0,12.345240129860752,0.2483162710294503,1,0,0,0,0,0,1.121999135268078,0
0.5952295349999297,0.371368893683,0,2.685142006053478,0.09721161718934489,0,9.487361046375515,0.1295986084654397,1,0,0,0,0,0,0.23964192020669084,0
1.2988059790678919,0.8793642461029322,0,17.18683854685899,0.029134276680757278,0,36.65753495571713,0.024341099232776088,1,0,0,0,0,0,2.5722958279589534,0
2.0742330459035285,1.715960587797522,0,20.230407994789743,0.03207407814322848,0,42.54207712993022,0.18308160084775857,1,0,0,0,0,0,1.5971090890055368,0
1.1765012265839216,0.8263886447049343,0,15.015602911599988,0.13585212953376177,0,12.5558820650227,0.1803468138079497,1,0,0,0,0,0,1.4429017873836103,0
0.9536887890816876,1.1517359746190459,0,0.4957675247213401,0.09580655238865601,0,2.867005230407414,0.20591637458594572,1,0,0,0,0,0,0.2184781930060311,0
0.7881158532312147,0.46708192689685263,0,3.8658803184637485,0.06894815806672415,0,23.869993489306186,0.03934837665394014,1,0,0,0,0,0,1.2368928955600953,0
0.8957593091291531,0.48852250182441564,0,3.953930031897698,0.036930913186066006,0,18.932755049906486,0.047291077502498835,1,0,0,0,0,0,1.497480673204886,0
0.779202964294996,0.3658188905350432,0,3.9905347987822246,0.017603151895766785,0,9.190310955717718,0.12256473743166103,1,0,0,0,0,0,0.7114668286474318,0
1.5702384286324336,1.0222696000008564,0,13.151925980401499,0.11537901675794375,0,13.928024917850443,0.2908129100624647,1,0,0,0,0,0,1.4535567280241501,0
0.7691959481698397,0.341185588986359,0,2.2708883344917545,0.11786688100162063,0,2.6814798618211246,0.19305030856899996,1,0,0,0,0,0,0.6153692905901051,0
0.6596122165207889,0.5549266629953686,0,1.4017043250063164,0.13896598023181939,0,8.85554346542596,0.14405221481701666,1,0,0,0,0,0,0.27718820594633997,0
0.5935072031250642,0.38027518085393935,0,7.91448189087027,0.037689384100308726,0,31.575111384077367,0.01842990499862551,1,0,0,0,0,0,0.9957469221005242,0
2.6220139643709466,1.5728094108974593,0,19.806566741305183,0.07353258497187506,0,78.57214289628371,0.11209516086236251,1,0,0,0,0,0,3.7245721994713197,0
4.355691552683329,3.1902244132207396,0,59.23969497248885,4.118472712413176,0,186.4848853204289,1.1217943498831047,1,0,0,0,0,0,9.717083972910071,0
7.935149799770476,7.947084617668065,0,10.611307453739277,29.433406551748945,0,45.329751009593,3.0597092604640928,1,0,0,0,0,0,8.280200283504303,0
1.6256280360466104,0.7157946564276101,0,6.0985158383095595,3.648881507034072,0,24.126460760366232,1.162807148734198,1,0,0,0,0,0,0.9830832684459268,0
8.179533193191457,11.14920996916729,0,23.2379800178184,2.6450449651310333,0,19.87995126209958,2.8015667151597605,1,0,0,0,0,0,2.257353635458692,0
3.396136983011161,3.4771380572176906,0,9.417214443247907,4.926323296083871,0,35.61508726484227,1.7685684211692294,1,0,0,0,0,0,1.2691077759305545,0
0.9223588402311251,0.487169709688246,0,21.988335986086206,0.12820146432397617,0,41.480284945509965,0.26765985060745573,1,0,0,0,0,0,1.7192514542428825,0
1.9106954914954943,1.0347797363993243,0,14.901099657931432,0.047185168837956745,0,30.956697024455206,0.09516929011244103,1,0,0,0,0,0,2.982652290663916,0
1.36393268122856,1.213551094283038,0,6.940060902801074,0.08869289955653772,0,7.994436512437458,0.17603104316797236,1,0,0,0,0,0,0.9691892996933256,0
1.6150964722107033,0.7918834661035238,0,16.361446020924546,0.09881462584765231,0,30.997622698956214,0.19832588622077807,1,0,0,0,0,0,2.362315908248516,0
0.5670490377020971,0.2655846344804786,0,6.352345978022114,0.03191650264016314,0,27.130516989671108,0.09732181316141819,1,0,0,0,0,0,0.6690358096080653,0
1.0532343391426455,0.5857135133346986,0,11.125612578875785,0.12393019044566109,0,8.857051175208145,0.31653785930363154,1,0,0,0,0,0,1.0334046479599488,0
1.2969690101442006,0.742246115793902,0,21.7936743623142,0.05290726735366419,0,30.17419541981688,0.17630761603594078,1,0,0,0,0,0,2.4594356703512554,0
0.5233391602612756,0.2652704569400225,0,4.732879430293,0.03104394121372105,0,20.045638966032566,0.05755512076056954,1,0,0,0,0,0,0.9235529292465184,0
0.34714092535143615,0.14296928925657715,0,4.291434913728649,0.08929966074385916,0,5.616453583423359,0.2096399305194234,1,0,0,0,0,0,0.4529173883704465,0
1.0571320298771254,0.8216407412687199,0,18.884478818370845,0.09196092521407137,0,25.25913899621822,0.15674275746616365,1,0,0,0,0,0,2.101497350216215,0
1.037857754459971,1.0267139030551449,0,15.679135961566733,0.00021203938435044914,0,32.09578530674414,0.023413278015772383,1,0,0,0,0,0,2.7445687420433824,0
0.6044868882759474,0.4766378362601801,0,3.772602123369163,0.04428330094941659,0,12.477372857681722,0.0638862184064279,1,0,0,0,0,0,1.3992581343975605,0
0.9590911292289422,0.6576849157737961,0,16.171095458420005,0.051837756653922165,0,12.898453980361943,0.28249529228337955,1,0,0,0,0,0,0.7955435763590655,0
1.3927308434081902,1.0961844553926372,0,18.92224308658832,0.04683428184782318,0,29.119641557739648,0.13036094908434837,1,0,0,0,0,0,2.5066502705484934,0
0.5807591797865828,0.5939490383675126,0,7.881814313956429,0.018461673268898842,0,25.094793555446397,0.041242864106048584,1,0,0,0,0,0,1.5834476510712656,0
0.599284592271418,0.307662229488972,0,3.7628580043729363,0.17854792154758245,0,6.753511356454011,0.25282626238400807,1,0,0,0,0,0,0.7109618623973688,0
1.3529976379856936,0.9690874683437066,0,23.253367703207385,0.04825509639241303,0,30.702326159850983,0.21745513772881972,1,0,0,0,0,0,2.3857740663355465,0
0.9023330401601005,0.8292457428008373,0,14.814134195409462,0.015884843129394106,0,40.63711130556665,0.04079910416619082,1,0,0,0,0,0,2.1674953316139867,0
1.169671394493164,1.0014477363082472,0,5.027104216555628,0.08456665778226474,0,7.0138381069823375,0.1932284435341924,1,0,0,0,0,0,0.6154794667975741,0
1.3295220884156462,0.6574720847484253,0,10.646266493478617,0.0893463766720409,0,29.344343745027928,0.2807686878991248,1,0,0,0,0,0,2.0803672824948363,0
0.7364544356666589,0.5206435962806468,0,4.237763559080298,0.043604468153849094,0,24.073157203193137,0.04725805888249993,1,0,0,0,0,0,1.2953465867472698,0
1.3352917120170478,0.8652826274319074,0,11.990102818471227,0.09118285353050046,0,16.8000625939628,0.3516641740258419,1,0,0,0,0,0,1.3616970732051623,0
1.2489875082370323,0.6757386946634131,0,15.322287237636795,0.04619130567299167,0,37.117895840538395,0.12098139064222566,1,0,0,0,0,0,2.175064147172898,0
2.158717236816802,2.2853010955500648,0,6.741922823001216,0.09642102481190143,0,12.45595307151196,0.16534023256096886,1,0,0,0,0,0,0.8346803564750246,0
1.815316183568123,0.9192795488611895,0,16.04282581883112,0.056310933779046606,0,30.997622698956214,0.16063720548350652,1,0,0,0,0,0,2.452178618583577,0
0.42360980787574004,0.18985154866325737,0,5.185115389876707,0.08622507151959252,0,8.41247716672818,0.12795016345338514,1,0,0,0,0,0,0.5622379641185018,0
1.381597342813087,0.665919740542665,0,18.675872384092894,0.09429919084926755,0,25.723578950996348,0.1351945454611705,1,0,0,0,0,0,1.8035221229152567,0
1.1152347863018117,0.6139834158047084,0,11.100697974001523,0.04412999042690657,0,21.787493233451112,0.06872682740401184,1,0,0,0,0,0,1.9512824032442375,0
1.3377714298514556,0.6502743481534144,0,11.164646945426671,0.09218653982702882,0,17.83927769269929,0.21875921870916273,1,0,0,0,0,0,1.6687082755724019,0
0.7914865924782567,0.575753652063709,0,10.073235045994558,0.0411668506747343,0,21.39598089368183,0.11506761908473354,1,0,0,0,0,0,1.7017237167229888,0
0.8796174430697229,0.46588176303994794,0,8.138631747374511,0.16600372032388166,0,12.68603069021374,0.22909036503000008,1,0,0,0,0,0,1.3479406281791433,0
0.8692538844180318,0.6349305039375345,0,9.903984260445455,0.07956504565005895,0,31.750961508037932,0.05755512076056954,1,0,0,0,0,0,1.897699661980586,0
0.7253883316942347,0.4715247062496987,0,8.65193592559815,0.09607204700304431,0,9.205616991486803,0.22331445770824554,1,0,0,0,0,0,1.4944312356178913,0
1.0898459156597682,0.775820399954023,0,14.02899768426527,0.07629796701762726,0,33.77256185770773,0.03389933835303512,1,0,0,0,0,0,2.1621184737650627,0
0.8501773950993343,0.425454276820985,0,7.544569665695741,0.08987454560579768,0,11.028771559467119,0.2619053349544112,1,0,0,0,0,0,1.5102587610645857,0
1.3354091819772982,1.1630493605530463,0,14.703878854148419,0.03756417186209787,0,35.67507790564791,0.134638186105101,1,0,0,0,0,0,2.8917031636301953,0
0.7172850256990457,0.321141668975198,0,3.3220509891848566,0.08577834348240646,0,8.540760678186146,0.21425796181406084,1,0,0,0,0,0,0.682786177474856,0
1.102136127763893,0.5130061997888594,0,19.899005126879935,0.1372988683357066,0,27.746959967864004,0.23712896209246248,1,0,0,0,0,0,1.9343863012809535,0
0.46245111784378495,0.3720035675863655,0,3.8190181856899095,0.03889921766275727,0,13.870615871008644,0.0403341464179588,1,0,0,0,0,0,1.0329804566570364,0
0.8042113292115893,0.5568926990627465,0,10.224255985648794,0.14943113920286658,0,17.707073453628592,0.24838317086533446,1,0,0,0,0,0,1.150366102350112,0
1.3268360162442725,1.1533004512039349,0,20.1267638775033,0.03541483470947739,0,45.72507158077284,0.0456597301070905,1,0,0,0,0,0,3.135968681899606,0
0.5447638228565069,0.32346159199630614,0,3.068247651609272,0.041206786596512224,0,9.38770683407736,0.11909099445845392,1,0,0,0,0,0,1.0109593312126668,0
0.980612404185268,0.5276776187513795,0,14.857116825664562,0.09409254008404516,0,16.9042393964321,0.2923238394414177,1,0,0,0,0,0,1.403647999912283,0
0.9637501641476187,0.9857780553027657,0,15.952182854580034,0.04488088637045935,0,40.088182454178195,0.05755512076056954,1,0,0,0,0,0,2.5866357988612063,0
0.40622461993606807,0.16879085783900818,0,0.797306265030446,0.12486104062648004,0,7.083506088631676,0.12916914308115857,1,0,0,0,0,0,0.6630469503526584,0
1.054049292708175,0.36529235416518063,0,11.381285123060442,0.09026173899127005,0,16.48626748263944,0.24676245369838942,1,0,0,0,0,0,1.5636388628767834,0
1.3970523357346534,1.1685773159932604,0,21.799909404919717,0.04226463715912476,0,47.86640003387826,0.12225010128824935,1,0,0,0,0,0,2.914516686930578,0
0.5866981119078257,0.23164539929939407,0,4.587646593484789,0.047972790203851715,0,10.205807439892915,0.08926169679754759,1,0,0,0,0,0,0.44211834149667745,0
1.9571628132840615,1.5235202814048627,0,15.40853850725652,0.1425004149430255,0,14.17064033289677,0.25203516745698656,1,0,0,0,0,0,1.6821112058893006,0
1.8662152439652016,0.9586966810282567,0,18.857942207046058,0.0798496691769059,0,32.49698525355818,0.1555292280046685,1,0,0,0,0,0,2.4063132521569424,0
0.44022315315657257,0.2346894189458881,0,3.5762902237727063,0.0924917274248052,0,8.710520100860887,0.08999882262580308,1,0,0,0,0,0,0.8269344639938382,0
1.2060882463082583,0.5418363980441585,0,10.657621719644549,0.13489317146230756,0,9.970882759892115,0.3140737144866398,1,0,0,0,0,0,0.9762017398882986,0
1.7585956692270133,1.1880221543159324,0,20.070837600585435,0.06993555093325952,0,36.558623887672155,0.09516929011244103,1,0,0,0,0,0,3.380070836027361,0
0.574319581539367,0.26179665277536057,0,3.826348720296027,0.043345595971557765,0,12.822687073097256,0.08255000109333467,1,0,0,0,0,0,0.9015818937248976,0
2.1754211034948696,0.8401102069405859,0,57.46370789545671,0.41034722739930096,0,20.610535092109533,0.5066228982295518,1,0,0,0,0,0,2.78318459485211,0
16.814172327815584,13.510666939404704,1,205.2261786935802,0.9187098426845759,0,49.92182715927122,0.7712456431902909,1,0,0,0,0,0,24.489232487037615,0
5.140646713762526,2.9912104199709195,0,9.966567587242299,3.6596576546567503,0,7.6902324963942466,2.6239225987506374,1,0,0,0,0,0,2.308794668193436,0
3.1137693800928963,0.8071520847898097,0,10.093680025455402,0.4897437794102335,0,12.11072733403126,0.5918790921979024,1,0,0,0,0,0,1.923706308553025,0
1.9045474685114399,1.516805366611934,0,18.387028508655057,0.08567361595682237,0,27.976304174455727,0.22009949840562104,1,0,0,0,0,0,3.23236126207642,0
1.0500863436258334,0.542897818976533,0,4.668559837039611,0.07869973122622897,0,17.185840287204492,0.07961929102218243,1,0,0,0,0,0,1.3703232013056452,0
2.025518222768036,1.552576111588538,0,7.990216888225265,0.09708049614070621,0,16.33839772477419,0.22839663272718086,1,0,0,0,0,0,1.837396701540996,0
1.5412312659442728,1.1803147024544876,0,9.32397788826018,0.07697516635386992,0,33.41291019311244,0.05741589720573028,1,0,0,0,0,0,2.551181389273641,0
1.1075712042781949,0.7125732504923944,0,7.545876643323913,0.12240948212733507,0,8.2917729311146,0.15588613996125839,1,0,0,0,0,0,1.2007983623282423,0
1.7933230925451826,1.0283318169221034,0,10.568977854732342,0.03315722218285051,0,25.661715915078794,0.1105435500678515,1,0,0,0,0,0,2.8377687803452734,0
0.9575106593712301,0.6324783986631259,0,8.169902863179649,0.181922843772999,0,8.496159454076459,0.13880933859184466,1,0,0,0,0,0,1.3808460761552577,0
0.9839245827285509,0.847812977455341,0,11.006022191524465,0.034302689409628564,0,24.98449033116254,0.12598941356763155,1,0,0,0,0,0,2.3044350329452956,0
0.9857871727917111,0.6388774536511763,0,10.105327692094988,0.16286718469149336,0,15.043989003095247,0.36029130302100487,1,0,0,0,0,0,2.000347985384156,0
0.7151556887577026,0.40046764003658464,0,2.712640373052465,0.08732948187617157,0,12.207853259448942,0.08667721484475077,1,0,0,0,0,0,1.1662564420290846,0
1.1832031826408822,1.194425957951134,0,13.66917882463679,0.13001722173945754,0,18.239691360096582,0.2816620917365309,1,0,0,0,0,0,2.973345532094986,0
1.0594725581536597,0.5076632466793329,0,6.353080952813228,0.08880922758520085,0,10.825270878529434,0.2133557401275249,1,0,0,0,0,0,1.6746480071974759,0
1.988773603753156,1.0001917816751025,0,11.624327009151596,0.12048141069868266,0,22.235882527328833,0.22973808274316218,1,0,0,0,0,0,3.0484247604506813,0
0.42991000065545315,0.1753460728261938,0,2.7074379005541322,0.13599561085391637,0,7.003287760599212,0.0923505216655317,1,0,0,0,0,0,0.6209149603155419,0
1.7062472838366987,1.3132509858456818,0,17.1191258019223,0.09697084103343802,0,31.94198871183499,0.13213724173315286,1,0,0,0,0,0,3.127457949534559,0
1.4829682240608013,1.2394818427037853,0,4.256437234635149,0.07589819930356724,0,12.199932238280503,0.17483560308130114,1,0,0,0,0,0,1.3708829605682125,0
14.417215015113294,23.05747907217511,0,10.895298692834487,0.17720423598233437,0,10.340813681061048,0.7618292703333518,1,0,0,0,0,0,0.6664589037179112,0
1.458102681825168,1.0339983113064568,0,8.492496651109573,0.04320808023674655,0,15.29966181675212,0.11979297823530576,1,0,0,0,0,0,0.8720587837059449,0
1.038578658177743,0.5767575429932744,0,2.4928429154492733,0.1375023450007849,0,4.199184024082488,0.29374974162341805,1,0,0,0,0,0,0.2999961512748087,0
1.0439540695606917,0.718860717073896,0,7.189721438171194,0.12690570850820646,0,13.728429963231404,0.46110746133219416,1,0,0,0,0,0,1.284278894744301,0
0.588474365932068,0.380452277389656,0,6.142191205032701,0.04298146736458594,0,13.841059959491005,0.118165418095765,1,0,0,0,0,0,0.8676268359455103,0
0.3943030165803991,0.23107821950613464,0,1.5019857817836297,0.1902209810923593,0,2.08133514250151,0.38377001286785095,1,0,0,0,0,0,0.41296733581383693,0
1.0719221825220457,0.3750203510871571,0,5.8590013718847995,0.16139398705684005,0,9.244101450179736,0.44809229851174814,1,0,0,0,0,0,1.3589331062727381,0
0.7344270926195169,0.5588443017013245,0,6.009559415893661,0.043476208869512464,0,15.206771897638642,0.16640804069310544,1,0,0,0,0,0,0.5658070635251564,0
0.23568575625903598,0.062410006926694385,0,1.3382489342028516,0.12567145400535804,0,5.439162281994778,0.20820728760192145,1,0,0,0,0,0,0.279708527588431,0
0.8317062554481238,0.42612726074377455,0,2.9805778211150837,0.18983621940221018,0,5.826517110260535,0.4729680831054143,1,0,0,0,0,0,0.6290938062897187,0
0.7585292726746671,0.5970756741156923,0,6.237785494631293,0.04810394210059079,0,14.581049445373262,0.2833187073426191,1,0,0,0,0,0,0.6754638643641724,0
0.7877725415321393,0.5586278856746709,0,5.443664348966257,0.0749862514997251,0,6.485880076320348,0.11394568188518428,1,0,0,0,0,0,0.8072084452646171,0
1.5464351380620365,0.6610973538537704,0,8.139583920253745,0.13361875712195148,0,10.715285676990616,0.2978457166524607,1,0,0,0,0,0,1.5848268534910914,0
0.9240159299616876,0.445695442089945,0,5.652811773414385,0.08286003097782971,0,10.427642842845682,0.15555470539707522,1,0,0,0,0,0,1.603818834070088,0
3.724467361443987,2.4379927223450295,0,6.585301321593656,0.1444486048412481,0,7.6476128684044165,0.5478534236220256,1,0,0,0,0,0,0.9896586532454033,0
1.2878572323437776,1.0856818240100803,0,6.690875289521237,0.03486444211899057,0,13.653605851618511,0.18436112230208576,1,0,0,0,0,0,0.6477208528823186,0
1.3149971067156652,0.5327541547561557,0,5.63079639932781,0.16691284670663234,0,9.80770455966763,0.6753608092202069,1,0,0,0,0,0,1.227889841719608,0
0.7406758716074461,0.5738325237846761,0,3.0578952575803506,0.04243655435134798,0,13.477284824414689,0.24685532140387542,1,0,0,0,0,0,0.5694760561115297,0
1.2949137007563327,1.2954400114416864,0,5.791600073831473,0.20276631882045504,0,14.601799478589783,0.39646865239474127,1,0,0,0,0,0,0.7473162544186703,0
0.5213539198491101,0.38336733950653673,0,2.80468728565006,0.07509626660431576,0,10.25237898452962,0.3071500858940906,1,0,0,0,0,0,0.35697413054786165,0
1.021968773212182,0.30870105137112636,0,7.351801953235807,0.13448325755346688,0,13.607157642533835,0.38442861749360807,1,0,0,0,0,0,1.3434170749755165,0
1.0443351246571682,0.41464865381792587,0,4.597308763356615,0.13830598030746308,0,6.617561321028315,0.3031825807726857,1,0,0,0,0,0,1.533146602136637,0
0.8324362945818312,0.33362117141875225,0,6.905270170148921,0.06376145509333689,0,11.89496413775942,0.29037124139036785,1,0,0,0,0,0,0.8700121644846441,0
0.815179342514971,0.762260459102393,0,2.6874052564765067,0.10325027861153596,0,4.386996052577635,0.256411403859488,1,0,0,0,0,0,0.7450114202102276,0
0.4073337072356227,0.060394365418847434,0,3.9617526203224616,0.09271255482512418,0,9.61469192717375,0.18524067578615425,1,0,0,0,0,0,0.45742665873926197,0
0.7896815796212115,0.5783891533902779,0,6.28500899712727,0.16118028188116826,0,10.650248549569268,0.38438267949791527,1,0,0,0,0,0,0.9059904435313647,0
0.7386780947135434,0.5852293811193069,0,2.505323786227408,0.0808221712190151,0,15.79589462746507,0.17405601836960186,1,0,0,0,0,0,0.7966380611306989,0
1.223368945107075,0.26328929264160206,0,5.27406803149699,0.22883944389059035,0,13.993734901490795,0.4982434239569721,1,0,0,0,0,0,1.1736250961081072,0
0.4529165781758254,0.24949581081638686,0,3.4929827620330935,0.08238263527207329,0,8.6194436382338,0.1777689629322748,1,0,0,0,0,0,0.7989891476802495,0
0.36582774900332693,0.21688847738240394,0,1.1681560107353737,0.046565722668003295,0,1.4060310685725814,0.17967152739551226,1,0,0,0,0,0,0.1268797172619657,0
0.8724146786367807,0.3567319436569969,0,8.167035295572905,0.03895120197221376,0,8.400470774306495,0.17229186728044124,1,0,0,0,0,0,0.8729628074009526,0
0.43323761575191716,0.17192687068942902,0,4.775904042116907,0.13128922021292685,0,5.193996611769584,0.38202058496405433,1,0,0,0,0,0,0.6407577100432109,0
0.25201573020268564,0.0884570818335663,0,2.6874479671772566,0.06609285587402366,0,2.9093952955720095,0.1997526587235734,1,0,0,0,0,0,0.37265955222600883,0
0.4473011148666846,0.10832910985087528,0,2.111905819169008,0.11743153845532063,0,3.126467779167114,0.42093294079949256,1,0,0,0,0,0,0.547379530978018,0
1.2959471061827972,0.698602237624796,0,8.305774245873804,0.09937534948458629,0,21.575999924388704,0.3837352207484442,1,0,0,0,0,0,2.0737013576057666,0
0.885145579342303,0.6725018843980427,0,1.783033843948605,0.08312701302528484,0,8.892651657624995,0.2122024970523833,1,0,0,0,0,0,0.587924826655755,0
1.2442224502999766,0.5350251701456038,0,7.615340273607867,0.16223621565430307,0,13.904739492286927,0.5088009622066957,1,0,0,0,0,0,1.0535664617984386,0
0.6963305258889211,0.04715291066970054,0,2.3966724317056807,0.06885970197158872,0,15.561153566789661,0.28644381697661275,1,0,0,0,0,0,0.7713166191016926,0
1.1602148671360792,0.5346688200585827,0,4.885865296738368,0.1365971626238358,0,7.421718205436788,0.573234871167807,1,0,0,0,0,0,1.1772017170199152,0
1.641386337285651,0.9847845746038633,0,8.82538248616508,0.040073252041258306,0,21.643699790395814,0.09393837119635444,1,0,0,0,0,0,1.6721570958575251,0
0.45439888718877375,0.22145705119078649,0,2.1665454657314704,0.12004371760344042,0,4.274901160275286,0.21409708582770232,1,0,0,0,0,0,0.7031497197751347,0
2.138690412437943,1.7981508300290596,0,10.304163587093365,0.04456694426536659,0,17.184242853808406,0.3448279115514418,1,0,0,0,0,0,1.7242286580010906,0
1.6933052712437768,1.3078145896212479,0,1.2900556135228463,0.08958479544869291,0,3.9135983249335435,0.21367333585993126,1,0,0,0,0,0,0.46184802935902325,0
1.0251552170128657,0.641796458163558,0,7.294734157071973,0.09017227010745393,0,11.122039373938772,0.28798284852334344,1,0,0,0,0,0,1.840830236437168,0
0.5704618200604212,0.3858047016554147,0,2.715432926971369,0.10852716706379123,0,11.789071013933599,0.17746982063187694,1,0,0,0,0,0,0.7860484875680923,0
0.8895428034361677,0.6060238097607108,0,4.441050590902498,0.1841059935975815,0,11.404820771288973,0.7681255658852131,1,0,0,0,0,0,1.4657312434397283,0
0.7788563357359183,0.4056685374322311,0,6.570140415416086,0.07723624316695918,0,11.634969310263777,0.1695047946748779,1,0,0,0,0,0,1.2418180184063292,0
0.801337143270733,0.32860689420863143,0,3.779777721841882,0.12720196455606564,0,7.105638055890372,0.25806226970081825,1,0,0,0,0,0,1.2067803087104063,0
1.1525246687538782,0.7495181905092363,0,7.950719136045631,0.04436188867345643,0,23.716326725589724,0.19353754877408683,1,0,0,0,0,0,1.4627928480091925,0
0.7199767741795664,0.3735809044379611,0,2.3077451790467203,0.10670371838251466,0,5.177694077649022,0.1763474436837734,1,0,0,0,0,0,0.80392402627485,0
1.2295391894099894,0.5457613702297538,0,9.284111639737118,0.16004251411471335,0,11.081467583289424,0.3758659882556977,1,0,0,0,0,0,1.4737701720982168,0
0.987145345863539,0.5360346109811267,0,4.619870205678941,0.04341942785343421,0,11.748502715426376,0.10893242766741004,1,0,0,0,0,0,1.6817892286409406,0
0.9905984113877546,0.40412062162144236,0,5.69607415302283,0.18204436014451733,0,5.89499738752912,0.6124623542752031,1,0,0,0,0,0,0.921683270521688,0
1.0450034652942617,0.6904019410798793,0,8.088631056409081,0.04211139851644072,0,20.326169521321887,0.223220713704052,1,0,0,0,0,0,2.138646889657138,0
0.3811431785570887,0.07955738025137654,0,3.770539324600771,0.16344786517548393,0,5.162629616699416,0.42607486366601577,1,0,0,0,0,0,0.29678003797690433,0
1.2925984867784055,0.6082150892350254,0,7.263308152148603,0.13222351593899245,0,18.31020880759167,0.38543035242113416,1,0,0,0,0,0,1.5186034577576581,0
0.9451562039553829,0.7315977485944102,0,2.0971298450340172,0.10495190506237212,0,5.321843281186832,0.1933878666148994,1,0,0,0,0,0,0.6708645535313784,0
1.5558012508961734,0.6599743859672783,0,10.059118883231353,0.18548117178981044,0,16.169846459386118,0.4405856799983219,1,0,0,0,0,0,1.8655523438823698,0
0.5637848896036504,0.13798304239282508,0,3.5820771695058538,0.08162738646245647,0,8.797538007108242,0.19115586949376312,1,0,0,0,0,0,0.6536725945748055,0
0.8440265224516567,0.48836548908918137,0,5.309613106871389,0.14399862867395868,0,6.724696957423428,0.4039527470083097,1,0,0,0,0,0,0.7638056422061889,0
0.6391111774145736,0.28842188504450755,0,3.6813839498538745,0.09210411058968426,0,8.635167381528234,0.24152138452631203,1,0,0,0,0,0,0.7332454536869933,0
1.1741417939957766,0.7362918548412215,0,6.910573286901067,0.10099881497155025,0,19.424315640602583,0.503613669306083,1,0,0,0,0,0,2.047281537175297,0
0.6541919466822069,0.2321356490102086,0,3.1921304066069487,0.09002621590574958,0,10.300162568961213,0.35136160660578686,1,0,0,0,0,0,0.5795540525343043,0
1.334604293536141,0.5988475256364136,0,6.344929552856028,0.1325700171457469,0,24.464058885685493,0.5977235469258383,1,0,0,0,0,0,1.955332299956374,0
0.7449691172418353,0.4443826156171134,0,3.1154954887240933,0.10866059330896508,0,7.959803471120649,0.31679632425308385,1,0,0,0,0,0,0.5891814952088065,0
1.6130473223746862,1.0681334503817745,0,12.229781316342466,0.1310309974617522,0,23.134964102481902,0.39290080057414695,1,0,0,0,0,0,3.2896010577168973,0
0.888959495326737,0.7419462370974091,0,4.052109975701097,0.12955902078971238,0,7.290374393368975,0.19631992435162668,1,0,0,0,0,0,0.830709706177254,0
2.270374117721321,1.4722887706375336,0,8.342184212819127,0.16621338742529185,0,15.70660620182645,0.49385388768060295,1,0,0,0,0,0,1.6457678238670514,0
0.9949014098247799,0.4909869423442757,0,4.432184054542501,0.07543046399492362,0,12.793901630414602,0.2153314818654554,1,0,0,0,0,0,1.683296093661884,0
1.5190366024959276,0.6393645940519826,0,8.260814032755775,0.1437313460918323,0,12.741954015557814,0.4405856799983219,1,0,0,0,0,0,1.8947908201859427,0
0.7195733494055201,0.6752912109652199,0,5.662824276955471,0.04439303232687998,0,22.04218737992438,0.11873956800432359,1,0,0,0,0,0,1.8664225600490645,0
1.8625856405013788,1.6913953556938528,0,3.1630196179209884,0.18678033650539283,0,6.458380099470771,0.44079842340603215,1,0,0,0,0,0,0.8041911950080155,0
1.3755508015830378,0.888705314674659,0,7.581388589100007,0.13483278733039084,0,21.351054424978948,0.35046106801717636,1,0,0,0,0,0,0.6544641331075465,0
0.8847462297105463,0.4402152565019993,0,2.5668901198391323,0.22811922818013555,0,3.757761707359818,0.6167877308587115,1,0,0,0,0,0,0.32850545632836214,0
1.1642252260000963,0.6855382885173058,0,9.925414500050096,0.09532545414953232,0,21.121035942419475,0.33442269322696505,1,0,0,0,0,0,1.3265643815589707,0
0.6354213420775338,0.24906468960620037,0,4.217064207123832,0.028466128355615038,0,11.180551978758857,0.04293154766800691,1,0,0,0,0,0,0.5712091771784373,0
2.4326124673681084,1.5880587298367648,0,8.404352420388944,0.1970662426505247,0,16.27164990469984,0.8958024043865243,1,0,0,0,0,0,1.1889153511344017,0
1.5335262278591009,0.9670239085493146,0,5.29917877056139,0.049293703394451355,0,20.586247006943744,0.23471631932890274,1,0,0,0,0,0,1.4712798205289062,0
1.477954936278624,0.7582083834362703,0,6.492133503971187,0.2485373766381568,0,6.794492120096729,0.7110117434230234,1,0,0,0,0,0,1.2842378212493082,0
0.9151988406950919,0.6312019830154385,0,11.008131380636431,0.08077639674504358,0,20.537933926997518,0.21973027552542734,1,0,0,0,0,0,1.2960186496375548,0
0.6058379709253358,0.24103643160653382,0,1.8574225563816569,0.1560243491748812,0,4.227288700209907,0.25806226970081825,1,0,0,0,0,0,0.5462515517055938,0
0.898203291458439,0.5984268743482523,0,4.718248001428444,0.06770237014263437,0,11.919524940234544,0.24902177283542057,1,0,0,0,0,0,1.9240224500848444,0
0.2751351155051277,0.11051679378352304,0,0.28700851864153853,0.08917804203223945,0,6.4804252698443365,0.20910050053039939,1,0,0,0,0,0,0.19701579597945157,0
0.8517643124908977,0.5095618261615035,0,6.146640945739544,0.12667192481537193,0,8.163583905536566,0.3227025438594724,1,0,0,0,0,0,1.2597309655235098,0
0.4103856044502975,0.2172354912237771,0,4.093923291496464,0.043722137613989284,0,6.975857830739148,0.10660554408920014,1,0,0,0,0,0,0.5664752525543989,0
1.4602678922982453,0.8599320725820186,0,3.896769912533288,0.09232487088943991,0,8.052763523930457,0.2794204481692377,1,0,0,0,0,0,1.0954566125102598,0
1.2999498744200657,0.9227584416504953,0,8.309220289108382,0.0774823073100503,0,19.603203422097376,0.15343025263771093,1,0,0,0,0,0,1.8151640979939003,0
0.4660854190950668,0.11319672722624742,0,1.332631959740936,0.18144235331929,0,5.4251047731506645,0.20355044501065134,1,0,0,0,0,0,0.5959564628752921,0
1.288657245342627,0.8145410003479631,0,8.321512684269393,0.15674921431968725,0,16.748478353435864,0.45085817331445893,1,0,0,0,0,0,1.9105822390349974,0
1.3288513265016153,1.0029514521282898,0,10.326135717047645,0.04317771780714793,0,23.02183448408562,0.1415233660247793,1,0,0,0,0,0,2.8700288634370463,0
0.863049915499466,0.6051706741597169,0,2.0248212915579833,0.14015027734942404,0,4.240037247976872,0.37591580125681223,1,0,0,0,0,0,0.3431748962093789,0
1.6786587906276413,0.9516307266510123,0,7.994180947750055,0.1793141638692978,0,12.640485697992922,0.502564041194942,1,0,0,0,0,0,1.3143620092425796,0
1.1566880373560078,0.8759369050727788,0,6.864564682385615,0.04078209904331098,0,24.300551743173546,0.09522681725381206,1,0,0,0,0,0,2.326601611249728,0
0.8283157867729144,0.37102573104307585,0,5.128070282470547,0.0952161321107988,0,6.557160644313809,0.29477574683757995,1,0,0,0,0,0,0.5999994206699826,0
0.6299694520062415,0.18919207366721283,0,2.682435217948845,0.1596626878664623,0,4.270429356290498,0.4168520469529149,1,0,0,0,0,0,0.6673917922021574,0
1.3078189345938274,0.6998392805988851,0,4.753496986429811,0.12862759762849885,0,12.113737436370197,0.3484884425066037,1,0,0,0,0,0,1.9312751879446726,0
0.8527339229617596,0.6405492626342467,0,6.193434515338164,0.04272967158172466,0,14.063526339027488,0.1018785924911263,1,0,0,0,0,0,1.6518606811403596,0
5.636974685193121,7.116968943392297,0,8.130530353769219,15.89427629498228,0,18.33912874571346,1.2595296662989308,1,0,0,0,0,0,2.4886517471642273,0
2.9422577858225907,3.888755937970794,0,12.338677066273684,14.565724007975774,0,19.962430827963317,2.06756333125025,1,0,0,0,0,0,1.231037091514544,0
2.5712577405496577,2.0875558972134063,0,13.363432711995877,4.30331449978041,0,3.683607368570253,1.2934347802170563,1,0,0,0,0,0,2.4996763928413603,0
1.252666361933211,1.171808810635955,0,4.986192007122385,2.510929627825809,0,10.327752325403178,0.7519745647855374,1,0,0,0,0,0,1.2583608059895648,0
0.566693971707862,0.2781377023249038,0,3.025445489884797,0.04451733721037642,0,11.67068807252874,0.1290599307283566,1,0,0,0,0,0,1.047612000239432,0
1.1091826266123137,0.8959793841542629,0,3.893450783709579,0.0888888868843935,0,4.308877228221039,0.31967917242573995,1,0,0,0,0,0,0.7551972955843551,0
0.7639393156055985,0.37493216836531784,0,4.649762278925984,0.04388825032394833,0,7.736901572261725,0.08517228703644232,1,0,0,0,0,0,1.2993830368124741,0
0.3601320288549714,0.10255470182907693,0,1.8892416449565883,0.045835645593303845,0,5.898090555541753,0.1240160618883038,1,0,0,0,0,0,0.38891902691654406,0
0.6996808956143545,0.3059212672185627,0,5.743530164643861,0.08847783453024512,0,7.0350637582969195,0.24445179392759742,1,0,0,0,0,0,0.9900328652872161,0
0.8469955982501844,0.3709750007413381,0,1.769485283845122,0.08853075303204412,0,6.554770991549704,0.34978766099794895,1,0,0,0,0,0,0.8537072287649972,0
1.4702045706580695,1.1476299065719346,0,10.047681611849315,0.12309929328459934,0,18.68042530525508,0.22336954809471032,1,0,0,0,0,0,0.9921690592380241,0
0.7002456164840893,0.3947448800474193,0,5.707961854131358,0.17287297266536544,0,10.18540209235571,0.44006042911715865,1,0,0,0,0,0,0.7592382450382555,0
1.2004667464508256,1.1223093789843448,0,7.235186044980723,0.033586676726005994,0,15.721959706711495,0.19255803844619399,1,0,0,0,0,0,1.6536783177620205,0
1.6214977447380274,1.056009199537649,0,11.206301202980857,0.13054175617784872,0,18.291458279462876,0.5299116715062037,1,0,0,0,0,0,1.869715697876282,0
0.4191644662161872,0.07825753001242432,0,0.9043414100115901,0.048908505530688505,0,4.821580651435206,0.24445179392759742,1,0,0,0,0,0,0.5469297306168059,0
1.0455772928136833,0.8882694268822033,0,3.817796647795282,0.04587430915196323,0,8.864204214460838,0.10457149581725945,1,0,0,0,0,0,1.058411320632327,0
1.204772880971226,0.6179461705775278,0,7.341693979444226,0.047632069966469806,0,11.55456744266444,0.2566376653351593,1,0,0,0,0,0,1.375518960318773,0
1.3321039602189666,0.7750755148373337,0,3.2830646567098336,0.12764924759883153,0,6.989739108909563,0.3275230191984865,1,0,0,0,0,0,1.100490251765311,0
16.447836588281355,24.18885988791411,0,14.557419603664169,0.04604205310915899,0,20.314929229651423,0.26409247153447085,1,0,0,0,0,0,2.1650673388490227,0
2.376810177378748,1.642849831708404,0,4.376510371646559,0.1336733454408723,0,6.69428602068861,0.3095801262021295,1,0,0,0,0,0,0.7365185059439818,0
1.9399149075242073,1.8522061945044797,0,9.134773230856695,0.04506145550597654,0,20.54641363231702,0.3281263133898896,1,0,0,0,0,0,1.424948288474365,0
0.897102747144728,0.9802421137560601,0,1.617647264468375,0.10854702880969183,0,3.9997081161371053,0.3947455875721781,1,0,0,0,0,0,0.37445055938635796,0
1.657370023103279,1.4346308273525934,0,9.775663216174506,0.09060352811287534,0,15.990606595430119,0.5137742588804094,1,0,0,0,0,0,1.7956071425086748,0
7.0699159718241,10.48032650334247,0,4.3005540103643245,0.22429283902859531,0,9.805276559148393,0.4891950773730551,1,0,0,0,0,0,0.3596564116127199,0
1.6643562719858267,1.895671766145981,0,14.74745336666756,0.09285379838839387,0,20.57699520132716,0.22419405488916325,1,0,0,0,0,0,0.8117645773375938,0
1.4667366365469205,1.1302274490439421,0,6.381754734482064,0.23939366903278667,0,6.169969697480285,0.7275726511285129,1,0,0,0,0,0,0.5141007735752949,0
1.1367193532977755,0.5070764041389556,0,8.814390129774864,0.07989408603521642,0,19.823538306117833,0.22392460191381686,1,0,0,0,0,0,1.5575907500156294,0
0.69209286050538,0.3192152324059978,0,2.4857024597746586,0.1332694330076506,0,8.095325166937364,0.6762768552709452,1,0,0,0,0,0,0.9087614712719133,0
1.4251023334537984,0.7578265965102006,0,11.047669740547683,0.06129358981260164,0,18.32411958144137,0.13112684890535486,1,0,0,0,0,0,2.0434221835704323,0
0.9762842712128414,0.9210949037195847,0,3.5933714260805565,0.0846404071899289,0,5.930420133106811,0.4036352461485354,1,0,0,0,0,0,0.8576592529630576,0
1.1510692331779935,0.4337261561236568,0,14.394453756874373,0.11506409713914742,0,16.80774803549958,0.6728027986721317,1,0,0,0,0,0,1.3543349275024041,0
0.5383066043887823,0.14262863130377854,0,1.5983040803020616,0.09025495728453092,0,6.056581867921031,0.15956706409644322,1,0,0,0,0,0,0.45166051547763686,0
1.6216512200986395,1.1170348288852787,0,8.417947045650727,0.13477423734670996,0,13.680917855646246,0.6681524108565,1,0,0,0,0,0,1.4084655202641156,0
2.154687895797788,1.2153279269113293,0,11.612767552661367,0.045837367936768084,0,17.225552340982755,0.2594039947345587,1,0,0,0,0,0,1.6450899525287275,0
0.5693497049537122,0.12535252184295217,0,4.126499456816264,0.15347277745844723,0,6.483851531855187,0.5032178051416925,1,0,0,0,0,0,0.6633164678987986,0
0.8966906537282057,0.45803931606698994,0,13.590591262122658,0.04203336980007219,0,18.328046989199017,0.36062495177778686,1,0,0,0,0,0,1.3820402993429002,0
0.5550237207354229,0.2604888907826845,0,3.8971670390363253,0.0880164052954182,0,6.262004768519326,0.41452166585798816,1,0,0,0,0,0,0.852046240078703,0
0.9741373891144263,0.331293252170971,0,9.29134754325488,0.0938185348310016,0,22.232678197395174,0.5183179291472151,1,0,0,0,0,0,0.9533746621297374,0
0.8910755118356256,0.4899598969659173,0,5.628075109810424,0.12056073601722261,0,5.975915844619468,0.5349071234540196,1,0,0,0,0,0,0.7973878214914081,0
0.9608217986155498,0.526434899629922,0,8.563366573259241,0.06345085974889225,0,22.037226337384634,0.17229186728044124,1,0,0,0,0,0,1.3084196516948956,0
1.1339495082708255,0.5800299942892815,0,7.749562725571412,0.1365628322040488,0,14.891170274568275,0.4433376485964049,1,0,0,0,0,0,1.5097769791756979,0
1.1649616351437184,0.8111200856025736,0,2.542430380185239,0.08913101473993952,0,13.504323205367172,0.27203644578365316,1,0,0,0,0,0,1.5616843806103495,0
2.6037948443433114,1.455376686966067,0,18.80792753887141,0.08574934341644026,0,27.720623653144244,0.5684621742877025,1,0,0,0,0,0,3.748250054140952,0
2.348600180687426,2.1448923114081997,0,5.024729264075458,0.17380910841280092,0,9.407819754704796,0.3275230191984865,1,0,0,0,0,0,1.4226455990249087,0
1.5173851234273235,0.6817780198118417,0,9.641302324415133,0.0799148095373036,0,19.18132776238871,0.2594039947345587,1,0,0,0,0,0,1.8313339391336916,0
1.6682726754136106,0.8379900716677561,0,7.242363038520878,0.25122969731604483,0,13.916275464248816,0.33718248117682925,1,0,0,0,0,0,2.138614594156689,0
1.169282362364558,0.7326837300084031,0,5.607275553547616,0.09248781177093851,0,11.653669432320243,0.29239857190346397,1,0,0,0,0,0,1.2729568376456823,0
1.1044463754076619,0.5084238457490929,0,9.498480823109574,0.16569750258425836,0,17.65804565657566,0.28771255258207734,1,0,0,0,0,0,1.2422293547887189,0
1.3794355664546543,0.8003115124106015,0,5.724896583160252,0.1292029318130094,0,10.830060579110917,0.41527296119077434,1,0,0,0,0,0,1.1557735161788791,0
0.9340394442995752,0.5094513551830733,0,7.028972082641677,0.08605500562913375,0,15.729138420086734,0.3070706747074773,1,0,0,0,0,0,0.6888638941639841,0
1.9593809439685854,1.055915448195996,0,7.704929165849956,0.18050943243281875,0,11.115322592015215,0.442914756011569,1,0,0,0,0,0,1.6578655017562887,0
0.8860464833749817,0.6623201130392843,0,2.0055365656028408,0.1743395676746663,0,6.4626009332107985,0.3978279997962224,1,0,0,0,0,0,0.8958587335310426,0
1.5013540362208375,1.0462281978425765,0,9.296110921572991,0.08775722577487027,0,18.544707035612877,0.3762062173056061,1,0,0,0,0,0,3.069149799705113,0
0.5594621298440954,0.14266199669227422,0,2.994755727573954,0.0467226163031508,0,5.542616180090916,0.35046106801717636,1,0,0,0,0,0,0.4851822197741491,0
2.393102412468372,1.7573793186386222,0,8.30096523834758,0.1657069847826977,0,14.744324102442206,0.497540764117001,1,0,0,0,0,0,2.059121607118002,0
0.5341240694633145,0.20455802608424678,0,0.8251349998396544,0.042273885870546674,0,5.433800563598862,0.26307135996785935,1,0,0,0,0,0,0.7468566099239036,0
1.4520987141758728,0.6852722824672746,0,7.801895881201401,0.1768029010718073,0,12.955248098410342,0.3964686523947413,1,0,0,0,0,0,1.21239920035932,0
0.5861216092678637,0.2415130957302125,0,5.051901497405813,0.019162437478476534,0,11.329886135002026,0.17299755145982912,1,0,0,0,0,0,0.7678538083704299,0
0.6578317252067303,0.25705407853152,0,2.2147197623243255,0.04956867371247283,0,3.6488313230192615,0.4448977982649896,1,0,0,0,0,0,0.5601380496099923,0
0.7853107475169746,0.631361163837533,0,3.6017144617461576,0.08550444873943529,0,11.346235782077411,0.1755681139297781,1,0,0,0,0,0,0.6740057456852462,0
0.2929318102424696,0.25764906101074325,0,0.7297344283041414,0.04453555123287338,0,4.100485836551222,0.1755395146827822,1,0,0,0,0,0,0.730559649089455,0
1.0260774772766896,0.8318669931829019,0,5.512450645970566,0.04671660589728836,0,10.711388058351645,0.26165437685764226,1,0,0,0,0,0,0.952598959376813,0
0.5591323500711453,0.27026231626026653,0,3.03736606812187,0.03355070732995915,0,7.106058814327606,0.16964201623194822,1,0,0,0,0,0,0.6891705655497202,0
2.7017820265642647,1.7571853235102803,0,10.105858561305062,0.13174822825279453,0,13.543644816941683,0.7346379117448776,1,0,0,0,0,0,0.9777533930298723,0
2.276400874723173,2.6840634182926664,0,9.982495423168528,0.08200109522175292,0,27.459435535381157,0.22393584477570294,1,0,0,0,0,0,0.8953348181635172,0
0.6063767432405707,0.23286343519229757,0,1.538120525074929,0.11957471825331215,0,3.5097751861501547,0.2405871631301129,1,0,0,0,0,0,0.7852112933565387,0
1.556614662081297,0.6070954960533739,0,10.56996524079306,0.09168926282141357,0,21.511892328286653,0.36312552103048523,1,0,0,0,0,0,1.9720810501731922,0
0.5575763445915474,0.35094108189943457,0,2.44763662134003,0.04559534977599011,0,4.620132958814449,0.23255945228193556,1,0,0,0,0,0,0.39647980000705235,0
0.5142428061944597,0.5043371528470815,0,2.123729762345876,0.04645891503602799,0,2.699961184793851,0.30209415550759244,1,0,0,0,0,0,0.18719715773366724,0
0.9037004710705459,0.48978867093431433,0,3.0978323164165165,0.07462633603588933,0,5.904296197748722,0.1063830947592214,1,0,0,0,0,0,0.6826951368644574,0
0.32768207884871325,0.25665633541427885,0,1.5453213512975497,0.04062310404682386,0,5.098955586033618,0.08152692810538767,1,0,0,0,0,0,0.7532473848231196,0
0.3343329689677693,0.10667766629068143,0,3.000515296227866,0.08544789410590722,0,6.52995030297749,0.20935131458296202,1,0,0,0,0,0,0.4913464828547368,0
0.3934308834034474,0.26487483049590704,0,1.9694943952562396,0.03193518168571165,0,6.124142841007705,0.12709217794459227,1,0,0,0,0,0,0.7272031445622934,0
0.4973614058090411,0.2494766933532206,0,1.9716141557360616,0.07712370459564816,0,8.129254537951857,0.19872577472105163,1,0,0,0,0,0,0.37275304492570227,0
0.49553212686181014,0.15439012379127146,0,2.157263059492941,0.07725040807149754,0,2.7511612965176924,0.19779661464743986,1,0,0,0,0,0,0.5358468162808762,0
0.6974172950689455,0.3340566983672359,0,2.9971377953108727,0.04313563705564001,0,6.595589628116006,0.15494108808892648,1,0,0,0,0,0,1.1187085726453614,0
0.9185562220767225,0.6749346396254552,0,7.570482490230715,0.08631961820799533,0,6.393237288571193,0.4839986704919757,1,0,0,0,0,0,0.5975858218556056,0
1.0216349501521913,0.6620742225647918,0,5.602270202905988,0.08143676623535283,0,11.472750439599107,0.2912095124466021,1,0,0,0,0,0,1.7199028758982675,0
0.7738769364456858,0.1695558621376281,0,1.9623835618438712,0.091942344874098,0,10.622776338003991,0.46615733983125374,1,0,0,0,0,0,1.0460319512234793,0
1.409364339330339,1.0161221129748124,0,6.886631534625913,0.07668291839207271,0,22.780846546242874,0.3274313797407043,1,0,0,0,0,0,1.5762138250131934,0
0.5516383874750428,0.2473482165507906,0,2.4583423885297693,0.13044157088647096,0,6.962241950193764,0.4615263329258531,1,0,0,0,0,0,0.7512409714710606,0
1.137570582207184,0.571403859773381,0,8.560168954704233,0.021010903482564753,0,16.943673758977113,0.24492177038318164,1,0,0,0,0,0,1.7009372170707686,0
0.7922818701639669,0.47294700479018714,0,4.709843670793505,0.08689827574234049,0,5.740625008272193,0.33198698490179007,1,0,0,0,0,0,0.6133569470486384,0
1.0699381436188788,0.5211260467547439,0,9.23832560257934,0.08979349343343199,0,22.427917254219622,0.5343418295771587,1,0,0,0,0,0,1.79101261421328,0
0.33127867200060795,0.295596286587369,0,3.6166644441408127,0.03225269920287016,0,9.882520425066227,0.16468116762778515,1,0,0,0,0,0,0.8167534797664293,0
0.8121093384495162,0.49595698866673427,0,6.3046486499476995,0.047082665535976245,0,6.839457216448696,0.5918516600138629,1,0,0,0,0,0,0.9730862237514352,0
1.7087564702850955,1.6362819713010563,0,10.97651495562286,0.01842260470572741,0,22.273360485189542,0.08139545706815017,1,0,0,0,0,0,1.6324748747784348,0
0.35792024007980716,0.18671671388487046,0,1.3004397736957853,0.0426750589938515,0,5.368415965399625,0.12824279360844065,1,0,0,0,0,0,0.6514833412232148,0
1.125016213717183,0.7191375786779545,0,9.559613269854044,0.0868510163048104,0,18.22976162230445,0.2931230972076672,1,0,0,0,0,0,2.0605025081824033,0
0.47643454591224693,0.19627334882382796,0,2.5869442145286534,0.03404326581586372,0,9.239166091639177,0.15426042753977365,1,0,0,0,0,0,0.4927608668986219,0
1.2588672755366104,0.550134689644379,0,8.004877148403661,0.13281957368822186,0,24.653537417331044,0.6941019142474764,1,0,0,0,0,0,1.862645889694577,0
0.8870908035005591,0.7065836605982608,0,2.388037847709949,0.08948756848499217,0,5.409608836332354,0.2673244730387633,1,0,0,0,0,0,0.808478987449236,0
1.3970989026598966,0.974811846970105,0,9.283664850446703,0.11166758386723964,0,17.888770544606846,0.5320627997354553,1,0,0,0,0,0,2.260818645970458,0
1.61975696783034,1.480058237978117,0,3.4582649533730603,0.1332796797866079,0,7.302378199494237,0.39947518710581814,1,0,0,0,0,0,1.1142949247473155,0
1.567246891772509,1.1400081155770874,0,8.73241282380225,0.1265903026594234,0,14.831522964297555,0.3283089985716499,1,0,0,0,0,0,1.9120740497697952,0
1.2581890502705761,1.186798677318268,0,2.0178822639784135,0.13872634861273223,0,7.585766261940804,0.6199436395974035,1,0,0,0,0,0,0.47912213195631953,0
1.280987821940346,0.5331387468999291,0,6.297115180260955,0.06559996312581795,0,16.344347387220186,0.1124090399164746,1,0,0,0,0,0,1.4102940480075383,0
1.2438625143188722,0.4372477098152666,0,4.064370161998831,0.13207859100815397,0,7.916242525272334,0.7096373800554863,1,0,0,0,0,0,0.7566566167935312,0
1.4076631250253338,1.2205867278570046,0,3.143137362753437,0.21333455964868536,0,5.751809881585075,0.4793924578282187,1,0,0,0,0,0,0.6997530747037288,0
2.1382285454496794,1.8872851927010146,0,9.854170290738555,0.12426189073503682,0,23.45992692070421,0.4864077633475505,1,0,0,0,0,0,1.6143899306482814,0
6.208620421419258,8.622961031165328,0,2.93394353014867,0.11490149196833654,0,3.9857798185660496,0.42301798939761004,1,0,0,0,0,0,0.4338948597448054,0
0.5964660476468151,0.28218741684464466,0,2.5335062681766845,0.04399707117938294,0,5.963871280695972,0.13667799269260297,1,0,0,0,0,0,0.9750054918127262,0
1.3256910909235349,0.44795299015233997,0,7.61436900428413,0.05116738016574275,0,10.551024798896576,0.39134137942794694,1,0,0,0,0,0,1.1355250302063498,0
1.0448128198913196,0.58298403294237,0,5.008287130414827,0.06221683642840785,0,14.350188091558268,0.12429148565146678,1,0,0,0,0,0,1.397341214972768,0
1.4578573243437454,0.6200346548125661,0,6.004371446028786,0.13688994883539368,0,11.510241225140456,0.6493314651803204,1,0,0,0,0,0,0.9504809757359016,0
2.1153400779753104,1.954685012248147,0,2.711139822873222,0.032789901023917795,0,9.882520425066229,0.22601042293786278,1,0,0,0,0,0,0.8341900361241219,0
1.145841538221993,0.6627034567596604,0,6.40126422107918,0.13296803225295722,0,8.01371004917388,0.36785091827191707,1,0,0,0,0,0,0.7520819963782358,0
1.2700806884681597,0.9560178163783837,0,3.7016267439981876,0.04477400190753747,0,9.274264521019859,0.13208694087273137,1,0,0,0,0,0,0.7832684726647446,0
1.1333665491532159,0.44512906698642835,0,7.437117340579814,0.04843696434220524,0,16.164244184875102,0.4417737062327963,1,0,0,0,0,0,1.6115344371722884,0
1.5150805711464883,0.7218208864170236,0,5.596143994682484,0.09226588927847315,0,8.195563376107653,0.33718248117682925,1,0,0,0,0,0,1.2097498965484241,0
1.8641845170094058,1.5812273644412345,0,5.6493899065918685,0.042126618391570024,0,15.301709840223513,0.23189491194021378,1,0,0,0,0,0,0.7168747395229569,0
2.5920054431357142,1.5879069563397559,0,6.249904148556226,0.12995839331323086,0,9.78176684627686,0.5102751078261674,1,0,0,0,0,0,1.9264536676336754,0
1.5507405881243286,1.683411623673523,0,3.5663323436304686,0.09332196098123309,0,5.776466031288466,0.40290930085492566,1,0,0,0,0,0,1.2673297956488816,0
0.9943875256274078,0.5518492427094915,0,10.38544279450049,0.021345966520560852,0,15.160576850825535,0.1993904811334063,1,0,0,0,0,0,1.1773484211314331,0
0.6982996149536851,0.23376691055889579,0,7.092891622977108,0.1343297264972016,0,8.466506834798876,0.6845802309021263,1,0,0,0,0,0,0.7955403107381969,0
0.7569031625389269,0.4927926169923163,0,6.84617111934032,0.020411086807369097,0,14.642275289212648,0.15318407725262168,1,0,0,0,0,0,1.4785650262195973,0
0.9766528664362535,0.3622112964735323,0,5.732974303414642,0.17676544076112802,0,15.32446046490627,0.6220229565670055,1,0,0,0,0,0,1.2527320654687701,0
0.6119823984839314,0.244239878230659,0,3.2128309276306415,0.04392856398442234,0,7.577020308384984,0.3007777438998121,1,0,0,0,0,0,0.931666233094149,0
1.0345233516336383,0.7952993340672174,0,6.043441210787513,0.03743798680940724,0,21.16640195187487,0.3622235843026116,1,0,0,0,0,0,2.32986742440153,0
0.9535649302759379,0.2608142521961708,0,6.096999186252637,0.08879607202960814,0,8.416762118505712,0.3900289765409311,1,0,0,0,0,0,1.1398607998600725,0
0.7695481731142414,0.4587747572849205,0,4.369425814369603,0.04399556553507033,0,12.701686952093931,0.16640804069310544,1,0,0,0,0,0,1.365484236037611,0
1.2579471288285562,0.7333767370625658,0,7.240803278842311,0.08089319460725963,0,15.60968063050039,0.34003239837980825,1,0,0,0,0,0,2.390450702870342,0
0.7576703018232467,0.3030438392067815,0,5.614759994552987,0.09110964688194258,0,12.104133338659372,0.5086855897008516,1,0,0,0,0,0,1.0166951008177647,0
0.6207966943582751,0.41668765709496675,0,3.525592438217963,0.07979268701444225,0,15.24414072077216,0.3134728168580925,1,0,0,0,0,0,1.3080934260737438,0
0.826651252097195,0.6479115270495261,0,6.965972559987227,0.06381910943110604,0,14.612399157564095,0.16640804069310544,1,0,0,0,0,0,1.6062768091451347,0
1.9886576025580385,1.7766406320379275,0,7.460475275941745,0.04763622283188544,0,7.403886835978321,0.5160047688631051,1,0,0,0,0,0,1.0207591039251025,0
1.8620899877292323,1.5378261915105096,0,4.14841774846523,0.0469914089725247,0,15.18950329792796,0.20965004304646204,1,0,0,0,0,0,1.0707083513088538,0
0.9626250985900224,0.46303633127647464,0,6.383559760606651,0.12280373288112255,0,13.37800161507011,0.4688775924104317,1,0,0,0,0,0,1.743935257675588,0
0.9271140497084038,0.2919712802596584,0,2.77423605587241,0.41310547282284343,0,8.675903902710878,0.21357128351614885,1,0,0,0,0,0,1.1015857056890999,0
1.1278894215304345,0.5030127743723012,0,6.361021600003899,0.13531636709827968,0,15.0899101833345,0.42401705212966867,1,0,0,0,0,0,1.6860806251824618,0
0.6677351574372078,0.29510955876581285,0,1.2621787941198142,0.12979930300450376,0,12.957432373546478,0.24396711359539816,1,0,0,0,0,0,1.0329968462935168,0
1.083780521335532,0.6839408630401242,0,7.0613657874660865,0.12961629198286892,0,15.57389566162978,0.38442861749360807,1,0,0,0,0,0,2.256064618400716,0
0.8717955083643051,0.34656780324315406,0,4.508519506059631,0.12054233901831163,0,6.623387983236631,0.41528885163085305,1,0,0,0,0,0,1.1696736790193283,0
0.9640388641342494,0.46614584932313863,0,3.6240493904524036,0.04574985666976085,0,16.239500300701494,0.05861617199176028,1,0,0,0,0,0,1.3140505840617758,0
1.0687359184039447,0.7311185046670399,0,5.776088487846612,0.12917723454516739,0,15.70131175023729,0.38308730077902714,1,0,0,0,0,0,2.2881716374741856,0
0.6253744016440581,0.1997364267452356,0,2.846297617861183,0.08919524575953061,0,8.559930191068018,0.16888643807838233,1,0,0,0,0,0,0.6897084808302727,0
0.9111211333110241,0.3937938463491014,0,3.7683168100883733,0.04883329083872019,0,6.246248072481283,0.22779023313600721,1,0,0,0,0,0,1.3422593571241856,0
0.7325908109337698,0.1283437565535926,0,3.1519122181107413,0.09242271797629195,0,7.462343183486095,0.36893234634356403,1,0,0,0,0,0,0.8280635901321096,0
1.5611155877030833,1.120021259391237,0,13.880941245937333,0.08914900375901441,0,23.3628659085936,0.3681884067947565,1,0,0,0,0,0,3.255662742881579,0
0.9640942160218967,0.35862708160023615,0,4.37161603155554,0.11495748028002013,0,6.947879886098425,0.4694468527654958,1,0,0,0,0,0,0.8589519883242437,0
1.5060229732184187,0.7369724197153794,0,6.940611070272592,0.042440352435935254,0,17.17444692374115,0.19898126057926932,1,0,0,0,0,0,2.1681096514743223,0
1.2453980601927734,0.5366395995611607,0,3.5154595773989983,0.09629735253676433,0,6.409849957096672,0.39664212885594846,1,0,0,0,0,0,1.4512385640087204,0
0.6485633460868581,0.34416569697884025,0,2.9761378469498787,0.04034010169276678,0,9.061908916170314,0.171505204690799,1,0,0,0,0,0,0.9646981406645374,0
1.2166901141933366,0.6790576537192367,0,8.100896221474786,0.08414505728608995,0,12.591725508902135,0.3773986953855517,1,0,0,0,0,0,1.720661330227951,0
0.9380244264382226,0.8244803607685786,0,4.628546624238509,0.041675735989075396,0,8.684328638256826,0.19631992435162668,1,0,0,0,0,0,1.0245277306639555,0
1.1951516217410973,0.5706479903019056,0,7.845741588401102,0.0490440784720782,0,14.744324102442206,0.32154691998624063,1,0,0,0,0,0,2.1393746852408353,0
1.4867629740535102,1.288990405856058,0,4.788920676738208,0.08675637285390632,0,3.0713241241451628,0.40226213385120796,1,0,0,0,0,0,0.6393141311957607,0
3.9594557673493718,2.400015311860291,0,12.884273456220312,0.18170382323506842,0,24.20174041427001,0.32876050704840726,1,0,0,0,0,0,3.256423102394262,0
1.86344077202854,1.6734905143902856,0,1.6398301369165127,0.04249887271083325,0,7.488029421461669,0.10893340822294995,1,0,0,0,0,0,1.2181285404734783,0
0.5668485510743919,0.31058761489134784,0,2.1291196889686113,0.08454461776870748,0,5.559314039569632,0.29124840873167124,1,0,0,0,0,0,1.0106439857825211,0
0.41990321036777833,0.12085387323928505,0,2.4206955185408345,0.0868337747428627,0,5.089068770619312,0.11173966886051295,1,0,0,0,0,0,0.27233990505446887,0
0.38285783187050315,0.2292083404637468,0,1.9054330973972662,0.04093874797883537,0,3.339592382173733,0.08238239985012176,1,0,0,0,0,0,0.7195005865625732,0
0.755458934930522,0.15193798174693623,0,3.690785362224169,0.09204412703823871,0,8.355568463529407,0.2538765957235669,1,0,0,0,0,0,0.7745590695261706,0
1.2449152572031024,0.5415061604804672,0,6.871026098045785,0.12381243591893992,0,8.552708166627399,0.573234871167807,1,0,0,0,0,0,1.615553155156804,0
1.0082218519928912,0.9729890004123789,0,8.513437261311942,0.03959599564911895,0,16.880759057249552,0.1269452226682134,1,0,0,0,0,0,2.4913011199693456,0
0.8900090757316933,0.2117425951886919,0,4.148058251899129,0.15606583857969125,0,6.085584993255372,0.3994458893796054,1,0,0,0,0,0,0.7585857734049937,0
0.8972567485651721,0.3674255749565166,0,6.001524477021912,0.043576196346265084,0,17.618089126106184,0.24663251599342445,1,0,0,0,0,0,1.3931966278676633,0
0.8857705401337038,0.2770826000031732,0,3.898114074814732,0.15457805409983189,0,7.724000187100177,0.5828407371556972,1,0,0,0,0,0,1.3418738241014567,0
1.7491311353974281,0.7186131420752336,0,8.24782856637963,0.04447734408194559,0,12.823547488321392,0.28298459901821504,1,0,0,0,0,0,2.279029691249792,0
0.40415927993221934,0.05187483732906867,0,2.137430473516203,0.04498372713547654,0,3.463981107783868,0.11764538411221982,1,0,0,0,0,0,0.4055120671972402,0
0.5686522398231646,0.3096302126992203,0,3.1853380509284954,0.035223007498847624,0,9.62023602838379,0.16888643807838233,1,0,0,0,0,0,1.0886572597005988,0
0.7980706216210072,0.551455557975816,0,1.8518695321726768,0.0798078255361528,0,3.6249511005530994,0.11068197957036574,1,0,0,0,0,0,0.659689146092137,0
0.8228270709105309,0.272919049884184,0,5.243190679138279,0.12623958702028942,0,13.1987717095044,0.2687215028947627,1,0,0,0,0,0,0.6686331999314179,0
1.0316629700145346,0.5851259315947287,0,6.14084278666601,0.08877695782326421,0,12.718671747037163,0.30368726181874206,1,0,0,0,0,0,1.9284760913247618,0
0.8087130430842991,0.2825343932939831,0,4.473674547713305,0.16209761310783044,0,7.3670006490320254,0.4590795175261895,1,0,0,0,0,0,1.0026906043190114,0
0.7674320614783707,0.3691421460661745,0,3.99893855712491,0.09076021113375375,0,8.924025237119718,0.221046896098695,1,0,0,0,0,0,1.305325716274962,0
1.4525652088509746,0.7612304898341978,0,7.689978140129937,0.09370352218223718,0,16.165386691740366,0.4683589440178651,1,0,0,0,0,0,1.4747585614833196,0
1.190496314606075,0.8696903065230459,0,3.3744287727468234,0.08222420180197426,0,9.513237045091296,0.4258305160444862,1,0,0,0,0,0,1.069474669541982,0
1.1697112724178034,0.7976943989551413,0,4.783210696647652,0.09555314750084061,0,9.88258590905499,0.2743560854583498,1,0,0,0,0,0,1.4521788620722291,0
1.4238949766430444,0.5223156751798138,0,5.175441118712413,0.05129931173353114,0,10.088553139437678,0.37499030887476814,1,0,0,0,0,0,1.6495896437937616,0
0.7490741747192391,0.3572139921502047,0,2.977124928876541,0.14806808798696586,0,7.919449186219247,0.37850170615375234,1,0,0,0,0,0,1.065990724910007,0
0.8296386724978505,0.36403654168827826,0,4.37625938819671,0.04463064376273729,0,10.811439616575909,0.15076526859429562,1,0,0,0,0,0,1.127512891937891,0
1.2284949275706782,0.46018903324217963,0,5.7884121752060675,0.09242924494424637,0,15.10241864983091,0.36338632133857074,1,0,0,0,0,0,1.8648109371434698,0
0.7550563058401483,0.23893690922777291,0,1.906259303574592,0.04560283495859005,0,7.145803440053601,0.22336954809471032,1,0,0,0,0,0,1.0014466841202234,0
0.8652337141377753,0.7400096915688493,0,8.171518548990981,0.13161226167802023,0,13.564455038597272,0.41984713165077103,1,0,0,0,0,0,2.0659099284313758,0
1.075159209344693,0.25532148522883574,0,6.0127157972663055,0.12573450880129863,0,8.256660856786656,0.5114990813682022,1,0,0,0,0,0,1.2801034038008148,0
0.8243643475926175,0.5094397818113877,0,3.490284780763889,0.07828458770849236,0,16.330037647376564,0.2374897579551275,1,0,0,0,0,0,1.5424799227879489,0
1.4781188452606837,1.1236065316238186,0,6.80170940272661,0.2134229795442143,0,8.89571994585973,0.5685444868616633,1,0,0,0,0,0,1.3472676586824521,0
0.5613039987055655,0.2571735280511029,0,2.20493504281194,0.07896690697952176,0,11.801324515107531,0.16640804069310544,1,0,0,0,0,0,0.9250589459279291,0
1.1907485624743557,0.8246052449445058,0,9.361501897604015,0.12382982177907356,0,12.388362268284805,0.4373789602277167,1,0,0,0,0,0,2.31484367160468,0
0.66729963590439,0.2577023450881796,0,2.6483838424148525,0.08935911038637473,0,6.982449942736288,0.2829975757971719,1,0,0,0,0,0,0.39522232417337794,0
1.2594677642261425,0.8264448145941312,0,3.9954214641870807,0.08000733116247907,0,12.763756289916367,0.34781871294093547,1,0,0,0,0,0,0.9615229515187917,0
0.5113591296560827,0.2992617496612649,0,3.3413326370283434,0.03035846078047544,0,4.010584647903277,0.07895478687837443,1,0,0,0,0,0,0.6775085065376618,0
1.399113709924316,0.831763723916486,0,3.322728873800476,0.045674165916122875,0,11.135050114377396,0.2784297536932259,1,0,0,0,0,0,1.1198865383733567,0
1.4817076667788793,0.8315724977073191,0,10.175790622661086,0.044205836311606225,0,17.611078847035138,0.45480447256261725,1,0,0,0,0,0,2.2821062197645814,0
1.5508559656776522,0.81075610840155,0,4.195175720709366,0.11058747232062549,0,10.660308704673604,0.5323212365946375,1,0,0,0,0,0,1.6184925522932772,0
1.289768722459616,0.7919307279354661,0,6.724108434092648,0.043079770026915154,0,17.28956734331403,0.2340243228891215,1,0,0,0,0,0,2.032346155349842,0
1.0004148347599817,0.3539988528042733,0,5.147153989304275,0.08901980863769335,0,10.478907465385639,0.7320509221379119,1,0,0,0,0,0,1.2784876948275237,0
1.3437447714082273,0.6637915644650543,0,5.313373570725163,0.08808629512418042,0,5.848394341771732,0.5037930141635542,1,0,0,0,0,0,1.6029608987182402,0
0.9738698696762579,0.860375226416031,0,8.669366366724763,0.04570204371233349,0,15.57389566162978,0.21973027552542737,1,0,0,0,0,0,2.4315216836389677,0
0.7736413029854757,0.28631107538159367,0,4.389810066644315,0.12921186059319462,0,9.753740011728693,0.7279402606342249,1,0,0,0,0,0,1.235393778105736,0
0.6206424966133579,0.45849801200081514,0,3.8087178149249334,0.08751035599757179,0,11.589053201596673,0.16640804069310544,1,0,0,0,0,0,1.3680818104096568,0
37.30038081456926,55.38486870727291,0,12.882915695587503,0.21686556103956126,0,20.428790831176784,0.5842801008339988,1,0,0,0,0,1,2.5884849201834434,0
6.407757901993343,10.121219831990402,0,1.483852069055167,0.032615778658285285,0,17.362482502778196,0.19993571719377545,1,0,0,0,0,0,0.5778902866302486,0
0.5510382243151353,0.19289861198967095,0,3.05269677884778,0.15633734910872799,0,14.0012626152513,0.49305229787032795,1,0,0,0,0,0,0.7012061158374556,0
2.355652866191079,2.482983356137433,0,3.6987338302016566,0.07872794744585637,0,27.565882410275584,0.21154079098639855,1,0,0,0,0,0,1.6459656113636496,0
0.7574101616148758,0.2425786891020364,0,2.1719657099149874,0.1143774936549124,0,7.837996593530802,0.5401070548278963,1,0,0,0,0,0,0.5451854645589623,0
0.6585519505295261,0.1803649657978686,0,0.8329093840195141,0.04333327992948466,0,28.577670350170152,0.2681427948004531,1,0,0,0,0,0,0.8835934442009048,0
0.6538176563850302,0.3482368470218092,0,1.1666189789256045,0.09004283757945974,0,7.239839899442521,0.18039218223253944,1,0,0,0,0,0,0.4600359365682829,0
0.970387250870268,0.3081189762123425,0,1.844203289653775,0.034768537089714883,0,23.85633991512314,0.18386518105020971,1,0,0,0,0,0,0.9198024670113967,0
0.6443108627932301,0.23637358233210853,0,0.3603040298222568,0.0857922753108372,0,11.324096955647915,0.5484604036295546,1,0,0,0,0,0,0.5559829169085762,0
1.4807761923314935,0.6908714578621866,0,1.8147285720120507,0.04363675985771763,0,23.433487402729526,0.11422362262681812,1,0,0,0,0,0,2.107894250589321,0
0.8567712214419401,0.2017854186804254,0,0.7977627556407669,0.13558116485499083,0,21.949841193258873,0.4871224695621478,1,0,0,0,0,0,0.9411811643360349,0
0.28894860969505554,0.0635846553739834,0,0.449060937979632,0.09469842341734314,0,13.776408756003354,0.2919651299777367,1,0,0,0,0,0,0.2561560912192675,0
0.854229837504767,0.2591565145352478,0,1.556493013121297,0.10936776209748822,0,19.890473801469103,0.493583651678476,1,0,0,0,0,0,1.1700459619960601,0
0.7911959831798432,0.2814988011453922,0,2.142316123356654,0.11386418310757804,0,14.227690927837294,0.473996052286513,1,0,0,0,0,0,0.7643663223318746,0
0.784957363714325,0.502965784072324,0,0.8820695011719346,0.07797730572496919,0,14.468237856357359,0.22466397553240086,1,0,0,0,0,0,0.5271659176144969,0
3.9169242431732556,3.8437757840017515,0,1.8649826451245581,0.09725801686085786,0,32.95336303960018,0.48705925271860695,1,0,0,0,0,0,1.6923716360774301,0
2.323489294635925,2.087750525198051,0,4.838754429654331,0.13867690071326438,0,33.34329681370747,0.4219028892417487,1,0,0,0,0,0,1.3052547942530053,0
2.5527680079043904,2.9042440264127984,0,4.384463703112761,0.11049369667569564,0,37.653028844378866,0.344827093568015,1,0,0,0,0,0,1.887602756193075,0
1.9742633927167317,0.643044949664846,0,2.0827989663872795,0.21817276225016516,0,27.556235071481463,0.6050593666671495,1,0,0,0,0,0,1.3586413707064764,0
1.0371151405635721,0.80629983542935,0,0.6003610768288243,0.11162678707443667,0,13.302962257754533,0.4325863417120611,1,0,0,0,0,0,0.8156443164014635,0
1.0293547062240727,0.9791436504931289,0,4.440881612122791,0.1613298334191004,0,40.65862035685782,0.23667601675458316,1,0,0,0,0,0,2.6832600777844835,0
1.060416818541918,0.4467994387146703,0,1.0151705502308168,0.11330135670627789,0,12.011328410485648,0.3997896890010193,1,0,0,0,0,0,1.2492609467253402,0
1.0729230194753272,0.5774872211687577,0,2.730208008860899,0.07938355568498498,0,34.747265127707266,0.11422362262681811,1,0,0,0,0,0,1.8389780188576634,0
1.3068795258390842,0.5022332097510145,0,2.433246386981583,0.19326321420083406,0,17.769294583766783,0.4957399808153826,1,0,0,0,0,0,1.3115167003673687,0
0.5527298736375191,0.20389531991657095,0,0.6698318407689712,0.06510732296443944,0,20.028433541301773,0.22735431022199865,1,0,0,0,0,0,0.7860662203543509,0
3.155690460834697,2.4112558538974267,0,1.3225233270741776,0.6039769670696579,0,20.216673727287436,1.197515929115788,1,0,0,0,0,0,0.36475441604978975,0
0.5519740468147233,0.30540147215236974,0,1.0452536662267145,0.04746890732408744,0,30.507935919747915,0.0676662943059764,1,0,0,0,0,0,1.0201212460893867,0
0.9717629070935572,0.4670105699046848,0,2.6496621099720907,0.1797605283253815,0,8.165517960357452,0.499375836618954,1,0,0,0,0,0,0.8195674943784166,0
2.8681952284347547,2.7122851907628465,0,1.0294107854961465,0.09789968963549898,0,28.652936205377106,0.3894755183487733,1,0,0,0,0,0,0.9524661343090776,0
7.659390983155633,12.24974300746538,0,1.1833684465161265,0.12969666635054425,0,11.060024035292477,0.19932721088301653,1,0,0,0,0,0,0.44911455499455855,0
12.411019748728815,18.85050887982272,0,4.02567226005507,0.27748250869680713,0,37.1105144218629,0.8630995500930636,1,0,0,0,0,0,1.8996823316067808,0
1.5174424295823286,1.3152793719330933,0,1.443032274197073,0.0773689975025201,0,30.701756100322058,0.1733110058821524,1,0,0,0,0,0,0.9487299806613514,0
0.7787211266773291,0.18716891087975152,0,0.4597313251788821,0.19165916665778904,0,12.407754024301925,0.5972203983024991,1,0,0,0,0,0,0.5082596412936586,0
0.9796913938710164,0.46501379077202587,0,2.018318402753814,0.1289395749891365,0,31.672241580926592,0.32380829926550647,1,0,0,0,0,0,1.7295826263231868,0
0.5965633063785254,0.2659652002764321,0,1.152972677310863,0.1290692027418974,0,6.961379250224218,0.4304529723804247,1,0,0,0,0,0,0.37043965088578334,0
1.5203365751191873,0.367226261801642,0,1.1034606001112743,0.10320863212339586,0,35.908818669789866,0.39072217009101096,1,0,0,0,0,0,2.1002047009513776,0
0.5804109698161922,0.1991643743257352,0,0.4695539857137485,0.04034834446895368,0,12.798522021776547,0.10309790562802554,1,0,0,0,0,0,0.7108060169071029,0
0.885299388730586,0.11110876330256783,0,0.3593550469252986,0.05368810980024981,0,12.471562924624866,0.2809824987862385,1,0,0,0,0,0,1.0182078806626942,0
0.5214317701296312,0.09716097410145219,0,0.42012393687148064,0.05098828279688143,0,11.224597787022018,0.23678686796635684,1,0,0,0,0,0,0.5912142926686345,0
1.2569673755593873,0.5127040484443541,0,1.3208530244535528,0.14768455968373356,0,24.953931970295812,0.4840274251060425,1,0,0,0,0,0,2.1145586391216638,0
0.4386697660802481,0.05614150755162541,0,0.6799506130528209,0.06995178918444127,0,12.019228480658926,0.14362787573632302,1,0,0,0,0,0,0.38685954507446846,0
0.9667241190862969,0.3028101743672468,0,1.3467158079852073,0.14471699067990274,0,15.57389566162978,0.3343008433059492,1,0,0,0,0,0,0.9174909367968821,0
0.5747204375988154,0.2654464855237383,0,0.45836747467600253,0.10152314834734008,0,10.022148212314455,0.2757751147297239,1,0,0,0,0,0,0.5685523920456487,0
0.6533181511465723,0.44254822266711913,0,0.39567604242872045,0.03527862194975477,0,19.122157443285257,0.09208482157656098,1,0,0,0,0,0,1.4092524184106838,0
0.2562282029934584,0.07949627450623961,0,0.5022829203123549,0.05082668277907601,0,5.2543486567917235,0.18202690635997268,1,0,0,0,0,0,0.30640278142353783,0
0.34612722829253506,0.13601029705181797,0,0.2762167563255955,0.09147275901568266,0,8.640056695753557,0.11427007878579455,1,0,0,0,0,0,0.5655610693654779,0
0.39878854692333876,0.11606269211549015,0,0.5139703646180965,0.04539690457009864,0,9.002841830221616,0.08649106274601366,1,0,0,0,0,0,0.49594094321426296,0
0.9554047526562768,0.22569836800759038,0,0.9043599942924962,0.052596008862274043,0,25.56777931565003,0.16074283440495024,1,0,0,0,0,0,1.150626362730546,0
0.2742438732400584,0.10906836558968738,0,0.5924154567014992,0.03610094723847555,0,11.358005937556705,0.07487179780616887,1,0,0,0,0,0,0.4175310705946795,0
0.6240161729827779,0.16660858216639657,0,0.5719791161663993,0.04701850441063282,0,12.4463509726817,0.14102034440239047,1,0,0,0,0,0,0.5720751206807101,0
0.77806717881534,0.4462369770409957,0,0.5093870193158488,0.09171810528927118,0,7.135511629650383,0.20761786885558947,1,0,0,0,0,0,0.8401341209865254,0
0.7313203429567431,0.20106621166928934,0,0.6563230367845572,0.050118748830148226,0,11.767624211260507,0.16930858791550793,1,0,0,0,0,0,0.9081284456543607,0
0.45740007039394925,0.15004618773339012,0,0.5316581064526517,0.05397586774966261,0,7.372822545259346,0.16966045621664533,1,0,0,0,0,0,0.27792152258665237,0
0.501990525025075,0.16695817664098722,0,0.8345388997418697,0.03648844510013472,0,14.889633301686398,0.09162138424089952,1,0,0,0,0,0,0.5415149013795548,0
0.45751338126217056,0.22456397855291174,0,0.2020538282538875,0.05114453307646259,0,2.751477322700646,0.18569954597202187,1,0,0,0,0,0,0.5401070765913114,0
0.5372236360318755,0.2868794142737823,0,0.5176841890349304,0.09077891165061056,0,7.172695431090652,0.22134050848457806,1,0,0,0,0,0,0.44291844909326494,0
1.5442192325580182,0.8400090662447883,0,2.7468406445568188,0.05133140099655255,0,30.30562053826072,0.6778533046403281,1,0,0,0,0,0,1.2725511097690578,0
2.6336182168747957,2.352169164794364,0,2.1220913715230174,0.14988765778291258,0,6.656356902248881,0.32188580372996345,1,0,0,0,0,0,1.0378989006551091,0
2.906436579239992,1.936755149814544,0,3.1498296343367613,0.188582580424434,0,34.3914125767852,0.823560544054188,1,0,0,0,0,0,1.7777585675793244,0
1.7936132515673426,1.914506212602301,0,0.5815055790452257,0.1582834249235216,0,9.4155137362152,0.46680536309232656,1,0,0,0,0,0,0.5185806793452472,0
2.0607620436224443,0.7471081370411463,0,2.5887800221825437,0.14557955334577172,0,34.818973105358054,0.8774421403607466,1,0,0,0,0,0,1.5996275002424951,0
0.8724625111231257,0.7538101214486318,0,0.5521969679221794,0.039416722898348765,0,16.240224237596873,0.09168063679035435,1,0,0,0,0,0,0.4319480796750782,0
0.3054616620727284,0.1378351711392608,0,0.6888929871742995,0.04401498331766283,0,2.6468370209763616,0.19008676243962025,1,0,0,0,0,0,0.16428281970820055,0
0.45596523696799685,0.1814213951964972,0,0.8766217142138992,0.046775415373551094,0,4.457975418830327,0.18710046516423762,1,0,0,0,0,0,0.2812037744418331,0
0.4846383580753551,0.21964003103158597,0,0.788607439642428,0.04832373012539221,0,3.3066694242730588,0.18354705534457283,1,0,0,0,0,0,0.42354818968753927,0
0.4587557832212434,0.22504464511564093,0,0.3118306117542511,0.04476321040887977,0,7.421718205436789,0.13494439870296845,1,0,0,0,0,0,0.2649722298616708,0
0.39891604758879196,0.0954708627047588,0,0.8253029576912693,0.04544806818330056,0,8.56785264577081,0.06857580839638593,1,0,0,0,0,0,0.43923173264601323,0
0.4708378955677846,0.23458356569542818,0,0.3214755483868254,0.049632658653093374,0,3.308954699374427,0.16232178158252997,1,0,0,0,0,0,0.6857815405849506,0
0.7011059996001805,0.23550124789267576,0,0.13171075618936684,0.047268313739998145,0,8.75394209765813,0.08213562963478276,1,0,0,0,0,0,0.8613985465315077,0
0.47260287269282303,0.27941784236138884,0,0.11435493817813994,0.045261380601422485,0,1.8218301464773885,0.13952530281618244,1,0,0,0,0,0,0.4502902391389385,0
0.3918342395312693,0.18727204860371413,0,0.5041689909800819,0.04478488805963537,0,7.185523198720661,0.07419640106206857,1,0,0,0,0,0,0.2686128323392079,0
0.3176181976686385,0.03790430443711403,0,0.3144694512571444,0.046061256638349035,0,1.8218301464773885,0.13832083061389305,1,0,0,0,0,0,0.37631491110029075,0
0.4874350918565197,0.17380982401723058,0,0.22981717220177006,0.046143149276965514,0,6.321716292415729,0.13711938876144528,1,0,0,0,0,0,0.7749824582565056,0
0.4458767300006698,0.16598164765967677,0,0.6844866331594598,0.04832342754139345,0,1.790558181864451,0.13587840722601174,1,0,0,0,0,0,0.35666385139690926,0
0.4543080306649805,0.14004554538871428,0,0.9655617474900651,0.0445642721528885,0,10.116288967671192,0.06079097596783031,1,0,0,0,0,0,0.5415296676431975,0
0.2232091855816961,0.029824764274608853,0,0.28342275271200246,0.048671179022446734,0,4.595331642238819,0.07487179780616887,1,0,0,0,0,0,0.19301859946368308,0
0.4143655286312227,0.14662225404659243,0,0.15397858307942575,0.04321309599061877,0,5.174903903213073,0.09291465069121849,1,0,0,0,0,0,0.3660255733933486,0
0.4238137251769723,0.1793371485094667,0,0.34879746421824787,0.04854026641123039,0,4.225985792974086,0.06857580839638593,1,0,0,0,0,0,0.39367513120639325,0
0.40484150241339395,0.07959319507900774,0,0.3637820742146302,0.09104478075126976,0,3.9262844512922572,0.08580456051971828,1,0,0,0,0,0,0.38550431616795217,0
0.3599009081967911,0.14650897028391374,0,0.3850883646684943,0.04544806818330056,0,4.6628226210651595,0.06857580839638593,1,0,0,0,0,0,0.2374724563923553,0
0.5402161940708589,0.2893025559156211,0,0.13022555285927817,0.04726020398746393,0,2.267780660889317,0.13567332436847762,1,0,0,0,0,0,0.32928554283052514,0
0.3408699863067649,0.11739661808665722,0,0.653943299724994,0.032423399067187546,0,8.736205105248946,0.11731936922696069,1,0,0,0,0,0,0.542356452900109,0
0.332996831144241,0.09562159307958364,0,0.19237995987529583,0.049948852813416135,0,1.149547510274508,0.08580456051971828,1,0,0,0,0,0,0.2822205771407767,0
0.26473539798292783,0.0824844983408277,0,0.5554108202542776,0.03302121577431096,0,7.289271646149032,0.1171782679317819,1,0,0,0,0,0,0.18201554558728672,0
0.49131808560053125,0.16935960377034728,0,0.3474885728619951,0.03309843235762645,0,4.284455915806545,0.18393240507354958,1,0,0,0,0,0,0.7100047012128479,0
0.47718608049885464,0.1255049465534142,0,0.20188677539516625,0.04531687316089045,0,5.811075293739329,0.15238385232520194,1,0,0,0,0,0,0.6943788475384091,0
0.30429890579589214,0.05383111006677814,0,0.22674329564304788,0.049948852813416135,0,2.2183237300774112,0.08580456051971828,1,0,0,0,0,0,0.3434858255341044,0
0.3912591935943056,0.015895402651971043,0,0.27367494816341487,0.04648930655837254,0,6.63106239842729,0.10051524480454915,1,0,0,0,0,0,0.41617906402837546,0
0.4742275085629635,0.08950505700184345,0,0.6204147070674222,0.04631615489544118,0,8.508906705967675,0.18710046516423762,1,0,0,0,0,0,0.5124270083858998,0
0.29674045604912375,0.08485283301479975,0,0.5032381228128083,0.04817347197856273,0,1.733104151731141,0.09596891259965358,1,0,0,0,0,0,0.20661736036621228,0
0.4207019507309418,0.07846146670238732,0,0.9509274598632761,0.04643646654871127,0,7.101673330380999,0.0976361553568757,1,0,0,0,0,0,0.48839372171060697,0
0.3497121937882802,0.15438474712800676,0,0.5581078122041183,0.044268996602509894,0,7.566759121950577,0.20599296910120923,1,0,0,0,0,0,0.3144764384155444,0
0.3152786404425365,0.036785281428715774,0,0.3699932839290314,0.08818926144825942,0,3.9891837693009475,0.1695338628675208,1,0,0,0,0,0,0.26546439904677077,0
0.9198108041548314,0.8387681691212319,0,0.6424579287916234,0.020729331018801228,0,6.100222419490915,0.111419330141497,1,0,0,0,0,0,0.34025980776839987,0
0.9563684833068082,0.7696898204293459,0,0.5837285039179458,0.04974988664395356,0,1.7741401059123452,0.2193490058772336,1,0,0,0,0,0,0.1980259932618583,0
0.36531102053734416,0.11069664061158362,0,0.3563901174077257,0.04592603389050229,0,8.467287876611817,0.08606723220142713,1,0,0,0,0,0,0.46027705900340365,0
0.3955028490006864,0.22169114466343542,0,0.2670838677997623,0.04385688240853555,0,4.088948225858045,0.21321647592318033,1,0,0,0,0,0,0.29513795072406646,0
0.3786104718071482,0.21657019873799965,0,0.584953078837073,0.045565682954468376,0,9.590362603895148,0.12657162469032718,1,0,0,0,0,0,0.3358098162666218,0
0.4597038690260225,0.24481588172437013,0,0.4494880090119515,0.0542138990405818,0,5.661704384710502,0.2181105993530657,1,0,0,0,0,0,0.5575773074737316,0
0.5015600983360136,0.16767616986741357,0,0.5811547821623626,0.03431598976709718,0,7.296474859352485,0.0857762079517761,1,0,0,0,0,0,0.755113406294603,0
0.406363398311496,0.2865409098033669,0,0.17217083527855928,0.0542138990405818,0,2.751477322700646,0.2181105993530657,1,0,0,0,0,0,0.5357812434355451,0
0.37823873182769574,0.1596912745529759,0,0.2743634692002081,0.03650788171218089,0,8.786164618602893,0.0727069740217694,1,0,0,0,0,0,0.6001102149702571,0
0.46550190811307907,0.19576567936592765,0,0.43158069497240437,0.05255600002448015,0,2.6468370209763616,0.23843290504954678,1,0,0,0,0,0,0.5528376131647196,0
0.3953859470387419,0.13677612829344496,0,0.41616644329163793,0.04596920048962684,0,9.601885393646263,0.08641504710918474,1,0,0,0,0,0,0.5539414026637266,0
0.3781543787482027,0.07647070945354617,0,0.20570271566469212,0.04699520872428599,0,2.3662873934865845,0.08580456051971828,1,0,0,0,0,0,0.32831932981254913,0
0.40689639401829714,0.1893189990755031,0,0.66148773429784,0.03736914232790009,0,6.6242325540947355,0.14227117800610542,1,0,0,0,0,0,0.6961897463215038,0
4.021728770919606,5.765751063173023,0,1.3417636367074,0.7326601806511268,0,4.582684938722934,0.8514787403241308,1,0,0,0,0,0,0.7491261979626396,0
4.063142055282677,5.790209782749396,0,1.5614687715649405,2.4136224672429836,0,5.401683763352466,1.8782432017941155,1,0,0,0,0,0,0.2892521674457754,0
1.3373836672188741,0.3268517926126208,0,0.9286236711675682,0.12181464881154261,0,15.142121719958414,0.4616240276396266,1,0,0,0,0,0,0.9809976179497825,0
1.657307123727636,1.3700255291393397,0,3.438809458228847,0.08673151600422888,0,34.78805868530962,0.27056015644769205,1,0,0,0,0,0,1.7400852013656007,0
1.089336848317558,0.9818960984758432,0,0.605208867160965,0.25783036639916107,0,8.583087154639507,0.93583057670573,1,0,0,0,0,0,0.4777055734506442,0
0.9767365743981895,0.1950740538697115,0,1.3030756310401612,0.040365820377889584,0,30.76125956656849,0.4293750443465415,1,0,0,0,0,0,0.9623703708227515,0
1.1343938749750038,0.5487762765381996,0,0.5892488500242964,0.1905911117464756,0,7.97934139383809,0.7181751986704301,1,0,0,0,0,0,0.589304592604095,0
1.3357390447175346,1.0434539880779792,0,0.5992300236210284,0.044152885138013784,0,26.877742647651914,0.2446677508545868,1,0,0,0,0,0,1.5129979781010139,0
1.2309738314477536,0.309230728170509,0,0.48386939794255174,0.1830287501881393,0,15.452238383336867,0.5867643143414458,1,0,0,0,0,0,1.3329503682012445,0
1.013961656054732,0.6345221950791728,0,0.25171660244948835,0.09181559190059291,0,15.156210243813542,0.13933375261673334,1,0,0,0,0,0,0.8095310455242376,0
1.1860659390563795,0.5191342097728116,0,1.209358771498085,0.1630642728847492,0,14.158634447280892,0.8128262508996595,1,0,0,0,0,0,1.9749911250828542,0
1.1147828933748265,0.5728525821072895,0,0.7385290449804112,0.1874452349238221,0,9.194598139825445,0.5299520989922928,1,0,0,0,0,0,0.89948467826346,0
1.2046689718188737,0.6153361242317056,0,0.26231642696174934,0.07110822710693974,0,24.155479161776547,0.39942003970234097,1,0,0,0,0,0,0.9454644667546788,0
1.3084291784473527,0.718243909515653,0,1.9329749000799918,0.18483602461421916,0,20.09394616829633,0.7504704196127542,1,0,0,0,0,0,1.9817354317933833,0
0.4706245511206679,0.1636737588397056,0,0.5747758587002559,0.051905221413957925,0,8.34677380585729,0.3639053029178695,1,0,0,0,0,0,0.5344173567680317,0
0.8973951190647786,0.1239356782815559,0,0.7734395916004565,0.09487423870123826,0,11.493417832954092,0.23691374203013602,1,0,0,0,0,0,1.0228091197572007,0
0.39005203591893034,0.13241154680031386,0,0.7517226697539285,0.04211871989779187,0,3.5774612365729386,0.19578751263791477,1,0,0,0,0,0,0.5851359523324225,0
0.6196833358123837,0.24838748049305784,0,0.8907708393005518,0.143851731097886,0,7.094253192443828,0.6822188154261188,1,0,0,0,0,0,0.5414129887501352,0
1.3712452609198198,0.34082350186892374,0,1.3706722588336335,0.04126564510670523,0,32.38586782897161,0.5342040153349277,1,0,0,0,0,0,1.7390617395030592,0
0.9844813480225933,0.3301994288219722,0,0.29126754496006296,0.1422897807062038,0,17.991818293963043,0.7596784345310164,1,0,0,0,0,0,1.3057392161901271,0
1.103817532407428,0.71738338296547,0,0.7384991617311496,0.0790628830694339,0,24.506022655731314,0.34842399707139055,1,0,0,0,0,0,2.2006772427638372,0
1.5537002612420934,1.25205134787443,0,0.7771844761059533,0.22585430237064938,0,9.51659107634269,0.5825636408282377,1,0,0,0,0,0,0.6886184173556816,0
1.4340891438518952,0.8789973866141823,0,0.8132700929396104,0.06578802094760024,0,39.7379328961881,0.1665906290150901,1,0,0,0,0,0,1.853048675228249,0
0.745599219844323,0.2332943081282163,0,0.2084651824410208,0.2218964541990342,0,11.309137492136458,0.8480823181358823,1,0,0,0,0,0,0.8977435641254674,0
0.8862773768077834,0.2688864018255537,0,1.1954204670789474,0.04757753433747771,0,30.68928576139774,0.4217883899589002,1,0,0,0,0,0,1.2539454600008262,0
1.2593886140719144,0.6635620771706063,0,0.3935117798703901,0.05029787382579897,0,14.251634147121939,0.43639253925373794,1,0,0,0,0,0,1.2109136492634194,0
1.5038070985071839,0.636452336786558,0,0.12474426111968463,0.022678240842491322,0,31.65052887228314,0.15638911913388398,1,0,0,0,0,0,2.116688886721507,0
0.8794346904750094,0.5748559160631828,0,1.1060239323416081,0.1808682868646399,0,11.585463549326448,0.6592173825314444,1,0,0,0,0,0,0.6615499606935207,0
1.4185115719907073,0.8247816065189978,0,0.6339346145276702,0.06661465985070449,0,25.183401370683818,0.2291160903370919,1,0,0,0,0,0,1.7595420837564597,0
1.199630067571739,0.39966440108353657,0,1.189018439618847,0.1347226028548052,0,11.415508992317088,0.919205563145411,1,0,0,0,0,0,1.3298796911944584,0
1.4998796239017327,0.619534115809391,0,0.5968183051491939,0.025276692953800313,0,31.974528975058742,0.36834769100726383,1,0,0,0,0,0,2.5062949290582948,0
2.171085529954978,1.9002036892362868,0,0.7505158554397169,0.1691219784739221,0,13.449817452527611,0.8313200307158313,1,0,0,0,0,0,0.7556481800999173,0
5.15398385149805,6.3943233441586305,0,3.021172772261145,0.11494614357957425,0,40.75708792014851,0.5240282014771491,1,0,0,0,0,0,2.2311612508268395,0
0.8157622999714099,0.36322763230295135,0,0.39581438404552693,0.22838998095975185,0,10.765386350930036,0.872092150780357,1,0,0,0,0,0,1.0284760209142167,0
1.5264385321670213,0.9843820200209319,0,0.5287968269325184,0.06979874598751991,0,32.022830346074315,0.3828936569516143,1,0,0,0,0,0,2.193437670833549,0
5.048905144095102,7.4035553598683865,0,1.567896250262139,0.09053928786337848,0,8.895869427893798,0.5138903164725818,1,0,0,0,0,0,0.7048752291505413,0
2.7314219718617285,2.654526237323435,0,0.9363423969721095,0.18616546975007242,0,32.082467718052925,0.8042588365470844,1,0,0,0,0,0,2.567723739598983,0
1.5184865927285904,2.1739069708435963,0,1.018125955888878,0.043494107965936404,0,7.886570459391336,0.20086835583362897,1,0,0,0,0,0,0.21928458049301064,0
2.4097115581856867,2.3592228625012086,0,0.47303462674978947,0.1919011203833581,0,12.756927712388194,0.683257951470009,1,0,0,0,0,0,0.7631318280133431,0
2.440054295190623,2.519471990364889,0,1.2405719114725908,0.019355089389656452,0,30.476543015965188,0.22989101850596944,1,0,0,0,0,0,1.5420765478389633,0
0.7196138766515405,0.7767459406049894,0,0.2722671060658872,0.04248967631699822,0,8.845225376411072,0.14489411844351208,1,0,0,0,0,0,0.4772441050419185,0
1.4748743860950917,1.341145810186371,0,2.410363200055376,0.022204927946202147,0,13.24494273441432,0.2483926088141586,1,0,0,0,0,0,0.7811264893617732,0
1.5594944341018788,1.0469816417671944,0,0.7958864249645222,0.049513953520987294,0,36.55285131373185,0.35530075677683703,1,0,0,0,0,0,2.2002482369005762,0
1.0523049195791232,1.1539949353160757,0,0.5528153705154477,0.09146005874221627,0,10.570337227918444,0.254504440225346,1,0,0,0,0,0,0.602502843484803,0
1.0617585429783163,0.9910512023786894,0,0.8308159687411305,0.14132839492586863,0,3.7674508051354776,0.6823936714776491,1,0,0,0,0,0,0.6286677700402452,0
1.6617995880162009,0.8213457698704588,0,1.045490746146809,0.13963226038430362,0,25.326696052742157,0.46896162937409036,1,0,0,0,0,0,2.378713384831043,0
0.8893069905801505,0.5795625029415443,0,1.7745917669866365,0.06533102079588905,0,19.436650157511956,0.06999493640181892,1,0,0,0,0,0,1.6786857884664708,0
0.900866094325139,0.43141375139700455,0,0.605000598957286,0.09746206411308468,0,6.641978879702741,1.0422359444412823,1,0,0,0,0,0,0.5833547052343244,0
1.2516851756566125,0.43167630885222336,0,0.6272446769636084,0.10311838013826082,0,29.6123761360328,0.7582451531060973,1,0,0,0,0,0,0.9282999291734642,0
1.2615013259896743,0.3316859724614578,0,2.4180554537042855,0.0988664102771019,0,12.92576019648442,0.4874845107826392,1,0,0,0,0,0,1.4285860960519932,0
2.3680598181637724,1.0703495800824399,0,2.0879743559276704,0.2851797662420715,0,13.392835400118242,1.2103558796580831,1,0,0,0,0,0,1.0440397875513734,0
3.247135266201723,3.5781960270175213,0,0.6970760621582008,0.06798861413123569,0,23.264160135148785,0.283047247146177,1,0,0,0,0,0,1.409776475464005,0
0.6219750332663363,0.3443468944602412,0,0.5706886290962373,0.08940785278469797,0,8.761105759085684,0.3764835046806712,1,0,0,0,0,0,0.3971930449051626,0
0.38908407464894446,0.09980105080203283,0,0.1689568601146796,0.04736545664640329,0,5.9051510999626515,0.20632817598198872,1,0,0,0,0,0,0.2785417956304941,0
0.36839563087450355,0.09304620327171101,0,0.3466530020934614,0.04414346367400636,0,6.878669504260014,0.08273517665444524,1,0,0,0,0,0,0.32167912972082946,0
1.2525843646366919,0.5130514811938075,0,0.8240567752662138,0.06502493908626814,0,23.50235972402119,0.35222419462776766,1,0,0,0,0,0,1.9383354145931584,0
0.4492661981070697,0.09012534672701,0,0.20221751727770415,0.045630883199098235,0,8.281861402143072,0.17184283612275128,1,0,0,0,0,0,0.34730578923094374,0
0.4710384180088069,0.10671565328545368,0,0.4999477979460698,0.0954560771884003,0,16.930778721824904,0.28745024456582274,1,0,0,0,0,0,0.5378402093753301,0
1.623119634207113,0.5022742123443072,0,0.7887729664125069,0.18335659391891124,0,24.868616475153907,0.7674569785750415,1,0,0,0,0,0,1.3550625310148916,0
0.6819087026967976,0.2156962757504372,0,0.27268209324252113,0.1526394809932257,0,15.371519701206413,0.34709029461215213,1,0,0,0,0,0,0.9400770507789797,0
1.0883919514609166,0.38166440167894417,0,0.41541337797681616,0.08284632951041153,0,13.039000270054725,0.4029642198430312,1,0,0,0,0,0,0.7891962262824435,0
1.146634294363717,0.6467132047388892,0,0.5720261134332407,0.12493737336015498,0,17.06091347814793,0.44814033429867894,1,0,0,0,0,0,2.145272684626822,0
1.418991386261329,0.49241127529420786,0,0.5471512848276674,0.15459045895639908,0,16.177994004242375,0.6437471780822979,1,0,0,0,0,0,0.7000596120534394,0
1.4005091300636616,0.6011302692389302,0,0.40801840008528184,0.09086982992898684,0,23.651513744512265,0.5513671639475227,1,0,0,0,0,0,1.5169727665558272,0
1.5548523095976368,0.923776668592189,0,0.791806755940312,0.17900576320478243,0,14.256283646713685,0.6289327324145283,1,0,0,0,0,0,1.0402292663884,0
0.8547164134767816,0.11073612679152763,0,0.6238675846246933,0.18610341580753867,0,13.297259221335398,0.5162585827741332,1,0,0,0,0,0,0.9155926104659292,0
1.7207569755420875,1.4111822834196421,0,0.799264234280857,0.14055591052695715,0,26.07860117973678,0.8178268930111149,1,0,0,0,0,0,1.5821510215341104,0
0.5786559309134169,0.29913326237495114,0,0.1247759375302896,0.08478604458519709,0,10.8805109978145,0.7525799560526472,1,0,0,0,0,0,0.2994741240202052,0
1.5071131436670873,0.5040847526736144,0,0.5539056109130704,0.16349428512348513,0,28.144243911000157,0.5911517842600584,1,0,0,0,0,0,2.2610041363950972,0
0.8617447130095999,0.3528320408233831,0,0.4559922565208794,0.14965365133820502,0,10.069439757376646,0.5166457559312826,1,0,0,0,0,0,0.7380646553468801,0
1.552688421764177,0.4046526912200215,0,0.9631143911500033,0.17691759691100964,0,26.608983680833315,0.7641697622724095,1,0,0,0,0,0,1.9453445728737968,0
1.1529558214575362,0.6278547369316984,0,0.3059999601026814,0.1338684290075855,0,7.006750520980118,0.5890751076334364,1,0,0,0,0,0,0.6413656135812796,0
19.184072611924034,27.57056345919271,0,4.519601597363381,0.11865848405510679,0,18.01529375328144,0.7633045021921706,1,0,0,0,0,0,2.4422239003005015,0
24.769001998039506,21.575731621956432,0,5.52762886472402,0.2487215776511592,0,9.682029751807447,0.3605384303136422,1,0,0,0,0,0,6.267082355846966,1
1.6630000812365469,0.8879643128504037,0,0.33827336311791234,0.18690071037417974,0,19.645031654347765,0.5892977197345064,1,0,0,0,0,0,1.0244018715791614,0
0.8880740993770735,0.6757382477352967,0,0.2298119125270463,0.045320578586124385,0,5.759033543135017,0.11068197957036573,1,0,0,0,0,0,0.3184536854763349,0
1.3601976894650243,0.8838395179635583,0,1.298095817408992,0.0922246323273179,0,11.766725674894218,0.5450405836462708,1,0,0,0,0,0,1.022051659062622,0
0.6972060580399245,0.2686422815534697,0,0.4229387580827487,0.047402826579211306,0,6.978581738959589,0.20073309532775563,1,0,0,0,0,0,0.5379776098897494,0
0.4217843629167941,0.09563277587952579,0,0.13980565869920794,0.08308235355602589,0,4.909126355724097,0.5581257139332889,1,0,0,0,0,0,0.325684927214822,0
0.5512106728674049,0.07142328605234592,0,0.4193526935461952,0.09325443476074455,0,8.18542857447922,0.40315637215514266,1,0,0,0,0,0,0.5982352764296128,0
0.5483825271873443,0.1461128667292783,0,0.3222921568966447,0.05082303684506913,0,5.071160039252113,0.3398295405696184,1,0,0,0,0,0,0.3444094819071132,0
0.514636586397872,0.17050818503004977,0,0.2859922078868405,0.046696291961712696,0,11.908728120609679,0.4417733845259667,1,0,0,0,0,0,0.7112790723758226,0
0.5438577518252197,0.23044965196310932,0,0.4251716769970685,0.04705072146651933,0,10.830653700426367,0.3082958964553577,1,0,0,0,0,0,0.9269383378794193,0
0.47597544752452037,0.36817316638257713,0,0.5606201400404849,0.03982970534671827,0,13.098301840628615,0.018213333736526574,1,0,0,0,0,0,1.0469273424787193,0
0.598892455393011,0.44638007559777604,0,0.27562262163410567,0.045986877295377995,0,13.212170705727704,0.24164166497858858,1,0,0,0,0,0,1.3639155643527987,0
1.170239478660479,0.4966006860211008,0,0.758472802162315,0.08526205270143873,0,11.07791719496479,0.6363786524489472,1,0,0,0,0,0,1.138473846506411,0
3.783065333981174,2.414507661941832,0,1.178387416755283,0.3855196916004079,0,28.555780826225465,1.573013802641024,1,0,0,0,0,0,1.7579862523131535,0
0.4699976218786106,0.16586711014587407,0,0.4214052583722648,0.09815677732190527,0,14.671658609339419,0.4484194342227462,1,0,0,0,0,0,0.6181019729916123,0
1.4421860807066733,0.4836271848065536,0,1.5303372419183998,0.23252739943606807,0,20.95843535640384,1.0225882622683309,1,0,0,0,0,0,1.4552260721029602,0
1.2370852993197925,0.6118169414330276,0,0.25482786172102423,0.01835088190106938,0,29.8701009284222,0.21474330226781327,1,0,0,0,0,0,1.9871761814631848,0
1.950150616840692,1.6540362964685742,0,0.5446787730754156,0.27758132303782435,0,9.469765100692127,0.8313200307158313,1,0,0,0,0,0,1.1769988878050597,0
1.345487724596107,0.5230120034162199,0,0.9903315445581415,0.18516445204265988,0,18.269250942161726,0.8258054425298893,1,0,0,0,0,0,1.717294933219383,0
0.7780800916618145,0.14797435670878778,0,0.5085988538022763,0.047696941984016875,0,14.671658609339419,0.31498683060766497,1,0,0,0,0,0,1.0319732840214746,0
1.5894001648161418,0.6319005895253772,0,0.2938193381395967,0.1908862439816715,0,14.953183092948024,0.9075799858565519,1,0,0,0,0,0,1.2680466942953323,0
0.8047132889057254,0.3581318990441576,0,0.5849333538653603,0.04504445390018975,0,31.821349088856152,0.19986192841232045,1,0,0,0,0,0,1.4240872398981113,0
1.1033070793783213,0.7549689878407625,0,1.314576766291388,0.2727212648941012,0,9.194598139825445,0.9606185897055379,1,0,0,0,0,0,0.880218656706527,0
1.115404597066889,0.4150045514981341,0,0.2774800394607452,0.06901836121678508,0,34.70538262115376,0.4455855876932539,1,0,0,0,0,0,1.6467825699498064,0
1.226229535248078,0.29265548220604237,0,0.568094185979995,0.2244304218692521,0,8.779135618568668,0.7596784345310164,1,0,0,0,0,0,0.9902378438989765,0
1.9557724901986364,0.6822404003185063,0,1.5596900322777703,0.12257873795831872,0,33.49455855948442,0.7543253500116567,1,0,0,0,0,0,2.2000426193636224,0
0.6151598011456936,0.3097901477948573,0,0.16107623261445397,0.13664910762250018,0,11.138237436388925,0.6485193896504201,1,0,0,0,0,0,0.5760252091907817,0
2.0559384383915376,0.7078784133705027,0,0.5258923616807267,0.2749069020850022,0,34.1008294867828,1.192370386716882,1,0,0,0,0,0,2.493535622959869,0
0.5859784480995505,0.18725268365133696,0,0.2542259763780278,0.18615903647421345,0,8.795883154725008,0.6545995935253365,1,0,0,0,0,0,0.7868662575828855,0
1.9618221626894132,0.8961994767107286,0,2.205044688180802,0.17749789249576037,0,29.122678635752834,0.9332877137586832,1,0,0,0,0,0,3.1274850875807245,0
0.7370232513565513,0.3402255943890394,0,0.5666343481398386,0.151592934604596,0,11.944509072712446,0.5234692205888122,1,0,0,0,0,0,1.3230580259893892,0
2.2553248617579844,0.6336093853659095,0,0.6169910479348222,0.2317511649518265,0,22.32340987372351,1.3517885981360716,1,0,0,0,0,0,2.6574641421379277,0
0.8065387639175046,0.3674970509710989,0,0.5210427997502922,0.09362779514064636,0,17.56699237582543,0.44656121200981036,1,0,0,0,0,0,1.1049912561367692,0
1.440805045065167,0.420379897907646,0,0.7008668212409699,0.32222129919270354,0,14.258756900679202,1.3626782194591889,1,0,0,0,0,0,1.1618732749951484,0
1.2559818827145566,0.30891286343781854,0,0.7456164297772438,0.05175240070847226,0,41.367998880377556,0.3872560959197295,1,0,0,0,0,0,1.7527834432861633,0
1.1994008706747592,1.0198312373696052,0,0.6429507472876522,0.18213924342654186,0,7.130150345607417,0.7569076287182237,1,0,0,0,0,0,0.5390658527390866,0
1.422486295528175,0.4019519821971373,0,0.26187364138480723,0.23196233425974255,0,31.021366072343913,1.0067706881621266,1,0,0,0,0,0,1.550237591765829,0
0.7732930433170773,0.5004407196991884,0,0.9813721564781501,0.06868204100508413,0,24.05995211569485,0.2914142135622716,1,0,0,0,0,0,1.623807184400451,0
0.46443786044178176,0.09715184029711757,0,0.5916137822886327,0.050482835547667526,0,3.648523273377374,0.32730238428130787,1,0,0,0,0,0,0.47023302485571933,0
1.1861767570437929,0.30570439408370276,0,0.28348030476420727,0.08404106437965489,0,17.481450806483863,0.3796447109394385,1,0,0,0,0,0,1.5680488407590771,0
0.5475184495515746,0.35961447258336593,0,0.8187879489367988,0.04238980350832629,0,9.175464522977816,0.10955038306760227,1,0,0,0,0,0,1.0396334004547727,0
0.7145552419450273,0.23768999363832546,0,0.42745738171196285,0.18338896710886032,0,4.629057460958382,0.6450925769246693,1,0,0,0,0,0,0.35722422822639505,0
0.8061631836175769,0.4358316668827468,0,0.09865664582073548,0.04502084409888469,0,8.578686952820217,0.1783296779630399,1,0,0,0,0,0,1.1829034427374556,0
0.5337263971674212,0.16432876238901803,0,0.4575976296175388,0.05086319080196666,0,5.916665475976952,0.13147249370331549,1,0,0,0,0,0,0.3050164804272933,0
0.8810033485633718,0.31564099164060894,0,0.2976749125457069,0.06906825530056188,0,12.840523054575275,0.16864804247451642,1,0,0,0,0,0,1.3666422843080683,0
0.7919845552230806,0.3629479988697442,0,0.5244212118487764,0.0535323373954054,0,8.983254157124755,0.7150756406889499,1,0,0,0,0,0,0.693654485979474,0
1.427384130343309,0.6834489991155123,0,0.9206390518776111,0.08994342079592865,0,29.005571615156228,0.6160408031078959,1,0,0,0,0,0,2.2559663487328017,0
0.4333490456289202,0.1588765681328876,0,0.10444568670887155,0.044867780781363414,0,6.656432652158509,0.07219345213447997,1,0,0,0,0,0,0.5607106100054332,0
1.364837998196027,0.854410548856172,0,0.6297807831490483,0.03451485866581623,0,23.862415542815143,0.3669425487192004,1,0,0,0,0,0,2.633761952198544,0
1.0863219093578065,0.5138600838673718,0,0.17263172004912555,0.24590863752576614,0,21.836965405564612,1.2027035952582206,1,0,0,0,0,0,1.3276112863039282,0
0.7244612776720544,0.5491990408054097,0,0.33543651671109526,0.08906692167399004,0,17.801389238381265,0.39795710256186667,1,0,0,0,0,0,1.4836530537164925,0
3.0772691416882747,1.4271999227341525,0,3.5407174592533526,0.2148061688940511,0,33.99322745670128,0.9853304755537837,1,0,0,0,0,0,2.4956040368230967,0
0.9579385705795104,0.3429423872410643,0,0.7687993097027059,0.13859527769017022,0,17.985110046207883,0.7336777597873896,1,0,0,0,0,0,1.4640642048138899,0
1.6033721158150906,0.8523011072988947,0,0.29248358654974616,0.1661606006654032,0,25.721086968957323,0.5729704232938417,1,0,0,0,0,0,2.959871039456613,0
1.283811223976562,0.3834461729919719,0,0.35129612187114273,0.2190949048656441,0,14.957791098031507,0.9866510837302969,1,0,0,0,0,0,1.46215254524166,0
1.239847150349922,0.8554173381575388,0,0.5109382979648567,0.0976984330393596,0,32.79816432767208,0.2126781442710414,1,0,0,0,0,0,2.668073716281908,0
1.4979396827509996,0.5681763532067502,0,0.7321287242551958,0.21636852581968224,0,24.031531159771852,0.9813582310150684,1,0,0,0,0,0,2.331827057611173,0
0.7872745419954831,0.183433265632511,0,0.4476474246994917,0.09217178241686096,0,15.32176345595034,0.4594479120434804,1,0,0,0,0,0,0.8476301747934638,0
2.0383502034744514,0.8501081099768856,0,0.9501842074522584,0.20440689383806132,0,28.992014179960947,0.7461411065460547,1,0,0,0,0,0,2.789692219534555,0
0.8099047869848919,0.24507237152005465,0,0.29756728042980335,0.18175749514524175,0,17.80988834561378,0.4360628066089557,1,0,0,0,0,0,1.1861732879351239,0
2.044234974697939,0.9482922722475429,0,0.36682858596966456,0.18963620111490453,0,45.30282514626764,1.0103166544891005,1,0,0,0,0,0,2.947704137874114,0
0.8074192539101107,0.1971025508240218,0,0.33645426231064063,0.04887855504187517,0,11.168650150175209,0.45311331045213454,1,0,0,0,0,0,0.6697576244281649,0
1.5060537833514493,0.8783524752706587,0,1.1363996660061555,0.1597800741243454,0,23.37720527917721,0.8957937177346191,1,0,0,0,0,0,2.791697416497809,0
0.7097436320415474,0.21406427827578622,0,0.3586110076931126,0.13569694480985003,0,14.451287874607932,0.35990300927778973,1,0,0,0,0,0,0.8813091729699207,0
1.7013777029395387,0.5023949759341838,0,0.8775645605333942,0.20804862668670182,0,21.938109365896672,1.1814536644913076,1,0,0,0,0,0,1.7532056523664323,0
0.6368230313422536,0.27390201214049364,0,0.4384007921660154,0.08986637981225311,0,20.618858988314297,0.2704785273430751,1,0,0,0,0,0,0.8887303200633794,0
0.8065103317576112,0.46931593430078206,0,0.6597588807719874,0.13331487121180127,0,3.919702435633643,0.41777361124378787,1,0,0,0,0,0,0.23733276321089936,0
0.7037412711204897,0.41890088187132773,0,0.44241657044965665,0.06394148978880593,0,15.067406654385014,0.20667398458590636,1,0,0,0,0,0,1.3232891404599731,0
3.153053718351094,2.101649552602959,0,4.016729024855802,0.15108148304036534,0,25.011920245117178,1.0573786985749158,1,0,0,0,0,0,1.9328104850210581,0
1.1846663923585448,0.7740060201392654,0,0.463693803465423,0.04435965253177031,0,36.90844228172076,0.23974360258743616,1,0,0,0,0,0,2.4481033570039576,0
1.2104480220947942,0.33845131362017317,0,0.46352621580215114,0.22874811103402792,0,11.451197941688047,1.2864276905694412,1,0,0,0,0,0,1.1260937066598877,0
1.7656984694485491,1.3647946490879292,0,0.24099936809986422,0.06979506327361845,0,38.744216083997586,0.4478215833101788,1,0,0,0,0,0,4.105612190895436,0
0.7283148120519665,0.14355934132881923,0,0.179467744420835,0.22178541526934747,0,10.420227613493823,0.9139698275312775,1,0,0,0,0,0,0.653055584368688,0
2.2876599382948988,0.8696604795674638,0,0.7384096031265923,0.16129173207933828,0,35.85585120302946,0.8982824015529549,1,0,0,0,0,0,3.1611488009478164,0
0.7117505399690285,0.2278425037929903,0,0.31062776519278434,0.1379820876208159,0,8.37577206246759,0.6675166790814624,1,0,0,0,0,0,0.5381621413540119,0
1.651570036931566,0.7691572206847894,0,3.727442768595497,0.23200880403795193,0,30.087680277092648,0.8181290322494834,1,0,0,0,0,0,2.73311280369259,0
0.9348480023849541,0.3752033089790177,0,0.7579955285742621,0.08855891154284717,0,17.81731953430353,0.5534613253361339,1,0,0,0,0,0,0.8701171604755027,0
1.8689353830816726,0.3563870448786694,0,1.343030450956035,0.2722742307065653,0,32.94214044910699,1.2441461400867873,1,0,0,0,0,0,2.3406832305327363,0
0.8970082408461976,0.6679114466061787,0,0.5612929887492898,0.0848786242219649,0,7.213201943112063,0.4099233458897102,1,0,0,0,0,0,0.3697140303333827,0
1.4720172205896251,0.6775575527336833,0,0.5860955461355932,0.09733133580863954,0,28.052159521195613,0.9367269814526566,1,0,0,0,0,0,2.5742343410587902,0
1.0227642608314382,0.28687967427493966,0,1.1039849631108536,0.13982860288506702,0,12.419442736597881,0.710383773346018,1,0,0,0,0,0,0.7126074791165111,0
1.8057134987670065,0.7351820025275531,0,1.4551980963072781,0.16111080669179667,0,35.85585120302946,0.5871257877736225,1,0,0,0,0,0,2.9303502014593503,0
0.4636400265518918,0.1766656828761027,0,1.04283137883815,0.21940341714260683,0,9.633818915842435,0.5508035999094235,1,0,0,0,0,0,0.4205578396343912,0
1.3923484047785535,0.8172334577510063,0,0.40823563732312884,0.11108737611812501,0,32.14700798367347,0.6560900974940779,1,0,0,0,0,0,2.1441072831030876,0
0.453979993241987,0.1391609466894997,0,0.3133653113455508,0.08328238204426923,0,10.557995019808763,0.32649099558176436,1,0,0,0,0,0,0.40553494946964197,0
0.8660539094411333,0.16916427871220135,0,0.17298577830197032,0.08352823096024808,0,21.923881121190032,0.48945400679614093,1,0,0,0,0,0,1.0267380777335542,0
0.5408146343335918,0.28100936949195543,0,0.14487807221271778,0.04669812140636098,0,5.897400635906044,0.3429029212078703,1,0,0,0,0,0,0.8033007331013836,0
0.5072741119838116,0.22343018155550445,0,0.5482661035585492,0.05070802010464111,0,6.942736952731973,0.22961747523775694,1,0,0,0,0,0,0.3589744730004787,0
0.5114430133329626,0.1637577197295425,0,0.6315743643576119,0.035604815450447413,0,6.936037001901164,0.11248715588943856,1,0,0,0,0,0,0.7459253144884751,0
0.2984547274321671,0.07847835403519202,0,0.1482186799983922,0.04561023105528232,0,6.764695949427081,0.08273517665444524,1,0,0,0,0,0,0.4050581426646036,0
0.32331180750088323,0.0773187674537725,0,0.3648143739902178,0.04695718811722649,0,4.743121026007371,0.17296009640523785,1,0,0,0,0,0,0.3591150866806381,0
0.533261805412513,0.12027459632896877,0,0.8577264160645623,0.04400066132166859,0,3.5898877687362694,0.13735158632916744,1,0,0,0,0,0,0.42052782884889284,0
0.9437874685789404,0.358877049854712,0,0.5190329217266312,0.13928380800553425,0,18.782050812751518,0.6286357612163084,1,0,0,0,0,0,1.5621232223883965,0
1.2959739349888022,0.5024006746440858,0,0.6743915175751922,0.09306620502103488,0,31.457844189530483,0.41986752122849264,1,0,0,0,0,0,1.706807925012281,0
1.7951510995669338,0.9580624666221642,0,0.7724435494712931,0.2256511736720909,0,15.13237850416304,1.1881157218609393,1,0,0,0,0,0,1.9478790112023368,0
0.9518595185822261,0.9189069610967636,0,0.22556515064305913,0.08955899132260697,0,24.185973576988154,0.21805985463605754,1,0,0,0,0,0,2.5225592090125573,0
1.7124700698671167,0.29967834867014137,0,0.47476916171041333,0.2920032460624107,0,14.718161738578392,1.2478719761718637,1,0,0,0,0,0,1.2047794061200237,0
1.2001584686142932,0.6308493728947249,0,0.8111683524219746,0.07743579985040636,0,25.914939650776,0.32680981299303735,1,0,0,0,0,0,2.1861905584608317,0
1.5862530896566889,0.5616343864341128,0,0.28813380632730795,0.2415949933011517,0,20.085350966977035,1.1800971075415425,1,0,0,0,0,0,2.1896103685173944,0
1.4560812540700643,0.9769953196784316,0,1.5613625590011135,0.04442080701043055,0,34.78323347032136,0.21552642037814967,1,0,0,0,0,0,2.684056173068667,0
1.2974806670796077,0.4186036526890413,0,2.184695617048233,0.18776533040520366,0,13.031042977067118,0.9781379681708842,1,0,0,0,0,0,2.0129131622560408,0
1.2406581205413811,0.5781226472294778,0,0.7231430538443763,0.11454171582387698,0,23.81344658285005,0.44987657760805566,1,0,0,0,0,0,2.10300830322394,0
1.5217592532614903,1.3148088271884095,0,0.477781599537489,0.1850281939407265,0,8.724202738451487,1.0840727189636945,1,0,0,0,0,0,1.0173952071334136,0
3.073559089081858,2.761549053297776,0,1.5769417553973355,0.11388792696060576,0,37.66639603638501,0.5917535933105227,1,0,0,0,0,0,2.2766456651917815,0
1.6863918134913316,1.0559519437972706,0,2.338930005143631,0.08464517120641239,0,8.03243236502751,0.6000459178480946,1,0,0,0,0,0,0.5791609726314637,0
2.091096454898775,0.6802610625587312,0,2.4557302708844135,0.06973996018797442,0,25.324115385620765,0.9760091322678415,1,0,0,0,0,0,2.2757324377166226,0
0.6645442020323719,0.11882534983055687,0,0.3555700812118516,0.09296967933565495,0,10.80905510300517,0.31133578164462733,1,0,0,0,0,0,0.5729773120509455,0
1.6022117821277084,0.6011528426756242,0,0.526553254489834,0.28430927366274555,0,20.834896838241193,1.1288205141209904,1,0,0,0,0,0,1.4706347175923768,0
1.133192432729814,0.9348441585997306,0,0.3590940515026647,0.018834244343639905,0,31.115580616693705,0.20086992736881876,1,0,0,0,0,0,2.716460129847707,0
1.2462741268723962,0.3905161783285544,0,0.6220158166328916,0.37112179679705326,0,13.09434519261758,1.2438854485793618,1,0,0,0,0,0,1.2245018946313222,0
1.2711400659298753,0.6037043760412907,0,0.6443665165024806,0.09850244019044375,0,36.890438212044415,0.3710186707768684,1,0,0,0,0,0,2.0073325634532475,0
0.8100735751690034,0.3015574197977131,0,0.1921392657112133,0.1430589735282456,0,10.739940633197488,0.897056004399087,1,0,0,0,0,0,0.7313270556459086,0
2.2933421030209162,1.0905677781888536,0,0.33844405748196127,0.11491002930894378,0,33.72987151657957,0.6686833998237672,1,0,0,0,0,0,4.027981692590718,0
0.8193919578575324,0.18928895543347,0,0.8971579115275359,0.08479896617286949,0,10.670657336021367,0.614328492152997,1,0,0,0,0,0,0.8809329112747173,0
2.0460799653310753,0.9209992423990366,0,0.5455105849348353,0.19621971169985467,0,28.459114495169104,1.3404641602282228,1,0,0,0,0,0,2.3062971224016935,0
0.6242064975335609,0.25962150577738335,0,0.4655183160173836,0.08331294640814711,0,20.136822273865292,0.2999790776198433,1,0,0,0,0,0,0.8240091683049544,0
1.798908025143678,0.2545401915580039,0,0.36477592628027866,0.32410808208975317,0,16.42415255289693,1.0775030523116682,1,0,0,0,0,0,1.7771236414705376,0
1.253263785619463,0.8657549417874287,0,0.4848730560291392,0.11268788022443117,0,37.631266819750124,0.2206950699473071,1,0,0,0,0,0,2.7278023288644766,0
1.0975637757811945,0.44460427161166055,0,0.4756653716839216,0.3146015737245786,0,15.062863981774557,1.057978495071454,1,0,0,0,0,0,1.4776710931882147,0
1.4994899242164124,0.7517316389563348,0,0.7833527040145941,0.038563715024988406,0,31.957882679399255,0.42275899596091165,1,0,0,0,0,0,2.4612847681543846,0
0.9523892046469891,0.21966848674232756,0,0.5565062695877697,0.09546729430240809,0,11.926778992246438,0.9205748428027247,1,0,0,0,0,0,1.2513977494732793,0
1.681581117950084,0.8408770482303989,0,1.289591381739482,0.07268942320331773,0,34.37939843657699,0.4960661912279162,1,0,0,0,0,0,3.115241029267801,0
0.9539786566171891,0.25211075956743995,0,0.9117857745601246,0.18874806907180958,0,14.9388516554919,0.7886560505565617,1,0,0,0,0,0,1.3900633870992456,0
1.6617411052862532,0.7103378419440597,0,0.5552226299748069,0.07455056101088493,0,26.17250724515057,0.7065960389985365,1,0,0,0,0,0,2.810281424085292,0
1.0730485280097906,0.07990200097245427,0,0.4236486823629596,0.18939276604197666,0,13.518942573283235,0.9488185142956728,1,0,0,0,0,0,1.0759553432539481,0
1.2586071211499041,0.7058644810436067,0,0.5171049149422362,0.0839554745064518,0,31.179559162129653,0.3614420665436907,1,0,0,0,0,0,2.4233232543580323,0
1.6901127368979012,0.6231399258041116,0,0.3348126061729543,0.23769693531709868,0,16.488810057773133,1.037107142724903,1,0,0,0,0,0,1.7251769187768324,0
1.3560791362119216,0.6332135711700867,0,0.29777953915241456,0.06705372182653647,0,33.30593564643952,0.4265013063080211,1,0,0,0,0,0,2.0334639863434942,0
1.0769438303954117,0.23645278430168432,0,0.6775879413873951,0.22402878964948042,0,14.051690521398738,0.7953979021606536,1,0,0,0,0,0,1.1363746731717983,0
1.1294081921271788,0.6963174352931,0,0.3477142669601503,0.033073524421073995,0,28.74416585319031,0.2155264203781497,1,0,0,0,0,0,2.258409540872351,0
1.0453400292106503,0.39980508540183435,0,0.6471250648968119,0.08650105696386177,0,8.16471806907518,0.8757272241033434,1,0,0,0,0,0,1.0451541574144865,0
1.8459933956772299,0.8946308836863249,0,0.582166532323769,0.0975306457858024,0,33.88544150488953,0.6012187726536807,1,0,0,0,0,0,2.6781454935795233,0
0.9269690798152169,0.6340671902187622,0,0.7920621012556088,0.09716238023188666,0,9.208925862897797,0.6976495080241918,1,0,0,0,0,0,0.436597041539331,0
1.8005276979262874,0.6147248034941797,0,0.7938450557324181,0.21210272671857547,0,31.104414039598204,0.9909880365241746,1,0,0,0,0,0,2.56058571299771,0
0.9606989069639177,0.5195543628466641,0,0.6349285016265638,0.06550890395539946,0,27.068203189457776,0.3264233642826353,1,0,0,0,0,0,1.1536942821495488,0
0.7996462157076916,0.2735306337990317,0,0.16903065669269196,0.2791084875268738,0,8.065601038872316,1.0470526953610904,1,0,0,0,0,0,0.38209741719930773,0
1.5087908264544758,1.0238584975121428,0,0.3215340023044757,0.09526714032932923,0,33.39685992403214,0.532921720081566,1,0,0,0,0,0,3.2535148808143557,0
0.5986237604407906,0.32845232092087745,0,0.08742187841553264,0.09099998680119603,0,5.515577720745375,0.47040971325971603,1,0,0,0,0,0,1.0816219866550383,0
1.4171880997737167,0.4087465376307008,0,0.6554330264993532,0.24195168840554224,0,21.924822404887543,1.1389707635567803,1,0,0,0,0,0,1.9554656335537517,0
0.6817551075512164,0.5907014910410782,0,0.7755758768805954,0.04225724654159888,0,23.67475530583625,0.2363188980823343,1,0,0,0,0,0,1.6626882403379373,0
1.246033783654426,0.5388992202660786,0,0.5364311615509145,0.19001718457090155,0,18.724562746968346,0.7085972452553706,1,0,0,0,0,0,1.8890762043865323,0
1.0073658519606528,0.562014919256698,0,0.19016539425752316,0.091829776011765,0,21.386313953344676,0.13315026630157065,1,0,0,0,0,0,1.8872613904411772,0
1.160774210950298,0.474244504452476,0,0.37358836255577044,0.17259384456856205,0,11.079421825539029,0.8630351152323328,1,0,0,0,0,0,0.7946922434196467,0
1.323533990878363,0.844103075368857,0,1.0590111495005499,0.04627487982461348,0,30.285965602255718,0.2042724162814893,1,0,0,0,0,0,2.732885504045262,0
1.3770824683196585,0.26619700274426444,0,0.7464008338125149,0.19214640177635686,0,13.898705220527514,1.0319380225522239,1,0,0,0,0,0,1.360940068189536,0
0.931390240042998,0.3622678688959433,0,0.6585630176993306,0.09339710956454036,0,19.111443899260784,0.29137543679021416,1,0,0,0,0,0,1.27489380068893,0
1.298496308497275,0.3043370460505599,0,0.6863610013786803,0.22077888947953267,0,14.855762568462815,0.8365529103484933,1,0,0,0,0,0,1.661066961134304,0
0.7571121575316959,0.39670324200243373,0,0.20542777392092731,0.11890497124592286,0,11.336905594443197,0.4496661551893152,1,0,0,0,0,0,0.4882002196896253,0
1.7653526924908296,0.578484473691133,0,0.38094499621244926,0.1803472126743441,0,22.473824478483927,0.8007707451339774,1,0,0,0,0,0,2.6879360994293124,0
0.827766240915309,0.19757938681791543,0,0.666213799709787,0.09783340345011238,0,5.540046009905891,0.5499077900030029,1,0,0,0,0,0,0.8978057408941288,0
2.048374243765804,0.612397539484618,0,0.33671246938340194,0.20942903732360235,0,28.924215385720082,1.0317231253966241,1,0,0,0,0,0,1.8463225304308901,0
0.7410291861165215,0.3873224165425124,0,0.3032532297019229,0.025059057255139825,0,13.842418266385906,0.45391520518677736,1,0,0,0,0,0,0.26118271857107955,0
1.6704662866276654,0.6035743927227175,0,0.5707304308516291,0.2635084053070549,0,24.64644925799375,1.5069073543559008,1,0,0,0,0,0,1.9629364937771272,0
0.6743315922431989,0.2383740013200327,0,0.4956278946154642,0.03770498732452736,0,17.57489068277121,0.3803524070658689,1,0,0,0,0,0,0.9327541893724391,0
1.206349050644378,0.6075675124094266,0,0.21309917980419996,0.27642440842601335,0,11.161563347985412,1.118653941272397,1,0,0,0,0,0,1.3483289656714947,0
1.1396661251150675,0.7660013349028387,0,1.168254727393985,0.03691184332212939,0,28.154417207369654,0.2237480264053626,1,0,0,0,0,0,2.3800656303475773,0
1.1652918052116141,0.26395598521824976,0,1.1421127089133771,0.0841615075692696,0,17.210678370110813,0.6506243888812088,1,0,0,0,0,0,1.3124236134064922,0
1.8236280777263916,1.3343281515486782,0,0.7646381803308164,0.12966278602634917,0,23.193214836265838,0.7198459556364695,1,0,0,0,0,0,2.1527179310395894,0
0.966601299562821,0.2869957994789478,0,0.5691024589223012,0.23398046664527586,0,4.3030030065614975,0.981079785800938,1,0,0,0,0,0,1.12982419217524,0
1.1889656653488672,0.8285106698994996,0,0.6573564230621638,0.11898553269331788,0,27.714737646928683,0.5614861839852536,1,0,0,0,0,0,2.5766436004052453,0
0.6877077292260441,0.21215117187915042,0,0.23654042257164343,0.039607194649678226,0,11.697716679153933,0.5652832292950751,1,0,0,0,0,0,0.585111445757312,0
1.7287203928051182,0.7402249510635848,0,0.6381372853068983,0.2543447190501143,0,20.34233374772649,1.2107758113970273,1,0,0,0,0,0,2.9576338510110407,0
0.5231622670215997,0.256095512563709,0,0.502983678844545,0.0386563333692625,0,16.909496840430354,0.35940188974230797,1,0,0,0,0,0,0.9085754520051826,0
1.6572304140407879,0.14752965222290118,0,0.5982967108702784,0.24071927225051992,0,18.943809878641765,1.1986458375938853,1,0,0,0,0,0,1.8353691771270308,0
0.8263477903074478,0.42439540376539747,0,0.8902782809321423,0.07869181204176491,0,32.23532501483191,0.28133222236895794,1,0,0,0,0,0,1.4584675466050157,0
2.561464212795089,1.7621227712384062,0,1.2162129232336514,0.23332415867801112,0,11.792334730832248,1.3988377978948596,1,0,0,0,0,0,1.0008917469471825,0
2.1596007996899367,1.566913837252661,0,0.9087927997076506,0.0963677568072999,0,26.942304947436273,0.38762935315622604,1,0,0,0,0,0,3.050572249563407,0
1.815315585613486,0.5137647215636884,0,4.176108198697966,0.09900049065361566,0,10.002692858951416,1.051793555071419,1,0,0,0,0,0,1.9216426880890947,0
1.7008573323384093,0.704651484493696,0,0.7780962566239426,0.11882056232857623,0,29.830846422544447,0.6323861552837738,1,0,0,0,0,0,2.311295798384048,0
1.3928426951195785,1.7739867561304572,0,1.8403744767961037,0.0450398751521993,0,5.3874598426971305,0.46639457301853315,1,0,0,0,0,0,0.4558105079359511,0
2.2775029382080976,0.9805025470068388,0,0.5085331898732407,0.21348412909285783,0,31.88483780176595,1.210910509183606,1,0,0,0,0,0,2.1195363714280635,0
1.7294572454181758,1.7481788213192366,0,0.3472974085741986,0.11142180777779885,0,13.827738818841823,0.4258586623340556,1,0,0,0,0,0,1.0291696981895688,0
3.6646309998364885,3.5240528768149355,0,0.8613133455787811,4.326431075401965,0,19.76070568170012,1.899516371943855,1,0,0,0,0,0,2.1688442353740376,0
8.308968834355932,12.154211878802593,0,1.5007501068332152,8.475760613166536,0,13.223514038997882,3.1820013190622025,1,0,0,0,0,0,1.8103774351789454,0
1.383931126328704,0.5219403736320037,0,0.5423452697327755,0.09915843833126126,0,17.552918144028546,0.5183673389122598,1,0,0,0,0,0,1.6778636355051195,0
1.125859976424234,0.2615208887383945,0,0.08926766544192682,0.09242605878853724,0,16.907625619629705,0.5574142324890874,1,0,0,0,0,0,1.286424302400845,0
0.9012885656389963,0.697862179955447,0,0.3890151293848275,0.044783006049025534,0,17.61301653507545,0.1175323311860397,1,0,0,0,0,0,2.0622563314641877,0
1.5038241770855054,0.5933738303847308,0,0.2506861760557529,0.12796275715966948,0,13.466305547088318,0.812596366510774,1,0,0,0,0,0,1.3355930784170174,0
1.1939333529446832,0.35583360107579237,0,0.909457848170942,0.14055381923957433,0,21.21489524413961,0.8149456470135903,1,0,0,0,0,0,1.4647889486321022,0
1.3774304141117208,0.7810931476400644,0,0.3748200925555919,0.042352406319023324,0,25.49685578247654,0.27561739443816785,1,0,0,0,0,0,2.0872723999130423,0
1.5947432624627753,0.3771311555027705,0,0.9982509264902264,0.16321636041967513,0,18.055604005867448,0.8892633431456338,1,0,0,0,0,0,1.724844130483668,0
1.1350799152913784,0.2994811312068227,0,0.9504975047755899,0.22169664152927432,0,19.264800399021993,0.9817992317074019,1,0,0,0,0,0,0.9426210874302814,0
2.143241705990989,0.8168106671142629,0,1.4826092337048546,0.20855719018973093,0,22.039791696595366,0.9001023045401668,1,0,0,0,0,0,1.3810342426888522,0
1.892746262037433,0.9415885401458411,0,0.43071270310433596,0.11759561977679407,0,17.881163631025814,0.761505370417224,1,0,0,0,0,0,2.3954142570460037,0
0.9827627864678211,0.6271057537450079,0,0.36740507732564764,0.08330935659484145,0,12.114032119794345,0.5547618372337468,1,0,0,0,0,0,1.8292156808678728,0
1.3395622583734446,0.5880206723913711,0,0.5810760104186847,0.1625085789870827,0,19.33725964668092,0.6908482140421379,1,0,0,0,0,0,2.3163599566834834,0
0.9337797884398605,0.39017650505287665,0,0.5055551122298249,0.09433062529585531,0,26.284534543732445,0.44267650977924056,1,0,0,0,0,0,1.5834088002454352,0
1.1247178384900594,0.6236946431974006,0,0.2777496678199347,0.09426970911253324,0,24.590711637307123,0.6121240527029073,1,0,0,0,0,0,2.136880610527104,0
1.3205692189208826,0.203495200953285,0,0.7713135784374068,0.12153926359458794,0,13.77874432261924,0.7480018586793713,1,0,0,0,0,0,1.0101649709961926,0
1.320015189816759,0.4884731475894711,0,0.245769996872163,0.20404273254923228,0,24.384718977323146,0.6466312246726005,1,0,0,0,0,0,1.6937087213461535,0
1.5020872594729955,0.47057842232938996,0,0.6894603256344524,0.14531876536370203,0,23.892215299731422,0.8076356208289046,1,0,0,0,0,0,2.1360898143364033,0
1.382899428225624,0.7820650750684344,0,0.40236947285239133,0.14294354275459736,0,13.685213885556974,0.734496800004323,1,0,0,0,0,0,1.0665528264191806,0
1.5749765920130203,0.44819138309083645,0,0.9664560853082794,0.11878362992122785,0,35.301826400415095,0.6899946779047905,1,0,0,0,0,0,2.2986633110466848,0
0.9902855280163516,0.09232701455754752,0,0.7022401298937011,0.09794589916165894,0,10.641901620918812,0.667776935419717,1,0,0,0,0,0,1.014481607320559,0
0.8592586350913758,0.37988281012364306,0,0.6122297026930307,0.13397994807113753,0,13.851964998796046,0.900527715031053,1,0,0,0,0,0,0.6813445504974881,0
1.1802834290344337,0.4127563527775149,0,1.0407330321079724,0.13062615928281213,0,28.66231773407125,0.5460074462641118,1,0,0,0,0,0,1.8713436501286962,0
1.2151380876706799,0.7176906246933992,0,0.4638213413195097,0.08403970615309074,0,14.881835527106688,0.7707676698034227,1,0,0,0,0,0,1.6136708080005793,0
1.5440482467891345,0.5277591356721351,0,0.6181036771625794,0.18382628195399708,0,15.986535496711264,0.9842433534957066,1,0,0,0,0,0,1.322302400106552,0
1.6124055840536013,0.7154616401799976,0,0.5471281466534835,0.1109081059433844,0,22.9843890490089,0.4020208442014267,1,0,0,0,0,0,1.79000596487373,0
1.9100336821654849,0.9792415574565762,0,1.6058540907590144,0.1293733052191201,0,15.610781430366963,0.5167277352675248,1,0,0,0,0,0,1.234622580885885,0
2.5795040729140712,1.5875636044339891,0,1.1780005271393454,0.1291614788601363,0,30.357688421845136,0.7461362743504021,1,0,0,0,0,0,2.6208075028511564,0
1.996920379573566,1.0330820679653443,0,1.0732975111112546,0.16518330043739216,0,9.865603824753343,0.9422574100422985,1,0,0,0,0,0,1.2725717733306494,0
1.8425198321072687,0.7052623905114486,0,0.6517654158835201,0.16810879627526465,0,28.9299901348066,0.9833296549710207,1,0,0,0,0,0,1.8768600597528213,0
0.8202060357066412,0.2991944538952895,0,0.9134278618184194,0.0839276136592173,0,21.149584548569212,0.4609609121295095,1,0,0,0,0,0,1.3026668960091865,0
1.0971566961797605,0.5346164752536555,0,0.2825122776370447,0.08876817762178948,0,28.103008101730467,0.35430907448528914,1,0,0,0,0,0,1.9742346751184388,0
1.3930784811585093,0.19338992834829352,0,0.932369644781516,0.13668095478054457,0,12.022113008274827,0.8406039411570613,1,0,0,0,0,0,1.5253207004925655,0
0.9691472000397606,0.2797012304447557,0,0.47361373927588496,0.1189106205913831,0,12.494198048822923,0.6380656845730057,1,0,0,0,0,0,1.0926134232321,0
1.1932916836306302,0.21755931876019394,0,0.3292494997734967,0.1593576197014606,0,20.007332032929064,0.5918284602244049,1,0,0,0,0,0,1.4570709508299085,0
1.6682315067151838,0.8972293915663994,0,0.19137037537762797,0.1123418968780765,0,28.265089023563625,0.3986224563046413,1,0,0,0,0,0,2.781276635774501,0
1.6397793684941935,0.6589415541820491,0,0.49143783285677844,0.14375445506030615,0,23.589179382165153,0.8524787182198127,1,0,0,0,0,0,2.0044968461877377,0
0.9915666844681021,0.2973482868534517,0,0.5810959111868542,0.09417125259658998,0,20.598545231543977,0.5191823800798494,1,0,0,0,0,0,1.4631045176672708,0
1.656555249755777,0.3705381426972628,0,0.47450924825011076,0.13632860450196443,0,20.188369016306453,0.8172762604454868,1,0,0,0,0,0,1.7352039201049,0
1.5598423093540346,0.4776476106784595,0,0.4952600064586998,0.133666835930561,0,11.76468777419179,0.8528982437019971,1,0,0,0,0,0,1.2982466631554597,0
1.4142431115742298,0.3066348751837914,0,0.6874092423551142,0.11742402980320789,0,29.965645405258844,0.5752779116531486,1,0,0,0,0,0,1.6500471075211072,0
1.1246012782127484,0.4313098606366644,0,0.390068426625584,0.0944566640918699,0,20.409961952908983,0.7285058764869858,1,0,0,0,0,0,1.1117182870142603,0
2.1202513794071254,0.9458766242440868,0,1.4650608214344014,0.2170838348346424,0,25.09880920993701,1.0483537112688663,1,0,0,0,0,0,2.0998861730970555,0
1.885468183323984,1.4246850364253383,0,0.936502564301283,0.09544557614061996,0,22.382029543610834,0.5850195666294244,1,0,0,0,0,0,1.6158492592234253,0
1.370067926714503,0.495545503933758,0,0.7088426128504822,0.13700829568089504,0,20.427870808071972,0.5542088325824482,1,0,0,0,0,0,1.9623602221847385,0
1.2730337375107341,0.5226769265519055,0,0.6379053852056016,0.09655444386618707,0,21.856283436775335,0.6988746737949544,1,0,0,0,0,0,2.1018132612548515,0
0.701023564024054,0.10479657192943195,0,0.692386694707882,0.06690820308283668,0,7.866283978659753,0.22150126502712134,1,0,0,0,0,0,0.6930052047804897,0
1.172957648601876,0.40153742419936506,0,0.7442413313195472,0.08767876890353699,0,17.2569149429912,0.4115209807902812,1,0,0,0,0,0,1.6276290975247782,0
1.264073936616112,0.221810208799161,0,0.6042765462562797,0.13983994328599567,0,16.395969629903945,0.5266929478506475,1,0,0,0,0,0,1.5426554710821434,0
1.7443095857224926,1.2835429482975655,0,1.311531517648304,0.21458919088660416,0,35.4275435848439,0.7945935121725953,1,0,0,0,0,0,3.852760872016029,0
1.4245564948456395,0.7886993735614913,0,1.1996260495833049,0.13787536039911102,0,24.703732642182374,0.5433240316477752,1,0,0,0,0,0,2.7748875400791597,0
1.336568391195304,0.5446756158516387,0,0.8847750225240391,0.1311381495587794,0,25.368108230110543,0.5898363840114168,1,0,0,0,0,0,1.9288920449488964,0
1.1778270883278568,0.5762269147843825,0,1.1578577863927801,0.09481762129865862,0,20.344673309476693,0.8446250251412848,1,0,0,0,0,0,2.1426667412648803,0
0.9430041918114513,0.3701134931780858,0,0.08445788128510026,0.13400388105713723,0,13.466896076307268,0.4594016947050533,1,0,0,0,0,0,1.3895596864671982,0
1.3020826250494628,0.8541584289932121,0,0.3823185893557537,0.12901366219634036,0,14.03943897969938,0.9459968467355412,1,0,0,0,0,0,1.119630837821748,0
1.5349575772445427,0.25833211203478734,0,1.7666277472488876,0.11971304682788224,0,16.226570138849112,0.7118770579250943,1,0,0,0,0,0,1.9207204431447515,0
1.139636414400377,0.49476448557140806,0,0.6713484545075457,0.13107808325117665,0,22.948051011735934,0.5599270298578989,1,0,0,0,0,0,1.9295549694558272,0
1.441156666693331,0.7960736029079244,0,0.3691289606493368,0.1293604571772007,0,18.91136138457837,0.597626481837209,1,0,0,0,0,0,1.3014173530208752,0
1.4267937680865637,0.2599884386334001,0,0.6731716169674616,0.14062358899561678,0,21.825964387085982,0.7870360863938328,1,0,0,0,0,0,1.6414525692616952,0
0.9255857441404832,0.29085556007390734,0,0.15402844805980798,0.13166200934433536,0,20.43516484681787,0.7626682642598559,1,0,0,0,0,0,1.178215829334853,0
1.3545988257813524,0.42981027823983486,0,0.8715245116037078,0.16327915018852263,0,27.269098002436262,0.7142793858515175,1,0,0,0,0,0,1.7404794541320836,0
1.3096658425368446,0.34023500777215115,0,0.5786101382985858,0.13778861013648286,0,18.71039108843884,0.9587369124775803,1,0,0,0,0,0,1.2868663562377984,0
1.3495590808798483,0.7858071821804318,0,0.3152297686908776,0.04441778962270801,0,31.88368440404722,0.1774797042286514,1,0,0,0,0,0,2.0400384434665275,0
2.141901780448011,1.4269544034792478,0,2.239825606608375,0.12004653581690986,0,19.34775067642294,0.6684963473761634,1,0,0,0,0,0,1.0690096281826806,0
0.9362977048752714,0.22690806419666593,0,0.6892953707484615,0.051004821710040796,0,8.46080963062422,0.2971322431592234,1,0,0,0,0,0,0.6164239916324639,0
1.4494023167270094,0.1580695207659255,0,0.5200116473760787,0.1666715837003505,0,11.609782338490866,1.0724618449992425,1,0,0,0,0,0,1.3459917593139743,0
0.9366857581961354,0.5651004753081392,0,0.3979917910313451,0.0464708782726357,0,29.048520942995076,0.3567277276055384,1,0,0,0,0,0,1.9090199335560882,0
1.3473658898178407,0.524247944972193,0,0.5919845133267265,0.17134755123606465,0,18.6584075977536,1.0426154151284788,1,0,0,0,0,0,1.7036466494649325,0
0.6650755008698572,0.21730234157909956,0,0.981885844206145,0.07914837548444029,0,14.54657663435213,0.2086009471398413,1,0,0,0,0,0,0.7566257083012838,0
3.3765272551330163,2.912806251927541,0,1.1137874014459848,0.12970986720863759,0,20.48350016149627,0.7929175853212186,1,0,0,0,0,0,1.4249822868215825,0
1.790749155703264,1.2904221801289677,0,0.20027267239326196,0.19351677163033193,0,8.6751196004449,0.9962769928597015,1,0,0,0,0,0,0.9208485847310277,0
1.6013369365544858,0.841687117445918,0,1.4759981465170244,0.04644279078376483,0,28.103008101730467,0.2894105472763035,1,0,0,0,0,0,3.03815936574139,0
1.548316463790602,0.39039361780342097,0,0.6175534319283495,0.1816579116986355,0,14.086615980745727,0.87603654570843,1,0,0,0,0,0,1.4519461172961163,0
2.4515690808295636,2.2942436820550602,0,1.9976531927792163,0.08088553162645193,0,14.31907626144902,0.2913306703288463,1,0,0,0,0,0,1.3173897255760756,0
1.4543294728924838,0.4023334864727444,0,1.1042392466579933,0.1348770258509647,0,22.26633871204563,0.5884597532176953,1,0,0,0,0,0,2.1465704289813474,0
1.8805856910329966,1.0915823307821697,0,0.9737615020237762,0.13836090670886103,0,19.51090158976735,0.7740323161201785,1,0,0,0,0,0,2.083744377066065,0
2.1539531565605454,1.2284661607893417,0,0.5721645410921468,0.1414569189101979,0,16.889618317910667,0.845768342645795,1,0,0,0,0,0,0.8529924084732524,0
2.761199740714472,1.0892686633313258,0,9.951910162813107,0.22687691916838434,0,35.150509577701655,0.6246811087465096,1,0,0,0,0,0,3.7138219173773908,0
3.524756821838932,3.3104752120603376,0,1.1855943224536734,0.1321976518901869,0,24.93926991066975,0.8552196410267435,1,0,0,0,0,0,1.6947214488976305,0
3.9908768079856562,3.014674279739203,0,3.321840159372725,0.19695873645383824,0,20.141391478390148,0.7053821585701494,1,0,0,0,0,0,1.999016345801587,0
2.868076885288715,1.2453579236344758,0,1.9896831263460937,0.09754248822779879,0,19.51671749494819,0.8405130165791315,1,0,0,0,0,0,2.6023592989731963,0
1.865775811757678,1.3866857322937671,0,0.2848592433802849,0.08270542259183145,0,21.885335852372933,0.6402580330912174,1,0,0,0,0,0,1.8253709331513654,0
3.0065033065098046,1.7116529555360307,0,2.18088715585756,0.1173786017205749,0,19.601365238977117,0.9887839047114226,1,0,0,0,0,0,1.5948434908688722,0
3.2863809691231722,3.1373363216643164,0,1.9379529127036161,0.0893174239364877,0,25.67328739366677,0.5243708058589494,1,0,0,0,0,0,1.8766988081972222,0
3.0853393852803794,2.3521151189288303,0,4.498184948755944,0.1329712169122142,0,21.263334396462508,0.9915045196993911,1,0,0,0,0,0,2.2149723795448644,0
2.7892682112212794,2.8084731299763974,0,1.2214457341090592,0.07942592335693763,0,10.157408904554764,0.2747396378642943,1,0,0,0,0,0,2.748590605485969,0
2.4938443141284354,1.8241227384543748,0,1.1017828027138337,0.14435326563243278,0,22.711331191687112,0.9626012443819774,1,0,0,0,0,0,2.4784476891748857,0
6.04360303715568,6.769910726617642,0,2.826562555431204,0.18482172600343616,0,15.864272387530136,0.8331703685356393,1,0,0,0,0,0,1.948341847829001,0
2.5692163127984373,2.308369277961398,0,1.9632812807749733,0.13560226463733394,0,22.286551635693176,1.1181266912409273,1,0,0,0,0,0,1.5373793711984223,0
1.9161201403762318,0.38457246935905254,0,0.4713777802508279,0.1384178464689585,0,12.583511308998496,1.0078248295716916,1,0,0,0,0,0,1.3746388806227947,0
1.1715206342201756,0.5620093960789799,0,0.9446097877453301,0.16835900481126045,0,30.04029611798792,0.7256193697891306,1,0,0,0,0,0,1.2054128467457133,0
1.779865891124291,0.7229308510057629,0,0.14493439167750985,0.09137929933038108,0,16.7373132012328,0.7392930047620951,1,0,0,0,0,0,1.4828480656043153,0
1.5191414523406137,0.5268938197153072,0,2.2375555419779922,0.1811108980497121,0,19.393437851818263,1.1316255908910025,1,0,0,0,0,0,1.4717114480585005,0
1.5946344708770994,1.020970865514083,0,0.7675805837950618,0.1617496604546266,0,14.84010189275863,0.7462121964790246,1,0,0,0,0,0,1.0989138258984605,0
2.2087729299031578,1.711910775540209,0,0.28298679800582843,0.07113522271869674,0,15.972955278484054,0.6160568339026812,1,0,0,0,0,0,1.6726989637706389,0
2.0906131804323644,0.956941489339956,0,0.3224314468016469,0.24998490228458506,0,11.393811978902916,0.9403749961534145,1,0,0,0,0,0,1.617130779920812,0
5.873472140704061,5.887727805068765,0,6.820630522999016,0.1808893510589405,0,30.44873310873499,0.7041392475452575,1,0,0,0,0,0,3.5263492778749455,0
2.8059392086498898,1.4928227745261684,0,1.385357858331302,0.13869636391001566,0,31.986854135699776,1.1870585605782014,1,0,0,0,0,0,3.102407875082114,0
2.4580771938582267,1.2482289557234727,0,1.9303640331931666,0.22476535383326648,0,17.835534856394275,1.0462337183197237,1,0,0,0,0,0,1.6299984953387665,0
2.0249038177675502,1.0650977918745093,0,1.5024195784886372,0.09619193837917585,0,18.653078429367582,0.752782587822237,1,0,0,0,0,0,1.2441616039853038,0
1.6627005919764217,0.802594826014575,0,0.57530375197118,0.11824935215256746,0,10.857079853030932,1.0483338183058974,1,0,0,0,0,0,2.2260554043265572,0
1.1333939428378121,0.27726770969897935,0,1.0435904842809554,0.15450885165623768,0,14.051352652344814,0.39972784281313845,1,0,0,0,0,0,1.094383304144458,0
1.5265586215855478,0.5747814491312393,0,0.9043716419176352,0.13099340194998466,0,19.311333747079047,0.5920658676562731,1,0,0,0,0,0,1.5955358439511733,0
1.084351008132646,0.5939702676304887,0,0.96658855786549,0.13843591976774572,0,6.0313603099377655,0.8889335981618722,1,0,0,0,0,0,0.592546021638183,0
1.2697000179339857,0.5167457631770523,0,0.8286372222563132,0.11596850081094964,0,22.267079707161287,1.023207659198726,1,0,0,0,0,0,0.791992082217589,0
0.7012813840333141,0.23172252877935046,0,0.2756107605048848,0.1144904087944553,0,10.876465154368983,0.520460080767114,1,0,0,0,0,0,0.8855175786852079,0
1.1947252856285602,0.33782559602640916,0,1.0388366650862593,0.11671883286912793,0,17.055068298649278,0.5470719654124627,1,0,0,0,0,0,1.7158787504772268,0
1.5083086953224716,0.9271529890594924,0,0.35631125929300633,0.07070597978101514,0,25.983915751554832,0.6111016461277214,1,0,0,0,0,0,3.112169137368761,0
1.291709430209616,0.4195396113717589,0,0.40262712632894715,0.1302985869094074,0,20.795442302482595,0.8719468032095168,1,0,0,0,0,0,1.6256117945109434,0
1.0092103045484773,0.7137678269551139,0,0.8560662286486231,0.14189741779119613,0,25.722199983645588,0.8363600972898214,1,0,0,0,0,0,2.222360071016384,0
2.3029257874630087,2.2726465961038507,0,0.9640032763914606,0.20494829751783505,0,10.12850148827782,0.8060350831486969,1,0,0,0,0,0,1.235650151307427,0
3.931201362455809,4.457991001899384,0,1.7330473194935792,0.0856379059543652,0,23.430758354243494,0.5213367445178462,1,0,0,0,0,0,2.349141343720113,0
9.679172480844972,15.52736386948608,0,1.739181857334038,0.08046174636162196,0,5.205598886411423,0.6775503696234407,1,0,0,0,0,0,0.514084174344723,1
1.8868068001690808,2.3059598253571596,0,0.6928292055795087,0.13112439190045083,0,3.3266403296473204,0.7468157469837369,1,0,0,0,0,0,0.23146062349666519,0
403.2439618415588,193.80176706393016,9,1336.139148943737,20.47687528691763,9,9563.350326843101,135.05110747646256,1,0,0,0,0,9,431.70798460917945,9
4.707282203683754,4.1201815765422065,0,1.012116573929916,0.1815778104158463,0,3.080755622754894,1.1285763050909945,1,0,0,0,0,0,1.073098038291023,0
2.739377241154058,3.207732295174896,0,0.07445472965145544,0.12941720250642716,0,1.7778881264784387,0.2150231713553223,1,0,0,0,0,0,0.2524738983331401,0
2.324116598310197,2.3191534291326916,0,2.034358720514864,0.3242226496257454,0,1.4522050493624787,0.6628238542647317,1,0,0,0,0,0,0.6513402025388302,0
1.866199953419086,0.9611154587718934,0,0.4133680635113163,1.4266644141811298,0,2.6722870421650358,0.870603671283884,1,0,0,0,0,0,0.38522582674578093,0
1.08195515814766,1.1332465909040295,0,0.8689937427556156,0.06908811227281003,0,3.609525624081302,0.06606616049152149,1,0,0,0,0,0,0.47505727217934196,0
1.4047153163096269,1.3680361791642999,0,0.5269254213588003,0.24967378465760076,0,1.31378666954918,0.72190264958371,1,0,0,0,0,0,0.43598981736956577,0
1.7960394676457487,1.2868093573870554,0,0.9103808842953267,0.2432073391932202,0,2.5897641422644444,0.683787751790835,1,0,0,0,0,0,0.6069919361862929,0
1.077452457829571,0.8165215156612443,0,0.9692503011078271,0.12748937742806507,0,4.086997339681388,0.30964327869535857,1,0,0,0,0,0,0.5141051680594221,0
1.2930334613207062,1.1648700488944452,0,0.3256776815218272,0.1714392180639039,0,2.027433656721712,0.7045060759928854,1,0,0,0,0,0,0.3013840359016444,0
1.053400408673805,1.0881855309766588,0,0.14412090505163763,0.05206980853096753,0,0.8567929696528993,0.4355390876655848,1,0,0,0,0,0,0.47327350177868005,0
0.7776677538814607,0.5017205242787871,0,1.475976829644265,0.0604582047364229,0,4.1285592643577775,0.33357144796198995,1,0,0,0,0,0,0.5216630780041924,0
1.8823902804841377,2.1381972130641502,0,0.5874129223046016,0.047539637986235145,0,2.92209743992529,0.5868744780681177,1,0,0,0,0,0,0.48718584902399786,0
0.87656111837355,0.7130608446249779,0,0.6475168349161945,0.10509879112896353,0,1.9347384542229018,0.3175971935527313,1,0,0,0,0,0,0.20261587031931771,0
1.2257391441318277,1.0741586136251742,0,0.2901947634963046,13.019487112471163,0,1.13282238634751,0.4680469170453434,1,0,0,0,0,0,0.2126459396842635,0
1.6741938301219412,1.6198835997486727,0,0.5688168233865388,11.684730681802183,0,2.8756768321332338,0.47004029962878935,1,0,0,0,0,0,0.1833552003738118,0
1.4315119350446137,1.2425917040731935,0,0.8144643197659591,0.060200410591871124,0,2.8445524015005885,0.39902485495182294,1,0,0,0,0,0,0.23130277061919474,0
0.8559359708916336,0.9794456562338006,0,0.5291515165664408,0.06665059059588489,0,0.6979679911459311,0.42969289417285955,1,0,0,0,0,0,0.3264053647234683,0
2.0755629220031877,2.2139149950505175,0,0.5258993196953344,4.054156934121667,0,2.5098700455859144,1.6722004195981188,1,0,0,0,0,0,0.2532482894578604,0
1.79326204472103,2.1255520148072633,0,0.8814600522598769,0.03885615433574659,0,1.5937964870867114,0.6694842548750249,1,0,0,0,0,0,0.2664393375949241,0
1.081938499176453,0.7827523396608287,0,0.85323755332309,0.07290351785440129,0,3.6149300980185464,0.09106620093206788,1,0,0,0,0,0,0.45034185666645277,0
1.1067625105748284,0.9732354202558552,0,0.29801730797797427,0.14288582946080422,0,1.0274052645984169,0.43876239213947826,1,0,0,0,0,0,0.2647512006431298,0
2.2298780477682625,2.356938391302688,0,1.043975964953763,0.1995141388828689,0,2.8909222151551366,0.658663661098114,1,0,0,0,0,0,0.4068959818529217,0
1.2300384453133248,1.167549248110581,0,0.48874269787944785,0.06632257414003337,0,3.637009843789737,0.059707679729447294,1,0,0,0,0,0,0.2696218418324683,0
0.2698666025959504,0.21826252511509578,0,0.22290579855371173,0.04538556520397769,0,1.928863950455494,0.0,1,0,0,0,0,0,0.10189018178203976,0
0.5771827077343787,0.41227513222007434,0,0.21828212159798718,0.023176887110331324,0,3.6233597963455972,0.05520868895774725,1,0,0,0,0,0,0.32804138196028265,0
0.663461890174218,0.6922384268566986,0,0.2795511104332561,0.0013716642816847347,0,5.013185984528702,0.07569453466287723,1,0,0,0,0,0,0.12897137790086657,0
1.4629919275228884,1.2312566956171287,0,0.7383386267249352,0.025078022417731285,0,4.416396912254934,0.31866622747016227,1,0,0,0,0,0,0.6578899382381641,0
2.5020350647441796,2.8737460608746006,0,0.7659599436376512,0.17599462306584468,0,2.9504962697980788,0.6759554304258519,1,0,0,0,0,0,0.27568249555125135,0
1.3812447426588421,1.5153812880013886,0,0.5281028297176701,0.10377173859705865,0,1.6916932826659252,0.5220960498058307,1,0,0,0,0,0,0.18675507065965558,0
2.683402533331568,2.161659223466067,0,45.799728861072296,0.20380731156799206,0,4.4437947068587755,0.5999696673976347,1,0,0,0,0,0,0.6890875432205776,0
3.189378065739461,3.836433795099263,0,22.22670660741439,0.28255788293296336,0,4.018440721053269,1.0009543591605727,1,0,0,0,0,0,0.1391058259173038,0
2.579953004880101,2.4383332303759797,0,0.57185433185291,0.5869305976059279,0,2.9677756056427977,0.6565302911894577,1,0,0,0,0,0,0.12116867556268338,0
9.093510598065656,8.09794630055626,0,45.05644494124755,1.615492398989876,0,14.847487266870251,1.4073529701911835,1,0,0,0,0,0,3.288867971367507,0
13.135327640281318,11.544126437971299,1,66.1450306203806,6.172552095286948,0,36.618544393102255,3.545542820175122,1,0,0,0,0,0,7.592805186054665,1
4.964060298540971,1.66609305661228,0,2.6092794820112486,2.678950360742019,0,2.1153599551777336,2.516798150878503,1,0,0,0,0,0,3.115423156747945,0
2.1113400863707077,1.9357769443827968,0,1.8159315336479127,0.08715960922168771,0,6.417636828099394,0.29367139315309615,1,0,0,0,0,0,0.9554560966603212,0
0.9427756322959093,1.0037128109151343,0,0.47157501264936263,0.143568419471719,0,2.3085710517632974,0.3139136996608889,1,0,0,0,0,0,0.26718932285714275,0
0.9288646629401989,0.7919862766291209,0,0.5232026956942147,0.055467221210625396,0,3.4443633907066626,0.3395942241338874,1,0,0,0,0,0,0.3213252898797748,0
1.4935277840829253,1.6169871504723745,0,0.45121262430000375,0.042052399691682604,0,3.964088674714604,0.6648383279451194,1,0,0,0,0,0,0.23702678892855572,0
1.1939619218569932,1.0178337252744394,0,0.4855979991949826,0.16517656967645056,0,2.3713082889450194,0.4080345447999632,1,0,0,0,0,0,0.3144356241253701,0
1.154444261615026,1.1758052390386342,0,0.9322073930338501,0.10967857272298266,0,1.6741471554093772,0.2771681146302636,1,0,0,0,0,0,0.3086695370545642,0
1.7772628300732007,1.7908411694777195,0,0.36531035931636074,0.19485156722474414,0,4.028020959108143,0.6262558103953773,1,0,0,0,0,0,0.3842018008279336,0
1.047444844735002,1.0890305646502445,0,0.6362143406959986,0.1646362139107337,0,1.910282412212744,0.4477328671746006,1,0,0,0,0,0,0.16019301301309985,0
1.0233056295074816,0.7263623552693199,0,0.6421935351674277,0.10088387463796167,0,4.096371896558579,0.29534079652454304,1,0,0,0,0,0,0.551917401726597,0
1.9771600285734912,2.056858501098484,0,0.6738491361627772,0.31789998046040685,0,3.520229910425261,0.7900610705962141,1,0,0,0,0,0,0.6011816683192021,0
1.3892538577451647,1.600352235356116,0,0.34767061877437777,0.09183214261465375,0,1.3541729687762998,0.29608370576163134,1,0,0,0,0,0,0.2514453099981332,0
1.411942570478736,1.5501831739727105,0,1.172233217748526,0.11778262803706709,0,3.051037820149057,0.37045770335340583,1,0,0,0,0,0,0.40510110485203077,0
1.370049242973816,1.2275453627022685,0,1.1123518441136464,0.0982298613558007,0,2.700906939727931,0.4071325927409312,1,0,0,0,0,0,0.43183302642872456,0
0.8842459820440479,0.8257922435026342,0,0.7605805781992714,0.18439129071870505,0,1.858950973924062,0.4910665321791672,1,0,0,0,0,0,0.31965929560730644,0
0.8276055444801094,0.5411949674602914,0,0.5511072409507162,0.09671145676814459,0,3.112863714566486,0.36579738933837075,1,0,0,0,0,0,0.2498370672163845,0
0.736180306617731,0.6181834929953035,0,0.9229317395569768,0.049672880773211525,0,3.990491040300326,0.26732358991812416,1,0,0,0,0,0,0.08699364866591691,0
1.6901942853474048,1.5926242264844797,0,0.8124277753165267,0.1553840990871752,0,3.1299360323990424,0.6643375204600898,1,0,0,0,0,0,0.3384088161826039,0
1.1835337769295793,1.0061392780129164,0,0.16028142853121935,0.17281610224488256,0,1.6076937221465446,0.5368056522596312,1,0,0,0,0,0,0.21172562372745884,0
1.4610705695226183,1.4661611590999097,0,1.2654032938122075,0.11581375051087581,0,4.451399039417122,0.3238009960727151,1,0,0,0,0,0,0.5887951915282983,0
1.9024049890786514,1.8203689433495218,0,0.583246072269927,0.16310137275222208,0,3.5498855925447708,0.6628583826732412,1,0,0,0,0,0,0.6879800680429387,0
0.5523647778914145,0.35541525080636677,0,0.40568390569419066,0.03825929193162248,0,2.2404685444221557,0.3663842577803544,1,0,0,0,0,0,0.4325731870348096,0
1.6071565807460728,1.5762083937726272,0,0.6406564360296272,0.1450011534908029,0,4.451399039417122,0.3454536451904813,1,0,0,0,0,0,0.344773167796831,0
1.4627535175336754,1.4763965524029279,0,0.6640401971712495,0.18537025577717725,0,2.5990465779125707,0.5414990021330828,1,0,0,0,0,0,0.3148327061279287,0
1.182734548311966,1.2617254255040642,0,0.5958532493981541,0.19505291563146393,0,3.147583050328525,0.4651068503872694,1,0,0,0,0,0,0.19310226756793158,0
1.2064403974679607,1.172646890637018,0,0.7020492515416743,0.09757000930485216,0,2.6268176304343354,0.2838028041407412,1,0,0,0,0,0,0.18317178759368513,0
1.867352095042741,2.166028648422243,0,0.9164386461963497,0.2806162599054393,0,2.9498545562638743,0.6307215790356291,1,0,0,0,0,0,0.3695067393859496,0
1.037189653459518,1.1612608667541258,0,0.49285585114786246,0.1100806157933199,0,1.5947046277284471,0.4151998118940819,1,0,0,0,0,0,0.23313204073828203,0
1.3096964355859948,1.5598340060908928,0,0.6355899452148746,0.10570455177613278,0,3.6380458304212424,0.3911664526414635,1,0,0,0,0,0,0.15194473416936544,0
1.3929217250540986,1.7637170894961605,0,0.6060015308518327,0.22809735750272267,0,5.044715291301108,0.3841418910394824,1,0,0,0,0,0,0.15319578941728115,0
1.1547789470293515,1.3495329777398815,0,0.8022629190142984,0.22129809527112537,0,2.328089328629861,0.47012224373727707,1,0,0,0,0,0,0.19641382147324027,0
1.0241608545429532,1.2733936272889768,0,0.26502851563867014,0.09397357569291594,0,2.616423574237649,0.29437963813813195,1,0,0,0,0,0,0.0885879632890223,0
1.2501291940779449,1.2935253103815636,0,1.0632608125937764,0.0980041275223277,0,3.7756758279612996,0.40515372373213887,1,0,0,0,0,0,0.42977885335876675,0
1.661282027962821,1.9788090580414757,0,0.7473458683909375,0.22163492109562885,0,3.7756758279612996,0.48004248629887303,1,0,0,0,0,0,0.389896337498766,0
0.9340754154626233,1.1538857488917857,0,0.5528752061324869,0.15089107568144777,0,1.5671595665444642,0.26911277630462666,1,0,0,0,0,0,0.14643719687475987,0
1.622026812893541,1.5895288691012808,0,1.0355544448229848,0.12384546634640858,0,3.6801666170584824,0.34469664861062554,1,0,0,0,0,0,0.5644034482745623,0
1.2413349728010497,1.3866398584607804,0,0.8696157744042676,0.22917485140456378,0,3.4662815512114094,0.5759132996834042,1,0,0,0,0,0,0.41491246547892524,0
0.9139228424989356,0.9034318784802631,0,0.630896142757829,0.1555457846422682,0,1.3379833148163633,0.3081078715474859,1,0,0,0,0,0,0.27063863473301264,0
0.9565489201307235,0.8180836504052769,0,3.4850727690267367,0.062253271969766606,0,3.852601410617026,0.3619279785155324,1,0,0,0,0,0,0.5350747620721124,0
1.3796236897204364,1.0641789637498458,0,10.601778722989486,0.19968197853585773,0,1.4636130795853783,0.6522090298473882,1,0,0,0,0,0,0.6143033416615706,0
2.5815367110300005,3.4563995645486045,0,1.9076630193979103,0.1937936483945599,0,3.5024754030007696,0.762865929706817,1,0,0,0,0,0,0.22776315676912776,0
0.5525981226418475,0.3802157429801384,0,2.2033380721712037,0.057673909755570546,0,2.1675606634091427,0.19155207040757327,1,0,0,0,0,0,0.21986637822360186,0
1.3986681167767503,1.4320935566955986,0,0.6667010986200621,0.2396162477156641,0,2.1719767338081906,0.5561105960391727,1,0,0,0,0,0,0.22626431018615917,0
0.5703009295980312,0.5193870313748739,0,0.987593289426427,0.06308702427619134,0,2.481796849409923,0.1373775451792589,1,0,0,0,0,0,0.2293796911410842,0
1.5298194184078042,1.7356824766136052,0,0.7694054482457052,0.2401809435957007,0,3.8682920233302975,0.5931254919443004,1,0,0,0,0,0,0.3372214934162349,0
0.7014125147149508,0.7439014289782736,0,0.3512291532014382,0.10672623047163902,0,1.8538419612826882,0.1715790394703991,1,0,0,0,0,0,0.10491299013594262,0
1.620799492114534,1.8089189381143131,0,0.5609249408776985,0.21037460426741905,0,2.629645916310653,0.5985902840641193,1,0,0,0,0,0,0.3114514250702886,0
0.42067563528954144,0.3002184478248513,0,1.0984829258703737,0.14043900664605807,0,2.549541418536696,0.09327425782829721,1,0,0,0,0,0,0.11908731439914931,0
1.809058433515609,2.1407844440969677,0,0.3125543889639089,0.2288670503145662,0,2.6224607708524452,0.4080198395735367,1,0,0,0,0,0,0.2928604650945861,0
0.6760777917965345,0.6477271916350932,0,0.7906187916645645,0.14624839588903568,0,2.530882355779899,0.14420672491530878,1,0,0,0,0,0,0.17330787448439844,0
1.5368367095280084,1.6940319307207596,0,1.182340900360073,0.17309101258656362,0,3.4181119483455005,0.3126446458308745,1,0,0,0,0,0,0.19056192177026793,0
0.5593737374033361,0.37468604386355164,0,0.5295501090406649,0.16552872762010395,0,2.409627489931858,0.16755592799053692,1,0,0,0,0,0,0.42341792334643896,0
1.445036618802573,1.6894414913217752,0,1.2903580645469555,0.1947293838368257,0,3.810237407016041,0.47007046750962683,1,0,0,0,0,0,0.3252775791700055,0
0.6148444618660277,0.4339945409741642,0,0.6666847995672085,0.14347408469628783,0,1.1989074655243122,0.33028012870648904,1,0,0,0,0,0,0.20450370140124768,0
1.4872379735706096,1.7722529807236183,0,0.9322056807925345,0.1929844292209831,0,4.1836478474735905,0.3269767530936221,1,0,0,0,0,0,0.2909941392034918,0
1.301155424773328,1.6326020477116676,0,1.4342601283450227,0.1707189154815656,0,0.8340582999752313,0.32425610219266465,1,0,0,0,0,0,0.4100308451241039,0
1.6869361422106437,2.1621718096134583,0,1.8468692861886509,0.19960268065289563,0,2.925079835449317,0.43421823461785064,1,0,0,0,0,0,0.23468384831243957,0
0.7621418019663257,0.793833905346127,0,0.7988163032216478,0.05583693019335784,0,2.651587632677466,0.2537447947050097,1,0,0,0,0,0,0.3867665374302063,0
2.386037563420396,0.9805465125973221,0,5.447235386704499,0.7474830791360898,0,7.273206278625782,0.624460863778059,1,0,0,0,0,0,1.747373408087902,0
2.322066089523816,2.5504843865522044,0,5.686079558320482,6.751024475663264,0,4.26016954281668,1.7869572584209563,1,0,0,0,0,0,0.4218713217267089,0
1.7511430790959055,1.1458424738879827,0,1.909438170186552,1.1133406570122772,0,1.3492583323991223,4.516835341642648,1,0,0,0,0,0,0.3480431655403554,0
0.46488895973375466,0.5154099166396356,0,0.3644586620776337,0.11639448774358059,0,1.155177966915479,0.12620020148143446,1,0,0,0,0,0,0.14552813462351358,0
1.1498526579454784,1.2203719708857894,0,1.5139507766980471,0.04876157307396598,0,4.989927224860772,0.2995887169526782,1,0,0,0,0,0,0.2814187629292684,0
1.2856454792366065,1.6337599699231162,0,1.0518384947456112,0.15291688193209121,0,1.9340870715686114,0.4564359136769664,1,0,0,0,0,0,0.13134108381241352,0
0.6591113802276376,0.542015376501543,0,1.0194574303608401,0.08929904053211835,0,5.085721240967512,0.10615688234845079,1,0,0,0,0,0,0.18341363027486132,0
1.681202963698789,1.9543399636172076,0,1.32013081900058,0.3326700885056623,0,4.27427515866563,0.2881580990233298,1,0,0,0,0,0,0.12794861028695592,0
0.5085168798822503,0.4427409242744972,0,0.6637185649282342,0.28795669506702726,0,1.581112230030271,0.3507831719191106,1,0,0,0,0,0,0.09851174112511987,0
0.6444275520318269,0.6108683006891785,0,1.1085211745107455,0.04095103268976229,0,5.588222811588487,0.1326842741457247,1,0,0,0,0,0,0.170139633855778,0
1.8755237796467155,2.3375660001132132,0,1.0135933227777614,0.13774337190211713,0,5.487585826763789,0.5001041589764498,1,0,0,0,0,0,0.3977349725358956,0
0.719961027211689,0.9858189570177679,0,0.4782815357283043,0.10152522766372465,0,0.7371745343433574,0.5572566775407888,1,0,0,0,0,0,0.053383068618475735,0
0.5151271207215002,0.28770948063737756,0,0.8179567988219558,0.04508013937831738,0,3.3426628402983978,0.149788899608078,1,0,0,0,0,0,0.11618422459819697,0
1.213316999519273,1.406591159231756,0,1.310853971763716,0.13703573707969938,0,4.630113578653532,0.4217047935119519,1,0,0,0,0,0,0.14870678212406652,0
1.0194013814310923,1.4411131458997235,0,0.3876161194009421,0.09560927611294502,0,1.087069884677391,0.36388545481372236,1,0,0,0,0,0,0.13699714514238792,0
0.3698094847337353,0.17742992745669864,0,0.8441431194504426,0.03233833236278568,0,2.7445373929559755,0.14692439321082398,1,0,0,0,0,0,0.09994835440882838,0
1.3392318442119333,1.49556302174875,0,2.1194630350318677,0.10927352401713013,0,5.355742328693394,0.35154108879283785,1,0,0,0,0,0,0.39103507257334313,0
1.544026098166577,1.8453160725239515,0,0.5122029391946301,0.20953206623227746,0,3.0878361182812313,0.7167780235854344,1,0,0,0,0,0,0.44872015657684144,0
0.422234071345556,0.43781430986892017,0,0.1898250884228104,0.16642823735377998,0,0.9961122352554328,0.3124053419510684,1,0,0,0,0,0,0.11648858165895168,0
0.5635849749858274,0.22877170501421962,0,1.2705238568160422,0.05147567659638005,0,4.781128920706065,0.08665641745914361,1,0,0,0,0,0,0.39369136778638736,0
1.1121412489282667,1.2512095258822105,0,1.5250109989063467,0.1396020130413404,0,5.763491463392246,0.42459805975168285,1,0,0,0,0,0,0.06866838975588217,0
1.3467924755430918,1.662116896726803,0,0.2967902694786362,0.19821880117481983,0,0.5831761489571163,0.5490809693093359,1,0,0,0,0,0,0.3174589662303279,0
0.40142288892939054,0.3759516472335182,0,0.3606496039190683,0.13440277278348411,0,1.227640556324051,0.1960902582680571,1,0,0,0,0,0,0.08053622362938201,0
0.46782902551922645,0.3609746132693901,0,0.8023021765529468,0.02377092176234443,0,3.2706932651289016,0.051946650730002035,1,0,0,0,0,0,0.12605598634419157,0
0.5775727284243853,0.3880074959026805,0,1.3748118337787654,0.05275468508165816,0,3.2156618777727433,0.03875107729688395,1,0,0,0,0,0,0.2202285320191527,0
0.4471488852395648,0.3847094849849254,0,1.6127108249126034,0.056643307534498595,0,2.7582263488998695,0.15814448091686067,1,0,0,0,0,0,0.05593642715321983,0
0.5372449174704856,0.49449205126539575,0,0.9527471490562116,0.0014483713716067176,0,2.7582263488998695,0.07467683397310279,1,0,0,0,0,0,0.05317150606888818,0
0.2709821450607675,0.0753302588646691,0,0.40395478800523177,0.041626806408966266,0,2.4854425680410177,0.055618188493067724,1,0,0,0,0,0,0.32501947881382465,0
0.27441185194042433,0.14165721894138814,0,0.29571933200057865,0.027203893543868825,0,4.2438881602644605,0.044762421653724384,1,0,0,0,0,0,0.20992935734180385,0
0.5163473629766802,0.5653197538310989,0,0.39447709590375524,0.02298352053346307,0,4.035826884459945,0.05148885376825238,1,0,0,0,0,0,0.0331934798602401,0
0.34480235861662134,0.3385759735183621,0,1.1967231133015253,0.025876779934012394,0,4.700524965769057,0.087985350724727,1,0,0,0,0,0,0.07929775806203211,0
0.40692851751220904,0.22217570776103793,0,1.0565960239556653,0.002011447338992705,0,3.632393550953745,0.04907067054161078,1,0,0,0,0,0,0.16219934810569436,0
0.4266486543184833,0.2776249653623375,0,1.400038345523663,0.0019035269202033094,0,4.035826884459945,0.05960414100871643,1,0,0,0,0,0,0.09389200811936604,0
0.5708159808115696,0.5002600280698266,0,0.8362386515147013,0.0029269458016480242,0,4.810840681428858,0.019668097672969537,1,0,0,0,0,0,0.13144696851275064,0
1.0200459528383023,0.7403294985088187,0,3.648318323936351,0.04032608687675873,0,5.009692313244196,0.09564848105201643,1,0,0,0,0,0,1.3697089636030437,0
1.4882820677056376,1.724711275836536,0,2.698382407826448,0.22690015580271317,0,1.0910960185824627,0.4610729421283458,1,0,0,0,0,0,0.44667474225036297,0
1.7030720728214352,2.1468973707398806,0,0.4964457911041889,0.23980707476228907,0,3.2834145854199317,0.712174786336349,1,0,0,0,0,0,0.262399842088663,0
1.8005646532793216,2.2295225724888184,0,1.0858469580593437,0.22565817899555562,0,4.978794452054515,0.561163137508593,1,0,0,0,0,0,0.34223843576368485,0
1.6990086489397835,1.9389842809547688,0,1.672012103991603,0.11264233390340841,0,7.741449803457691,0.3742104853965157,1,0,0,0,0,0,0.1911549595920619,0
1.2597165039614242,1.5062869983125617,0,1.363635294576856,0.07840636636106195,0,7.1585133156402545,0.1712209932466957,1,0,0,0,0,0,0.17052165951042614,0
0.8542859930373508,0.8765087679599035,0,1.6280241230588808,0.04903198070938271,0,4.175612644053702,0.0866024425728402,1,0,0,0,0,0,0.20142751808920756,0
0.4910582093006629,0.44701073230464244,0,1.6007830982885771,0.02695014635248228,0,4.272530376420889,0.10032662595851262,1,0,0,0,0,0,0.09252513304708804,0
0.48465559121299706,0.42167079579765926,0,1.3096607611656772,0.0009800694875207025,0,4.676685779393678,0.07580198099687077,1,0,0,0,0,0,0.2022275008638481,0
0.2856378361023112,0.28960544653238784,0,0.7915074040542767,0.047782542005550085,0,3.468366444184524,0.04609962760652956,1,0,0,0,0,0,0.052775304956461766,0
0.17907953110215757,0.13971283443995675,0,0.38434248012332306,0.056992482543185445,0,1.3899746466715763,0.18589795970833192,1,0,0,0,0,0,0.09382205547437365,0
0.6713012181440419,0.727461894786749,0,0.5429378706487336,0.052250522710305086,0,0.2525494694894539,0.46387952024563206,1,0,0,0,0,0,0.08732447699427776,0
1.8877256183698954,2.2473573361275783,0,1.4396272948917561,0.2002568991362902,0,1.3567717310988214,0.5516237265653157,1,0,0,0,0,0,0.2596055050520869,0
2.181076881379229,2.3627387911173443,0,1.9717240548487958,0.20340101841489583,0,4.599196458981332,0.7671610791322787,1,0,0,0,0,0,0.22659615179739895,0
1.8325196025498174,2.1096395952834954,0,2.4106515356883502,0.223876656767181,0,5.7818856330162,0.6635108626499685,1,0,0,0,0,0,0.27669594458684044,0
1.9290078109584976,2.2576232867751727,0,1.273999836505714,0.18256431690835961,0,6.461104428043961,0.6045586171350229,1,0,0,0,0,0,0.26893327310684584,0
1.2027411324691912,1.498092343524971,0,1.747103065919278,0.05881489973864234,0,6.128696765792443,0.28164498821253325,1,0,0,0,0,0,0.07796636821648428,0
0.45529717829537564,0.4217905753667811,0,1.3912564199154758,0.05848919717227849,0,4.700524965769057,0.2592789283724991,1,0,0,0,0,0,0.043987530938567915,0
0.3423358197051521,0.2800757022859352,0,1.7951835607791793,0.06181285982196421,0,3.0241771686127934,0.03210827672848414,1,0,0,0,0,0,0.09060595100619773,0
0.11858944683769779,0.029458596166654673,0,0.37828157368444804,0.10546506134546618,0,1.1842507589584979,0.17160705136814852,1,0,0,0,0,0,0.07795661085783603,0
0.17538950002953962,0.1020291356825138,0,0.4392601407848088,0.20903524460933853,0,0.7576484084683617,0.11298992028755253,1,0,0,0,0,0,0.10417710187040641,0
0.4078400266544596,0.5612882816141671,0,0.20223968648953175,0.1444706179753032,0,0.7576484084683617,0.16682776068454647,1,0,0,0,0,0,0.12451896590504959,0
0.9004724946145887,1.120004764612539,0,0.7857425962345606,0.21515240137765715,0,0.47727574042043713,0.4259110368807193,1,0,0,0,0,0,0.3148150633653666,0
1.5020739667537586,1.9292586262069675,0,1.3077395824129034,0.28111452734232445,0,2.255997114432085,0.5451356618342771,1,0,0,0,0,0,0.23227435174249514,0
1.5274740128914543,1.8857440851964173,0,1.7196880276715358,0.18881841616456352,0,2.9990345578731445,0.6035997870664288,1,0,0,0,0,0,0.5497375957107598,0
1.9586387243222765,2.7952995686490723,0,2.4770782878065867,0.24571308867199654,0,3.521858752385152,0.6185266216698129,1,0,0,0,0,0,0.2772094368042189,0
2.087886226568023,2.701402990247908,0,0.5757318476652649,0.17374399357510828,0,4.899674805708308,0.5114718922816317,1,0,0,0,0,0,0.15973227641337912,0
1.3500905817935323,1.6816865284906013,0,1.0035533259326084,0.15481774648413343,0,5.922018379481461,0.2612033507666687,1,0,0,0,0,0,0.04571217555490784,0
0.7746890507574555,0.781685380051983,0,0.9473336872033943,0.0012516936387658001,0,5.329255464109562,0.09888606607268158,1,0,0,0,0,0,0.057368691590481136,0
0.8664227739113868,1.1457066338644601,0,0.46892690961213024,0.0006007986592774526,0,4.700524965769057,0.154502650193649,1,0,0,0,0,0,0.04436569791618452,0
0.5187837875703193,0.39350232328446766,0,2.182063145475154,0.020586511703117254,0,4.700524965769057,0.09888606607268158,1,0,0,0,0,0,0.1278223677654726,0
0.2832061824976099,0.266889299811712,0,1.324283469818429,0.0006638212791578581,0,4.567416117416345,0.06338104560106826,1,0,0,0,0,0,0.07609309270732964,0
0.26968894174243985,0.16650076454420246,0,1.616432388974564,0.028253299534277798,0,3.0241771686128374,0.03940754279857601,1,0,0,0,0,0,0.17849647460399778,0
0.16095344269349504,0.021375322392070427,0,0.4310712812964408,0.04290417062806649,0,1.7653643542047641,0.0594414835430546,1,0,0,0,0,0,0.12999468551987353,0
0.4239643820225414,0.2744749821971688,0,1.3409356244600894,0.5319359076943346,0,1.7845515038501356,0.34981522283947425,1,0,0,0,0,0,0.13514915909749367,0
2.573250961768299,2.4674300044015456,0,4.663128491006336,0.6570090626809916,0,5.367617210645331,1.13369333446503,1,0,0,0,0,0,0.43345025515351365,0
3.7194496398517485,2.543181710796807,0,1.017496171866204,1.5189905844340739,0,2.2001511603371613,0.45655913291032496,1,0,0,0,0,0,0.36718680740114673,0
1.503778549117031,1.8151672893488884,0,1.2172716241054138,0.2482106385010198,0,2.6564955610547885,0.7722918488251068,1,0,0,0,0,0,0.17513660623591923,0
1.2494611757760967,1.6563462717412885,0,1.1903508229129844,0.2217723966148766,0,2.4382350090005955,0.7978274686034488,1,0,0,0,0,0,0.15880614196768628,0
1.8546148347663516,2.5607451531359966,0,1.1384714917490995,0.12831268969568854,0,3.900364347338388,0.6447014650135852,1,0,0,0,0,0,0.05377418933114253,0
1.284315299746068,1.3975556055784815,0,1.8136900717855164,0.06388485868891157,0,5.690088126878701,0.40518354939418444,1,0,0,0,0,0,0.30390439701654587,0
0.8400816218740215,0.9098436595298234,0,1.0436842752616249,0.0011717297326540338,0,4.452252914773191,0.2033286847374821,1,0,0,0,0,0,0.1731208974853169,0
0.25494439010799697,0.12766920713013066,0,0.4220749633549,0.04868865807436776,0,1.6974783787441132,0.16049504110416943,1,0,0,0,0,0,0.14338847805789054,0
0.7414093568829907,0.8922096297273018,0,0.43410532922650985,0.163722242572661,0,0.9426433895502212,0.6421932140319071,1,0,0,0,0,0,0.07132224479097328,0
1.5463098262676667,1.9382763996296282,0,1.8817219324081063,0.2605075730263935,0,3.387816393657677,0.7394198105103814,1,0,0,0,0,0,0.09878156131588542,0
0.7700331228156083,0.8246315793630147,0,1.5301101064667944,0.04715130390999533,0,6.543299649854581,0.22265421792209286,1,0,0,0,0,0,0.12658950910414501,0
0.37433438329705476,0.42115503285243383,0,0.8171531621197166,0.10641443374636214,0,1.0687221618799294,0.2339142411646295,1,0,0,0,0,0,0.045267954198192836,0
1.9131855380128509,2.409169084682009,0,1.4004185911433331,0.1595090656026481,0,5.826443558438821,0.5357045784027723,1,0,0,0,0,0,0.1183691315117989,0
0.6814576669234222,0.7412942112844038,0,0.788857679695989,0.1003017030594589,0,1.5601030269363472,0.21470522349842064,1,0,0,0,0,0,0.06696327828980655,0
1.2215877018449544,1.3449440399864598,0,1.5539411773323262,0.098546334375169,0,6.049570032096618,0.4104636064014228,1,0,0,0,0,0,0.057338401130932706,0
0.9090766706431157,1.0686988702287976,0,1.9130238846372827,0.17636856200996576,0,3.8968994078663273,0.40774994863470315,1,0,0,0,0,0,0.06116156289514644,0
0.8821774086664849,0.9543126547527186,0,1.7681327565817495,0.1762951316543366,0,3.256565235857944,0.3950618787758434,1,0,0,0,0,0,0.19934153461485865,0
0.6739634022432652,0.6238998939390005,0,1.2801509283444972,0.05423970623429825,0,3.65081679067205,0.19131161179899567,1,0,0,0,0,0,0.035333760334485764,0
1.2769395082502708,1.7158069581427597,0,1.1916956274420316,0.10837032443461653,0,4.31917032715096,0.5038433541863935,1,0,0,0,0,0,0.036301027520871346,0
1.1982375973209645,1.437756222832878,0,2.629456694901684,0.18246281476390225,0,3.1881722309058915,0.42856517028452784,1,0,0,0,0,0,0.16785371236938126,0
0.8745195606849863,0.990607843570583,0,0.8523845794735692,0.2745269309443687,0,3.501341560542931,0.48079309583298835,1,0,0,0,0,0,0.1683685397557917,0
0.48446784349761046,0.527732958620711,0,0.8606946729317881,0.10821166045586927,0,2.1901426140674327,0.15588386606032686,1,0,0,0,0,0,0.16331992300105677,0
1.2724345884476482,1.7585259504473922,0,1.5742690679499656,0.17371143133843825,0,5.195645568640982,0.3356091097633722,1,0,0,0,0,0,0.05782029831471987,0
1.0841970698047856,1.506498670070607,0,1.305355478289492,0.16082661295731523,0,2.2770290153260975,0.5695507838983094,1,0,0,0,0,0,0.07486352525484596,0
0.6927818154650702,0.9884023754686,0,0.8400732524935773,0.11133912819002703,0,2.7027178319913077,0.19554385744849462,1,0,0,0,0,0,0.08599046709107837,0
1.2681887956307896,1.5931711175387508,0,1.5240270468669594,0.22549796392621896,0,5.291661253810757,0.5709288447159988,1,0,0,0,0,0,0.03216559362821887,0
0.9602838670352725,1.3661030615681289,0,0.9110753443664221,0.17441479121602052,0,2.2166217847646235,0.3181670439095392,1,0,0,0,0,0,0.14491456659590027,0
1.8235744066471327,2.495726098466432,0,1.2590604783400519,0.13236795795787742,0,6.524335694405037,0.5941224444123644,1,0,0,0,0,0,0.18135631712688874,0
0.5741094771491386,0.6047896582458671,0,0.44943866253321496,0.10852740938780181,0,1.143074202514102,0.27408360583915203,1,0,0,0,0,0,0.09982823952389659,0
1.8130157224704555,2.1928566685992967,0,1.3520524367370954,0.11222354787751884,0,2.7582263488999157,0.42379509744769256,1,0,0,0,0,0,0.24283803477515806,0
0.5505227441864711,0.5389803460083479,0,1.438089523543437,0.055961311972845804,0,5.411599247866571,0.12132416635618469,1,0,0,0,0,0,0.17673114334225287,0
0.996771074132972,1.2257234600770774,0,0.9113578881931074,0.19857076203962226,0,1.9485577487706385,0.4180696280495096,1,0,0,0,0,0,0.13167463668487994,0
1.6723258242665917,2.447624899423199,0,1.8862653541560532,0.20561029294355,0,6.106908007978882,0.5562863341345174,1,0,0,0,0,0,0.06751262229793456,0
0.33347722871627106,0.24471590537424404,0,0.2492035988381859,0.03478685033717947,0,2.9548139614702493,0.0738139489759525,1,0,0,0,0,0,0.11243253925043792,0
1.2263274955946195,1.6080822284315195,0,0.3725755736131393,0.23535035041762445,0,2.1260916951102473,0.4251760481457145,1,0,0,0,0,0,0.14464160383996125,0
1.425491039938798,1.7411129773214833,0,1.68343469070154,0.11277921676500194,0,3.8350176010275807,0.4832123704176441,1,0,0,0,0,0,0.08724998173838228,0
0.4715345321971107,0.3864046256781853,0,0.7214777820180225,0.08733983731130773,0,2.6774861176634226,0.12815279644370953,1,0,0,0,0,0,0.1124546743245248,0
1.1635845147955992,1.613866375662625,0,0.9500314212969205,0.23535035041762448,0,2.541239568900193,0.4251760481457145,1,0,0,0,0,0,0.17411135078208356,0
1.6115794967856143,2.1331815807162062,0,3.1774639042642274,0.11711104675079123,0,4.901102958190911,0.5129402873466531,1,0,0,0,0,0,0.07297520307702124,0
0.131494413851098,0.06970428602571056,0,0.7231607335572221,0.17317018710877893,0,2.365043806960643,0.19368693266836878,1,0,0,0,0,0,0.09025004327961944,0
1.5250974179907917,1.9226895793061418,0,1.7553808180611328,0.22866121166870879,0,4.542509035430063,0.5935176133320708,1,0,0,0,0,0,0.09871715062938789,0
0.9548514715200018,0.8881204348700197,0,0.9371916555109823,0.12497830452285616,0,1.9763002259623308,0.3454037793358482,1,0,0,0,0,0,0.358665279144293,0
1.605554338629406,2.240125057033077,0,1.449191860416057,0.16602100674577316,0,5.1353983028118515,0.6658417546446934,1,0,0,0,0,0,0.03666873913406653,0
0.614174831434783,0.6592197295345751,0,0.7537061213733802,0.053376682835573425,0,1.6678604420875973,0.2167450340938049,1,0,0,0,0,0,0.10510157750015645,0
1.5671728015402266,2.0430105966738914,0,1.524330332154786,0.11782569885892213,0,5.1622772941695105,0.42256879219492105,1,0,0,0,0,0,0.08695393250566205,0
1.1211611158001422,1.2595518282198759,0,1.2003648391780362,0.15765396325402836,0,3.5314968332804453,0.2903296330435603,1,0,0,0,0,0,0.20162542994383986,0
0.9402804048792346,1.1945565222311234,0,1.3685344539159716,0.14817715603765536,0,5.188482442685261,0.5048362997463369,1,0,0,0,0,0,0.1150054373915877,0
1.296420239826883,1.70264651072732,0,1.2704893809417834,0.16356490686584474,0,3.3737679851289624,0.432404490955013,1,0,0,0,0,0,0.15667876250453944,0
0.37169740292793396,0.233307738034966,0,1.7586114150723486,0.05274885813804221,0,4.123863558514436,0.15475750898732468,1,0,0,0,0,0,0.09549686933285187,0
1.408893941081529,1.9923821756293085,0,1.1866709155947668,0.3197540959251299,0,3.4862884326294017,0.5547702732415991,1,0,0,0,0,0,0.08682620535661675,0
0.7128871307983418,0.974554721696901,0,0.4984899889645107,0.16874307199783106,0,2.489205265189223,0.2210792593289022,1,0,0,0,0,0,0.04179531770029416,0
1.2246832378021684,1.6747113802425262,0,1.9553911251637457,0.13939363306013622,0,6.473149658113384,0.3954420638605545,1,0,0,0,0,0,0.19697246077845462,0
1.0436093731982992,1.2718273977448775,0,0.7640235011975531,0.13033802014730292,0,2.5034808154821686,0.3793803842065782,1,0,0,0,0,0,0.1758657658542487,0
1.0713616035948452,1.3528548037129808,0,1.6224743473042047,0.11234874974376044,0,5.784837561082981,0.3300763556331325,1,0,0,0,0,0,0.022325184092902288,0
0.9490207725002318,1.422945530553568,0,0.529858437784525,0.20113993332300312,0,2.4890858650315875,0.6164931166251303,1,0,0,0,0,0,0.10528047329176665,0
0.6459211705718247,0.6330713709438398,0,1.1166389284532987,0.10099108701725458,0,6.077319357733288,0.19486846757696086,1,0,0,0,0,0,0.05094351478440302,0
1.2831803545658949,1.5291104096556636,0,1.3252821123640959,0.19495786392627457,0,3.486288432629402,0.7015371991999604,1,0,0,0,0,0,0.09615451514359039,0
0.7718284263243691,0.8836409893589388,0,0.7926610629463452,0.1071819989737659,0,2.459973303421287,0.21891027702196958,1,0,0,0,0,0,0.2863031695122359,0
1.2207083697457892,1.5739893516811223,0,1.6913029963519952,0.15292562132351015,0,5.3608633745948016,0.5013218572560274,1,0,0,0,0,0,0.0480032957051421,0
0.9649786924160292,1.3226743249174286,0,1.1560667745857272,0.14880666778377563,0,2.7687686889385175,0.26046589788025665,1,0,0,0,0,0,0.015179185147099452,0
1.2419176390001299,1.7909015799911558,0,1.465040363374917,0.06247720631807274,0,5.19630923173679,0.47200827174533533,1,0,0,0,0,0,0.08060422758358145,0
1.3830820940210478,1.8621434471901281,0,1.5678939204866706,0.19472202432768404,0,3.682735333443895,0.6072428532206233,1,0,0,0,0,0,0.0859715000214752,0
0.5348324477826092,0.5989611326886143,0,0.9658410645801534,0.039304606305792966,0,4.994406566253966,0.31392737803720866,1,0,0,0,0,0,0.04640956745366213,0
1.7555358068351645,2.397214821996988,0,1.6243577885187617,0.16339668772930094,0,5.221690906280593,0.7036962020205182,1,0,0,0,0,0,0.14577686514221538,0
0.6186123732279785,0.8175617345499813,0,0.4875441973170608,0.11523583791326243,0,1.2266780411182534,0.2315668902033715,1,0,0,0,0,0,0.16901182062852702,0
1.2509918494255166,1.7311767498954511,0,1.9917657761283534,0.17205173691218226,0,7.0362388760712555,0.45462013166886095,1,0,0,0,0,0,0.09165172836457956,0
0.7227649522449552,0.9407393604671141,0,0.99294160778799,0.15373222280387194,0,2.7826219624491264,0.5275547835385144,1,0,0,0,0,0,0.08481004019601318,0
1.0529059264612244,1.3088364359753677,0,1.4963953595752293,0.0519423312469941,0,3.896413252155986,0.3139273780372086,1,0,0,0,0,0,0.07940016541099602,0
1.4243374777075932,1.8000439067685643,0,1.454719471831588,0.15303624561368478,0,2.200677181166072,0.6190020915565805,1,0,0,0,0,0,0.13208272131252985,0
0.6063347968009999,0.5668267135672516,0,1.599020560165356,0.07586689975788541,0,3.769702099787521,0.1981221482270879,1,0,0,0,0,0,0.0654861609946027,0
1.89743421769835,2.548461362786226,0,2.1866689739736316,0.13857090786966153,0,4.778655797141637,0.6825352027789685,1,0,0,0,0,0,0.1116361456844275,0
0.7443132215037624,0.7495368558259421,0,0.7489029682171937,0.056648676720032945,0,2.020223080586036,0.3147582525991087,1,0,0,0,0,0,0.10597554453077875,0
1.362205846604505,1.8453097495909019,0,2.2908819480166756,0.19639697518401325,0,6.787926319211237,0.522938291575957,1,0,0,0,0,0,0.01706584728242136,0
2.0136268806983955,1.9161709653866097,0,4.039373905525769,0.16232544939801163,0,4.175952277017752,0.3071726611353894,1,0,0,0,0,0,0.2504341829103771,0
1.3037812285778896,1.6907646786918382,0,3.5895807745752086,0.11396012980589244,0,5.6027314259746,0.46075178857336757,1,0,0,0,0,0,0.09634382480544212,0
1.1043192677290075,1.068736074497964,0,0.9503104135294881,0.15276843784295388,0,2.495403225805002,0.5428526424132329,1,0,0,0,0,0,0.5390391549549554,0
0.8237394059146069,0.737392075319877,0,1.4075065672165084,0.03752077346398055,0,3.8903892220530554,0.15194187275482712,1,0,0,0,0,0,0.11677337655195355,0
1.2038329449665315,1.8170889448605638,0,1.409104324109212,0.22697907996885902,0,4.214594062330993,0.47449481820437217,1,0,0,0,0,0,0.10417249444365417,0
0.6499536182270408,0.7024580513115537,0,0.8714489365201405,0.07446807782093301,0,1.7339203174794646,0.2155319682574529,1,0,0,0,0,0,0.051437204569450244,0
1.639821281844618,2.0465567968998406,0,1.4829071661884345,0.19981446953282078,0,3.581085703598098,0.46497390304169917,1,0,0,0,0,0,0.12209017584111265,0
0.4976967030801083,0.5160736658983186,0,0.48425069018014616,0.11648059267707603,0,2.004283160554519,0.20114528069863263,1,0,0,0,0,0,0.2295722937230531,0
1.5509657384229107,2.2320284430216857,0,1.8080177883799449,0.19069003132329254,0,3.9516718410435154,0.6370435087683806,1,0,0,0,0,0,0.08766539236713763,0
0.4811031326289514,0.5938667630928258,0,0.4928049922739248,0.08113393208376367,0,1.1787050915434272,0.15306961601929361,1,0,0,0,0,0,0.10806063838497781,0
1.541218748776249,2.2218053709381254,0,1.697765467892183,0.15442274981108256,0,5.55805656073908,0.5791899173290662,1,0,0,0,0,0,0.11178926305964206,0
0.7493214209762187,0.8488179578596181,0,0.7564488236230418,0.1040192705892554,0,1.738087068027565,0.37994053566215785,1,0,0,0,0,0,0.08987003550451889,0
1.3662487959125367,1.7984104775773946,0,0.5437760919387892,0.15364099342883775,0,4.8206398866461555,0.45252600222563266,1,0,0,0,0,0,0.12187242434778112,0
0.7105122486703893,0.8628589773636639,0,0.5496524170787596,0.15477331349013979,0,1.4192568055459398,0.2112766008181001,1,0,0,0,0,0,0.11121730059598722,0
1.436168842906146,2.1016043627391543,0,1.289890312397463,0.15442274981108256,0,3.803788780601111,0.5791899173290662,1,0,0,0,0,0,0.1650619139785763,0
0.45925381694031964,0.45460379553144925,0,0.6090803983918969,0.042328973956731755,0,3.1938859508641797,0.17750316431319285,1,0,0,0,0,0,0.2154510871749104,0
1.7030237119057026,2.3825117476308217,0,1.6923813764854683,0.2706352841179972,0,4.993380151891125,0.7218169352460662,1,0,0,0,0,0,0.13729442777820133,0
0.6246039397663207,0.6459987580829212,0,1.0526220033529945,0.10512603639553036,0,1.4192568055459398,0.19005022487797452,1,0,0,0,0,0,0.11199332031823135,0
1.2117314408403592,1.612049624209142,0,1.5490353513566373,0.23120305622165144,0,2.2667375205674816,0.5338812535333908,1,0,0,0,0,0,0.10314931402369752,0
0.576632081861333,0.6401293455155881,0,1.6103144334489996,0.04454860930015232,0,5.458685939020185,0.23588901984875807,1,0,0,0,0,0,0.11723730859448075,0
1.1089541589101362,1.4382751211866156,0,1.1955197992720168,0.099099961837832,0,1.7713350235894043,0.39194430114084,1,0,0,0,0,0,0.14503928397423116,0
1.4131616516852188,1.9760371003824517,0,1.7948407156819997,0.1664932153330137,0,6.048260782905746,0.3886221214951523,1,0,0,0,0,0,0.104328988497853,0
0.4524564336526877,0.5408015389373242,0,0.5320357101031165,0.05207575426704967,0,0.7504312650707801,0.1701449771252764,1,0,0,0,0,0,0.10405320686375885,0
1.453687627477457,2.1809627776135985,0,2.240247420726761,0.27929466709044526,0,3.493938405441967,0.6853460540551646,1,0,0,0,0,0,0.12946258822243317,0
0.5767745724976711,0.5847971985884542,0,1.03376838766258,0.05508206633726401,0,4.711876355711086,0.08668141545141266,1,0,0,0,0,0,0.11239343314147542,0
1.224394974029283,1.7514812236654722,0,1.198933706067978,0.1848110820458209,0,3.0229477321777267,0.5415389106292974,1,0,0,0,0,0,0.13313820906315396,0
1.0935309408738179,1.5907204846300265,0,2.1160000126113854,0.08220337398161895,0,4.798093564659484,0.3352235369507682,1,0,0,0,0,0,0.07397850865043995,0
0.8481085116734948,1.1080226861905031,0,0.48761492107584536,0.2166136020629974,0,2.41276789268382,0.3193001351720527,1,0,0,0,0,0,0.11251657912249541,0
1.0349246638314946,1.2605439654887876,0,2.117519468333285,0.1021425384341193,0,5.564311362069141,0.2719708689246676,1,0,0,0,0,0,0.20205799194644927,0
1.0499770186457589,1.298884517551156,0,0.5108921589603816,0.20487849497530616,0,2.2437500987316596,0.5341621943257913,1,0,0,0,0,0,0.10294745243429018,0
1.164484056759862,1.5477797324055051,0,0.7199851902606503,0.051652527697720545,0,4.577379422062994,0.26809028676205604,1,0,0,0,0,0,0.11893539747210034,0
1.1048637377746195,1.4844206527830963,0,0.9912898116370482,0.19977374778084145,0,5.3553182255180065,0.4494373241174602,1,0,0,0,0,0,0.10062123303205725,0
0.8161015411937887,1.0466019680234897,0,1.0150094831855063,0.15263669608859998,0,2.0271598531948225,0.2852840386505443,1,0,0,0,0,0,0.056476436654804923,0
1.040061026786133,1.3720950508502123,0,1.3630425030275286,0.11133145789639443,0,4.531836284127078,0.4116086740053613,1,0,0,0,0,0,0.24625287326770573,0
1.2001360634628746,1.6441232168770954,0,1.2205179568774198,0.18594386914747255,0,4.7126142015609025,0.5223637589794128,1,0,0,0,0,0,0.16305699643639437,0
0.5191489780809225,0.601717760846748,0,1.0347673399085873,0.13049958037501172,0,2.581462344268799,0.3561704376390734,1,0,0,0,0,0,0.04729177234697987,0
1.2006123895041467,1.6524579645707236,0,1.5538453109056505,0.10850412121771258,0,6.685217168135375,0.2564091694567332,1,0,0,0,0,0,0.0014398919805054182,0
1.1876994992867682,1.5970781490413475,0,1.5492826309716943,0.14908286470643223,0,5.404576807502565,0.3802201854756678,1,0,0,0,0,0,0.06361935842497374,0
0.5498858972508902,0.524390083339778,0,0.9266964970604041,0.1067741399630809,0,4.249071239472732,0.26171587659544704,1,0,0,0,0,0,0.10795575136545937,0
1.4202714141633526,2.088753654892547,0,1.5348595154822446,0.1645437398703248,0,5.244968336409595,0.5873767523068634,1,0,0,0,0,0,0.1735909282362022,0
0.820554531483071,1.030763795912671,0,0.9348905178117415,0.14773357566615905,0,3.2925518619303435,0.3571850215012062,1,0,0,0,0,0,0.19074008105292248,0
0.910075099890361,1.1040173991894158,0,1.5800279449237058,0.085678862836165,0,4.864055784812832,0.12498207986487321,1,0,0,0,0,0,0.11065451310349456,0
1.8899353744979126,1.7077385083784338,0,2.7020455748270327,0.16473187112193075,0,7.109435660588102,0.4188986890724382,1,0,0,0,0,0,2.401317586371988,0
1.6507077216092205,0.6833991587711835,0,7.46508907180621,5.458323629959276,0,6.619989263867794,2.4930417310821706,1,0,0,0,0,0,0.9794902789676055,0
8.267446521663548,9.658388121238952,0,13.65296709349672,1.2964968500881922,0,3.754545934449162,10.407329427627921,1,0,0,0,0,0,0.28707215827820115,0
2.6125179967807375,3.1794073752892356,0,4.731650605117743,2.0311408262086124,0,5.0586405000903145,6.030972056213415,1,0,0,0,0,0,0.20046947238786622,0
1.517126595115355,1.28172969601285,0,2.704014819586319,1.0178736160176975,0,3.051468968327869,0.5913933529432002,1,0,0,0,0,0,0.22306483268494132,0
1.1813963636686453,1.5551751833387348,0,2.6517974677784233,0.15328325536972048,0,5.559430065773848,0.3280935345894925,1,0,0,0,0,0,0.2540992367000671,0
0.8601634700887861,0.9952702505704719,0,1.3448584700053225,0.23355648055740275,0,2.3947859452892892,0.3474441447804316,1,0,0,0,0,0,0.12478160200176772,0
0.8766813316808115,1.1665371242269034,0,1.6461357007071493,0.05702274288071284,0,4.168524062116154,0.1329997240233471,1,0,0,0,0,0,0.08027806866695299,0
0.8693989020536353,1.2240293862755416,0,0.5261655815120093,0.16126006648881153,0,1.8422607565708886,0.3656258132957743,1,0,0,0,0,0,0.08524571267533973,0
1.0723577881441737,1.5131947067256521,0,1.7355302302044477,0.11383507817395261,0,5.035944235144728,0.25551006736911863,1,0,0,0,0,0,0.23813563443332258,0
0.7547325551568408,1.1406742883318568,0,0.8230788548608146,0.11625604813240126,0,2.3525121822811323,0.30665720522549134,1,0,0,0,0,0,0.08524571267533973,0
0.9211004520032524,1.2698944982844542,0,1.9591428306515324,0.10613242424786473,0,7.093600703594143,0.26120896483586986,1,0,0,0,0,0,0.11529671778140797,0
0.845468782798606,1.176760246244821,0,1.1002887774491197,0.11696728475878602,0,2.280044651791524,0.24910524225374428,1,0,0,0,0,0,0.1380857880844467,0
1.2626571569176748,1.6919859685893461,0,1.7530229305893736,0.09153923676930792,0,3.463321834827422,0.388473701852244,1,0,0,0,0,0,0.3494727470215892,0
0.7620911213748054,0.9457826636831265,0,1.3992733513414413,0.10019229600523691,0,1.3137281951933497,0.24910524225374428,1,0,0,0,0,0,0.11265549278343082,0
1.1354072064680363,1.495510593775707,0,1.975200002373141,0.1147986159057167,0,4.1838339662933715,0.3972566040192328,1,0,0,0,0,0,0.10219495501216272,0
0.5597899755401048,0.7059495414126014,0,0.5611504282658089,0.1473636329041838,0,2.3947859452892892,0.2118755476257892,1,0,0,0,0,0,0.11400274109663698,0
1.4952855018869884,2.2190603702494407,0,1.8418399030486365,0.1504967380049615,0,4.497902414736567,0.47966127095407884,1,0,0,0,0,0,0.11643311994077915,0
0.717790518565036,0.9966414545073569,0,0.22953478348270145,0.1476975533493351,0,1.3137281951933497,0.23040318964310935,1,0,0,0,0,0,0.0832213316309035,0
1.4282086821664233,1.8620946448408706,0,1.9178006247345538,0.17131616407245268,0,5.2837798182357165,0.43018872166224026,1,0,0,0,0,0,0.1218087852856301,0
0.4549624435579787,0.6024784598718873,0,0.5368754969216054,0.16549482559455664,0,1.692691561027056,0.3087256800790623,1,0,0,0,0,0,0.05832518471707558,0
1.4901210759333372,2.2157464190456824,0,1.0537168562370174,0.1656244646933132,0,4.1838339662933715,0.44272210882603846,1,0,0,0,0,0,0.1477069375426504,0
0.3927501168876245,0.5002744330240949,0,0.2243034450002241,0.14864858033980455,0,1.048840772780658,0.22235440731165876,1,0,0,0,0,0,0.11425777615175611,0
1.3314752507504852,1.926070390262614,0,2.1612772777283142,0.1717229162191358,0,4.031860439034713,0.4467661425252869,1,0,0,0,0,0,0.06367051477334537,0
0.411039679833202,0.38388234457302706,0,2.1233543767558043,0.12434900572698367,0,2.863855925043523,0.17796805796937606,1,0,0,0,0,0,0.266099184913923,0
1.1797758405026553,1.4651253178697479,0,1.7003429200820563,0.138219030540845,0,5.090524366811003,0.47138617105978164,1,0,0,0,0,0,0.2173055506416669,0
0.6848678018082092,0.8371273194760045,0,0.5563478932574946,0.08442224992210601,0,0.9866851707516744,0.29633488402222924,1,0,0,0,0,0,0.1373399282390429,0
1.5567410174907768,2.1399791054947244,0,2.3006530628917092,0.1216644779878886,0,4.831863008137453,0.4782207689697774,1,0,0,0,0,0,0.13644974556686892,0
0.5794683589970062,0.7134722501302436,0,1.050426617368745,0.24146815405121055,0,2.642174275746693,0.29634895906937103,1,0,0,0,0,0,0.14277910412962425,0
1.0469548977140464,1.5721227562352649,0,1.3620481325362896,0.08480228624088029,0,4.836951803630284,0.3855482502356007,1,0,0,0,0,0,0.13682587983967792,0
0.8698708738241505,1.1298644760406817,0,1.0197705512711341,0.05742126972084492,0,3.594687241806675,0.4383143358461046,1,0,0,0,0,0,0.08603703679184327,0
0.6822759724220583,0.9484191098056236,0,1.4022349436508925,0.08387210833782066,0,3.2334609094962627,0.20691493351986254,1,0,0,0,0,0,0.10182424693012311,0
1.1449890237491742,1.6623014846255566,0,1.5996260565496785,0.14587686114357318,0,4.397389913919778,0.4695247438817455,1,0,0,0,0,0,0.21418999093657543,0
1.1868978023616945,1.541901753785555,0,0.7786270746990284,0.10337854065738586,0,2.642174275746693,0.35641955376999834,1,0,0,0,0,0,0.1431804392376499,0
0.6102198909310481,0.6592637876392602,0,1.1559705950781107,0.15928017132386363,0,3.676739453761069,0.2066378978607414,1,0,0,0,0,0,0.2232668032451084,0
1.0603988505368982,1.4191433723681262,0,1.0140149409677919,0.13765305398039382,0,3.5138610717282983,0.3425930351315368,1,0,0,0,0,0,0.12434890686817847,0
0.8919556570344631,1.2023070379746632,0,2.505061423186538,0.11522560874172408,0,4.639116621389725,0.34820142812040783,1,0,0,0,0,0,0.12869900374356724,0
1.146887890597606,1.739884036208085,0,0.7938517086182126,0.13954339246810576,0,2.9307350543410235,0.37125013773700133,1,0,0,0,0,0,0.10387002066312676,0
1.0757235495021944,1.4496535465831084,0,1.1535417090069304,0.15876191234194684,0,3.690220875465096,0.3601847738264746,1,0,0,0,0,0,0.13800904985144466,0
0.6519198060734381,0.5337664692938822,0,0.86003304873762,0.11986803613932201,0,3.0005258554367256,0.3717282207423557,1,0,0,0,0,0,0.1780985234192971,0
0.9782442560159113,1.227069974533068,0,1.1473903713322768,0.11793239518518106,0,2.670765879349052,0.3250456805017951,1,0,0,0,0,0,0.11285161035098776,0
0.8533900833506433,1.1940420683507917,0,1.3653388317970163,0.16719555638950317,0,4.35736991032111,0.38668730388526495,1,0,0,0,0,0,0.07057520883713217,0
0.9964111908218114,1.4322286644389433,0,1.3279112945243583,0.14075159428718292,0,3.4488777361636886,0.463184844845253,1,0,0,0,0,0,0.08137188605812994,0
31.69641956124261,50.34094567304711,0,16.1817412771808,2.390363230572353,0,47.647337077527766,8.102241101829547,1,0,0,0,0,0,0.5532878261858026,3
1.3897090015958309,1.9101008238994115,0,2.180079577340736,0.10644093187123432,0,3.5593516755958525,0.41665731021484054,1,0,0,0,0,0,0.21633170247965272,0
1.299020096063479,1.9348918834861815,0,1.3091173809711023,0.3079101733849365,0,3.400726426325284,0.2700458306388185,1,0,0,0,0,0,0.23569022063907133,0
1.1790508831998627,1.5474069216324835,0,1.0520758847900664,0.14992200194364047,0,3.3907949312459946,0.22760268657944277,1,0,0,0,0,0,0.1584540415442641,0
1.9300094945085722,3.1127972615590402,0,2.237179759328896,0.14506293507183993,0,3.9664733084918473,0.4021448852013053,1,0,0,0,0,0,0.17681199286710358,0
0.916482200787917,1.2521472739737884,0,1.093337695241166,0.17973037322159757,0,2.7008101436855956,0.4589016188533125,1,0,0,0,0,0,0.13079641330445554,0
0.7441886172913692,0.8020934203545129,0,1.0879324374140482,0.15245292048567108,0,3.9765667819999386,0.4570453064906817,1,0,0,0,0,0,0.21544688933485706,0
1.9798486657566268,2.649950688419997,0,2.110935919991921,0.17813057969125579,0,5.0055414505669065,0.3679784049792264,1,0,0,0,0,0,0.08273427309884815,0
44.531372088703804,67.1113445781199,2,59.47365659855086,5.260585982902579,0,225.50537508798845,18.540088004290787,1,0,0,0,0,0,1.8402715365654925,5
61.615315440613024,88.52932668624942,3,85.1692546700975,7.620358811028058,0,291.20290595457436,22.293817340936428,1,0,0,0,0,0,3.2555111602403257,7
73.4772503212638,117.07904131044279,4,79.91641714099008,12.346767975104694,0,154.33396724475165,33.25284527627207,1,0,0,0,0,0,1.8060123715251182,9
51.848897705303294,79.0792596544712,2,63.16365069110333,6.620550351168007,0,239.6497876394614,18.47833663469875,1,0,0,0,0,0,6.310745655120487,6
49.23806026800203,70.8730357104678,3,71.62024818693439,4.963833761457132,0,257.8050668289336,16.50046484224989,1,0,0,0,0,0,4.987967788024858,5
73.08501035410158,112.02327096227468,5,83.59682731978918,8.630689133586579,0,278.10922656635114,27.64240534030209,1,0,0,0,0,0,3.7766875620789477,8
55.974050527335216,86.87437683499412,3,62.43266516447529,9.480890460692873,0,157.93865463812543,26.562634160081828,1,0,0,0,0,0,2.6020200745114512,6
31.172192844797035,42.94613230502258,2,66.49691726127213,5.234403147840477,0,232.04162280701647,13.06316898461688,1,0,0,0,0,0,5.659512738727178,3
82.14997853209142,127.14736686189991,5,96.12300941136476,9.663158256077352,0,303.7001988676688,30.859894739786796,1,0,0,0,0,0,3.01880766219489,9
58.83429769062802,87.9578325323053,3,66.78089004193879,8.609895951646159,0,218.9822480132234,24.51599928077157,1,0,0,0,0,0,3.5394314436453036,6
39.44443053593302,60.74817876244133,2,43.936380887133794,6.586040143160329,0,157.17608675380777,17.705347816058545,1,0,0,0,0,0,5.442103097968917,4
36.771573136526904,51.27027670406947,3,62.242156473724705,5.968363951221239,0,250.89469639557132,14.738585235412561,1,0,0,0,0,0,4.112437286997653,4
62.28212273096101,90.78364073809873,4,88.01131619419895,7.315233964950594,0,306.452380788411,23.983493821595037,1,0,0,0,0,0,5.596299589057889,7
61.46691450082161,93.0271505174255,6,77.98572410577006,7.4533808893134745,0,260.3809397682678,21.729619646143696,1,0,0,0,0,0,4.629178629537609,7
39.310676440653836,58.64879832941248,2,27.474273100683146,5.7023259969274065,0,61.250515162372565,14.47837967186827,1,0,0,0,0,0,1.3945057157001441,4
1.1534632450503886,1.472918909787991,0,1.5528019803741933,0.16580287862379084,0,3.0150436980062594,0.44508852132441423,1,0,0,0,0,0,0.25922477425856877,0
1.043900638302624,1.4737342429778635,0,1.6352602900075797,0.12464231626115554,0,4.825269073495574,0.3682053818786979,1,0,0,0,0,0,0.07223532728725095,0
0.7028069322812546,0.920036453594469,0,0.8113093732821394,0.10633014823255549,0,3.652827157608891,0.35608907099612164,1,0,0,0,0,0,0.17540684054823313,0
0.8192099694496573,1.0163498123880113,0,1.334647664338355,0.23649137216006083,0,2.7222722448338112,0.430958721721054,1,0,0,0,0,0,0.1605311149201029,0
0.8515632745498927,1.1047218289206173,0,1.5833575642324047,0.12038003740341968,0,4.713484828752066,0.3678599235865448,1,0,0,0,0,0,0.07531008009103303,0
1.2888486044293126,1.4111844366350397,0,2.005929110811057,0.24368567039880132,0,5.072910482108556,0.444149082970386,1,0,0,0,0,0,0.232647168109202,0
1.7876460399504728,2.376341790108802,0,1.0905476696378096,0.12044354167499681,0,4.300558661889473,0.41681130085021106,1,0,0,0,0,0,0.10382619398236409,0
1.2491880018684405,1.589597223474344,0,1.328968943407283,0.18347477731419476,0,2.8167591004381793,0.6684527082651658,1,0,0,0,0,0,0.11548750496062789,0
0.9108532340507974,1.2036918199390816,0,1.5516065045929117,0.14541026176748684,0,3.8042150885790065,0.41681130085021106,1,0,0,0,0,0,0.13454712823384912,0
0.9149113886645379,1.1637886833766173,0,1.3009968679938002,0.04583384485139738,0,5.411484387448423,0.34993385132398813,1,0,0,0,0,0,0.16433721069717344,0
0.5773747672491139,0.7034863254165823,0,1.3720667947068854,0.11947663461916833,0,3.1412801474020196,0.3374331674195276,1,0,0,0,0,0,0.25775032856631164,0
0.8298223386086648,1.06312631376009,0,1.071936440128906,0.12263498521914337,0,2.6349546943161863,0.26662022132860486,1,0,0,0,0,0,0.06248320191392388,0
0.8532180062042823,1.2320509091124738,0,1.343999742418136,0.21076705022996312,0,4.3860043738174275,0.4974719816046881,1,0,0,0,0,0,0.16557137057685928,0
1.0005766458568368,1.4100210991985325,0,1.5046732096302557,0.16932997683191142,0,2.7028564641721866,0.40927912603887284,1,0,0,0,0,0,0.06210113639286939,0
1.0581619867747094,1.4468867618081267,0,1.6058600758256603,0.14840847213660588,0,4.437477094401836,0.32925101749009744,1,0,0,0,0,0,0.20095950333805818,0
0.7290249734829142,0.8392809111084478,0,1.0502667816821951,0.11559563679348686,0,2.6811887550666693,0.31070348799737346,1,0,0,0,0,0,0.06953920898602221,0
0.9445897013630549,1.3633024400716318,0,1.5390154635128956,0.11956754041399568,0,3.211168481634062,0.4611941405295502,1,0,0,0,0,0,0.08847481228345422,0
1.1578874313390175,1.6514277904639096,0,1.5582598557419773,0.1795268655086843,0,3.8499995629422057,0.4016746910173887,1,0,0,0,0,0,0.17101944834714375,0
0.9132199019341225,1.275313696840956,0,2.7745680177761454,0.176051397007161,0,3.9298579698429363,0.43646086162152703,1,0,0,0,0,0,0.10791880495259605,0
0.7341446941804346,0.8358514473728815,0,1.1640615383036095,0.11361783159900266,0,3.990282912802278,0.3709834765954819,1,0,0,0,0,0,0.29784724165235354,0
0.7628217065074997,1.037375459563411,0,1.063789660006359,0.11720094402569854,0,4.245985400308395,0.3148672045770827,1,0,0,0,0,0,0.1413301883390601,0
0.794557944008554,1.1088008462272554,0,0.5740420033617335,0.11951942163928386,0,3.323536619744517,0.36644748027349666,1,0,0,0,0,0,0.1334352408409575,0
0.880769572208691,1.2933007899229831,0,1.4676446343621063,0.1787058609908742,0,3.460453943869194,0.39654081334298386,1,0,0,0,0,0,0.07917758099849133,0
0.9004473087689544,1.2337753338804294,0,1.0426530301798822,0.17114960034490906,0,4.6919947822593,0.3818083235418666,1,0,0,0,0,0,0.1322700455704509,0
1.3192453799636494,2.0125602811067687,0,1.5967737219665485,0.11777231418655934,0,3.1276735469798016,0.17637624494557524,1,0,0,0,0,0,0.12382535542741598,0
2.9316582793828974,4.49794253692148,0,1.5517963752073296,0.23785319478814354,0,4.818137960957928,0.2865871055155767,1,0,0,0,0,0,0.33669061760352115,0
1.8094139598113261,2.602966754882652,0,0.8108354714610995,0.12153321821310127,0,4.419110550150629,0.3864890031825452,1,0,0,0,0,0,0.36030840366328276,0
0.8434966168931842,1.1678584740228384,0,0.7908583860743907,0.1223741614458646,0,3.9767972284028232,0.3822529556198915,1,0,0,0,0,0,0.12077530495424416,0
0.8712489747124832,1.011771420620745,0,0.9799847845220935,0.08595901058079891,0,2.985131948865104,0.46332994201260636,1,0,0,0,0,0,0.2075136910362339,0
1.1934291352416804,1.7333498246708858,0,1.094125527009101,0.17852343676101778,0,4.2560968791406415,0.5355652178044645,1,0,0,0,0,0,0.1585517043184778,0
0.9177151207572242,1.234214303585815,0,1.6696181800979952,0.11945406711324169,0,3.929935748201986,0.4058349248316224,1,0,0,0,0,0,0.15002769538299618,0
1.0498528140927037,1.325254685277233,0,1.1052553839127712,0.12438940550805781,0,4.196517308055424,0.3993912652648411,1,0,0,0,0,0,0.1555071327768628,0
0.8777044272311135,1.292225206273376,0,1.105013826455382,0.06207871054470965,0,3.741321685000385,0.345070799753215,1,0,0,0,0,0,0.11739533882871359,0
0.8568274992915698,1.0348926342935703,0,1.1048009626107866,0.10399070754096511,0,3.8125509775584967,0.3827829921435497,1,0,0,0,0,0,0.09551456720844038,0
1.005582380069093,1.370571118012075,0,1.12578991332893,0.10485985104182528,0,4.218559360272413,0.5323793631574434,1,0,0,0,0,0,0.06446683636395181,0
0.8743141299384004,1.1903560813150154,0,1.399265144834185,0.14759419158920217,0,3.832734319689035,0.40583492483162237,1,0,0,0,0,0,0.3296510224737206,0
1.0861916034657035,1.475607969552161,0,1.167536292241187,0.14777429383940305,0,4.369025468351127,0.3771440288023926,1,0,0,0,0,0,0.3271462972309562,0
0.92270038488111,1.0772773272958087,0,1.523360229339537,0.15196041884898825,0,4.292940732716075,0.3745500678237746,1,0,0,0,0,0,0.12748352917645078,0
1.3610328442850728,1.8905058245798112,0,0.8107484228392545,0.14636407626758177,0,4.496880411003502,0.3077518202330678,1,0,0,0,0,0,0.13301162144216386,0
0.8546549588009691,1.1806573183855253,0,1.1352428149654066,0.14744797582003155,0,5.107111918995976,0.3978056036026316,1,0,0,0,0,0,0.18075852373713053,0
0.965933724353021,1.3879161312277646,0,0.7844067315713296,0.16550533042434123,0,3.463383407035356,0.2571536610183043,1,0,0,0,0,0,0.09881136326248055,0
0.9589873719734215,1.2246030243837007,0,1.1499874900780664,0.20328142709932046,0,2.856856139532826,0.48464691980045305,1,0,0,0,0,0,0.19306125237952337,0
0.9955481450754584,1.1657757670035365,0,1.376108803791431,0.11445802837395327,0,4.5224227958779695,0.39305797354826066,1,0,0,0,0,0,0.09784775692601576,0
1.1571309478809153,1.526915813495604,0,1.0431562760496498,0.17877319463633912,0,3.610740395280697,0.3688762333985613,1,0,0,0,0,0,0.13872929650562987,0
1.0392529675687874,1.278539618168358,0,1.3724685621958717,0.14518094196327835,0,5.435183087958923,0.3982664582682637,1,0,0,0,0,0,0.02896026673409806,0
1.369728342591692,1.711888860555304,0,1.1274745401613921,0.14568406962928693,0,4.787947748775599,0.40583492483162237,1,0,0,0,0,0,0.299546996021152,0
1.2449157139538098,1.8112239963562726,0,0.9507180883900754,0.16509661418332217,0,5.093823110001748,0.40583492483162237,1,0,0,0,0,0,0.16643264649109757,0
0.8133558599335144,0.9140494341093358,0,1.0493056235762377,0.16561035077550268,0,3.325236285505624,0.45241290751321633,1,0,0,0,0,0,0.3161230994709885,0
0.791629423151815,0.9828091601547136,0,1.6461860096317569,0.10567859780775782,0,3.4534976867409064,0.3922242113565333,1,0,0,0,0,0,0.14177052990692146,0
0.755995057691626,0.9588636491785855,0,1.3978476650716751,0.12536143891826346,0,2.7478162827815678,0.4270176758408012,1,0,0,0,0,0,0.10347037505385825,0
0.8756456602662888,1.2907887741819792,0,0.5121008277788935,0.16209362743129485,0,4.787659752523078,0.4517939400620436,1,0,0,0,0,0,0.16188363417077267,0
0.8294041566528917,1.0996814087095261,0,1.5917461267784376,0.12230293095215071,0,4.123625911795357,0.4766856826139276,1,0,0,0,0,0,0.2859690186564513,0
0.719103561527962,0.9867805258933482,0,1.0955725980121607,0.11490319504708237,0,4.26581784265851,0.29641420230024773,1,0,0,0,0,0,0.09519871144593031,0
0.6635398797861161,0.8828392078473266,0,1.0898324719542192,0.1174513464270375,0,5.372266053652826,0.3002721181138135,1,0,0,0,0,0,0.030713106632595563,0
0.8247766345499598,1.0506899217327674,0,1.5385066179676836,0.17558733376388008,0,4.218559360272412,0.36094646878832515,1,0,0,0,0,0,0.06539225154464179,0
0.7797913002627014,1.060174116616181,0,1.1407261080279942,0.16573252495168794,0,3.8826201993434486,0.6110401829887693,1,0,0,0,0,0,0.20053519176016496,0
0.9379702591982486,1.2998643262071667,0,1.376852724714258,0.053812205252101356,0,5.144988970745439,0.31991508406841324,1,0,0,0,0,0,0.10711726147836849,0
0.6565618517168343,0.9007759959431803,0,0.9780832828940764,0.11580897043029034,0,4.389571506073817,0.1807993992627157,1,0,0,0,0,0,0.06542447276298963,0
1.6766381484254103,1.5086926946646708,0,3.7315351172810955,0.23271094016816862,0,2.3970538257407186,0.4537146038593372,1,0,0,0,0,0,0.14289992541851426,0
0.9097677686875945,1.0764182306398289,0,1.6262174248946697,0.12184229027152021,0,4.299339085651537,0.3762499910508219,1,0,0,0,0,0,0.17939545763167805,0
1.1185303217250082,1.198083374731954,0,1.1146751511990012,0.12009350951024937,0,3.2460814334869568,0.21658051045790905,1,0,0,0,0,0,0.713202990289905,0
0.736764834816822,1.0252063458041452,0,1.1405784001093706,0.12082279112412336,0,3.7793659429667263,0.24701371125163263,1,0,0,0,0,0,0.17736255671752363,0
0.9303646209131993,1.0815388607818879,0,1.3858515130160103,0.12136085851959855,0,3.9122292965481127,0.3095963747012217,1,0,0,0,0,0,0.2717965373991269,0
1.0246679901029345,1.3962840822520206,0,1.3639029485341856,0.18346757615466056,0,3.4548383106596954,0.2972427578207969,1,0,0,0,0,0,0.28912005179518024,0
0.8731596167796545,1.2405702869191044,0,1.3833269137126625,0.17702346636534305,0,4.468572714054162,0.31809770882922184,1,0,0,0,0,0,0.10441239096306963,0
0.824347154232568,1.2178112524240459,0,1.5389152463756341,0.12256868641862174,0,4.575468036106661,0.27847598615842495,1,0,0,0,0,0,0.10799983609505914,0
0.8053878342536773,1.0796567717554513,0,1.0853761609347332,0.18040806657666994,0,2.3549527851063976,0.27701685548243254,1,0,0,0,0,0,0.2830014822127488,0
0.9432199893754064,1.2037019606049497,0,1.388237818838235,0.21061134194747722,0,3.1645727627319538,0.2813375357159631,1,0,0,0,0,0,0.3212453744346495,0
0.7422416491768817,0.9599508345181718,0,1.6720465057199065,0.1829801423895008,0,3.7778626458503406,0.3957206627796691,1,0,0,0,0,0,0.10274493821608513,0
1.0516246254234245,1.2723013365620155,0,1.0897347743971844,0.08499216608672153,0,4.109133978130137,0.3315589981530852,1,0,0,0,0,0,0.3355357661098153,0
0.9307498213926859,1.2023821788310756,0,1.108810501797676,0.16710756730040482,0,4.417766606882824,0.3101658589311982,1,0,0,0,0,0,0.20028879188040052,0
1.177938628849296,1.7141407836825246,0,1.1227547881585518,0.11850345400162511,0,5.118320295186832,0.4415266166124539,1,0,0,0,0,0,0.12896054904552218,0
0.8822546967199714,1.0313667187979012,0,1.0860087896274973,0.1235986486067717,0,3.4846109371851752,0.33901114157982537,1,0,0,0,0,0,0.13968937860303463,0
0.9953760936695825,1.2699719828727636,0,1.0829276704207678,0.18357140293043306,0,3.9575272388659446,0.2502045889333908,1,0,0,0,0,0,0.2037541148890933,0
0.8219519430987261,1.0162358823611684,0,1.1219212521591753,0.14793634084877727,0,3.351271690617982,0.3918570160870759,1,0,0,0,0,0,0.22733312977727702,0
1.0349464979274134,1.3328842377637005,0,1.1290509443212022,0.18124554689754496,0,4.4153265734751965,0.31915015567770355,1,0,0,0,0,0,0.2988539579115406,0
0.8718326101639147,1.2685445856054836,0,1.0807261783457647,0.08555746640144565,0,3.7787012600984795,0.3779152396159334,1,0,0,0,0,0,0.03983720186888321,0
0.9116156646576479,1.2189835609434163,0,0.5306607581386307,0.14313632896669928,0,4.758064113315825,0.374894291111758,1,0,0,0,0,0,0.27155092348830107,0
1.0292074496971488,1.3666311138803864,0,1.1122623899481257,0.16958711945555288,0,4.802688770322831,0.3587255463367149,1,0,0,0,0,0,0.44872977591573926,0
1.1655259007945813,1.2177471207830934,0,1.5305952859362373,0.14485236279348812,0,4.290795542522817,0.2999751397330396,1,0,0,0,0,0,0.24687578676376906,0
1.107237783355392,1.4082997056676854,0,1.6250425944654223,0.16478128048329221,0,5.055054052854174,0.36017350146719496,1,0,0,0,0,0,0.13026536281632128,0
0.8396007781160374,1.0871303562456631,0,1.6764225923232643,0.15005298371155315,0,4.764864087985245,0.260694422411727,1,0,0,0,0,0,0.1740016260822118,0
0.7623622057889953,1.0062276511993138,0,0.4196769611628361,0.182224116248719,0,4.503438978257959,0.3473737501829802,1,0,0,0,0,0,0.13916341195229753,0
0.9581305359639516,1.1191735368840354,0,0.9733771681159238,0.16770684865523294,0,3.6544995675507956,0.3766572789018559,1,0,0,0,0,0,0.27649080469910675,0
1.0819229476010919,1.514422365424855,0,1.3665507559107513,0.20710857898037283,0,4.640426498584796,0.36826062694098066,1,0,0,0,0,0,0.2634341848007602,0
1.0177363156919244,1.3373596164985389,0,1.0782999250251821,0.16202709922331532,0,4.969048878596685,0.3652446989096656,1,0,0,0,0,0,0.1406340002904519,0
1.0369455784428843,1.3065483011823802,0,1.6366340382805067,0.17093549141851405,0,4.538185587750705,0.42521968408153554,1,0,0,0,0,0,0.1251994099698842,0
0.8458694379659786,1.2218073595157406,0,1.0698855703001753,0.16679023439331125,0,4.269178780328633,0.2992597623794144,1,0,0,0,0,0,0.03446263179108468,0
0.7189757047985295,1.090290927157238,0,0.5206001036637324,0.18042320969952136,0,4.808478773986734,0.27682131314402286,1,0,0,0,0,0,0.03909851143536807,0
0.7035995706989748,0.9025916164423369,0,0.8001254384627461,0.167062525601171,0,4.130150059212608,0.35275965968472917,1,0,0,0,0,0,0.14364196980901026,0
0.7774089607760517,1.0348621688909263,0,1.5362081015588864,0.12194778797675003,0,5.792373252426962,0.3473737501829802,1,0,0,0,0,0,0.31225498169468024,0
1.0310078506230085,1.360752126429225,0,0.8023988606016006,0.1639177296313138,0,2.553898805428652,0.33450900519257787,1,0,0,0,0,0,0.2941900158124701,0
0.8871816077460715,1.1972430380098522,0,1.6576542559870773,0.11895670552778928,0,5.46769809381224,0.26346206006065953,1,0,0,0,0,0,0.14039449821128763,0
1.0931314216760217,1.6573074966754555,0,0.9641707888590708,0.1697093424927806,0,4.389571506073817,0.40683341108073906,1,0,0,0,0,0,0.06892938257251457,0
0.9697571912291325,1.2195281557413746,0,1.674928108054115,0.12064425090170447,0,4.894659772231908,0.30332128216762216,1,0,0,0,0,0,0.14748795395197137,0
0.8745432237980556,1.0499567602962705,0,1.542408896824206,0.055933302390449705,0,3.649124897386971,0.26346206006065953,1,0,0,0,0,0,0.3425164101385485,0
1.3659420549537244,1.5433492292058322,0,1.3647098226505536,0.2255534128779682,0,5.2068878209500875,0.3475461485901693,1,0,0,0,0,0,0.26587440923428096,0
0.9758302322931021,1.2510381134623516,0,1.6730411962761587,0.17261409327879806,0,3.472469943665171,0.26346206006065953,1,0,0,0,0,0,0.18134970348644627,0
1.4847575994861688,2.2127878499954963,0,1.5308903854346556,0.17930842495446714,0,4.267112952039344,0.3825503017434586,1,0,0,0,0,0,0.13405792505479616,0
0.7626088697436985,0.9641974779638163,0,1.3571637350963337,0.1237203989553983,0,5.493641828171297,0.46729228528330136,1,0,0,0,0,0,0.19420410797991705,0
1.3948285904749473,2.1031063434642974,0,1.111718233566413,0.11640690708014054,0,4.106875856822967,0.5272516505290867,1,0,0,0,0,0,0.3626309961113303,0
1.0107463253626625,1.4013671014004088,0,1.9131857153313567,0.1432540492596504,0,4.023005911870126,0.40922037872952616,1,0,0,0,0,0,0.16274190411503026,0
0.965510616541531,1.0877620906450605,0,1.0679584111777207,0.16573072882577805,0,3.120175547234288,0.4274834792936249,1,0,0,0,0,0,0.3039727781057838,0
0.7529749160498723,0.8146444794698924,0,1.6357855325458908,0.1138471807456044,0,3.375586944461101,0.4575201217058827,1,0,0,0,0,0,0.14793166810405478,0
0.9416696019626878,1.2870616251552611,0,1.5190881473857223,0.18082286520148994,0,3.672672659112723,0.517423772786423,1,0,0,0,0,0,0.2212917929309887,0
0.9000142615819967,1.1219331000106862,0,1.5347944559124644,0.1498074096234519,0,3.8118021422618327,0.6422558735467581,1,0,0,0,0,0,0.39226815369743023,0
0.8146148109668271,1.0745842284641594,0,1.9156270912879811,0.17692997708357378,0,4.982123135920025,0.3124423642005609,1,0,0,0,0,0,0.2384381810879776,0
0.7672307197947718,1.008737912854887,0,0.9652512028392539,0.19836500676300298,0,4.090964848007405,0.18448803645318038,1,0,0,0,0,0,0.2743012105260273,0
0.8204090690866007,1.077051892706184,0,1.6110955423804267,0.10373835376230373,0,4.083830783175793,0.29219144881564274,1,0,0,0,0,0,0.11875689347416052,0
0.8884504403549731,1.1246311658158208,0,1.0571520728287775,0.20093084251330395,0,2.6506319172316544,0.2620374574003227,1,0,0,0,0,0,0.09165349972520015,0
0.8811937494367498,1.133842319608579,0,1.6001242316954898,0.11912058437702414,0,6.19692914444081,0.27077570091846415,1,0,0,0,0,0,0.12009276083353607,0
1.2649477579064037,1.7432490940493062,0,2.234582735440648,0.14618279550654167,0,4.441209324150542,0.486871111831503,1,0,0,0,0,0,0.2634659592548131,0
0.7818612300613136,0.9908077370864212,0,2.1541023707859717,0.20368958667787482,0,2.883691163671761,0.3634539713952408,1,0,0,0,0,0,0.15192764896776684,0
0.5673712941332453,0.6967800644830371,0,0.41385794198212983,0.11859757153981848,0,4.3528527219548065,0.357512059202731,1,0,0,0,0,0,0.16924007193613577,0
1.058168197825987,1.5187468341290467,0,0.5145000232862694,0.14733522377245956,0,2.9648549516801497,0.4472597120170191,1,0,0,0,0,0,0.07953918585369384,0
1.1116955181749935,1.565471137289795,0,1.0501239873139987,0.14783490247990394,0,3.2662792173474533,0.3544348430567624,1,0,0,0,0,0,0.306645341523225,0
0.832606724421348,0.995628943184488,0,1.5770449390963153,0.16522919978562134,0,2.4182114253235607,0.5615743214172579,1,0,0,0,0,0,0.13573901767566074,0
0.8683314562736157,1.0626713068238252,0,1.8515859601787885,0.16458764729683267,0,3.2630041246385724,0.3405802307892378,1,0,0,0,0,0,0.4497919079911512,0
1.1016561863745027,1.6245771018290682,0,0.7572315173162504,0.10231682910531008,0,3.0926377938586302,0.406474103334884,1,0,0,0,0,0,0.26790613742813607,0
0.9475889334754019,1.225766864307348,0,0.942187697351631,0.16322102577174671,0,5.7949128100344325,0.38706872953434834,1,0,0,0,0,0,0.18545692898304528,0
0.8059715949319906,1.0743947441774964,0,1.2893387342027003,0.16314782094419553,0,2.446566968585121,0.38363015576480886,1,0,0,0,0,0,0.3746973464268538,0
0.8876924614872165,1.2825503999855712,0,0.4059207163657754,0.1789521779250376,0,4.120900925070462,0.2966791476427292,1,0,0,0,0,0,0.10280441243074244,0
0.9920131645215416,1.4270841455014354,0,0.559609667291755,0.16388663368951445,0,2.3817523119488246,0.4144317951575923,1,0,0,0,0,0,0.28539959316092195,0
0.879266565854904,0.9970519817533527,0,1.8954249260608529,0.16660624146479258,0,3.9821913233474815,0.3669903095636604,1,0,0,0,0,0,0.40986632480170176,0
0.8778309293827595,1.1224648493601137,0,0.5085329572563823,0.11468665897899696,0,6.062113506446861,0.5306064353142127,1,0,0,0,0,0,0.18717257566015347,0
1.137596132242149,1.5479595526691323,0,1.3166634256218261,0.14355648135748664,0,5.638220362226325,0.32938780663873996,1,0,0,0,0,0,0.19584609586797064,0
0.969070328771092,1.3340172093943568,0,1.3342594441141404,0.16299243724514578,0,5.469844138988382,0.3979153636707027,1,0,0,0,0,0,0.19367640742317585,0
0.6878164758446109,0.6927584125107805,0,0.9434005928453965,0.11922828015222815,0,4.8607024823400575,0.35993753652993493,1,0,0,0,0,0,0.25986262947751565,0
0.5469619071581806,0.585849183229573,0,1.0472452328918893,0.0542746342114035,0,2.8603669677150467,0.20259738945103845,1,0,0,0,0,0,0.18029569052156147,0
0.8868521647199602,1.145333172282308,0,0.5058380996213712,0.17247177282791487,0,5.170811472975321,0.33831185414011616,1,0,0,0,0,0,0.2884952518404866,0
0.8337079250716324,1.0840104337376413,0,1.6380675178775463,0.1148137924374546,0,3.536680901319893,0.2738205895569362,1,0,0,0,0,0,0.066328774547269,0
0.9573284186311144,1.4287338959899427,0,1.52040505540192,0.20794551229138517,0,4.69186786616121,0.5376125421590955,1,0,0,0,0,0,0.14183004395158727,0
0.8894730347521255,1.0952416239834664,0,2.4029003462624337,0.1604922697091256,0,6.325673224916862,0.3404504901910144,1,0,0,0,0,0,0.3889119396603576,0
0.9068892464204017,1.2000709131475624,0,1.5149604701542225,0.14390318689362047,0,4.96771922877991,0.3639982578027836,1,0,0,0,0,0,0.17356176725658273,0
0.8445981408442953,1.151119667632057,0,2.1780445184428667,0.11498478530224446,0,4.016144097512394,0.3862315404236644,1,0,0,0,0,0,0.15758721454543456,0
0.9661911841055909,1.235583147989933,0,0.5357007160207775,0.11712155943360832,0,2.8697997559879793,0.30658697927076206,1,0,0,0,0,0,0.16234576473673346,0
0.8083765555763426,1.017489111068341,0,1.4914573196228949,0.17319217071720253,0,4.463144173497487,0.3303788622615289,1,0,0,0,0,0,0.23153818662349013,0
1.150591512081284,1.3719611104708613,0,1.557918851736849,0.14648161883298305,0,4.599521137868714,0.37944557047835464,1,0,0,0,0,0,0.43769953909020914,0
1.308244884363725,1.9763814627802294,0,1.3290206470417099,0.11434166732812519,0,5.186333860875038,0.3101929035479306,1,0,0,0,0,0,0.16899849104305653,0
1.0368978894040615,1.4032924499967883,0,1.6448440999023275,0.17794506955922434,0,4.601194203884838,0.40842382882618056,1,0,0,0,0,0,0.1473422762910085,0
0.9651402394670279,1.1450114200195676,0,0.5503586283599319,0.12177483155821914,0,3.7134388718706486,0.31343000022374484,1,0,0,0,0,0,0.25093587436358045,0
0.7673816076209159,1.1103643509565841,0,1.6110348513721733,0.16650793939465958,0,2.5286019173423253,0.3640329438694502,1,0,0,0,0,0,0.16598406292496937,0
0.9663431036358763,1.3946910431208541,0,1.054307788665947,0.17522828910962474,0,4.884596281964044,0.2738205895569362,1,0,0,0,0,0,0.22190910629552907,0
1.1757420577969777,1.5291174115660227,0,0.49008020489922466,0.2407395763107796,0,3.541517897374712,0.49702361181149274,1,0,0,0,0,0,0.32255439696071697,0
1.3677341343282046,2.1013409072469056,0,2.1021774080619897,0.11724159388248154,0,4.781066804487313,0.28255764249439935,1,0,0,0,0,0,0.20434591152728895,0
1.425221671674797,2.046140240344524,0,1.5910915799987242,0.16589343926293754,0,5.1469285638588715,0.4382578664699446,1,0,0,0,0,0,0.31942252025962614,0
0.8213326611621148,1.192570101396708,0,0.9218338403600859,0.10352852217636692,0,5.029038196761352,0.3771147191591231,1,0,0,0,0,0,0.08393125044829883,0
0.9807483382818531,1.2585914470675168,0,1.5726845222681671,0.29336155023980326,0,4.710104123768396,0.36345397139524077,1,0,0,0,0,0,0.38216890018397864,0
0.6875765363873699,0.7279761508135845,0,1.959726762882352,0.10540282774930215,0,5.432152166068595,0.2881081847242886,1,0,0,0,0,0,0.2852531243639577,0
1.0557826138843034,1.308167903241462,0,1.508566965615603,0.2649985013401421,0,5.117703190446817,0.3485543154781421,1,0,0,0,0,0,0.628074709332356,0
0.8578494343802409,1.2428066991300784,0,1.4544042037150047,0.059617350500754514,0,3.9742575569253495,0.30989152250377766,1,0,0,0,0,0,0.22913192111478628,0
0.9604551993554601,1.3106201199765608,0,0.39821242936547036,0.1439545456929499,0,2.9329544130704486,0.39000963884200857,1,0,0,0,0,0,0.041675539604901224,0
1.1008200402844435,1.5527460836425382,0,1.016215271375879,0.12058421206952327,0,6.306339388623972,0.40156170016796267,1,0,0,0,0,0,0.09986285516445209,0
0.8515521412529387,1.2314667289779921,0,0.48710131082437286,0.11846150840965923,0,4.1618413333890505,0.3563195013696929,1,0,0,0,0,0,0.14687745849779027,0
0.9942002550347295,1.3658726534449217,0,1.086502111288897,0.1169902797039301,0,4.000221065564685,0.24908528782505213,1,0,0,0,0,0,0.19646099419913265,0
0.7600782744094257,1.1147799215085112,0,1.0413295799279216,0.17605863285633222,0,3.1719468065711323,0.291592703492523,1,0,0,0,0,0,0.18974664393717156,0
1.1893739597930573,1.548688288753867,0,1.0056381850035638,0.08412030202447604,0,5.194702068478801,0.2881081847242886,1,0,0,0,0,0,0.2571241570626428,0
0.9966774412177388,1.317377752725632,0,1.3596499679429304,0.08408111719789566,0,4.119453423566929,0.33187726426607267,1,0,0,0,0,0,0.24007324078177517,0
0.7839288865139116,1.1247724960256558,0,1.0418450569699629,0.14364356033098669,0,4.320258137714622,0.44354397286721514,1,0,0,0,0,0,0.15912803907528128,0
0.8581812151427328,1.1025078271256417,0,0.9097953178262492,0.14360873403804147,0,5.846442034611112,0.2952038354209371,1,0,0,0,0,0,0.21674086104271462,0
0.9768837107577095,1.2691723905345702,0,1.2573546947111702,0.26192827179086303,0,5.1114810521352565,0.4058242220479118,1,0,0,0,0,0,0.411724223975517,0
1.083729715553335,1.4674876283455722,0,0.905152563353808,0.12058421206952324,0,3.9039340286533957,0.40156170016796267,1,0,0,0,0,0,0.3644569412790051,0
0.8607446947845317,1.1512000897454568,0,1.0538696415106303,0.14360873403804147,0,2.830804963268268,0.2952038354209371,1,0,0,0,0,0,0.34031205962653,0
0.8127076422953567,1.1330352745424954,0,1.2861503342434788,0.1436019529254962,0,4.529516232111231,0.44623231224328874,1,0,0,0,0,0,0.231169366624159,0
0.9252068533703941,1.1352766916363122,0,1.8645258522963923,0.1608757416255595,0,3.5976846011973063,0.291592703492523,1,0,0,0,0,0,0.4507127695890198,0
1.2918328182002807,1.665616312814333,0,0.7351682629102712,0.14457409456785944,0,3.7561197246179585,0.39378718983328165,1,0,0,0,0,0,0.46098825548857464,0
0.8853774019750611,0.7211555099925165,0,1.7966290004495873,0.11973770083526558,0,3.9106965460530945,0.29189167457302945,1,0,0,0,0,0,0.6585032763967853,0
1.8237555470731364,2.154964782458655,0,0.7026843876808384,0.1453612305692687,0,2.556509009344616,0.4080114600141477,1,0,0,0,0,0,0.45978454934960106,0
1.2020013682886672,1.256510491116008,0,0.8568220485877174,0.16160466727520384,0,4.222255486537775,0.3860059362817116,1,0,0,0,0,0,0.5250078280700452,0
0.9124328083639,1.1407189460937142,0,1.445376205589263,0.1750286360307162,0,6.181557184908799,0.37629416981435226,1,0,0,0,0,0,0.5109524057760537,0
0.8392904962190749,1.1307892065452396,0,0.9777489562211009,0.16243642876209174,0,3.6151988170892744,0.2823976271411862,1,0,0,0,0,0,0.30809007096130714,0
0.900280395301776,1.1076220099587455,0,0.9874021250410265,0.11508727932892239,0,3.721169728554136,0.3893017221450932,1,0,0,0,0,0,0.49732673665149274,0
0.9223179243352713,1.3900631385837485,0,0.8724699239412564,0.11467817071951293,0,3.811117247090403,0.3383588221890235,1,0,0,0,0,0,0.1265985835939893,0
1.0310536759543574,1.3561588736096504,0,1.2007741331553845,0.1743349078380107,0,2.8737171973946376,0.4904791853056979,1,0,0,0,0,0,0.4757247241228554,0
1.0944096247071942,1.4126340995997655,0,1.5240751685031377,0.15963320029160122,0,3.8747012065425586,0.30109763405888457,1,0,0,0,0,0,0.36917395252239366,0
0.9928560869457519,1.1891205155174538,0,1.1816398082626376,0.20421578476156882,0,3.4072851189566356,0.42506391156326295,1,0,0,0,0,0,0.49841583078629786,0
1.0402198503832278,1.2829963333534278,0,1.486437810493851,0.1770062755515461,0,4.0392049876357,0.4740697496642066,1,0,0,0,0,0,0.5738720030949018,0
0.9829642203649178,1.3844978695882937,0,1.2551725240094698,0.16259881367013185,0,2.720284282492777,0.4916739301474062,1,0,0,0,0,0,0.19815975743525566,0
0.7902676759157714,0.8502525573894296,0,1.3191744073219227,0.1739328625263054,0,4.60423429833281,0.3369010504613139,1,0,0,0,0,0,0.8096906506244832,0
1.2349554102152431,1.5736788733295735,0,1.2397224281972399,0.16380242119374205,0,4.582986767686225,0.4251971662213675,1,0,0,0,0,0,0.3101125445207576,0
0.8413204939796107,1.220429393183442,0,1.7800749436670913,0.1785634270391207,0,4.023739511453243,0.38930172214509323,1,0,0,0,0,0,0.21823143329736214,0
0.9263729424754776,1.2571172653718696,0,1.2318589446937105,0.20266989804185476,0,3.2471742305538145,0.5441244783879788,1,0,0,0,0,0,0.30394885572475716,0
0.9373540001747585,1.2677442623642121,0,1.4773664136065585,0.1424018966481894,0,3.6075048357197734,0.31475651547333827,1,0,0,0,0,0,0.31762480446308605,0
1.1162965180756408,1.1483042604446323,0,1.1709771012697967,0.10480685714450083,0,3.86410076805062,0.2950646916163364,1,0,0,0,0,0,0.7436032563359259,0
0.649360898319749,0.6338697184554558,0,0.9781091138705162,0.1634879668021107,0,3.808206038793286,0.33514993557804434,1,0,0,0,0,0,0.4438440872686484,0
0.9452466655462648,1.3414155575088182,0,1.273324553082908,0.18060527518015182,0,3.7541402368478005,0.46616773694885516,1,0,0,0,0,0,0.28372678846161836,0
0.9296828439480886,1.2034941504970285,0,1.5770140835797135,0.05450986987838294,0,4.187080114307599,0.20153510086954346,1,0,0,0,0,0,0.1701646058145485,0
0.8993264095679538,1.109998557385198,0,0.9916936226975172,0.0584470283824296,0,3.6444346498114655,0.11880820415746285,1,0,0,0,0,0,0.43849992235434754,0
1.0179506259524085,1.3695734035755258,0,1.0419858378598736,0.11829671491290002,0,4.48603449298083,0.4040660998455844,1,0,0,0,0,0,0.3918996929813824,0
1.1322140223680137,1.5759891246061104,0,0.981125809556869,0.20252581114414075,0,3.6324649103029123,0.3860059362817116,1,0,0,0,0,0,0.31915168217928297,0
1.0236502600574409,1.3044743135031318,0,1.5268639338912604,0.16131571332871167,0,3.7319601106178864,0.3812676867679812,1,0,0,0,0,0,0.4495614583670526,0
0.9719017939300942,1.0399440846780421,0,0.9755306185089552,0.11911985475153403,0,3.9145698298408362,0.27135451766438795,1,0,0,0,0,0,0.6424902113759335,0
1.1364048216629625,1.5356686609753396,0,1.2350143578750774,0.11416632934407919,0,4.981145343714767,0.22706753482180736,1,0,0,0,0,0,0.45895754450100157,0
0.8479094724916588,1.1303428240482012,0,0.897273997789503,0.11911236314073964,0,3.588304351134912,0.33154163541460857,1,0,0,0,0,0,0.35990656881009364,0
0.9008879548718,1.0872723629147854,0,1.5109178561510999,0.11910189010846278,0,5.272552918101422,0.36302658083018047,1,0,0,0,0,0,0.30694308133962644,0
0.9298962262953727,1.4163286990338986,0,1.0412686963786304,0.23564528328523277,0,3.0486508548120987,0.4467173833184296,1,0,0,0,0,0,0.07606455784429322,0
0.8403672120864661,0.903722266919684,0,0.46708038326220225,0.11473334500747011,0,4.576085701524892,0.2496406800728481,1,0,0,0,0,0,0.34819825848776764,0
0.7592345356150714,1.1740917489991578,0,1.077783273337053,0.11874404469612812,0,3.5436092331573157,0.4467173833184296,1,0,0,0,0,0,0.10462157420155857,0
0.7248135642510237,1.0374468989904455,0,1.4301048321605614,0.05527070343165326,0,3.325426279457857,0.4713396431537602,1,0,0,0,0,0,0.20283962700507055,0
1.0102469205818605,1.4368147589039546,0,1.5227035304584247,0.22966897796325936,0,4.723406507334577,0.4298547848463576,1,0,0,0,0,0,0.37027166292613745,0
0.9134181122681918,1.1686866467976362,0,0.974546169354449,0.11610912836915126,0,5.041671986996622,0.3800713791005689,1,0,0,0,0,0,0.3594970132720411,0
0.9740219956667291,1.2252630110340603,0,1.5427167451509567,0.11556844146323561,0,3.0742646755888625,0.3731694024576878,1,0,0,0,0,0,0.3259198057612446,0
0.9945763907495987,1.1831085212263026,0,0.4433010187032176,0.1453796206144347,0,5.409754301100704,0.36795247244798157,1,0,0,0,0,0,0.4547977001916766,0
0.8828022387726835,1.0709506928749897,0,0.9603806991806594,0.10347693087043633,0,5.936080270513549,0.34298899716616327,1,0,0,0,0,0,0.4637532038714713,0
0.7910978421258095,1.0882963568222375,0,1.2302374777348382,0.11764285887821099,0,3.845354854558508,0.441969820307774,1,0,0,0,0,0,0.2142708387736284,0
1.0541276929233554,1.4412622891371714,0,1.0172748201396322,0.11434347818324381,0,2.600139166798881,0.3800713791005689,1,0,0,0,0,0,0.4399985626652976,0
1.0796719343022105,1.62674984903263,0,1.2967104342659828,0.17364832051566934,0,4.542547067360896,0.33282223311810927,1,0,0,0,0,0,0.2325623391272129,0
0.8845325149010246,1.0700900296811942,0,0.6968833918819206,0.05734859412001931,0,3.3451275746521705,0.2839155269969794,1,0,0,0,0,0,0.3612613828563948,0
1.0161147071090466,1.2789334894091677,0,1.5215282714296992,0.1755913352376627,0,3.7837903086434124,0.4103300906812707,1,0,0,0,0,0,0.34275116855817567,0
0.9100162311851463,1.238179283773418,0,0.44325874799705584,0.11655362667224606,0,4.6596956175240525,0.4179335082752839,1,0,0,0,0,0,0.32902879754743264,0
1.2407936962255535,1.6719269097437783,0,2.0461080120317394,0.061137695961609964,0,4.01055375022776,0.4281528584324779,1,0,0,0,0,0,0.3104776826862863,0
0.9861996868276145,1.3383340428931965,0,1.0518912679587848,0.1779039007574962,0,3.5626590844630472,0.4758477133853404,1,0,0,0,0,0,0.23880045275229156,0
1.0899751166384282,1.4099722427384171,0,1.4897394936197066,0.11875801101798256,0,4.9480151468273315,0.46118087516667183,1,0,0,0,0,0,0.49975215041218785,0
0.7944590118379934,1.120190374082525,0,0.9987060728306163,0.1635581276968298,0,4.278937939059395,0.39388469757990496,1,0,0,0,0,0,0.23559737222109237,0
0.6900403790166153,0.7960054879163505,0,0.9599987635092557,0.05951218395096672,0,5.074544770236145,0.2114537540141824,1,0,0,0,0,0,0.4227468643266908,0
1.043222091937405,1.3575616679519629,0,1.2550916024331422,0.17476471693565043,0,2.5164114036190357,0.37544073594033645,1,0,0,0,0,0,0.22990202472646803,0
1.1038582307700586,1.4264897774647902,0,0.8586769187653939,0.11643907409003598,0,6.674117610724069,0.3169565331439183,1,0,0,0,0,0,0.3876328230083883,0
0.7387796228351051,0.8526383115597469,0,1.423258783499604,0.11808567204927213,0,4.210120872217622,0.2370929147026966,1,0,0,0,0,0,0.1270667308010324,0
0.7567908056003703,1.0144407755356493,0,1.050543846227332,0.14231677094186687,0,4.141258695955289,0.3079833313829345,1,0,0,0,0,0,0.10054197039738634,0
0.9664171215918402,1.3593737690256933,0,0.86534245536439,0.1712506107737362,0,2.5079423860996624,0.39581470649660966,1,0,0,0,0,0,0.3138804773581625,0
0.7376395635727209,0.9645017561401394,0,1.2573890410838178,0.1443465367222858,0,3.568551388327738,0.3369010504613139,1,0,0,0,0,0,0.34049476335075635,0
0.9689698603008221,1.3829535355023292,0,0.9810839555926643,0.1620710640189042,0,4.0147952193965315,0.24020776987856055,1,0,0,0,0,0,0.24214497299328955,0
1.2484637158806877,1.6722324135152948,0,1.5071227386468284,0.14479496514120085,0,7.075373301445405,0.27376865463024835,1,0,0,0,0,0,0.42050719853402907,0
1.65739855749297,2.2881139077990915,0,1.5581620964227554,0.23070586489579803,0,6.181280785050236,0.45843189827364894,1,0,0,0,0,0,0.29666282084943396,0
0.7391513789955266,0.7364638134682224,0,1.0110879796762795,0.055702484801681704,0,5.954949289346494,0.3929492477543792,1,0,0,0,0,0,0.4265543042030163,0
0.8431603157671297,1.0946556226637894,0,0.9798714936427737,0.2013700658437396,0,2.911009942849663,0.31927809685343134,1,0,0,0,0,0,0.39769565521068995,0
0.921507406909892,1.0955929115613543,0,1.273199357018861,0.11807207018455046,0,5.125223644262565,0.3274791287909132,1,0,0,0,0,0,0.5310546667351552,0
1.0485245601086175,1.3691250904423247,0,1.2118589876793693,0.14441602283455934,0,5.861848419905531,0.30650063629602897,1,0,0,0,0,0,0.26458545635263503,0
1.2190103963571384,1.6886078408406415,0,1.517097922158793,0.17672222236050772,0,3.7149353637328364,0.2654287772861074,1,0,0,0,0,0,0.3578086672549686,0
0.7508851936252705,0.9675090078941867,0,1.1963618154414464,0.200255226829183,0,2.0682229448925757,0.44632643768278935,1,0,0,0,0,0,0.3157906988564274,0
0.7500587977923712,0.7516788667562857,0,1.4081534698770863,0.1180669738963899,0,4.503388113843814,0.28095343525107497,1,0,0,0,0,0,0.6553632553019688,0
0.9126410522309611,1.1994420456868984,0,0.9210902074310854,0.16507755202959473,0,5.423593993066038,0.4117126904117781,1,0,0,0,0,0,0.3322546310214254,0
0.7911474280162223,1.1131134308975752,0,1.0044052730448625,0.14241753939406426,0,4.040395212537507,0.3777039538237106,1,0,0,0,0,0,0.19598884110153997,0
1.0814475052400503,1.269661501096284,0,1.298352784133372,0.1182233009870204,0,3.9163364248756345,0.4561229726080943,1,0,0,0,0,0,0.6000205720683465,0
1.16693833252562,1.611598281361088,0,0.46903721683403043,0.16251779884095469,0,2.662379001114067,0.31833048137773673,1,0,0,0,0,0,0.3203497383446793,0
0.7357932051457354,0.8735269302230739,0,1.4433644772852352,0.16124219074322096,0,3.773795126599261,0.27974908149637256,1,0,0,0,0,0,0.3504820939149843,0
1.0922592879750903,1.3448746122509492,0,1.8572202860766656,0.11324716953920534,0,4.808654535898232,0.4338387009448675,1,0,0,0,0,0,0.49438358841410335,0
0.7021883876932953,0.6472482408437884,0,0.840266454987291,0.14199012583125603,0,3.484129965144556,0.20180593658324392,1,0,0,0,0,0,0.4667302285445359,0
0.6131362080196423,0.683427264062037,0,0.9865598882725717,0.10285645701246278,0,2.6306678839750965,0.2679671435887871,1,0,0,0,0,0,0.3288056117389468,0
1.192555819641139,1.6254868497235964,0,0.32739444289123015,0.1612938163356869,0,2.8131567705106417,0.3777039538237106,1,0,0,0,0,0,0.4594007336297812,0
0.811891255260596,1.200720653575076,0,1.3915268103384082,0.17526174840571182,0,4.306671417972375,0.4392908503857901,1,0,0,0,0,0,0.15545635302108474,0
0.7459607901738113,0.9772500637569612,0,2.072717938278169,0.14248367481050667,0,3.017056333083927,0.33135743203605494,1,0,0,0,0,0,0.2788115785086842,0
0.6861640334877506,0.9315930480685988,0,0.9765343235420056,0.11688599743400321,0,4.405714283814138,0.17632310341262747,1,0,0,0,0,0,0.2166280681856806,0
1.3880130640440684,2.0251897902744287,0,1.4433055482136954,0.16002704992202776,0,2.8465883242914334,0.33022175003443593,1,0,0,0,0,0,0.3752114556537301,0
1.1032674485776406,1.542520418588817,0,1.4389904186031965,0.203243928234623,0,3.568551388327738,0.4863910660442887,1,0,0,0,0,0,0.3793046786218274,0
1.0115834034653788,1.0362890271738145,0,1.4233943740690402,0.11971283759951144,0,6.151522471960579,0.18530601791208812,1,0,0,0,0,0,0.6693288955297468,0
0.8299074453035716,1.003600182423023,0,0.993663909405394,0.10202569389168253,0,3.6223730646861996,0.20182390108492562,1,0,0,0,0,0,0.33032066191369647,0
1.8437966320959935,2.6003663813579605,0,1.499929260338107,0.14389353843624214,0,4.135130071708134,0.4208229404301488,1,0,0,0,0,0,0.3577466904219271,0
0.9298882818210001,1.2240640025953013,0,1.0301300933186568,0.16222484271977372,0,2.4604573362302253,0.3063500894246677,1,0,0,0,0,0,0.27222488504808906,0
0.887776067009094,0.9572225560972043,0,1.407385421049895,0.12031834030981269,0,5.654121716673769,0.24274022028204909,1,0,0,0,0,0,0.7053557475176035,0
1.0349401762193908,1.4414200585626469,0,0.9354069890689489,0.1724217454652667,0,2.9985229479607876,0.3241933929237562,1,0,0,0,0,0,0.3045896479832805,0
1.049047834484132,1.141670515947801,0,1.4257301656672556,0.17467604908614529,0,4.746376278579193,0.4109956869423058,1,0,0,0,0,0,0.7006389049813672,0
0.6841092004650491,0.8759137791883764,0,0.9425385387394754,0.11912349552108059,0,5.357286773817113,0.19134473995342188,1,0,0,0,0,0,0.3187572781901829,0
0.8774144372325616,1.1294515337079303,0,1.0005631191384174,0.20270922440202152,0,4.093878001343281,0.381422438984965,1,0,0,0,0,0,0.2761165772725344,0
0.5735567227266601,0.6348166286407391,0,1.7181301979134922,0.08503453771847183,0,3.6957396565410066,0.15132737503842708,1,0,0,0,0,0,0.3825095123749729,0
0.6826608730048165,0.9462663438909853,0,0.9787023946849588,0.1614000695785345,0,4.169075148667181,0.3157621926162242,1,0,0,0,0,0,0.07554616517661832,0
1.0350437842620648,1.3715292294080963,0,0.8835256346954472,0.1756973179692806,0,4.331669230408638,0.38244348781654164,1,0,0,0,0,0,0.30618868563578505,0
0.8616825902577088,1.085781119712645,0,1.522967771139355,0.15986522784286727,0,5.068505648756835,0.4001050078663376,1,0,0,0,0,0,0.2154006451386871,0
1.0295878358286519,1.4289224500590043,0,0.6826659002654198,0.14305147746823205,0,3.4920156220226612,0.4432712144532981,1,0,0,0,0,0,0.3586468525912861,0
0.6777307037336215,0.9495939466677739,0,0.7079286421776049,0.11703370964241276,0,3.74875991639185,0.44358521082408087,1,0,0,0,0,0,0.17772625307035178,0
0.8245375292172064,1.1080954927505169,0,0.4718903312071231,0.11386299618329626,0,4.963934612303611,0.33335088651013056,1,0,0,0,0,0,0.2401274201187113,0
0.9802547953328076,1.0476279716032968,0,1.130351565761592,0.16121584686840157,0,4.408931370755857,0.3581444381229456,1,0,0,0,0,0,0.5926421206072888,0
0.9978744276328967,1.3131804596935726,0,0.9911400962112076,0.17794296680439092,0,3.4514617024905228,0.35732098538157697,1,0,0,0,0,0,0.4741967606004735,0
0.7822927090332724,0.9651295170002823,0,1.2058752908230008,0.10308636700569726,0,3.9509909403280323,0.36282221226690436,1,0,0,0,0,0,0.2594333241666825,0
1.0907432292670984,1.5686310303037199,0,1.0551625549881982,0.17411699193869395,0,3.4847521988410106,0.40704922493537277,1,0,0,0,0,0,0.1524537582179269,0
0.9388369550203783,1.0694212416563758,0,1.4193717402428287,0.170990845937806,0,4.02325362142005,0.44620344101226767,1,0,0,0,0,0,0.542162748793479,0
0.8484806174900363,1.1546786961805962,0,1.193533903660716,0.11457263003151351,0,6.018095124715945,0.37031637520530836,1,0,0,0,0,0,0.22350261378933112,0
0.8885673655417868,1.122014505013583,0,0.8288772894032956,0.11412659946356027,0,4.55448566066652,0.4340331933854215,1,0,0,0,0,0,0.4953711283166288,0
0.9407081723707686,1.145873567660115,0,1.288745116947497,0.11253845520037559,0,3.8911483278277004,0.2994729153151552,1,0,0,0,0,0,0.5185870500315316,0
0.7047222450542212,0.9089536803967215,0,0.9035268952158227,0.1997098401400736,0,2.6914199126477723,0.3975910959328178,1,0,0,0,0,0,0.23804100913876117,0
0.8693581531322849,1.1687115696149326,0,1.2295210801205436,0.1708969860442142,0,3.681699924519454,0.3242910751843867,1,0,0,0,0,0,0.3194285040896942,0
0.9601451502685217,1.1234075641572152,0,1.0231270504874646,0.15829392354904043,0,3.1843683605763675,0.28315357907725647,1,0,0,0,0,0,0.3112043405911331,0
1.163940036897564,1.7364216824328624,0,3.7488129459824333,0.14202334783769816,0,3.917623370035714,0.38993486101733593,1,0,0,0,0,0,0.25167207039183886,0
1.0042280914514645,1.3321164490017428,0,1.1626412928391487,0.17412312169822255,0,3.3881054847085217,0.2780577325997475,1,0,0,0,0,0,0.4815934997501535,0
1.1857950123511878,1.11723595074324,0,0.8087914953890586,0.10288657315300863,0,4.631166202183864,0.3676664580072895,1,0,0,0,0,0,0.9997650623091074,0
0.7894992423660759,0.9987423888282554,0,1.3504652432315698,0.054907824802738335,0,4.738128078988,0.2782826289252916,1,0,0,0,0,0,0.4305256264822848,0
0.7352565372826412,0.9306670328600585,0,0.9340396618284528,0.10169257528492931,0,4.108502417284395,0.2780577325997474,1,0,0,0,0,0,0.2451717871051351,0
0.8120206929863996,1.1495474399644907,0,1.4597369525806845,0.22890685071834904,0,4.948190908807378,0.43875209436659424,1,0,0,0,0,0,0.2875900091740603,0
1.0722612872837987,1.2832925690041102,0,0.9735014269514319,0.23445227904920485,0,3.2766382841133774,0.4811063695738775,1,0,0,0,0,0,0.4010730080937396,0
1.2437177343388546,1.5601539932397648,0,1.2568243481786578,0.04302196757418915,0,6.931797597336538,0.39613137068200704,1,0,0,0,0,0,0.7215515492716547,0
0.9564680791359803,1.0462416192137023,0,0.9406106293704881,0.053880208955239955,0,5.386934370378999,0.36475152161071644,1,0,0,0,0,0,0.3010928706937127,0
0.7965211818733847,0.9516908372383337,0,0.9099459119366382,0.11610078376920122,0,4.208150401994754,0.2366626887563039,1,0,0,0,0,0,0.4051114705868798,0
0.8420824659598933,1.204854289436552,0,1.008681279021078,0.11599399984386738,0,3.6235077677326992,0.3741225359504011,1,0,0,0,0,0,0.1265744979795615,0
0.9071653628841659,1.1813686972360251,0,1.455828668501793,0.043167709463988055,0,4.488350536818858,0.37289853018673363,1,0,0,0,0,0,0.48491817809773474,0
0.5460700486947216,0.4860438726236585,0,0.9538998269293025,0.15828754622542995,0,4.5264082148382485,0.24846320438033404,1,0,0,0,0,0,0.4053717122392251,0
0.9072896807000994,1.1690935844392185,0,0.9839477450908376,0.10216361795995518,0,5.357993706954814,0.45252258758555247,1,0,0,0,0,0,0.3727885472650074,0
0.7304535412611763,0.7013047992561745,0,0.8713962066098322,0.17080894593239124,0,4.714914948733059,0.28278617302356684,1,0,0,0,0,0,0.7224958130039126,0
1.2157356509779325,1.681723362374491,0,0.881267587321358,0.05367586572986337,0,4.256636503028373,0.3687439640209463,1,0,0,0,0,0,0.3464319211439779,0
0.8652665381300477,1.1385221402306172,0,1.4492528241567226,0.10185357812167342,0,4.661316066122397,0.36190997313427,1,0,0,0,0,0,0.3301288534450654,0
0.874757853289861,1.1555779109106206,0,1.4287188385720384,0.11525517156907734,0,3.0946579463210546,0.3769138167996243,1,0,0,0,0,0,0.46331078556740835,0
0.9852460197733633,1.21625338341464,0,0.6445913082709598,0.11154584871867973,0,4.796656920022114,0.2558037611405892,1,0,0,0,0,0,0.4090049637937979,0
1.269875204103829,1.671453664140049,0,0.6386467167143157,0.2292380645790325,0,3.3778304763538665,0.4664003361204784,1,0,0,0,0,0,0.420320873919124,0
0.9178503482914724,1.2932665256528189,0,0.9186836236082101,0.17045000959453027,0,4.345492156490103,0.32979772540564817,1,0,0,0,0,0,0.2855940354186047,0
0.8270705305669537,1.0131319413759299,0,0.41160764804891625,0.17382122721638063,0,5.220093087805964,0.33865479084848427,1,0,0,0,0,0,0.3152505431588559,0
1.0675102950789779,1.4632291124941033,0,1.3424924088320909,0.11351322595567183,0,2.989144296467975,0.36287655979977296,1,0,0,0,0,0,0.2849842630600143,0
1.1789866388935413,1.4843253586460776,0,1.6803879338909788,0.054462828493806736,0,5.815143326652295,0.26500450615739973,1,0,0,0,0,0,0.4865662765790688,0
1.2029006576087564,1.6100087286132578,0,1.4924274276257101,0.11183478460979818,0,2.0101575006262165,0.44973251808771375,1,0,0,0,0,0,0.2873266378727902,0
1.1510598718782346,1.0041673417853116,0,0.8204448051587161,0.17242830245828594,0,3.391131872127109,0.4466381819692712,1,0,0,0,0,0,0.3987069872234458,0
1.2278619255005834,1.7172212695593456,0,1.5146124713868216,0.14282452303642826,0,4.461484021216435,0.3583133474371248,1,0,0,0,0,0,0.20036284609645705,0
1.066028119217111,1.1448482152059853,0,0.3913170122477202,0.14066030591284678,0,4.428702029013423,0.19811312251219848,1,0,0,0,0,0,0.3752547173753043,0
0.9508305926832021,1.1665212939717962,0,1.2727226167475734,0.1580302102331478,0,2.6968719296264085,0.2464724604314547,1,0,0,0,0,0,0.4393552328275337,0
0.9949401501988031,1.3265068467910348,0,0.8110756268905744,0.11703607086125484,0,3.294440183727211,0.36534004943640186,1,0,0,0,0,0,0.43920887507699014,0
0.7401630515577846,0.8079292337417419,0,0.7724062143099375,0.15961474816990895,0,3.9002617035922986,0.16903797980843266,1,0,0,0,0,0,0.6924006373873716,0
0.8950124318151378,1.0829402920080458,0,0.6127421058701437,0.058379616008259604,0,2.2059565302146393,0.264271590464845,1,0,0,0,0,0,0.4787378977700537,0
0.8410463189320139,1.091631622823103,0,1.4433474230636618,0.0544672785634822,0,3.511759393145616,0.2942521668111392,1,0,0,0,0,0,0.40096662655876586,0
1.0606702333439604,1.2025660126349904,0,1.435038103921512,0.17112113819244285,0,6.244954297728024,0.17622510101500294,1,0,0,0,0,0,0.810287671379327,0
1.1136283337584534,1.3514999635552003,0,0.770075812197446,0.11339648785029477,0,3.8899615023596255,0.4734081228785689,1,0,0,0,0,0,0.629432741822478,0
0.9703330055646531,1.23113795926845,0,0.9053233877227538,0.10087329710774458,0,4.762956812104244,0.4227727569045858,1,0,0,0,0,0,0.4071423951492444,0
0.9668196785346347,1.1967627778957555,0,1.415590699754122,0.10131531096479572,0,5.329225737928379,0.3276665142530487,1,0,0,0,0,0,0.45187277543713666,0
0.8249572110762803,1.0540964830430841,0,0.6270723327005044,0.17134461484634056,0,3.518669817854673,0.19817643311701638,1,0,0,0,0,0,0.33060094871775003,0
0.7741688982767104,0.7902071000297222,0,1.229445307172818,0.10179130337295364,0,4.053114930359325,0.31535849879826205,1,0,0,0,0,0,0.8205054543206629,0
1.0720939499315276,1.4194741183992654,0,1.3671553294079946,0.08440511893503334,0,4.154066552165865,0.20045708967422948,1,0,0,0,0,0,0.5806559716938356,0
1.1117066094646604,1.274934596772741,0,1.2867802354135414,0.08328551246362359,0,3.7709520595199457,0.3124103583994207,1,0,0,0,0,0,0.5713917080813145,0
0.8782669965265033,1.0399778674614257,0,0.7390040287998328,0.08313714276211168,0,2.869981865456081,0.36152499375569175,1,0,0,0,0,0,0.48366532794497263,0
1.0839417819283863,1.4520195723502405,0,1.066325400219412,0.10275246933542972,0,4.129009700930339,0.4255544437094214,1,0,0,0,0,0,0.47810308114677935,0
0.9520354657291724,1.0972866941729476,0,0.8674784193813555,0.11704124073731653,0,3.084208262499451,0.17022292979156808,1,0,0,0,0,0,0.47008392287595946,0
0.9108514149573795,1.2082681997154714,0,0.9302395271221917,0.11062320685717862,0,4.105871429283395,0.33305905161810473,1,0,0,0,0,0,0.36563395556203265,0
0.7469623326765968,0.905834691520381,0,1.2385661413864426,0.19756053873201063,0,4.401567785379735,0.31136649562690416,1,0,0,0,0,0,0.4356257955280376,0
1.0407636350470613,1.3724637164153655,0,0.8483942466093778,0.11161633728397295,0,3.7054073162267667,0.29904224946978725,1,0,0,0,0,0,0.48069050031404903,0
0.7156714902802529,0.7809353796388276,0,1.0945691931694053,0.05403357685200385,0,3.5233023475761582,0.3174584829249414,1,0,0,0,0,0,0.5717413976728438,0
1.054797099579904,1.3022713776506134,0,1.1081237742508048,0.16013270143337174,0,3.8046105730405206,0.396648593585319,1,0,0,0,0,0,0.3138017099998024,0
0.9878478133416219,1.300681210584613,0,1.2051809902918311,0.16922230630989432,0,4.546871170134158,0.3113664956269041,1,0,0,0,0,0,0.5120361855219178,0
1.2682242718964458,1.8080736029794877,0,1.3204301830353928,0.159086463493521,0,3.2880014700087767,0.3633673805021163,1,0,0,0,0,0,0.3786137429466837,0
0.6952588383186575,0.58941010462845,0,1.5104274087911689,0.08468603937586801,0,3.3939602350269444,0.26308394605130464,1,0,0,0,0,0,0.8579683090886577,0
0.7850304675908906,0.7582552647347737,0,1.0897856073697532,0.08266369584384146,0,4.899574340392181,0.24530118954484212,1,0,0,0,0,0,0.4969626653898988,0
0.9559413235630305,1.3281258855224738,0,0.9734538661766505,0.1408476572738973,0,2.6111898922958066,0.3174584829249414,1,0,0,0,0,0,0.33910949252925987,0
0.9522944800731779,1.2374197158619844,0,1.8119051203261778,0.04346339308578196,0,6.060782427101806,0.16666552405601703,1,0,0,0,0,0,0.4589677369196087,0
0.8013097116484807,0.9637961809137084,0,0.8332649514553947,0.10173193646289694,0,4.350108460748138,0.31230544080087896,1,0,0,0,0,0,0.5151651497456404,0
0.9663189770365248,1.3527043749226593,0,0.8806947363417926,0.14138469998661338,0,4.309866319353423,0.37602949876158714,1,0,0,0,0,0,0.2343246251354604,0
0.9894322645795771,1.1544156220172759,0,2.1761837911432615,0.15876425812857253,0,4.89031376276575,0.2167683937827764,1,0,0,0,0,0,0.5763974210836399,0
0.6947074670456779,0.7905061593274306,0,1.256416358382031,0.14072757079692744,0,2.3683760483855942,0.18745964365422152,1,0,0,0,0,0,0.43453458357012903,0
1.1053588605742644,1.368764415962036,0,0.8799905130892441,0.19749200201430858,0,3.36010664044308,0.3082740806411256,1,0,0,0,0,0,0.33222508610715773,0
0.6742383275740647,0.6996635540214752,0,0.8999215489668215,0.17341956857312701,0,2.8465963729094406,0.28074262149671336,1,0,0,0,0,0,0.5839482423074827,0
0.9991920348957103,1.3740548432810336,0,0.5527075790740856,0.11223343069135469,0,4.4292671205655605,0.2723259759995672,1,0,0,0,0,0,0.25221852280419305,0
1.6022331483557097,2.110545761556242,0,2.1028610498890954,0.17422706684553618,0,4.491841278778056,0.5365515642856988,1,0,0,0,0,0,0.9378946705968554,0
0.7763143134178985,0.8861437646992195,0,1.2772269146459412,0.11645491832313769,0,4.655781497538175,0.2452232484180346,1,0,0,0,0,0,0.43419227085580026,0
1.086875043943481,1.3334459826749145,0,0.5620312603308675,0.1735021528936867,0,2.730699394983449,0.2131724953219939,1,0,0,0,0,0,0.7944138623122133,0
0.9879775792020447,1.2318754163872485,0,0.7141650121742092,0.15894784811766086,0,4.269913925280747,0.37274319809264445,1,0,0,0,0,0,0.3855717649196736,0
1.0125170845439246,1.3530756751936208,0,0.37878372375453206,0.1414623392049428,0,4.502472028635892,0.3416529642014871,1,0,0,0,0,0,0.3787693843261168,0
0.819412227936575,0.9034282567223495,0,0.8599349722552647,0.14142813216163774,0,3.7607325538658127,0.2853779621087945,1,0,0,0,0,0,0.5587392844950922,0
0.8593323572924562,1.1076691525343134,0,1.1628693022173762,0.1595373557636553,0,2.3357202459511393,0.2928736829996781,1,0,0,0,0,0,0.28985712229864335,0
0.6621659334869321,0.717229719258789,0,0.9599213410708782,0.13976548561121432,0,3.7403811152143627,0.2579060858462177,1,0,0,0,0,0,0.7109751756157097,0
0.9948478559278863,1.2020855832593411,0,0.6138179033970457,0.11472285756391165,0,4.289967720804249,0.22938124527329043,1,0,0,0,0,0,0.3789756515319631,0
1.064608183940224,1.313295520096357,0,0.744271358357562,0.1580570497986758,0,3.7607325538658127,0.371930353079959,1,0,0,0,0,0,0.5897782394788196,0
1.178100317734048,1.4727466446420208,0,0.9995166860565232,0.11384779235368725,0,3.5866712637226676,0.2523232680013653,1,0,0,0,0,0,0.6490197450861264,0
1.0709817625088633,1.588012391926905,0,0.4221216571844715,0.19657829383005992,0,2.8240047270047195,0.2941408479178146,1,0,0,0,0,0,0.2094302795750887,0
1.0823716052116557,1.4770975732234037,0,1.1662863866250213,0.1597601060352031,0,3.416984349030571,0.2829501521600141,1,0,0,0,0,0,0.4683789686062597,0
1.105663726350301,1.5456050847425105,0,0.7134280223781433,0.1581031513214734,0,3.0381238074569645,0.3089313416184452,1,0,0,0,0,0,0.35056260141069595,0
0.8721648423027911,1.2346076917380269,0,1.0750530823055107,0.2272762159731858,0,3.0695730992107753,0.32617664645697353,1,0,0,0,0,0,0.38414604597235125,0
0.9826524834495026,1.4166500785692169,0,2.333830470841108,0.14106282017350225,0,3.3656026653205955,0.24017059325624096,1,0,0,0,0,0,0.2505832580417061,0
1.4549248549586125,1.7714631205727298,0,1.8297156013588514,0.17295013277295251,0,3.7207015402345203,0.37193035307995903,1,0,0,0,0,0,1.0891053756776627,0
0.6850882727583903,0.808475239100453,0,0.9642641346292657,0.11176143224711993,0,4.225591758009842,0.3508493518131792,1,0,0,0,0,0,0.5087103664781782,0
0.8915726632916887,1.1920109937975771,0,1.091768434879341,0.11196375153590137,0,3.8103400664122296,0.20495443810946778,1,0,0,0,0,0,0.29346159693822127,0
1.4014818864211942,1.825866870185855,0,0.7929963078539112,0.15943780749392103,0,3.8869831120156917,0.35614175275676385,1,0,0,0,0,0,0.5891740358511546,0
1.4481535178866018,1.8666892469498635,0,0.661497198109608,0.11171128102063066,0,4.632704739906939,0.32221110644201034,1,0,0,0,0,0,0.6079506180570754,0
0.7137673274203808,0.5963187488057852,0,0.8070627793717509,0.05468353310114068,0,2.918955073813531,0.2635802330939053,1,0,0,0,0,0,0.7688774186171612,0
0.7714646592112624,0.8248864734334329,0,1.1724449587363182,0.1590489555026772,0,2.76699161851009,0.44669789093832235,1,0,0,0,0,0,0.48633016010111846,0
0.7858998166611908,0.5964882837433743,0,1.9619244215224598,0.11467949255552627,0,4.694300361343706,0.2891820107530312,1,0,0,0,0,0,1.0276815317806691,0
1.0596775558810227,1.303036532114689,0,1.088225664588442,0.1593504315849229,0,3.2083169474291124,0.4066537395697685,1,0,0,0,0,0,0.3684028202380616,0
1.111530217303982,1.2633140596318646,0,1.0615469318148016,0.1596614804799313,0,4.759608429533649,0.3961267987267334,1,0,0,0,0,0,0.8720142611685948,0
0.8386839574046672,0.9162256944036883,0,0.7810668495221705,0.0533350638610119,0,4.984900615890799,0.23584052446110182,1,0,0,0,0,0,0.8006430134460548,0
0.8481301858902937,1.0452095339650609,0,1.1686832226550627,0.11565477364119865,0,2.9528122101413423,0.44703258906447596,1,0,0,0,0,0,0.5831784728320349,0
1.2520716928913416,1.6685097551716914,0,1.2577791278625543,0.0539557300236929,0,6.561197102735919,0.4234629284013441,1,0,0,0,0,0,0.4851323409511734,0
1.395725729085334,1.8946898268213743,0,0.7557025632419578,0.11572095409107694,0,3.3138857290689843,0.5187611662758776,1,0,0,0,0,0,0.8009549796031901,0
0.9225946349453782,1.1782373452996888,0,0.36643071103634034,0.1398008731971731,0,3.0781212640815374,0.44863071651825925,1,0,0,0,0,0,0.4894062815991779,0
0.7510093460079634,0.9518133942382474,0,0.8871084291106414,0.08270677837260945,0,3.595570036839553,0.24181965565416766,1,0,0,0,0,0,0.37838376092019865,0
1.0201888528073335,1.2980491735659976,0,1.144747945612631,0.16925721314070793,0,4.384971062072512,0.30607467686278433,1,0,0,0,0,0,0.5925665237992332,0
0.884805582819735,0.9317107588285929,0,0.7784566147102133,0.11256098459934955,0,2.8229332370820193,0.2791384741930773,1,0,0,0,0,0,0.6820621081062108,0
1.2347364643091785,1.4431777850851006,0,1.1449386641138537,0.11239790156554136,0,3.79195612332898,0.24181965565416766,1,0,0,0,0,0,0.9132542433542667,0
1.0529589140860358,1.447843615829584,0,0.8173585646883565,0.15973425206981895,0,4.410644890750288,0.4276719861855633,1,0,0,0,0,0,0.3936999295549649,0
0.945658426614251,1.1966863940147447,0,0.8126469044140081,0.10013276878335647,0,4.99936238200655,0.24143485564728429,1,0,0,0,0,0,0.4813827449836482,0
0.8696910441442063,0.9870375018216642,0,0.5581607040135081,0.11433095892707648,0,2.6219355457264304,0.24143485564728429,1,0,0,0,0,0,0.5841671937377834,0
0.8818877774353685,0.9802449731773072,0,0.5828116957461278,0.0573323225986319,0,2.490634401275387,0.2553860167176689,1,0,0,0,0,0,0.7776110296093853,0
0.839827820058679,0.8548569685307754,0,0.32593518212563294,0.0999338674932079,0,4.193195477873372,0.39628376823458744,1,0,0,0,0,0,0.6572232555925979,0
0.8825139515597633,0.8297391957634326,0,0.30502854986102185,0.04285331974021901,0,2.9400409655271638,0.2523404864991428,1,0,0,0,0,0,1.155102247294055,0
0.7774412348209865,0.8701956697476582,0,1.2435642126238031,0.04290470710504732,0,4.419143951640481,0.1700720901070079,1,0,0,0,0,0,0.5251577606778314,0
1.0522478329567615,1.2577257353473725,0,0.7908683300701221,0.10017023721640773,0,3.0479554604295553,0.368148055217032,1,0,0,0,0,0,0.635318105371123,0
0.6674901872997636,0.6948125706124202,0,0.7993623697266237,0.05323323725530038,0,4.18961142386757,0.26873542115885496,1,0,0,0,0,0,0.5776955892658652,0
0.8055544898906813,0.9614272726216705,0,0.6994008849751978,0.057200519735339114,0,2.825476490733676,0.3821493357901491,1,0,0,0,0,0,0.49344642887100604,0
0.9659014912100841,1.1359780761138887,0,0.7689619854901031,0.08338520848056928,0,3.9561797660728493,0.45921873271338975,1,0,0,0,0,0,0.5792958381131987,0
0.8581360277272627,1.0407721724274432,0,0.7784408930901154,0.10064601669573525,0,3.808817715028193,0.3411837405040812,1,0,0,0,0,0,0.39762229863332244,0
0.9043641452796493,1.2115269140204947,0,1.023979712758446,0.09998800061833948,0,2.3143978515236427,0.3544873930384534,1,0,0,0,0,0,0.47985839580177536,0
0.6999570996496838,0.7923327858993583,0,0.7789001721356998,0.0431983222296497,0,2.5159887703140438,0.3754908566857673,1,0,0,0,0,0,0.5484336047553537,0
0.9394165634514478,0.9341696020298375,0,1.8267613855013816,0.11415362522942804,0,3.7204304258455108,0.2987027708014818,1,0,0,0,0,0,1.0533877949632953,0
0.9660622085433163,1.2344422959916224,0,0.9813443556577678,0.053776662131570965,0,3.3005069782421206,0.25519632762805333,1,0,0,0,0,0,0.4486380214483811,0
1.2641195039597517,1.335149952546052,0,1.871174739249503,0.11121266937386495,0,4.759608429533649,0.46052149753076327,1,0,0,0,0,0,0.9801513185167947,0
1.188347527949643,1.5372557389524026,0,0.6387160528811072,0.1709178423637714,0,4.210935897868081,0.3022309934884349,1,0,0,0,0,0,0.6414738597247462,0
0.8685263943254069,0.8917585293087491,0,0.7207825712256717,0.10013276878335647,0,3.5663158313995282,0.24143485564728429,1,0,0,0,0,0,0.7157880040213829,0
0.9397500168670682,1.1938122757065008,0,0.7925093162655215,0.05745827023174094,0,3.2075689718627403,0.3664789379637138,1,0,0,0,0,0,0.4677945950371708,0
0.7523825628437689,0.7596526167374293,0,0.7202421776383634,0.21452452862442858,0,3.3902938708943617,0.34716906827602634,1,0,0,0,0,0,0.7221265820940304,0
1.1750137621790577,1.4951994343917259,0,0.7517851157519162,0.057114479530133086,0,4.218802871913798,0.39113126102514245,1,0,0,0,0,0,0.6117289143313209,0
1.0816746090727276,1.2102931426033092,0,0.9300339239547365,0.0817180372865141,0,5.008976163538357,0.29249801457862196,1,0,0,0,0,0,0.5921874643583676,0
0.9021627236625219,1.194470870193342,0,1.716428722074376,0.08223202536039043,0,3.9744932951659266,0.21880017266430524,1,0,0,0,0,0,0.4961505023873833,0
0.9008587698096121,1.006670426970334,0,0.8208239509397234,0.08222274198884347,0,4.4744044524287965,0.32339446390371507,1,0,0,0,0,0,0.6004502494258493,0
1.0884167522322983,1.3807352385858658,0,0.3298357081085682,0.08266111130213605,0,4.72139500779401,0.3612233703630904,1,0,0,0,0,0,0.5850540545489007,0
0.9980137696336807,1.1945310901577628,0,0.6292959872722019,0.08269734888088856,0,4.862456107528264,0.3411837405040812,1,0,0,0,0,0,0.628832010648708,0
1.070624548047815,1.1815907753898236,0,0.7394677696926989,0.13938185985621668,0,5.9486958558861796,0.39413157414254213,1,0,0,0,0,0,1.0648510430816398,0
0.9295911279524098,1.055871499811618,0,0.901087851549689,0.17166353178437305,0,4.429236594825324,0.28308518290267476,1,0,0,0,0,0,0.68485341873407,0
1.073533129751745,1.279774409360632,0,1.8514023529232477,0.11491586304959565,0,5.1044035837734425,0.4394896524337281,1,0,0,0,0,0,0.793638833518963,0
1.4203092354464446,1.8246638151693546,0,0.3115672280888479,0.13933823451895327,0,2.0812619415895,0.45378779892488474,1,0,0,0,0,0,0.6029238431677737,0
0.8073771050718419,0.9442606045890894,0,0.9962290990506507,0.15654426737845895,0,5.448156217045687,0.3581294484638212,1,0,0,0,0,0,0.5088806283405944,0
0.6895329012945689,0.7418192833219841,0,1.0747956279478563,0.11433338425429498,0,3.98295703231723,0.2953759643011534,1,0,0,0,0,0,0.4759371192297913,0
0.9893785144437395,1.375401689302583,0,1.0069813348401095,0.171495674063475,0,3.268819603428088,0.4564145728948112,1,0,0,0,0,0,0.4181188435325106,0
0.9265568572254426,1.2395499798323568,0,1.270651614640758,0.15715533988359193,0,5.28298791968464,0.3710480573375231,1,0,0,0,0,0,0.3629212508118964,0
0.743614214641201,0.8097939336600862,0,0.7225350428915456,0.13930856743652134,0,2.8673428612048517,0.32339446390371507,1,0,0,0,0,0,0.6283463513656544,0
1.081174579966704,1.362526689976188,0,1.5724458502226584,0.11375441269851255,0,2.8268276753455313,0.38196795614837886,1,0,0,0,0,0,0.6961980892746664,0
1.038955706919238,1.3733256866613108,0,0.5329792954137995,0.1143326631160763,0,3.8389451250191384,0.36415017162250696,1,0,0,0,0,0,0.4892692359222056,0
0.812986592558774,0.6258303977109357,0,1.0864258605264614,0.13926289777529735,0,3.6452903501846876,0.3211959858967784,1,0,0,0,0,0,0.7249670784269374,0
3.135535005570121,4.477993359657068,0,0.7939769235916665,0.10169749145133472,0,3.2164589855920376,0.2946945571197377,1,0,0,0,0,0,0.48524602246328696,0
1.2532637915291098,1.0131567889300417,0,1.1711188132930974,0.1009806804488709,0,5.293427158350493,0.4425248658327646,1,0,0,0,0,0,0.5342178503832425,0
1.2195235174535164,1.6670105826500738,0,0.6581629938423734,0.1714960026425176,0,5.186631571924665,0.3941315741425422,1,0,0,0,0,0,0.48807892760359717,0
1.781158753741621,1.679435862126865,0,1.1429661084597977,0.08070022594993831,0,5.25525291775282,0.7458450852530452,1,0,0,0,0,0,0.8255047196062604,0
0.9971607439123111,1.2979849687675933,0,1.2082227419634441,0.05618626854807092,0,3.112740685889581,0.24280930950571594,1,0,0,0,0,0,0.34926552328946003,0
0.9558899381521289,1.1742948446562513,0,0.45222040200873265,0.2226685866397618,0,3.9734998273148587,0.26401213541186686,1,0,0,0,0,0,0.5912163875042717,0
0.9823252254020635,1.243967140360768,0,0.2773181836455046,0.19368235815210227,0,5.4162151048933245,0.34294774014084256,1,0,0,0,0,0,0.594447475655565,0
1.1900770257811444,1.5453696054992416,0,1.4596210828810237,0.22169075513206532,0,3.5401621697840087,0.3187619791491137,1,0,0,0,0,0,0.7039014958967545,0
1.0224376667699668,1.2271900579413941,0,0.2921122440083912,0.1937280263936227,0,4.923568483175156,0.38101870306621194,1,0,0,0,0,0,0.7921718127343749,0
1.030920899945797,1.1430387327836935,0,1.0118093226539835,0.15419113311947177,0,3.0305674392621915,0.2551622574589716,1,0,0,0,0,0,0.9800950806120003,0
1.4816189263222652,1.288610593216508,0,1.4241124658901334,0.11492159256890949,0,3.722607094532918,0.36530707348601643,1,0,0,0,0,0,1.102522200923435,0
1.2402916292933976,1.5736720338779704,0,0.2612902647107218,0.08158692035131765,0,4.34165362598465,0.33344051561928584,1,0,0,0,0,0,0.9100190667341445,0
1.3484547642979035,1.6085323003299832,0,1.002914132692677,0.043435874216795664,0,4.530789469190558,0.4221108129945018,1,0,0,0,0,0,0.9731469247790094,0
0.6976346369216029,0.5193998346147877,0,0.32015538845119196,0.08216437693897445,0,2.7371329326710265,0.17880277501139913,1,0,0,0,0,0,0.5874302762618822,0
1.5832698597999018,2.067749599049098,0,0.8272541154262976,0.171495674063475,0,5.102514597276828,0.4564145728948112,1,0,0,0,0,0,0.5353394311014175,0
1.2039305791411916,1.5983752939219769,0,0.08229002478544645,0.10940410586437499,0,2.0594761967103077,0.335310801576751,1,0,0,0,0,0,0.5745177353841378,0
0.9180320302610101,1.0960819994494266,0,0.2757229199279335,0.13937320481918675,0,5.625933716646849,0.2810832800354669,1,0,0,0,0,0,0.7167629321096552,0
1.0967076087833965,1.4860621774463307,0,1.3676695564455994,0.11043421184620122,0,4.844115975036364,0.5561067349917549,1,0,0,0,0,0,0.4304661951494058,0
1.4062701435021951,1.4733035997231974,0,0.963463867778455,0.15631163554067562,0,5.2385314165886,0.6163231559869917,1,0,0,0,0,0,1.2141145881725943,0
1.3017317939222053,1.580633483136157,0,0.6025373954337983,0.13933662700837723,0,5.093527949312284,0.3857764214899183,1,0,0,0,0,0,0.8848142869037066,0
1.5319259920679251,2.032699628067498,0,1.282692628872307,0.1382034484168676,0,4.573680035289346,0.4750538074243393,1,0,0,0,0,0,0.80861310158171,0
1.631896557276014,2.053844711596383,0,1.397502074077452,0.15641953804765132,0,3.404965799844078,0.3696193653152927,1,0,0,0,0,0,1.0999607349867504,0
3.0414993887153026,4.350792632369098,0,1.8904916015979116,0.1669248199937644,0,6.21752802440887,0.4813010234121004,1,0,0,0,0,0,1.2168924679771758,0
1.5192913368786167,1.7750071060376809,0,2.3948211460868394,0.15717467909885963,0,6.173862365301461,0.42849922674616714,1,0,0,0,0,0,0.8424754813892845,0
1.81402255933464,1.3042251818863508,0,1.2473973045917472,4.115159303074105,0,3.8574965176011466,2.1669883244804504,1,0,0,0,0,0,0.6097270882385473,0
1.3962083782562333,1.932349438763457,0,1.2565142406191012,0.24465165636225625,0,5.186584579658387,0.5648290755974563,1,0,0,0,0,0,0.6883793770005224,0
0.9991478911203134,0.9432531595835794,0,0.31679439167483314,4.246120439698203,0,2.572331323499761,0.4305471261875181,1,0,0,0,0,0,0.3586605705644774,0
1.115544552587981,0.915126909508554,0,16.06494120948408,0.10618887825838629,0,9.250740783368213,0.4232249994338376,1,0,0,0,0,0,1.7699310917402156,0
1.3017016935588097,1.5470017804913672,0,1.768921458656875,0.23973022767318844,0,4.359897520794865,0.5495587036440681,1,0,0,0,0,0,1.2186275655114596,0
1.4113536461405183,1.934257850632993,0,0.2848691852368526,0.2146279821009282,0,4.822324177200655,0.6210979719281639,1,0,0,0,0,0,0.7968629043793918,0
1.2263555603235372,1.5757070896590302,0,1.2212149524886473,0.13283621313473437,0,6.3572988345649195,0.49043923918153043,1,0,0,0,0,0,0.7844802794414139,0
1.2388882854243057,1.1211312133479958,0,0.3153112306590147,0.1617257799910813,0,3.4158027303562912,0.3079231470056561,1,0,0,0,0,0,1.1113647220911256,0
1.8068110578027146,2.234260452782307,0,0.9542727149768433,0.10599657439237048,0,5.528454590924972,0.45865717738012607,1,0,0,0,0,0,1.0578895968664366,0
1.9317150398650589,1.9790742935392707,0,0.8826944979693279,0.18108225782516543,0,5.553681254541829,0.3666624053105568,1,0,0,0,0,0,1.2979996968950474,0
3.3539572498721033,3.77502518405162,0,0.7500389150041,0.2868935482605812,0,1.4189595399281405,0.5674261343547972,1,0,0,0,0,0,0.3915120338966928,0
1.3085085110885646,1.5533718712705906,0,0.8946635891267634,0.25588691055483986,0,3.9994788779143122,0.47770199110130085,1,0,0,0,0,0,0.8692855806322772,0
1.4988971850494377,1.6164509808122027,0,0.9935890290303999,0.14464178261596822,0,4.895474029475743,0.3502259392328929,1,0,0,0,0,0,1.4638553740155504,0
1.2322269808517123,1.272175555593124,0,0.8265882793906514,0.07818076516755813,0,2.7237580673134216,0.34358607450692885,1,0,0,0,0,0,0.8953244674037208,0
1.3019055155501955,1.400807620254148,0,0.9368900050076135,0.15782144597074316,0,5.861555270063356,0.44022327192897326,1,0,0,0,0,0,0.6866645271562838,0
1.2552224740260676,1.1721140255170408,0,1.2231946260584525,0.14668135809617913,0,6.579533531517947,0.377445111304657,1,0,0,0,0,0,1.0783698822886207,0
1.2161361918007165,1.4614483452983231,0,1.018051394467688,0.10573660526129366,0,4.978887500970123,0.3319649363837737,1,0,0,0,0,0,0.8947754436581004,0
1.4231949343242642,1.6771678072887164,0,0.9471262690363906,0.14620311929514238,0,4.609514391990384,0.39824776544382573,1,0,0,0,0,0,0.9733423926496623,0
1.150189247641753,1.2053282649045918,0,1.0963765457544132,0.10949349500255078,0,4.269134083561557,0.2629261550909941,1,0,0,0,0,0,0.9194048283565512,0
1.507578670903139,1.9495795849626052,0,1.4805878889311719,0.10425964622469922,0,4.556845142158294,0.4011251465817824,1,0,0,0,0,0,0.7400427019170394,0
1.373864172330412,1.7397047479051817,0,1.3341336672773263,0.10477667487884396,0,3.0198275632215177,0.3455213887691607,1,0,0,0,0,0,0.9889935826650005,0
1.0646584461433486,1.1382037570749695,0,1.1374587983520943,0.15742417716259857,0,5.785932842966384,0.27225151142538495,1,0,0,0,0,0,1.018260944187124,0
1.2272445233621627,1.3537139101388331,0,0.5130643427587493,0.10478555281925775,0,3.683600921064526,0.40368106407037074,1,0,0,0,0,0,1.5087549687375916,0
1.1180855206745908,1.338515775810021,0,0.6574985379317062,0.10407480716822606,0,4.5267466871148905,0.4343583791930864,1,0,0,0,0,0,0.6442739661401665,0
1.6448375264363952,2.2983134978522575,0,2.4617813035490865,0.21223888325503928,0,4.99710964453504,0.41296055950041427,1,0,0,0,0,0,0.4370342272757967,0
0.9477995553087315,0.986561167084539,0,0.27710594447617676,0.15464327232152475,0,4.01990716413892,0.2535375044840697,1,0,0,0,0,0,0.9818188230291304,0
0.9465560566861402,1.1578369535591209,0,0.6511908501669481,0.10592376073696158,0,2.8147864432142233,0.5511515123575506,1,0,0,0,0,0,0.552773119249963,0
1.0644284031093239,1.424393107867156,0,0.7103163688751798,0.10258750217610094,0,3.668745829994978,0.34496533187510736,1,0,0,0,0,0,0.5120102933338064,0
0.9957785806023617,0.9127121790950954,0,0.948902975202527,0.11092518451317857,0,4.067186513894292,0.4615945360349243,1,0,0,0,0,0,1.1856200670754669,0
1.0510725494056312,1.0926993172611703,0,0.5902418082671244,0.2067361656035276,0,5.708057788175761,0.27720406065708325,1,0,0,0,0,0,1.3379906983464718,0
1.3136808429557392,1.708228710048997,0,0.6160672983635034,0.15509565705688744,0,4.379109050063684,0.32236828444570287,1,0,0,0,0,0,0.8251016612025194,0
1.083727810080262,1.3391612079337671,0,1.097481352938683,0.1340209735790692,0,2.8392060019147327,0.3676726525842905,1,0,0,0,0,0,0.6083282388381908,0
1.2846353823304113,1.6835185106485284,0,1.011428868581328,0.10448710457239603,0,5.189477904931943,0.3684599334416729,1,0,0,0,0,0,0.61092781674423,0
1.0246395670761765,1.1474796104142815,0,1.0701138682091682,0.16299468118432242,0,2.106097532172191,0.27290889749824776,1,0,0,0,0,0,0.8418176175214339,0
3.3095497185001714,4.0265519310636,0,7.525028477641312,4.309114301875405,0,20.959779866698575,4.062885636116927,1,0,0,0,0,0,1.8145419540389534,0
2.3890713779758257,1.3510125840717393,0,8.448808517027315,17.054987142723917,0,19.437714783655597,17.01635388063709,1,0,0,0,0,0,1.4966926275821257,0
3.353131983451588,2.7759629664364662,0,5.576576588367475,7.63622734905825,0,8.060204925124875,2.292020210014276,1,0,0,0,0,0,1.7964333557014678,0
1.0307587698073226,0.9354129967839349,0,19.78424028409344,0.11330756425182255,0,13.087160521414267,0.3393919088660009,1,0,0,0,0,0,2.196724548652849,0
1.237056981021508,1.2268712501736625,0,1.1166456623223302,0.0824168348346179,0,4.330409634101481,0.2896864441781618,1,0,0,0,0,0,0.9825856302915227,0
1.4584460836721125,1.5743907126330383,0,3.2975045521234096,0.26298107400598614,0,3.7881710989960977,0.4429155996647775,1,0,0,0,0,0,1.0951730035909921,0
1.5044501588999253,2.0558634908529205,0,2.6961901118187086,0.592556890383856,0,3.8738092344804014,0.7471366327260976,1,0,0,0,0,0,0.44377028121862416,0
1.1390861150740703,1.3062446991621774,0,1.1312106910700512,0.17524928675708126,0,4.8071067299485915,0.5238965679751952,1,0,0,0,0,0,0.901218438075261,0
3.8129723623424128,0.9964650350323093,0,55.489663286766024,1.9146792030086774,0,22078.221774013466,0.8190402938268874,1,0,0,0,0,0,4.1013567001574405,0
3.6038881975907953,3.591357428178089,0,4.4562813397348275,3.1195908783205204,0,21.083753480971673,2.8561217478092216,1,0,0,0,0,0,2.9826152491600864,0
1.624681055546745,1.7018127478044613,0,1.8778197903965006,0.7968825347184377,0,7.619921446656857,1.1154263150086172,1,0,0,0,0,0,1.0281813412549063,0
0.9316520908923029,0.8720236442663379,0,0.6697037804149262,0.23485834895116459,0,3.813170885670729,0.39730568248996384,1,0,0,0,0,0,0.8166199872026326,0
1.1949010879979982,1.408094644317149,0,0.9841514005476859,0.17626794346405447,0,3.997209439183652,0.5061964518648524,1,0,0,0,0,0,1.0103214357461447,0
0.9571804280638718,1.1407205283326391,0,0.8754607410099675,0.17211296356426056,0,4.33512077474553,0.3844664084975914,1,0,0,0,0,0,0.7516191664287096,0
1.1084129030663625,1.581589957738632,0,0.9632126823264013,0.08423508718293372,0,5.517048292997603,0.3281892932263524,1,0,0,0,0,0,0.41030330282050964,0
1.0143620438538685,1.124280947437559,0,0.8497420831714464,0.11975646506974576,0,3.9670141452975534,0.371699488056817,1,0,0,0,0,0,1.0031847380758538,0
1.0224790287241623,1.167476464120187,0,1.20969700822092,0.20465928143683837,0,5.142774172068865,0.46241357692242296,1,0,0,0,0,0,0.752132074570017,0
0.8415359178660387,1.1455232201108956,0,0.31486016859293775,0.11392220800708383,0,2.347946417680576,0.26828476616962704,1,0,0,0,0,0,0.3929970857160111,0
0.9081798883548862,0.9296142653501936,0,1.4315832423530588,0.17446769304566076,0,6.116730548543156,0.3631697678181446,1,0,0,0,0,0,0.9567501751717522,0
0.8237900529096293,1.1267981806112977,0,1.0215208564660248,0.11776933324394728,0,3.1931290126580234,0.3341922446091735,1,0,0,0,0,0,0.43465374083562347,0
1.1660456954515148,1.1502141518241853,0,1.122989908437787,0.16565310852252213,0,5.911562538460112,0.44441660591159576,1,0,0,0,0,0,0.954689222881145,0
3.6568927222591885,4.451575349128296,0,3.6293249612122915,0.44411119588508763,0,7.479049300153333,0.7549852969210022,1,0,0,0,0,0,2.0046459128157,0
2.8099241517801743,3.7568364882617646,0,1.3184712457428773,0.24040037081524848,0,3.3451770671578447,0.5899307118037821,1,0,0,0,0,0,0.5775619255712897,0
5.528667008595267,5.66383736755937,0,0.8343357665780695,0.22857391661612997,0,7.43859514770026,0.24064035319183438,1,0,0,0,0,0,2.2887069286147934,0
0.9138388413430764,1.1504169302205849,0,1.6345720782298148,0.26071019423666675,0,1.7720530070958374,0.359856451798958,1,0,0,0,0,0,0.3472076682084517,0
1.0850783815994332,1.104781315350189,0,0.5592758489357811,0.11844772828845496,0,4.3695868564709635,0.4892705791164021,1,0,0,0,0,0,1.0560678660235185,0
1.3102867150724409,1.5019267699198158,0,0.7986670478593068,0.16303929801068817,0,2.9924839555049285,0.35729396680636183,1,0,0,0,0,0,0.8895562907345418,0
1.2198534342422498,1.2591083410658532,0,0.5231684973276002,0.1615592908409278,0,4.447107028646046,0.35460832837179335,1,0,0,0,0,0,1.2267104684869838,0
0.9258887782757464,1.2323759722868808,0,0.6914286500630245,0.22086277466093196,0,2.7036499649687302,0.3981119158932819,1,0,0,0,0,0,0.5294062080447464,0
1.2382621008498758,1.2284238011002688,0,0.8000036050788177,0.20148654329202154,0,3.299803996574376,0.31534204893395323,1,0,0,0,0,0,1.2701021945203168,0
1.2316664537633142,1.5281068488513512,0,0.2528367604576878,0.17567756959335204,0,3.2283131864911128,0.3134428635071005,1,0,0,0,0,0,0.9974413586626552,0
1.1188307428856545,1.3403476666123946,0,1.010242869481795,0.14260689613934516,0,5.6755855574830605,0.33938552318393767,1,0,0,0,0,0,0.6962361778328017,0
1.0752863837547353,1.3387566199263572,0,0.30828297600485577,0.14271445574972477,0,2.3571328282924195,0.31112300899684264,1,0,0,0,0,0,0.7686844811310327,0
0.8234041027556303,0.8868493379247498,0,0.6850351948004105,0.11699403819988208,0,3.815818668328472,0.2590901742936388,1,0,0,0,0,0,0.8051714570052508,0
1.2072545194660558,1.3063818415042,0,0.6366738064941395,0.16175969857985406,0,4.147893899448382,0.2660357467892225,1,0,0,0,0,0,1.1956825914357059,0
1.0256788034067144,1.3001916922214685,0,0.30010205671908785,0.11385527324774453,0,4.5781297318078575,0.1881661328558012,1,0,0,0,0,0,0.6410524800191374,0
1.4401714398970167,1.7606724075796167,0,0.6534105250616844,0.2298556533118587,0,4.953002866866749,0.3450939962399089,1,0,0,0,0,0,1.0138994993062562,0
1.211956301859443,1.5203053439368852,0,0.24469587706613008,0.17282055962526255,0,4.957949216477623,0.5667176062383488,1,0,0,0,0,0,0.7921140313645729,0
1.166576203846216,1.3238254933583544,0,0.4974165061321893,0.17266840331766722,0,4.18342244218875,0.31170969022811407,1,0,0,0,0,0,0.9032423177551363,0
0.931824643093469,0.96895519390024,0,0.34895381678792947,0.11366420252819873,0,2.367954296200666,0.3023116709157817,1,0,0,0,0,0,0.8939299609429585,0
1.1579387606334186,1.0760930724767548,0,0.5520097994461333,0.08361413331152451,0,6.1013274100298975,0.28539005407925866,1,0,0,0,0,0,1.6165785546133753,0
1.6910543218350635,2.0602742065653,0,1.6469914441218676,0.17581959024445915,0,5.441052879574034,0.4574976235714148,1,0,0,0,0,0,0.5647773402489433,0
0.7056288795362547,0.643516960022646,0,1.2096490519858083,0.10161572118140147,0,3.7777652620396664,0.2533696373270355,1,0,0,0,0,0,1.075362688299516,0
0.8947848636121587,0.8129260571329592,0,0.5706269222973699,0.11325433897093028,0,4.266054156566941,0.30282861494991065,1,0,0,0,0,0,0.9864946824359603,0
1.2071433463483907,1.426867531661052,0,1.1696147660274923,0.1748876701905447,0,3.200203665085961,0.457148753692892,1,0,0,0,0,0,0.774285870735678,0
0.658261313523701,0.7357414120817496,0,0.7035404584383177,0.08338511081428808,0,3.372596172661353,0.2887327280634334,1,0,0,0,0,0,0.5062477824631186,0
1.5014588557221848,2.070774995701199,0,0.8727800899067921,0.1415227610409587,0,4.82373806083183,0.32946330166499943,1,0,0,0,0,0,0.8303191680913505,0
1.1519062883628768,1.4465337377979008,0,0.7888358206190771,0.1990017990007153,0,3.6468265769692545,0.45949398179947193,1,0,0,0,0,0,0.5148513390836162,0
0.737573003491719,0.6064241894731032,0,0.5322660247125798,0.11542478933649147,0,4.000081359328864,0.12181376061662559,1,0,0,0,0,0,1.0495274837129132,0
1.9191719875150208,2.5092929331946543,0,0.8434248913098454,0.1991711489212486,0,4.127070096080994,0.4828675761313371,1,0,0,0,0,0,0.9120852244603197,0
0.6688420547242562,0.9191098278009694,0,0.3700953434878236,0.14165613293594764,0,1.6172644763512583,0.31336911897713504,1,0,0,0,0,0,0.23142214979402675,0
1.3424945609108125,1.7680965486485667,0,0.6110864562500455,0.11547925325049554,0,4.158934020095547,0.4130687116931828,1,0,0,0,0,0,0.7184330175256701,0
1.0120444175341903,0.9008681300471848,0,0.6067335272684905,0.1684945690107238,0,5.034063126771699,0.22976806191047056,1,0,0,0,0,0,0.7491099072334932,0
1.3589390204078429,1.9137814954531402,0,0.8685983428855213,0.23176211271497463,0,2.4321644806144693,0.4829365455428425,1,0,0,0,0,0,0.5499988333300782,0
0.8098642589188636,0.578433829130657,0,0.8027536963756902,0.054335805839665206,0,6.037025605723944,0.1243899804348429,1,0,0,0,0,0,1.4710448921520332,0
1.5675281149286142,2.200175916124016,0,0.9975230425120793,0.1592867140921866,0,2.864472536184092,0.49158666142721374,1,0,0,0,0,0,0.7488992382494923,0
0.7692605396015593,0.7643879793812753,0,0.21842695785947655,0.05391364416200384,0,3.368815483109073,0.19805739970426425,1,0,0,0,0,0,0.7854313003182332,0
1.4222502109213542,1.9020987005258736,0,1.3757019985118486,0.19979314536861068,0,3.960669317860045,0.5260292402403423,1,0,0,0,0,0,0.8674222893708764,0
1.312265913089051,1.3175049588577534,0,1.0787099473297335,0.08345189693026203,0,6.234518505308876,0.1812548032940739,1,0,0,0,0,0,1.6457834576991475,0
0.5912103236010722,0.7670885943737813,0,0.4719402538089513,0.0583379577254442,0,0.8390152289399968,0.31375937958649647,1,0,0,0,0,0,0.3397743475178395,0
1.3160505942620992,1.9303429074534113,0,0.7666917877671265,0.15937131078473105,0,4.034405348976348,0.2635964637281444,1,0,0,0,0,0,0.36880046391698773,0
0.801936264253813,0.9096565548527696,0,0.39263130296705706,0.17026216539630373,0,2.3250760511648325,0.3718871483625936,1,0,0,0,0,0,0.5841511668653475,0
1.3824792064812828,1.6992616668234124,0,0.6124864412944502,0.05379873695976418,0,4.101908438469361,0.4716678338291531,1,0,0,0,0,0,0.9900868258214071,0
0.8710028837492559,0.9830353212960004,0,0.3902618645152771,0.20027506222218436,0,2.160971701428812,0.2173615272002677,1,0,0,0,0,0,0.5100694187883674,0
1.0307443043220819,0.9784012995011073,0,0.7464899775882767,0.04349653883736839,0,5.707801344685201,0.18305710698418776,1,0,0,0,0,0,1.3765907803028687,0
1.2202535860812453,1.7262116937174226,0,0.8655622288348039,0.11180766396783128,0,3.953016043788306,0.476412306079218,1,0,0,0,0,0,0.4253482404577226,0
0.9212162888497588,0.9556605478330465,0,0.2628553082155166,0.054203771868605144,0,4.439341273325393,0.27919097853610464,1,0,0,0,0,0,0.8869236229925201,0
1.4163264853853637,1.853251092376983,0,0.34295194706495463,0.28345500708633287,0,4.004109097296869,0.5567327675915423,1,0,0,0,0,0,0.7477445303178946,0
1.164650515537594,1.405797243283233,0,0.2105521620034409,0.14091555394821526,0,5.826439968657274,0.29541558007849605,1,0,0,0,0,0,0.7765629299287391,0
1.1322963815212694,1.6003051113305515,0,0.3845836148763627,0.16942913743114557,0,2.50728541712181,0.3467254591515413,1,0,0,0,0,0,0.327296514583317,0
1.6205618236007386,2.0863020019246643,0,0.8554411163513485,0.10005285778856193,0,6.800666103240582,0.30064297289726116,1,0,0,0,0,0,0.958641792308847,0
1.2392676371573357,1.498782790297835,0,0.177321786023513,0.1126179620475618,0,2.4901620161221043,0.46660460686040073,1,0,0,0,0,0,0.8937362912463813,0
0.7099818698646774,0.7418358870553688,0,1.0189060482103414,0.054160723333061045,0,5.544206222016749,0.20702800986210274,1,0,0,0,0,0,0.81302414878247,0
1.1147440941475546,1.373536852390952,0,0.3044195275769439,0.17256130277796,0,3.0383231899035774,0.44688606709553685,1,0,0,0,0,0,0.7537843120865576,0
0.8689970100920625,0.9161529915057534,0,0.4151022585092074,0.08238798759394075,0,2.470612696126423,0.2545592976602984,1,0,0,0,0,0,0.700032768342577,0
1.6171771795885364,2.2204302605052892,0,0.9443425642489602,0.19801787785812547,0,5.107906347203179,0.48024453859127614,1,0,0,0,0,0,0.819655994603163,0
0.885430334271368,1.0592040003560825,0,0.30845892194061125,0.0838410070069136,0,3.749385879142493,0.20818275497327487,1,0,0,0,0,0,0.41067809589146054,0
2.012351981786022,2.733721961906804,0,0.8474669408072405,0.23196734500088179,0,6.028098633137917,0.7027283559263944,1,0,0,0,0,0,1.1903344420280808,0
0.9420666253990904,1.2835163723179885,0,0.5377265217467491,0.1147144169025383,0,1.5616885619108483,0.18921438958808076,1,0,0,0,0,0,0.2625587600807895,0
1.2200663084321972,1.3653463337649219,0,0.4741800282667208,0.14194970762482578,0,5.288175408923066,0.4123853554156401,1,0,0,0,0,0,1.1695711076229003,0
0.9112016598974841,1.0179938348451294,0,0.328926868412703,0.14098893712566096,0,1.0736095175295146,0.2318364611973041,1,0,0,0,0,0,0.6935562652077363,0
1.1257516595427326,1.11606125966677,0,1.1882807289215704,0.13999640943944344,0,4.452098843092291,0.28854369415011394,1,0,0,0,0,0,1.1339910458063531,0
0.8842878304939108,1.177711213036209,0,0.3381438009106945,0.1598186809481926,0,1.4545778053213552,0.4951661411232062,1,0,0,0,0,0,0.2658000755110392,0
1.4066608893997663,1.3967071276274805,0,0.7869257030315169,0.09982847785309316,0,5.419036767359643,0.3031330982872926,1,0,0,0,0,0,1.590165125531056,0
1.4757234304893259,1.8285923198128304,0,0.19132917026065294,0.2734483597196964,0,3.0764422664693027,0.5222411003523479,1,0,0,0,0,0,0.9140722928914331,0
1.0172030673885213,1.0466975692017106,0,0.7985804727896338,0.08375990246878298,0,4.994385509269025,0.1502897391102212,1,0,0,0,0,0,1.2921038424183906,0
1.561834388287868,2.230315223096266,0,0.6554367234516706,0.1987086961774907,0,3.730837733387313,0.37342781570331407,1,0,0,0,0,0,0.6761439674126253,0
0.6913411342571965,0.5872008224586643,0,0.6017113038313381,0.08351997704810117,0,5.423101804728427,0.1537694578358068,1,0,0,0,0,0,1.3063735599585802,0
1.2472460209718244,1.6589230184312214,0,0.22546276957138336,0.23063536072637497,0,2.440637646654694,0.5157798223668979,1,0,0,0,0,0,0.6089506787533703,0
1.4511208656891268,1.482064716708442,0,0.80240133704417,0.10122095814296825,0,4.592650759991168,0.20065574348320264,1,0,0,0,0,0,1.918587196145138,0
0.7746277636363189,0.8845501237407436,0,0.45986665821652695,0.17256093620950652,0,0.8759348345509843,0.3321196535764191,1,0,0,0,0,0,0.5713732733267023,0
1.5198276968194793,1.8071262750742754,0,0.4477609819398166,0.1600708004641077,0,5.533605296327103,0.50241443332115,1,0,0,0,0,0,1.3611494915799773,0
0.5455618233786319,0.5375628333978416,0,0.37431758193147374,0.05764496021514472,0,3.8008902714627477,0.083858144749442,1,0,0,0,0,0,1.4311893970086995,0
0.834092017171547,1.0637447959843762,0,0.22853261983906675,0.19735198848176747,0,2.2977004078204435,0.4221881689854692,1,0,0,0,0,0,0.3826861161772275,0
1.654606430864892,2.064314937708426,0,0.7703284333988408,0.1598470873070445,0,4.53129660622422,0.5673226151536678,1,0,0,0,0,0,1.346061049390992,0
0.47280679477361043,0.404396210295253,0,0.7497430839397848,0.05815191513024063,0,3.8388933248237995,0.07338671821010208,1,0,0,0,0,0,1.0931329726177967,0
1.0441740040606307,1.4903108198376942,0,0.21737627152155078,0.2326667896487299,0,1.8859839328177772,0.5349237374663578,1,0,0,0,0,0,0.389043208101139,0
3.245684681079094,3.769725418686835,0,0.5569584006813584,0.15873318746272058,0,7.275009481883967,0.4417856548892695,1,0,0,0,0,0,2.1116032761607872,0
2.328634951971646,2.3420640513110498,0,0.5370200397589786,0.19902538254990862,0,1.4055743096091255,0.3443473580890508,1,0,0,0,0,0,1.0345966735013166,0
1.310870219872531,1.6172802129133401,0,0.677261158942257,0.16033338144470147,0,1.6893199031946877,0.5208073542482194,1,0,0,0,0,0,0.701448128971073,0
1.7838390788139802,2.156101001758646,0,0.7243833366806498,0.08330816591034716,0,5.67413810239656,0.3250283351783909,1,0,0,0,0,0,1.5155599155063413,0
0.5343834317889864,0.5599633284874942,0,0.7757029538727348,0.17302296166477488,0,0.8811980258831436,0.29288714958394824,1,0,0,0,0,0,0.4487161644535593,0
1.7806853547057577,2.0506773257511846,0,0.42257392501261193,0.15646385070936367,0,4.123772476547742,0.523311678150761,1,0,0,0,0,0,1.4566017876141009,0
0.7926794500058605,0.8389037682104243,0,0.5451352931890543,0.115692256155843,0,1.9096237608414635,0.0803060632690276,1,0,0,0,0,0,0.7320410552435588,0
1.966958218149563,2.9840981577943433,0,0.6564021916242684,0.2000088566854983,0,3.0876509538409196,0.6156693901302043,1,0,0,0,0,0,0.651357465281869,0
0.9780944530970163,0.8020407248135695,0,0.5556539422667324,0.05807677890202266,0,4.305023604850633,0.1391431409630129,1,0,0,0,0,0,1.7138323346244766,0
1.212774722957962,1.5979208963060052,0,0.8556091703867039,0.2298872640713756,0,2.554781531765166,0.5052755530578354,1,0,0,0,0,0,0.4199955788864581,0
1.5691696595445936,1.546473306791976,0,1.1844966433924804,0.11095943569354615,0,6.217572900005948,0.212792898111484,1,0,0,0,0,0,2.0206689002385447,0
1.0383764823760107,1.3978768384249645,0,0.2561199383586496,0.23123115453483672,0,1.5161192776992656,0.37342781570331407,1,0,0,0,0,0,0.543219717983221,0
1.4904476196715337,1.7150059300856784,0,0.8976831035446652,0.08260012985117032,0,6.1049646568053655,0.2769932610644027,1,0,0,0,0,0,1.3667194255641113,0
0.8062236414104069,0.91371326341157,0,0.4785025756240976,0.05420801855280606,0,1.6646516785897556,0.29007505614612294,1,0,0,0,0,0,0.39739866694075454,0
1.3367615855259931,1.6795934910665697,0,1.0612482057403962,0.11555697406781282,0,5.790670424595902,0.47674242206880646,1,0,0,0,0,0,1.0047431052857236,0
0.5605990871414035,0.49566077048566404,0,0.383689436418731,0.11520234262270897,0,1.7323318954120863,0.262298712499368,1,0,0,0,0,0,0.5638758324500383,0
1.5948773923101818,1.8712999368009147,0,0.14986357735370381,0.15816463968182504,0,2.640368104027753,0.6235271709752768,1,0,0,0,0,0,1.3281504656075915,0
0.850666836770771,0.7127775531664995,0,0.780447581350036,0.04377235997306544,0,4.198529429243235,0.17320491210023206,1,0,0,0,0,0,1.6499766429244884,0
0.8406414221957645,0.7455416452652507,0,0.46860713515832064,0.11236495147447492,0,2.3614409053983443,0.622151829823997,1,0,0,0,0,0,0.41183842524957637,0
0.604233888105977,0.4727854827597997,0,1.5510029539248429,0.04306977639594904,0,5.5006183029017315,0.13882045887535668,1,0,0,0,0,0,1.4097266946238753,0
14.630691503044929,18.614458932284073,0,4.0759582965570145,2.538721739469543,0,2.52261597297422,2.865918880555877,1,0,0,0,0,0,1.3033761245233948,1
1.6519757629251435,1.7718148033887007,0,2.0118603919589413,0.3469787352896446,0,4.8016248591896735,0.3778928161354304,1,0,0,0,0,0,1.3429434451180764,0
2.390148807171463,3.355170943181074,0,0.9305804878805932,0.4017636287137901,0,2.68325940239661,0.744841719445515,1,0,0,0,0,0,0.8711568424776456,0
0.6799624005276345,0.6041828564278716,0,0.23059083675963454,0.055136848689446336,0,2.8160516383983554,0.14983552395427246,1,0,0,0,0,0,0.8601436667149842,0
1.6607462467147878,2.114707809540647,0,0.48570888017340413,0.19726419722925065,0,5.151169581405824,0.3632264651651327,1,0,0,0,0,0,1.0147526206506132,0
0.8187820973615461,0.8451925983839514,0,0.30112620817930824,0.11574789322744379,0,2.0525149107817,0.3915665487303792,1,0,0,0,0,0,0.7912154397579156,0
1.358841473750321,1.5198904939466549,0,0.5369145073756316,0.20003701899735907,0,6.243120907703309,0.3737266279926621,1,0,0,0,0,0,1.2038100738827773,0
1.0652955742414396,1.4190521185562495,0,0.2927955036396484,0.1994768611370672,0,1.4098280220425126,0.5457622331208324,1,0,0,0,0,0,0.5293469528857384,0
1.3443510555728926,1.0453446700582478,0,1.532728126373963,0.0823261541098099,0,5.514957905979529,0.21721806431458543,1,0,0,0,0,0,1.1071132491964089,0
1.448660029008943,1.9091902239878789,0,1.719981942388526,0.1988718801963924,0,2.9673559102878406,0.4142247943166847,1,0,0,0,0,0,0.7065671122886925,0
0.9532339884750114,1.0563256232085685,0,0.5233640740387059,0.08381284455800447,0,4.235796149956398,0.08626430784646845,1,0,0,0,0,0,1.2523559623364922,0
1.30190657218846,1.7308351170357212,0,0.5563086114071367,0.11268591115920326,0,1.6932567746671385,0.49288073772987795,1,0,0,0,0,0,0.45642752751354654,0
1.1110062847241564,1.0575977456061432,0,0.6421054021734405,0.08241251926400237,0,5.740266434704606,0.2881953503786955,1,0,0,0,0,0,1.7725917047170576,0
0.5753331612010644,0.7050955993010315,0,0.4052309744903509,0.17529738831713396,0,1.3705446968532313,0.3155306160746774,1,0,0,0,0,0,0.3044200417025932,0
1.6713127177868083,1.9455502631371007,0,0.5960217341261056,0.19940367195978848,0,3.501003959651518,0.5225583095444044,1,0,0,0,0,0,1.2560587073024663,0
0.5866061469417667,0.4825773616578197,0,0.8064140339615158,0.04331257415016889,0,2.8898572763520316,0.14094132805285509,1,0,0,0,0,0,1.1386704377712902,0
1.1100842982736392,1.6294894172875536,0,0.4140634888187704,0.15976745038779921,0,1.2929887736528878,0.37473371428764257,1,0,0,0,0,0,0.26780325209697464,0
1.5247363120798352,1.7007868509385606,0,0.6662010805919625,0.11002618206675954,0,6.174456770809654,0.30696680906884344,1,0,0,0,0,0,1.3850264631041789,0
0.5230957894418204,0.5318737122695624,0,0.7241553724162209,0.10088338186000428,0,2.0474280391354096,0.21721806431458543,1,0,0,0,0,0,0.42028989217971785,0
1.5647281338502184,2.111781512746443,0,1.1362480594210425,0.1965597485166954,0,4.197788722704363,0.5393042458900508,1,0,0,0,0,0,0.9923543602627334,0
0.7817956550974549,0.5926875563608337,0,0.2434117895187157,0.0827830549889104,0,3.6967202246754556,0.16579286807942398,1,0,0,0,0,0,1.388040898849023,0
1.1314453592514924,1.4292168238630343,0,0.6345811031570259,0.2294491121338962,0,1.8543413202179644,0.5755781595300105,1,0,0,0,0,0,0.652157704692647,0
1.3745321054352324,1.3971524127776462,0,0.9696437009425811,0.052824100483240655,0,6.747134532458968,0.11649801535281075,1,0,0,0,0,0,1.5038552026809389,0
0.958620672914765,0.8530775365754365,0,1.1535474825926944,0.19848028069522528,0,3.622878028829547,0.34439517516322216,1,0,0,0,0,0,0.9442894003915419,0
1.2546784720427795,1.1941295803659058,0,0.6208288703070833,0.044651903993885106,0,6.085797651373873,0.259302377055172,1,0,0,0,0,0,1.6318930407128562,0
1.3047582329913623,1.0305743437201278,0,0.6296594398663284,0.15702621885195847,0,2.0929499341678706,0.3478816042809628,1,0,0,0,0,0,0.7132840216860865,0
0.9255176724663672,0.8691732072684989,0,0.5152633245617833,0.0994505158598174,0,5.59339023695788,0.11649801535281075,1,0,0,0,0,0,1.1769095833652834,0
1.4362855217100878,1.750491290827649,0,0.49668848047317493,0.22942922315822603,0,2.889151967768334,0.5331633277897213,1,0,0,0,0,0,1.1304654067276618,0
0.9975118267967809,1.0582828075817452,0,0.38932843590150684,0.10071398572098965,0,4.243915171575303,0.1738232254968158,1,0,0,0,0,0,1.1375608218951814,0
1.2349870616538994,1.7380687458748338,0,1.1870392142151902,0.17176817309527054,0,4.304069663033104,0.5865511686766834,1,0,0,0,0,0,0.5322110125407843,0
0.6261233038022882,0.5519928541271856,0,0.4584535696915666,0.13970253927955698,0,4.0552213652471165,0.13421420846697144,1,0,0,0,0,0,1.1508318301385396,0
1.9031245685887361,2.177367923687645,0,1.0069607861121876,0.1969368729984388,0,3.732117651228088,0.6523576086588155,1,0,0,0,0,0,1.602560627808072,0
0.7603858773670313,0.8686821195062089,0,0.26464641712735737,0.10030194934139874,0,1.6106942413017526,0.3516702486987896,1,0,0,0,0,0,0.535137442429483,0
7.196604337408776,8.340065767151863,0,1.9628774805879654,2.253405021419823,0,9.08717085447432,2.014430700489429,1,0,0,0,0,0,3.3834105748167174,0
84.02878235883837,125.06732123270545,6,32.824777277508545,10.931089717170966,0,163.47297845910526,6.05316434957038,1,0,0,0,0,0,3.4650346433620127,0
262.4506495446194,248.16974026432314,1,108.80868581492133,10.241352304095095,0,28075.531745778317,18.83055178124509,1,0,0,0,0,1,79.76222709098269,0
867.9650146725722,818.0149455923713,3,96.83209746103711,5.683865385039372,1,12217.83449627386,11.894329290620554,1,0,0,0,0,9,312.69225055501533,0
10463.169893345459,17920.619635960098,0,26.282784337333073,4.207056834854843,1,41.53651215039576,18.69913109336901,1,0,0,0,0,8,21.75956376711779,7
12650.049400068516,21819.38502927604,0,11.378667758733172,0.5823387637617579,0,26.904218925871337,2.7382205338584344,1,0,0,0,0,3,9.303507397981384,9
11374.592051159329,19623.478021437975,0,6.753564990649359,151.81786273832162,0,5.536715963826868,3.4148745269024356,1,0,0,0,0,1,6.006773403914244,8
13485.900887663363,23354.56213039186,0,3.071703665915301,0.27147942280775567,0,3.610632025483815,2.9710733653914114,1,0,0,0,0,0,1.6152049246301265,9
4994.364043849655,8640.662249257035,0,3.227942359141286,0.977564601103923,0,3.929526991492071,6.1242978595826285,1,0,0,0,0,0,2.1252710314335865,3
8.357322156687573,6.107749328931858,0,7.046167226587219,0.10627869476942191,0,3.5995844814551705,0.9649907124035881,1,0,0,0,0,0,4.452923606071471,0
21.365401163694322,30.44172108960163,0,7.8975203473096585,0.5077913308628177,0,2.9095245024235004,2.4978194033813104,1,0,0,0,0,0,5.908989464883902,0
574.3459860393832,845.2350639418313,9,44.59929532304135,95.58820357260007,9,27227.961180615737,94.59232062763397,1,0,0,0,0,4,22.65021856094392,0
25.476399083576162,24.287733800934326,9,13.991758245967544,3.1869569987939075,0,23103.16823621228,7.260783996853529,1,0,0,0,0,0,12.666043362743885,0
34.21103778277408,50.89092543734723,1,7.493599997708929,1.7378879433450511,0,1.8863022900162472,3.6629506055857686,1,0,0,0,0,0,3.779690137036865,0
301.58508500208615,469.66421367883873,0,1.3824626720195936,1.8062081511766965,0,13785.514418969844,2.1797322143703286,1,0,0,0,0,0,2.9940110312744297,0
14.667500954736555,20.99349266560075,4,1.489336105363271,0.07317351751453931,0,13624.124294334664,0.24065124256925047,1,0,0,0,0,0,4.302241269590666,0
11.827090233713381,18.182199582090966,3,1.5983239593743428,0.6702296506190051,0,29068.51543805146,1.9039467213408243,1,0,0,0,0,0,2.8666238326501885,0
13.766632034742575,12.900732227474109,1,4.698094788493684,1.3010578117229379,0,2.325477787689402,2.7576039931520246,1,0,0,0,0,0,1.9706758858633708,0
32.352935208236666,39.08061748321972,0,35.14124511656537,1.9597669805506683,0,29965.917534767425,5.279722148710977,1,0,0,0,0,0,21.11729220241259,0
8.194192812083548,11.811554076800842,1,4.843366077673467,0.6208281449884739,0,31413.937927714505,1.7696535338366064,1,0,0,0,0,0,2.473629093327099,0
9.862441272840343,14.040161339217244,0,0.5633594740732595,1.3564350122509343,0,13927.285158239505,3.318840971125835,1,0,0,0,0,0,1.4838365357419123,0
3.4590112249305722,2.507392798867165,0,0.40375162619365673,0.3837381591599943,0,29267.01720530768,0.8017874332394765,1,0,0,0,0,0,4.819155738727361,0
9.157946097284267,11.490715487411562,0,2.4281843145138313,1.3452936940931255,0,29557.56085847892,2.799236839984069,1,0,0,0,0,0,1.302663186153614,0
10.359942568763099,9.408597975010961,0,17.169518349993396,1.014753202006863,0,22418.148469283813,1.9317311404151594,1,0,0,0,0,0,23.91056918544912,0
5.3959921499816605,4.4452027506417116,2,20.054253322722346,0.11373710318637144,0,8.82939891679029,0.27974061117535426,1,0,0,0,0,0,11.828041020703576,0
14.259952996811203,16.234614190018114,0,24.53990152051261,1.075962780471817,0,14.92831045065277,2.749338969031558,1,0,0,0,0,0,12.722395904706683,0
9.865859952752103,7.413960242494209,0,25.08668858887755,1.1918889964545354,0,8.186234341615833,2.472552597110063,1,0,0,0,0,0,15.634648650532641,0
3.691602500211889,3.0170128168976764,1,0.5865786048599694,0.1250457872900884,0,29022.289310312794,0.3098041982817948,1,0,0,0,0,0,4.986813302951456,0
10.269913993338477,14.732490007498512,2,0.9597580434493234,1.0282891202470075,0,31467.037885322534,2.850160667434605,1,0,0,0,0,0,3.279518199046338,0
34.27293203374335,56.128776232930036,1,0.7391073128726933,0.9526142111438244,0,29462.16399361519,2.557942945726836,1,0,0,0,0,0,3.15543794868302,0
9.754232122720797,12.961847458232796,0,0.5681024756173966,1.6090931778114252,0,23877.53016252375,3.5290103756636024,1,0,0,0,0,0,1.7469321528498822,0
5.506074041063288,5.457356948171679,0,0.673915160571745,1.0249029655382014,0,23605.459814192654,2.152977499408597,1,0,0,0,0,0,2.5064871984661794,0
1.7117041331470413,1.1674409430984232,1,0.3959128329425483,0.23973142045328932,0,31213.577744635324,0.35158774147326316,1,0,0,0,0,0,3.3880006014640425,0
23.305767205834105,18.624444816575256,1,129.55377245154955,2.0998240282278395,0,27028.87097319747,4.8166224632204475,1,0,0,0,0,0,53.46251814925078,0
33.57398639500372,35.5315111957855,0,24.940703571988916,1.3412583019854134,0,23555.05213664629,2.961584798043254,1,0,0,0,0,0,90.38240726148766,0
11.654724020272894,9.276591564841855,0,96.04545803584924,1.4695886471627546,0,13071.355401859999,3.044396623555955,1,0,0,0,0,0,18.689730157269945,0
6.841867570013561,4.514398018041171,0,15.536794568878005,1.0897533767752057,0,22.1993032959439,2.3892776995308322,1,0,0,0,0,0,12.973330173299473,0
3.108977643593448,2.068249992260214,1,0.7438801320065307,0.8514394574182689,0,28.015318913843767,1.5301122940500103,1,0,0,0,0,0,4.336752049795096,0
6.19285103375697,5.990638310494395,2,1.0200819633267189,0.07218779860611231,0,36.015745508246184,0.04363897290922663,1,0,0,0,0,0,7.0130441936018215,0
10.103938604258149,14.66363531464622,1,0.9942613695092157,0.11052304615994932,0,35.98597540818521,0.6360971803118598,1,0,0,0,0,0,3.755158383174324,0
10.33906993352567,14.352287620331301,2,0.7190811856917874,0.2928462225435562,0,29.068149031533093,1.161370563812303,1,0,0,0,0,0,5.794182210966971,0
11.648489163313474,17.251552362196723,2,0.19422606389244496,0.7189918658393882,0,29.118243073640713,2.218383560213602,1,0,0,0,0,0,4.357769027953791,0
12.544385967667571,18.18983670208924,1,0.9154014882334923,1.2805044977227529,0,21.107785942240575,3.4785814381783196,1,0,0,0,0,0,3.4948264534632085,0
12.50336166926964,18.165698776752226,1,0.4376750279023448,1.5513209942269979,0,26.486466231759877,3.7024655414168435,1,0,0,0,0,0,3.153527034293726,0
12.693302021478814,18.853017204628664,1,0.9438401067852871,1.5982645014929497,0,19.675764831677512,3.6174981892099902,1,0,0,0,0,0,2.0111607627574823,0
11.841455839374705,16.49157365292157,1,0.5860252822592973,1.6968145547105935,0,14.062300792703162,3.859325674653064,1,0,0,0,0,0,3.614964260228047,0
12.0261247659603,16.865781607172412,0,0.920769988851211,1.5959953534365803,0,14.327518774392015,3.651931374977175,1,0,0,0,0,0,1.3114446241261328,0
9.82312698722242,13.258627932222346,0,0.06237721636435901,1.8759861242940632,0,5.690463832107033,3.8929215365056296,1,0,0,0,0,0,0.6454606218578032,0
9.212124519460493,12.61244193280697,0,1.0524337778038866,1.6818949485308012,0,4.218327520152162,3.651931374977175,1,0,0,0,0,0,0.20286094108680208,0
8.873726901870318,11.941470721989504,0,0.27549603525524746,1.7709600880429708,0,0.9659510046215265,3.651931374977175,1,0,0,0,0,0,0.29352290211582277,0
7.423741477113191,9.243548938666398,0,0.2715842575016555,1.6977053807995035,0,3.2876500905778583,3.2838627517149765,1,0,0,0,0,0,0.6030183630097509,0
5.092088509586494,4.6745875300247475,0,0.41808049071799563,1.2886047623058139,0,10.618340820860016,2.803666048154409,1,0,0,0,0,0,2.189880235465365,0
3.64164144363572,1.9582299751831567,0,0.31001112985524354,1.0946384883612783,0,22.954921479892498,2.115395809301118,1,0,0,0,0,0,4.399795001079154,0
2.57829894619226,1.9013654718538828,0,0.7042242806228356,0.8742658806530043,0,36.41790514825081,1.5201478746241404,1,0,0,0,0,0,4.090841750337438,0
3.217214883536443,2.645606153793016,1,0.7483049333893743,0.37816629658847584,0,45.59358693750322,0.6230955684797558,1,0,0,0,0,0,7.470232955616012,0
4.678275129910491,4.117579782210019,1,1.4211412004329194,0.06141820761393515,0,36.825939247855715,0.01975885054800252,1,0,0,0,0,0,6.0483347601864335,0
6.5893645570346555,8.304113808567404,2,0.7291331515606047,0.017221881141747133,0,37.96388360105803,0.2022758142396196,1,0,0,0,0,0,4.396197341268493,0
8.129238896683333,11.402834888827186,2,0.24252257794289495,0.08635332041472811,0,31.477988731222386,0.5333479716993179,1,0,0,0,0,0,4.212261942644736,0
10.335534379394723,15.020968105550892,2,1.007443240043867,0.3986217498796724,0,33.33151014562445,1.3542135111769582,1,0,0,0,0,0,4.4869439697998015,0
10.935451401782109,16.097262699632644,2,0.918416711659118,0.8405022815360917,0,29.468902830323415,2.365827713864758,1,0,0,0,0,0,3.8595430655672223,0
12.087161089079139,17.68572114111159,1,0.47281046833983986,1.3298752478212863,0,24.544124595411205,3.5617332272247673,1,0,0,0,0,0,3.511609435159268,0
11.54811118352149,16.24163273671902,1,0.34300708168238825,1.6812692676084064,0,18.996351127041574,3.6174981892099902,1,0,0,0,0,0,2.923733915305613,0
12.364317951461738,17.741897410780663,1,0.3841417100141045,1.6820569008314123,0,14.385770732632047,3.6107284144870535,1,0,0,0,0,0,2.6159039374277846,0
10.75486849404919,15.396276366797128,0,0.9333011925857065,1.7511661582478948,0,9.42129713543375,3.772652108430652,1,0,0,0,0,0,1.5307215371080338,0
10.050100431643001,13.85355628822162,0,0.5191125179367511,1.8198582434777164,0,7.170760292408552,3.7365832386724582,1,0,0,0,0,0,0.6556222089644617,0
9.13277584447382,11.866690743544988,0,0.2742479366699854,1.7031674005128454,0,3.446496393822815,3.7184095049532844,1,0,0,0,0,0,0.36092690885585493,0
9.380150340130243,12.48620031759896,0,0.3953892630682081,1.7574923479098312,0,0.6635024537164547,3.4315981209643094,1,0,0,0,0,0,0.5216073925749454,0
8.045416807406127,10.846750401109269,0,0.7936781022025359,1.6087614622598012,0,2.0473343933599044,3.2838627517149765,1,0,0,0,0,0,0.1752698374834884,0
7.110816942304475,8.495480054074832,0,0.2247586013471211,1.4327894726805015,0,5.790774479828255,3.0864511887048094,1,0,0,0,0,0,1.7035629160813524,0
6.336134198578643,6.54038680421806,0,0.5440332707781759,1.4488583757933005,0,8.113073395525964,2.808330135745541,1,0,0,0,0,0,1.9915810629435717,0
5.002483614692814,4.160768735075208,0,0.24268333433139255,1.2191905601478306,0,11.127694862006411,2.6699513741236967,1,0,0,0,0,0,2.953934422548798,0
4.361427586854484,3.3449671963956202,0,0.27678732395056477,1.1227912046385984,0,17.496955872375246,2.464168871147172,1,0,0,0,0,0,2.7032538181874184,0
4.4135547324988575,2.545771543503933,0,0.3218115764754137,1.0207796814776677,0,20.16688546960409,2.2511120579215467,1,0,0,0,0,0,4.728789856495334,0
3.6980369060975233,1.9640906805956762,0,0.3160765442050525,1.0607331366352257,0,20.16688546960409,2.0398620268884997,1,0,0,0,0,0,4.734008904278021,0
3.345302782309183,1.9840341074916288,1,0.7413373219876298,0.9737389496585055,0,30.830656635312884,1.5912194396952475,1,0,0,0,0,0,5.914442846442072,0
4.240353393801964,1.5289287765329078,0,1.486338460944438,0.6020570448233706,0,47.671823954182216,0.9481682241798368,1,0,0,0,0,0,4.734328876057724,0
5.425781083440645,4.56891852669339,0,1.0582679601308755,1.1496357279750167,0,17.317805155635455,2.1898898315902677,1,0,0,0,0,0,3.706401027143782,0
7.526992041817515,7.913969496229346,0,1.0192952044863788,1.6478822681116596,0,3.2403036342210205,3.5764470387104117,1,0,0,0,0,0,1.830048823542485,0
21.730550515489217,32.804726897386566,1,3.3936682295808636,1.8682348315241724,0,15.161335764188795,4.069068528256932,1,0,0,0,0,0,1.7358548024347247,0
170.8933231901647,291.5272854141922,3,1.1305470893008138,0.9281302046352105,0,22.594694099782558,2.2957062772221497,1,0,0,0,0,0,4.713071396278146,0
8.97384209819897,10.306917047011973,1,1.149245176204551,0.901535478261706,0,24.021781569563522,1.7171788312064058,1,0,0,0,0,0,5.037505026956196,0
10.970127727920259,14.261371457955978,1,0.8366226777271004,1.9067709602708363,0,6.134031972174581,3.774306807514624,1,0,0,0,0,0,1.9806390052384635,0
8.425742300023112,10.84413613976101,2,0.3082840612942632,0.660613482739173,0,31.59755623061086,1.508631486728953,1,0,0,0,0,0,4.247858137679591,0
7.404631617117453,8.738454564160694,0,0.38448549718374536,1.426945359710098,0,12.228979252583215,2.9879383490385782,1,0,0,0,0,0,2.2053062261281418,0
11.377372260567318,16.53438631025067,1,0.4531555011540529,0.981172850819318,0,27.667063387353785,2.4182120904329256,1,0,0,0,0,0,3.1033691723388075,0
5.877910364819257,5.558898691471346,0,0.3719789746107347,1.1031314393893918,0,19.31014380217984,2.502777564398663,1,0,0,0,0,0,2.6865867648296775,0
11.95023338157562,17.198463786834296,1,0.4487156514906083,1.5778875789347486,0,17.605242657147446,3.402232290309888,1,0,0,0,0,0,1.975907293885318,0
6.257339285898485,5.490160741828361,1,0.2781490453981414,0.5482663826697554,0,33.5253056609085,1.1821831317368903,1,0,0,0,0,0,6.1109378560624865,0
10.451875521749207,15.0631178893266,0,0.9465925658511561,1.5979294931471748,0,6.4719778412899895,3.444377096751592,1,0,0,0,0,0,0.9120652063722631,0
8.223334457320973,10.491237675112849,1,0.26559029185350946,0.7240504263328158,0,32.10659710895516,1.6741182348553276,1,0,0,0,0,0,4.382573022565348,0
8.37213728221267,11.098436901520687,0,0.5408336313817008,1.5504862711815555,0,8.368733380529267,3.1612829338159516,1,0,0,0,0,0,1.1276276013975641,0
10.37131135724626,14.303064096741489,2,0.3176239353967528,0.9288167503484086,0,28.713012348998067,2.4052496997798425,1,0,0,0,0,0,4.726487483694656,0
5.3676275470759,4.583429833265624,0,0.2334592006427464,1.103448209997895,0,16.932938763281996,2.161642528855703,1,0,0,0,0,0,3.3938696082577873,0
11.392201476767653,16.13680602375366,1,0.8990416402417246,1.3350669113396552,0,18.212984822780406,3.3314684034265802,1,0,0,0,0,0,2.4782577470366145,0
5.135846343162903,4.697974104631477,0,1.0498244606399791,0.6374990136668641,0,36.74325532249571,1.3936852227133156,1,0,0,0,0,0,4.497066936594741,0
9.861787327719828,13.974540913589035,0,0.22041158972209002,1.8177869647464808,0,8.518672854588356,3.531468707654906,1,0,0,0,0,0,0.8260724480919656,0
7.429445639575422,8.919243947319307,2,1.5045806996396638,0.5433067756668506,0,38.632526482591174,1.2185770694495826,1,0,0,0,0,0,5.783204602065075,0
7.706935620291158,9.20791336621793,0,0.11389848182996418,1.6173165392792053,0,9.41443334433501,2.972598771741546,1,0,0,0,0,0,1.8496635308404863,0
11.43082289810383,16.417647788630763,2,0.722873258145451,1.1108770835622868,0,18.811947370308893,2.6477929009151007,1,0,0,0,0,0,2.77185375614976,0
6.118795395469934,5.707807784186311,0,0.4800590798560289,1.1178733055228922,0,24.662177125184066,2.235738448437437,1,0,0,0,0,0,2.662599268474955,0
10.748405870065463,15.659800249640762,2,0.4501747812345045,1.0771063120891058,0,24.460118612546584,2.5045028666759688,1,0,0,0,0,0,3.1744117286362057,0
6.744361752727187,6.962306858452678,0,0.5274010109017798,1.3229844910275705,0,18.738579459229296,2.6187497877172543,1,0,0,0,0,0,2.5750885696664225,0
9.551992143765968,11.705569533391667,2,0.6191950903913623,0.9340137831001565,0,29.94619026741953,1.9829237169012894,1,0,0,0,0,0,5.524703705822776,0
9.138988576118429,12.216560378170088,0,0.374561719767595,1.5023498340847126,0,7.811055831188527,3.2542610949446735,1,0,0,0,0,0,1.8368190821273682,0
6.69919445688279,7.716894456787419,2,1.0209824498958908,0.7549916762593565,0,24.526431742445972,1.8229783914308015,1,0,0,0,0,0,4.454284272298652,0
10.99881618809741,15.311678637675042,1,0.7260518688623381,1.6419786929384856,0,11.93692150393033,3.537169891497801,1,0,0,0,0,0,2.3176156278549964,0
6.888923442377022,7.093008313726649,1,0.9152930500587738,1.045195862925935,0,16.348842194770793,2.0756059856409155,1,0,0,0,0,0,3.9231218399655763,0
9.170972563738555,12.228070139385258,2,0.7807064296908972,0.9076841604017958,0,26.05648459073734,2.2173254297521474,1,0,0,0,0,0,4.233554197163452,0
9.034198124825002,11.175225628441606,0,0.4916876189144678,1.4166694128226305,0,14.970209838754183,2.764138483542432,1,0,0,0,0,0,2.506567862314121,0
8.090460946835986,9.538781260995549,2,0.2414249557098322,0.6850735466171252,0,31.63534033020521,1.6795705713757512,1,0,0,0,0,0,4.639158877070319,0
11.30609637451706,16.106940852537758,1,1.123225295891087,1.355661402387064,0,19.227843692519684,2.9938315815120866,1,0,0,0,0,0,2.7303645603107065,0
6.695802497389087,7.991585209057363,0,0.6250879051631133,0.9963207163685992,0,19.27026467012702,2.416565536199099,1,0,0,0,0,0,2.13571620471972,0
9.664433107803326,12.319769530997554,1,0.7413398137310299,0.9724753185686117,0,26.09732318228137,2.0719866996004486,1,0,0,0,0,0,4.921622850498962,0
9.464370186480503,12.446515876765664,0,1.1469001439212039,1.5495536503844984,0,11.76845151560165,3.1708872064988567,1,0,0,0,0,0,1.7242906233161734,0
6.021525316232567,5.737953918889693,1,0.3538331511828653,0.6633003186883888,0,38.88163592569543,1.5131272291745206,1,0,0,0,0,0,4.740202918330187,0
10.249727229254383,15.151103922246117,0,0.22744640955922973,1.6398644369920559,0,12.647186426012327,3.531468707654906,1,0,0,0,0,0,0.7161085419194138,0
6.161217189212444,7.08342609567189,1,0.23455174456839514,0.747294444268314,0,30.320707420934973,1.697046207475519,1,0,0,0,0,0,3.650333456878881,0
9.93902827401164,13.314564108734766,0,0.6562145431876772,1.6334065332578904,0,5.943608650555411,3.5170534860908234,1,0,0,0,0,0,1.629456573251919,0
6.442955387124023,6.988284051109901,2,1.1846587855541855,0.5456337223345618,0,40.15474727081985,1.272940154177809,1,0,0,0,0,0,5.270496110752197,0
9.17354492799236,13.130664146204795,0,0.50326895375388,1.7299680982278107,0,9.608323686726122,3.531468707654906,1,0,0,0,0,0,0.5858030493441075,0
7.730644709894479,8.40302455405961,2,0.6037300117144959,0.7509231511961274,0,27.872632743450737,1.6961147400219239,1,0,0,0,0,0,5.788470405934415,0
9.619954960966632,13.22261841680202,0,0.5712476732859327,1.5979294931471748,0,9.089331816071544,3.444377096751592,1,0,0,0,0,0,1.5383216292706692,0
6.589464901102197,7.680302039089557,2,0.2864932846081228,0.6580636893053283,0,35.38676496597518,1.4171452982605586,1,0,0,0,0,0,4.581264626613759,0
8.499863251441347,11.586700552355124,0,0.3597931114966868,1.6609386984656553,0,7.807622985672315,3.59192339346364,1,0,0,0,0,0,0.7568413305828958,0
7.565398655020265,9.413912328927584,1,0.675126591004449,0.7727572713042392,0,31.85314331099914,1.6419495880186632,1,0,0,0,0,0,4.035626361144963,0
8.241093859397893,10.982479213882257,0,0.3941418151899997,1.5021542930660605,0,7.415981848316283,3.246666388456899,1,0,0,0,0,0,1.2269908067265458,0
8.31849081282653,10.878998830090989,2,0.5433706385508396,0.7368011500486198,0,33.919660666630904,1.7169154464945635,1,0,0,0,0,0,4.2692446972470375,0
8.692153538091798,12.03032469011365,0,0.5477246893505643,1.6888874930301276,0,11.356589804008262,3.4867792828297572,1,0,0,0,0,0,0.8791847339355507,0
7.854314502047387,9.54566212450617,2,0.978571315235691,0.6278744079664061,0,32.201632173236874,1.2929187523719772,1,0,0,0,0,0,4.988863664676977,0
8.171535570126217,10.84685323051389,0,0.19974546534010085,1.5021542930660605,0,10.403569710341694,3.246666388456899,1,0,0,0,0,0,1.5467919378015405,0
8.269339421429677,10.312882440848563,2,0.9350250061733084,0.8392601549178145,0,35.97459161859673,1.69361229371711,1,0,0,0,0,0,5.184907178872425,0
8.515694254041566,10.880124929979438,0,0.9675124267629232,1.5277366224304052,0,10.784844554001342,2.9477115029549967,1,0,0,0,0,0,1.6206014207370334,0
7.808223027085918,9.385113240301227,1,0.8378208069943397,0.8480712620639961,0,32.31364819883306,1.9016086896679434,1,0,0,0,0,0,4.701689531212753,0
10.114022893770992,13.727101983389469,0,0.5124854138968783,1.5904496335915588,0,12.970725276032725,3.246666388456899,1,0,0,0,0,0,2.2021188125114546,0
7.110581178429742,8.222487180976593,1,0.46319433653214637,0.487867717321846,0,36.91497486227375,1.2722483717762147,1,0,0,0,0,0,5.334126212983129,0
9.391093624104332,12.826503641265619,0,0.49667832032094,1.6928568553984558,0,8.585725415552895,3.450227576796171,1,0,0,0,0,0,1.132464651329926,0
10.339476243355524,14.439818724154659,1,0.2558585671078587,0.8163336428244995,0,32.46924318928659,2.1669658253631403,1,0,0,0,0,0,2.814350223891579,0
8.734698490577014,9.797925460847333,1,2.264440957465509,1.4303203594606577,0,13.786176390044748,2.98534689477634,1,0,0,0,0,0,1.4190879242012278,0
11.404855996908438,17.114763566615178,1,1.0442436828097692,1.3291139873973492,0,19.05719188236064,3.113382854497221,1,0,0,0,0,0,2.605506083579797,0
4.388167191576035,3.2789890664262598,2,1.303431977302087,0.249654193313312,0,36.57105018370807,0.45493574778544865,1,0,0,0,0,0,6.510584930868006,0
7.173705264147905,8.672549773149225,0,0.23211904913100045,1.426546739267379,0,11.477968768813154,2.776574202228832,1,0,0,0,0,0,1.8070324508181703,0
11.336357714140243,16.421945765211813,1,0.546934418287965,1.3226223916640358,0,18.212984822780406,3.537169891497801,1,0,0,0,0,0,2.106677279947288,0
5.865338637704984,5.834591390559232,1,0.3660691071882458,0.46851135778921443,0,35.38676496597518,1.0064100575629136,1,0,0,0,0,0,5.553323063537997,0
8.75326216277502,11.844418677203203,0,0.5186939125662933,1.5904496335915588,0,6.651415536632462,3.246666388456899,1,0,0,0,0,0,1.0848539549298786,0
11.255449433586376,15.377660028876239,2,0.6989385274438269,0.9765832463588704,0,32.29056656358111,2.2773686061669616,1,0,0,0,0,0,5.051032239265427,0
6.158685348095386,6.501649925856973,0,0.7886620427454073,1.1123621346687826,0,16.423351579027777,2.429426554558855,1,0,0,0,0,0,2.3914160487873874,0
12.077990300784727,17.904105489391174,1,0.936008311544375,1.1884866347902046,0,23.843479452652794,2.789050057612821,1,0,0,0,0,0,2.90974612579233,0
5.968396790793555,5.538920998573999,0,1.0170693197245497,1.0878311099111502,0,16.824588968402637,2.05290781761188,1,0,0,0,0,0,4.1103939805091985,0
11.81301664671758,17.11585029449515,1,0.15925808760307095,1.463275928481389,0,18.816251546646257,3.3162835248637013,1,0,0,0,0,0,1.9683203376265725,0
6.132972686314866,5.95863729529388,1,0.37929092783338364,0.5217088087822008,0,32.03503547767666,1.1065725269486433,1,0,0,0,0,0,6.023530054295659,0
9.556415890965923,13.139606791170353,0,0.46198121464045816,1.7780531114531248,0,6.545282117204874,3.444377096751592,1,0,0,0,0,0,1.1727976751036067,0
7.830637508934775,8.635448310178376,1,0.7746987775137795,0.6801736584172399,0,31.97676544709649,1.6611816831576018,1,0,0,0,0,0,6.493663746150129,0
9.448223359278586,13.798576210801313,0,0.7907952831212677,1.6398644369920559,0,8.812654381748132,3.531468707654906,1,0,0,0,0,0,0.6707915827980985,0
8.811530681514489,10.792439435146736,2,0.3587584126809087,0.6346169173953703,0,31.08407007279009,1.5456403648932873,1,0,0,0,0,0,6.576130826871928,0
8.138122513782314,10.2147823801803,0,0.6153076820475158,1.4098689926475747,0,12.044049880618061,2.9145807790300404,1,0,0,0,0,0,1.6507823359007636,0
10.968722254443238,15.743701433274511,1,0.8025380400863962,0.9916847882770872,0,26.256200073869884,2.5918674562836945,1,0,0,0,0,0,3.5160322327013973,0
5.353111986679787,4.145664863938606,0,0.19703613070563075,0.8855828494921868,0,31.93755990541665,1.6004631508616611,1,0,0,0,0,0,4.745480264653513,0
11.059116737792792,15.890930445643072,0,0.633242740879234,1.5979294931471748,0,11.143358103761333,3.444377096751592,1,0,0,0,0,0,1.391695753190712,0
8.679624334863902,10.271442447790102,2,0.5159924744218851,0.4298464065126282,0,34.12112591057426,1.1266451400727777,1,0,0,0,0,0,6.7530414517287936,0
8.06373177246591,9.979417964115637,0,0.16154780647130895,1.4098689926475747,0,7.007483220605165,2.9145807790300404,1,0,0,0,0,0,1.5715633298175609,0
10.384704539078875,13.884582970456751,1,1.3866937311627034,0.9429645411416573,0,26.94828601016968,2.35351925449127,1,0,0,0,0,0,4.153123576947506,0
5.803238342918212,5.901383305955691,0,1.1792842467029463,1.1945526606400567,0,19.279499766338738,2.605377864544236,1,0,0,0,0,0,2.6636191574522243,0
11.00845197398777,16.24530732379916,1,0.8316898029167702,1.44224607151686,0,16.635833711867207,3.393051539736339,1,0,0,0,0,0,1.769808564246888,0
6.130777296695031,5.889158223651643,1,0.7184837515333614,0.7141704954332421,0,30.734145380139132,1.3869993957538116,1,0,0,0,0,0,5.517600718706202,0
10.543526591090467,15.091146109794735,0,0.4825391710447886,1.5966278495339177,0,10.480564484950655,3.433608978764867,1,0,0,0,0,0,0.8911076903274919,0
7.573345835372477,6.114666642974432,2,8.132417531041577,1.1164653247365763,0,39.39240087631719,2.1987621543662836,1,0,0,0,0,0,3.648960786689887,0
21.985993243331748,18.260809374809643,0,37.31459910360119,1.5533020430489355,0,20255.48479924235,2.922950331650944,1,0,0,0,0,0,51.754937819107326,0
17.339150040518117,10.655402872482536,1,16.59867679277498,0.6219130434898057,0,29419.624472561292,1.5139504960387413,1,0,0,0,0,0,17.952698984684428,0
8.250586341745512,5.778977385069636,0,17.404984227916167,1.0744928063240726,0,9.969840055985776,1.936810716356519,1,0,0,0,0,0,12.124956020530906,0
9.888142942284869,11.754363494723531,2,7.638272942788725,0.8728252478799208,0,29337.4895526256,1.5732910795896304,1,0,0,0,0,0,8.092863589022897,0
12.915641359916437,12.734374600948206,0,2.3822027781505613,1.0448441807162552,0,13683.904680889349,2.1896149536650054,1,0,0,0,0,0,1.5168003709713282,0
32.926991988879244,30.717694638495164,2,126.42292616879499,1.3319594080393513,0,26885.301273362846,2.833429619893047,1,0,0,0,0,0,84.24740899902278,0
8.84551656523208,9.36712997837448,0,17.46531421761563,1.2809826741719545,0,13340.764237684893,2.723788079724858,1,0,0,0,0,0,4.104779158359575,0
7.71627917458089,8.797801230353347,2,0.9808883119225678,0.6229815994565018,0,19.84618110178534,1.571091851397463,1,0,0,0,0,0,5.144736902165361,0
10.668940481239906,14.206774261986395,0,0.19426464722043624,1.3995178871541771,0,8.296265533308459,3.3744111337427496,1,0,0,0,0,0,2.378694791222541,0
6.101291017339358,5.54152306744496,1,0.4832089704939974,0.44324503604939747,0,22.969359188653204,1.1843949000430152,1,0,0,0,0,0,6.956311967229384,0
11.385544217882863,15.020567350067136,1,0.30685568541939445,1.239577527538283,0,11.545778159602337,3.129203930772274,1,0,0,0,0,0,2.9979772410760264,0
6.562282598550708,6.989415040492632,0,0.5130026020859042,0.8195395845087748,0,13677.103027004341,1.7702371910517347,1,0,0,0,0,0,3.1101271636123577,0
9.760454303001667,13.204202464778012,1,0.23142593586315646,1.0657269731437582,0,17.173625238179785,2.5328505136115393,1,0,0,0,0,0,3.242334888453097,0
6.647267414661352,6.564088702031649,0,0.5110040144976291,0.9511174210436217,0,11.064210631140163,2.2930443447192554,1,0,0,0,0,0,2.5949054031307703,0
9.225251782600145,11.890685852420921,1,0.5457353184253384,0.8360284225009194,0,20.34801898781265,2.1311211222036293,1,0,0,0,0,0,4.656430092644772,0
8.066824873682574,10.107479080955892,0,0.5585355590746375,1.2441052532532066,0,8.024675378458198,2.975002810616535,1,0,0,0,0,0,1.980790401480737,0
7.705408412369859,8.745594769097721,1,0.7227938602266974,0.6401875113933982,0,13612.001232925477,1.6140517105755035,1,0,0,0,0,0,6.116825902152042,0
10.018273409033414,12.977169610762243,0,0.6128530455325351,1.451836226886804,0,8.06235950592453,3.4608239781576327,1,0,0,0,0,0,2.243937422058933,0
7.15381342361222,7.018823223958673,1,0.5459735327639678,0.5285076042473624,0,22.1476891187343,1.349885812857157,1,0,0,0,0,0,6.472836658048986,0
11.473204592142434,15.688232441253305,0,0.5926860997697765,1.3983554549770196,0,7.620288147809274,3.324078644217244,1,0,0,0,0,0,2.003852053069612,0
6.3598754550381615,6.248513585522349,1,0.5385806548371204,0.6937899833833188,0,19.103160261726348,1.2626065806771813,1,0,0,0,0,0,5.597914768584832,0
11.506659677297915,15.813643435539499,1,0.19417784640523406,1.2890787653702949,0,13.03973544983025,3.236174612407992,1,0,0,0,0,0,2.766549735165844,0
6.231852579600671,5.880197334374796,1,1.730288569189475,0.6831639374501658,0,13666.305457094064,1.6005809151145367,1,0,0,0,0,0,4.290917117519159,0
11.577502216924994,15.363228968358685,1,0.6034314325623324,1.0974327797849037,0,15.211278232969983,2.806389989692054,1,0,0,0,0,0,3.560181505693473,0
6.404437114900275,6.672218308093087,0,0.49380946228858136,0.8315528907370586,0,12.793789129616137,2.16021352478129,1,0,0,0,0,0,3.148537660448818,0
9.875560074995823,12.949695954763447,1,0.3611231943995785,0.8484786907965938,0,13592.907329470741,2.3074078123328716,1,0,0,0,0,0,4.162450665108809,0
7.74721311986622,9.056369903494263,0,0.5416775040141572,1.2305736859070313,0,13725.928435484047,2.7791298077131,1,0,0,0,0,0,2.0566666940520815,0
8.564375907082391,10.362547052352838,2,0.6010736763432343,0.5519651294831888,0,23.165373087674354,1.4625584110850496,1,0,0,0,0,0,6.811612245185492,0
8.907373953742896,11.397743044727688,0,0.4661156425403635,1.247193841834386,0,9.0759825925535,2.98165287376967,1,0,0,0,0,0,1.4351176945416948,0
7.910691642683798,8.464641058938655,1,0.4635288888630277,0.7299648039509316,0,18.78235689113926,1.6664906680924574,1,0,0,0,0,0,5.729567331388026,0
11.08090262798101,14.721064515410008,1,0.5292119822320984,1.236911481853419,0,11.852568391318158,2.933670905874015,1,0,0,0,0,0,3.5078510117426314,0
6.974970275239013,6.433542117097319,1,0.5190068209900268,0.8283402441406602,0,13610.738394038399,1.802289421831997,1,0,0,0,0,0,5.247497911766718,0
11.261547876179979,14.612852048248852,2,0.14106821382298743,0.964401844571024,0,19.88313557477087,2.675381973054389,1,0,0,0,0,0,5.404719515203915,0
8.896546063600038,10.976463323668339,0,2.1490690917253445,1.2069749037051234,0,6.666545643302465,2.6072877817935582,1,0,0,0,0,0,1.7675720127939973,0
15.283822189762935,21.01947248988223,4,0.8685539461000236,0.9597316773443998,0,23356.272890223467,2.3049570926408705,1,0,0,0,0,0,7.224808979951168,0
9.330107653345259,3.546736524386711,2,4.451360258003953,1.0083899136260535,0,23291.449885305978,1.8520846162983893,1,0,0,0,0,0,12.532041546161242,0
11.893878421937028,14.575960391538135,1,2.0961285680167348,1.2946000350937767,0,13710.540901161807,3.5972147195854207,1,0,0,0,0,0,2.175356937134624,0
4.447042869614416,3.4096509910136,2,1.2656544976248418,0.23851977807495442,0,28739.894289464373,0.37569977967286927,1,0,0,0,0,0,7.9573470524891565,0
5.129354009297571,4.97451142884791,0,0.5512183108016386,1.023575796470386,0,29311.302341293802,2.1615744459267896,1,0,0,0,0,0,2.317340179924723,0
10.365279029721963,14.306732997481955,0,0.45305331503336477,1.4894986832630681,0,4.275056521604805,3.5402183224608175,1,0,0,0,0,0,0.8922073539183438,0
13.50348542449089,18.53010360476111,1,0.4121250290203493,1.2900872962832346,0,19.846181101785344,3.407535936294574,1,0,0,0,0,0,4.758283787653744,0
5.625465524877486,4.8528511409998885,1,1.2226651659157708,0.27100275482063185,0,23173.311452000224,0.7756667055279959,1,0,0,0,0,0,7.260931146106503,0
7.088596124089607,7.814850288759775,0,0.6250576479788987,1.2702034346886806,0,3.375914674728253,2.8773530721159255,1,0,0,0,0,0,1.5281044021990056,0
11.840088791076035,16.114385773808902,0,0.4386165532405639,1.4679172982359872,0,9.254288272431229,3.697184309088012,1,0,0,0,0,0,2.3474055098998927,0
12.08127010458577,16.4828012616001,2,0.4385953338083125,0.9758849027471528,0,24.896054214894168,2.467880517826733,1,0,0,0,0,0,5.164917896447198,0
4.812012446235534,3.908530497055544,1,0.42188845554085674,0.6848172091993784,0,13719.845461534955,1.3107365544407752,1,0,0,0,0,0,4.798137243257011,0
10.544943624680329,14.028729584263385,0,0.2985844600549838,1.4673797069611683,0,6.118739371829475,3.721461141798125,1,0,0,0,0,0,2.218372416854625,0
9.886752945640644,12.928981082945132,1,0.29843604029077714,0.680733009604273,0,13612.001232925477,1.7896751352860072,1,0,0,0,0,0,5.790242449367827,0
5.3100038974721375,3.7063462170669155,0,1.1350975292314727,0.8415892210495028,0,13.16960537193371,1.722162716428004,1,0,0,0,0,0,4.982148241208232,0
10.736723536103183,14.840303744680215,0,0.7063715317988499,1.49087882854009,0,9.215122023147302,3.5508980492080164,1,0,0,0,0,0,1.6666545330682805,0
10.119737911941591,13.201564570540409,2,0.5624008500719456,0.7430158170123565,0,23.40226317141641,1.9846838203958206,1,0,0,0,0,0,5.615476834543081,0
6.445189553442743,6.4644182050880215,0,0.9855575004962522,1.1164327448054654,0,13776.004732333806,2.503966919610349,1,0,0,0,0,0,2.145068021469159,0
11.13259160642222,14.541608081146844,1,0.0022944542149680577,1.3757014344793013,0,8.997418926430035,3.425830884958084,1,0,0,0,0,0,3.6673988052070294,0
4.902050746690227,3.6855484501689157,1,1.0169468474171335,0.37604247256613665,0,13603.354810518833,0.8468060785194469,1,0,0,0,0,0,7.0789197192597335,0
8.752350832665089,10.670302720977922,0,0.28272017660739057,1.2458180297575727,0,4.251184653097556,2.996589359503452,1,0,0,0,0,0,1.2878316391949058,0
11.791264148092909,16.27389178441437,1,0.6066417864522275,1.035889573145061,0,18.16916887466148,2.994525823503829,1,0,0,0,0,0,4.355506144650297,0
4.851420420335385,3.2575758576603624,1,0.7951496229226576,0.43471493823840734,0,28850.871471981547,1.0814853530623605,1,0,0,0,0,0,8.472140354440752,0
10.205458543444935,13.761976307530418,0,0.8131063826589712,1.3286817147501426,0,5.589826387710877,3.180635919692822,1,0,0,0,0,0,0.9869015802112917,0
11.706254995485628,15.888197117349208,2,0.6441113756217735,0.8024752662366655,0,13606.718317896313,2.465458414372412,1,0,0,0,0,0,5.729570369913408,0
3.728036798320656,2.70048203350955,1,1.4601779335069118,0.32720878116376423,0,28755.00157578352,0.4820451809380557,1,0,0,0,0,0,6.639351478339945,0
7.602993150177138,8.644774106884121,0,1.1795478321004784,1.1641789612825684,0,3.8947474018760793,2.795775183682255,1,0,0,0,0,0,1.7612396778368646,0
10.824729372682492,15.232255646574313,0,0.5276002211420394,1.451836226886804,0,5.602425865575578,3.4608239781576327,1,0,0,0,0,0,0.8638565693949385,0
12.111564861035742,16.13260588549614,2,0.2550558879886606,0.9010047634974215,0,13590.631324533819,2.1695785525880464,1,0,0,0,0,0,5.843213853780591,0
6.433495485179529,4.950315458722612,1,0.4758646774814289,0.7588408241297593,0,23521.951498497983,1.7759314331734568,1,0,0,0,0,0,5.4446515399119,0
12.411656010251022,17.295405376374184,1,0.5735232046762776,1.4288884168383538,0,13765.680093949768,3.7444331111293625,1,0,0,0,0,0,2.3699431282872796,0
5.844547908513899,4.479320370427788,1,0.7971862433505418,0.3569050191988164,0,30438.494249244497,0.8089927096247771,1,0,0,0,0,0,8.229288254243404,0
10.132022917534522,13.49574630325561,0,0.3006002740857843,1.452162955315735,0,4.026814723730233,3.469460292016497,1,0,0,0,0,0,1.5272397218552385,0
10.647353510495659,14.131163389406288,2,1.338375153600227,0.8902682426264266,0,30427.549419546925,2.2388218271683353,1,0,0,0,0,0,5.114435134844762,0
7.405076702319143,7.733993957716039,0,0.623709617065096,1.1729396268139638,0,23646.50140638633,2.7052439826412886,1,0,0,0,0,0,3.229046337106151,0
9.759262139341537,12.51074203052768,2,2.0322239288621358,0.7788487859990919,0,29015.230253161208,2.1444325736585714,1,0,0,0,0,0,5.201410330887291,0
7.813984952950916,8.726739379228356,0,0.5936612518672182,1.2150485835955966,0,6.054740669011619,2.9088520128785804,1,0,0,0,0,0,3.0815621134322693,0
9.45028702042967,12.38272576795487,2,1.2772750177108385,0.7260262007216665,0,23336.586297451464,1.8610870433060813,1,0,0,0,0,0,5.063895660061272,0
8.745771368229462,9.929472903264053,0,0.9103080628546586,1.284042073207534,0,3.58308158740261,3.085001499471183,1,0,0,0,0,0,2.6747584591786455,0
9.29879257251937,11.288054809138263,2,0.2573084597448804,0.6925202406013968,0,28858.308559095316,1.6178366583732404,1,0,0,0,0,0,6.006931773767581,0
8.890594370918311,10.936737217728675,0,0.9510054260117707,1.247193841834386,0,13721.038071922607,2.9816528737696695,1,0,0,0,0,0,2.128324730212949,0
9.678127244789966,10.255242013157057,2,0.006532746277747528,0.7434137338025922,0,23243.758090235493,1.6804680260236584,1,0,0,0,0,0,7.98628137440083,0
10.301158697485791,13.998954195503204,0,0.47225600647263577,1.326354646435807,0,13801.164168075062,3.3423711780851866,1,0,0,0,0,0,2.0571634447238853,0
7.895911993429802,7.8338531968032115,2,0.5601779239469857,0.5966039737977771,0,29017.002980889658,1.4592700302819273,1,0,0,0,0,0,9.181255418875672,0
10.987442001256573,14.163127343733413,0,0.5929759723648594,1.4795707286166166,0,8.471102333475395,3.5263401514567496,1,0,0,0,0,0,1.7281168505000648,0
8.226221755304726,8.960379782185846,2,0.5782126511908305,0.6357704836881047,0,23353.782482382383,1.7202763168602768,1,0,0,0,0,0,6.498946397938648,0
10.824064681753091,14.64393898815782,0,0.6130694171058574,1.3983554549770196,0,8.383707856548707,3.324078644217244,1,0,0,0,0,0,1.963438828428194,0
6.983005796464669,6.4798732315250165,1,1.1183043970232265,0.6383084231618132,0,30547.46044616321,1.23350861344544,1,0,0,0,0,0,7.14148266867366,0
10.573283815552447,14.046613542563955,1,0.827016971716637,1.451836226886804,0,7.685750620222822,3.4608239781576327,1,0,0,0,0,0,1.832504594805232,0
7.541713848981365,7.848572317987717,1,0.635147320014712,0.6608072886168439,0,29014.45086676582,1.588300087096267,1,0,0,0,0,0,6.930196271345384,0
10.185164815069356,13.560658489949136,0,0.27152889208043496,1.4738430711063628,0,5.6525870240367455,3.3423711780851866,1,0,0,0,0,0,1.6406477881126418,0
9.079303874431652,9.756510993392094,2,1.406206538334682,0.5857972454570721,0,28926.383403686992,1.505863051148772,1,0,0,0,0,0,8.46165757044776,0
9.011235609682494,10.81790297798144,0,1.0847467508270394,1.3488267769945075,0,13696.202113258847,3.072944090511587,1,0,0,0,0,0,1.7625146222619577,0
10.926190215607424,13.968567342542347,1,0.7695148829074167,0.9135400053470757,0,23295.543764424034,2.2177831126408813,1,0,0,0,0,0,5.718180535240942,0
6.646845674141707,7.185127273967198,0,1.4349547883384814,1.1019362760792086,0,23598.25480805395,2.7791298077131,1,0,0,0,0,0,1.7759219622566271,0
10.536674681923627,13.971142247476262,1,0.46721551696645347,0.8269995262978106,0,23306.48797380927,2.071945258778855,1,0,0,0,0,0,4.7310141791850135,0
8.529507814000016,9.455192929879143,1,1.7238868200144835,1.1646733624456715,0,13773.693946090047,2.7466680440878535,1,0,0,0,0,0,3.8463310219583198,0
11.22467046988314,14.814894321720338,1,0.613512914648132,0.9480872257681203,0,23236.381764976406,2.4106799594772808,1,0,0,0,0,0,5.082526880333038,0
7.257232924082193,7.766000632918141,1,1.0848110329360248,1.0822449501304696,0,29368.959367010582,2.598936783486059,1,0,0,0,0,0,3.4832658937830416,0
11.421227599289406,15.017055405473444,2,1.273676212753191,1.072092806136379,0,23357.972896020863,2.7600571595600347,1,0,0,0,0,0,5.146192886532798,0
6.483993379997966,5.954967165947845,0,1.362421037002957,0.9379295792035358,0,23417.343283825187,2.253132409414141,1,0,0,0,0,0,4.167826024989234,0
11.523086513307113,14.94444779729801,2,0.5041739122925748,1.142334833031657,0,23463.009387209437,2.8137194156264713,1,0,0,0,0,0,5.527593307994925,0
6.68595073052038,6.266210613515199,0,1.4048754634079184,1.0225319455558939,0,29226.720562454433,2.4114058836676886,1,0,0,0,0,0,3.459158678145914,0
11.756052447137584,16.591963877380543,0,1.7223509853746524,1.1671601480229974,0,23362.85493201059,2.9299511141367534,1,0,0,0,0,0,3.4183522775153383,0
6.467760977013873,5.783009068263388,1,0.3140658302977816,0.9022417957979748,0,13715.349774947736,2.022218458146949,1,0,0,0,0,0,5.914794224344503,0
12.937479530250918,16.46145175273349,2,0.6847670395317793,1.1505529633081155,0,37.27115957343856,2.805388527368855,1,0,0,0,0,0,6.11129047437585,0
12.409382323142339,11.67401805042241,0,11.350264274502077,2.4795486272778726,0,30492.82825063364,4.926943727768799,1,0,0,0,0,0,6.7152413752746885,0
13.46874176887816,10.788203657451048,0,59.69352892405745,0.8512809528117903,0,28772.8873080541,1.9055720480729572,1,0,0,0,0,0,7.114270418480636,0
8.388819908208525,6.824326964288317,1,20.646291430127384,0.3603163275276192,0,5.688148518616803,0.6792953470380392,1,0,0,0,0,0,19.617752057186564,0
30.414020211692076,21.415869295366736,1,29.45351342192983,1.4745934245075318,0,30096.16735426289,3.577734236050162,1,0,0,0,0,0,22.880753454238484,0
79.14594091609614,113.31607628605359,1,47.883710146520585,1.3426643647723926,0,22348.126652686577,4.223789827304152,1,0,0,0,0,0,18.667486932563783,0
7.294660114535375,9.655311624460186,1,0.9285553912813223,1.3700081540379112,0,5.5347593123572,2.823698141448603,1,0,0,0,0,0,3.8971150884221903,0
5.490959075548797,7.050122509543451,0,0.912746677807935,1.6454728484373558,0,3.1184811080249957,3.9047397994298967,1,0,0,0,0,0,2.227551975215618,0
4.779835649810855,5.074182534315977,1,1.6790778251424208,0.44330383270210305,0,8.647341543258968,1.1532805810169076,1,0,0,0,0,0,5.646765238592334,0
9.75255418010422,12.915410393485377,1,4.7277814705506565,1.9577436657318101,0,7.222392383372532,4.739764674764929,1,0,0,0,0,0,4.405116090297731,0
2.916070127283777,1.7496376815408032,1,1.3514535133978491,0.6789580645134464,0,4.356248343616849,1.0713514960724282,1,0,0,0,0,0,5.185239369526588,0
11.702886013723846,17.0722314986116,0,0.4653597703691436,2.075738331372098,0,2.4235801294332884,4.511851627218169,1,0,0,0,0,0,2.8648732721910193,0
6.016771060544979,7.378169062677444,1,1.997746256660381,1.2945778886200134,0,3.5205128063784796,2.87159297715687,1,0,0,0,0,0,3.566536583122787,0
8.361813697551499,11.15940901596666,1,1.2513797218930485,1.3009752883245127,0,4.240603693800433,3.4150813831771405,1,0,0,0,0,0,3.825690853176321,0
7.048568188373815,9.030790935026008,1,0.7192442174215891,1.655289052653655,0,4.541785531868147,4.000049407800605,1,0,0,0,0,0,2.882887653971222,0
6.140707123482372,7.198813891581651,0,0.9579842457900899,1.2216563238313283,0,3.2493639329241217,2.9295009482398835,1,0,0,0,0,0,3.065966256165751,0
5.46692994278001,6.663560771719501,1,0.7675479566593941,1.0808307027398314,0,7.38696060515935,2.525177926890273,1,0,0,0,0,0,3.3917387071702096,0
7.000458960027464,9.482005339977286,1,1.0998547455726615,1.3391813243344173,0,6.6941709668027105,3.276933556075673,1,0,0,0,0,0,3.191474262625401,0
7.194852571327354,9.310076652479855,1,0.8279344876099657,1.4779815197547637,0,4.8943683096006065,3.9795286287520812,1,0,0,0,0,0,3.9801818814907803,0
6.917863879443637,8.892440138361424,0,0.9726533641823194,1.659179386157085,0,5.344556117705224,4.282388332779407,1,0,0,0,0,0,3.3207281926802343,0
4.021999318350156,3.7530323916852137,1,0.7987412936751455,0.767614693227252,0,3.6551643550613893,1.9156824763989244,1,0,0,0,0,0,4.682158364455352,0
7.721750658564032,10.18804093305512,1,1.5841535039618997,1.4830373228243299,0,9.414757922497092,3.8990014517982456,1,0,0,0,0,0,4.099293037477313,0
6.124502673084371,7.520046885099066,0,0.5338252349039483,1.1549467540481597,0,3.9935500276287916,2.8780793183253213,1,0,0,0,0,0,3.8681005580989307,0
6.467091937347988,8.69071533653914,0,0.668085320666036,1.3383953638548252,0,2.4984367721107086,3.5817746819335126,1,0,0,0,0,0,2.316146834643093,0
7.332312768456701,9.212418845924718,1,0.5441394077638653,1.1745996998951806,0,3.444114379744522,3.4777145257817352,1,0,0,0,0,0,4.280806384357315,0
7.009100716834827,9.600480865289674,0,0.8516985359040429,1.7314976224443832,0,4.535022711043476,3.927934612534658,1,0,0,0,0,0,2.288993436671208,0
7.138066751314133,9.094038320714814,1,0.8798961364079619,1.460229858287999,0,4.141316526482731,3.8030603484917767,1,0,0,0,0,0,4.079185461928457,0
6.69438243491297,8.57007996807007,1,0.8783781976471896,1.1588888537558133,0,3.562981392161392,3.167280640055337,1,0,0,0,0,0,2.941651671652437,0
6.443402687110308,8.11670586388791,1,1.2324925133199316,1.569525761467832,0,6.430510707792054,3.9327920881242253,1,0,0,0,0,0,3.7532798718837497,0
7.391810217025396,9.603392619303113,0,1.4202738809698925,1.2721664682288516,0,2.977670330004395,3.145447980756706,1,0,0,0,0,0,2.593699725926507,0
4.138134227528973,4.072443523663165,1,1.4051648189222765,0.9747776362564659,0,3.678526524387986,2.202534879557106,1,0,0,0,0,0,3.8416091140148265,0
5.982707742269172,6.611342294285768,1,0.979605226157823,1.1716674601731358,0,4.21451117020454,2.8524516489960132,1,0,0,0,0,0,5.002362877287981,0
7.264763610589345,8.927860371539962,1,0.7079640715223294,1.382193413715751,0,2.939850172039172,3.5095989798516047,1,0,0,0,0,0,3.3845692217194836,0
8.755003146395303,12.607165375216987,1,0.32137411970024304,1.5638090779382923,0,2.66752481535659,3.8209848964283477,1,0,0,0,0,0,2.1083003515221224,0
4.08135355702926,3.9509680961402487,1,0.3774583246870835,0.9670715251451965,0,6.150569019500185,2.0879294723255115,1,0,0,0,0,0,3.4498067550485123,0
7.509384557684035,8.906369269842951,1,1.0647537731268066,1.470673830892709,0,2.9050486855403905,3.3015856256480642,1,0,0,0,0,0,5.011169419203901,0
6.395139587116096,8.59949812210507,1,0.42175590316305106,0.9395933273954031,0,5.121976581274063,2.558706209529826,1,0,0,0,0,0,3.2631161569699,0
7.6146049641991205,9.71859762880227,1,1.3730092188742495,1.6689215095081877,0,4.4809577278314805,3.79002286544741,1,0,0,0,0,0,3.8852427112645884,0
5.727809160146322,6.739571990657884,0,0.9503142317810529,1.2562682836375254,0,5.148573466378032,3.4409126067233307,1,0,0,0,0,0,3.4447503770193224,0
5.573592011748047,6.133477164102913,1,1.5382217908501588,1.1128813758787746,0,5.499499144322411,2.6867261134853617,1,0,0,0,0,0,4.567029036402465,0
7.046683676177098,9.348727647525655,1,0.35294287540942054,1.352354300007901,0,6.655703589997721,3.53544062576136,1,0,0,0,0,0,3.0351829108341173,0
7.389406295391117,9.685188431497682,1,1.0896055484647371,1.641904183425533,0,6.540609725071842,3.8802450800516737,1,0,0,0,0,0,3.0272262246291364,0
8.254870925627564,10.908658411204904,0,1.0907667471690734,1.683437443431278,0,3.8588514339857505,4.306506578507132,1,0,0,0,0,0,2.540312809887868,0
3.5339461252864504,4.015123466211867,0,0.5944340405662393,1.0110940228686855,0,4.153011879126677,1.8807474151437917,1,0,0,0,0,0,2.3132247437888758,0
7.079772608768209,9.569596011333813,1,1.058519926314502,1.3569836282680823,0,6.307656763287062,3.2627845635226294,1,0,0,0,0,0,3.296055383128922,0
8.145612307010449,11.016707353444325,0,0.47425988230254845,1.9398475654167948,0,4.755204410605238,4.740251627229037,1,0,0,0,0,0,3.374149462576109,0
3.920137708830588,4.14160252141116,0,1.185452553495021,0.6935465706980172,0,4.471297603351077,1.7311574631792224,1,0,0,0,0,0,2.999252218913317,0
7.7536851821987565,10.510102795581144,1,0.6517269761691791,1.3376309267838935,0,4.916372816295871,3.6174332526606077,1,0,0,0,0,0,3.2945417822165393,0
7.785719370682899,10.36513381898205,0,1.583021539412914,1.5183884910759737,0,4.12094081358601,3.58911921350771,1,0,0,0,0,0,2.839402825774095,0
6.9206417355409915,9.437616678573185,0,0.22919653448838548,1.5091487728267228,0,3.395171693582901,3.7194237316806347,1,0,0,0,0,0,2.5766091025142073,0
7.468538213191904,8.124312001319014,1,1.3671961706108173,1.6423060948298747,0,7.687760461370379,3.841286889486799,1,0,0,0,0,0,4.987563930273279,0
6.984631338545331,8.420101928777132,1,1.3805832754855256,1.2417317441015634,0,4.229146647408712,3.136887526774981,1,0,0,0,0,0,4.329860014582974,0
5.2202416944658125,4.970971049702029,1,1.6336882140395033,0.9394956422314269,0,6.85591870522264,2.458195176801434,1,0,0,0,0,0,3.513579402755836,0
7.858496299278332,9.21691518296539,1,0.872954402944774,1.4634766095345828,0,7.213003033305746,3.5212227484823577,1,0,0,0,0,0,5.151865869252562,0
6.407658372994491,8.023244555399991,1,1.4579127243581889,1.2943846619933876,0,3.2395289871136734,2.7786741793391085,1,0,0,0,0,0,3.3857141540354307,0
6.438006045125477,8.516527747040758,1,0.861222931836706,1.4388620129892575,0,4.619487526727719,3.7965186393598307,1,0,0,0,0,0,2.937926937414417,0
7.690324717871046,10.433093037750305,1,0.7332439666227633,1.4236019651436307,0,8.180316934045525,3.698342742936041,1,0,0,0,0,0,3.691749368398277,0
6.860732255878972,9.202668717534847,0,0.967047886180074,1.4201495258778718,0,4.765349357902414,3.546097668668156,1,0,0,0,0,0,2.7531219693354414,0
6.757266467112315,8.804335709127482,0,0.6765510404239583,1.6041426248465611,0,5.893439707299694,3.697926748169702,1,0,0,0,0,0,3.285230759231438,0
7.023014161763944,9.246246568464292,1,0.9392290455083839,1.5768880061852757,0,6.8434074022125655,3.742350958797414,1,0,0,0,0,0,3.080187288538826,0
5.983178744186953,7.848378518396385,1,1.0843635770278945,1.351651519239021,0,4.2361087803902855,3.603193488947643,1,0,0,0,0,0,2.3302572607799554,0
6.035569105300516,6.575222741445052,1,1.0072601578005602,1.484666505016565,0,5.3058794883841465,3.214197855851103,1,0,0,0,0,0,4.0329436214733825,0
7.0271338220710575,9.514605963279513,0,0.7521576326654931,1.6258575454699005,0,5.981719660400025,3.428627238082173,1,0,0,0,0,0,2.6529547781864258,0
5.136663621138805,6.057169471937465,1,0.7702536240473662,0.8961671776753986,0,7.948182107565433,2.205254727697709,1,0,0,0,0,0,3.613092239329298,0
7.9660721062013025,10.241899034603797,1,1.0450484068381025,1.4730118001494774,0,7.026359852879104,3.5146484073025883,1,0,0,0,0,0,4.256375765858599,0
7.889214543181017,10.281420925353455,0,1.076777147279608,1.4109327179713038,0,4.5383562591153,3.8100697812383553,1,0,0,0,0,0,3.7686912471365988,0
6.983335726456861,9.144174365394175,0,1.7774205454183463,1.3936074745513445,0,3.863288861187897,3.348965362182092,1,0,0,0,0,0,2.944109706374045,0
6.314640168346863,7.986128756989699,1,0.7751179874597934,1.4837903700451618,0,5.450009485374649,3.6530509027881743,1,0,0,0,0,0,3.079776154194351,0
6.409812007630002,7.912836283786439,1,0.9110817866556724,1.1413956294381469,0,4.414447091490349,3.1584722857504843,1,0,0,0,0,0,3.835898903544413,0
6.031683517348133,7.5118878642560905,1,1.316231446314136,1.2786202926345154,0,6.597149679686688,2.9551012273846062,1,0,0,0,0,0,3.7787496423903386,0
7.719651647487721,10.131596610594164,1,1.3558729618363605,1.4991784549100413,0,6.327839659476721,3.6974912377802855,1,0,0,0,0,0,3.343042440067469,0
7.92136775854394,10.53790251762035,1,1.198168300081907,1.2722620890119416,0,4.965720908544306,3.210031340596983,1,0,0,0,0,0,3.6542094181539126,0
6.983319982597868,8.926878632592093,0,0.5846418065300474,1.5134072925413284,0,4.236358291678803,3.774466489787085,1,0,0,0,0,0,3.160194737626716,0
7.37508678401305,9.406919675603898,1,0.881040315231488,1.5477480591854018,0,2.5235089212547837,3.6128173630251905,1,0,0,0,0,0,3.0787402291861357,0
6.5892002873622015,7.642981818073069,1,1.7253544230509896,1.533318141779303,0,7.443142642081039,3.6530509027881743,1,0,0,0,0,0,4.539936285808409,0
7.055693662002732,9.532797701042956,0,1.4912066682945972,1.3942309275664735,0,5.495679486382067,3.292489225973096,1,0,0,0,0,0,3.3089346921675844,0
4.890032336831748,5.515401731536033,1,1.287469135282648,0.6520552921003658,0,5.497118788056252,1.4395184407031851,1,0,0,0,0,0,4.191742038266096,0
7.961176116695971,10.389232221565942,0,1.3820410932820488,1.6806672848919098,0,3.599190964630237,4.305525600650283,1,0,0,0,0,0,3.4978261240940944,0
7.758792984268668,10.274014834267476,0,1.1894354123271476,1.7550387764752498,0,4.050124857692292,3.944579577631561,1,0,0,0,0,0,2.945391244337742,0
3.7559434752444583,4.423401484519529,0,0.8621904985603656,0.931315087950981,0,2.7849511987401465,2.1394021511884516,1,0,0,0,0,0,1.6810890600353696,0
7.222029949716106,8.947979663480556,1,1.7163324751556832,1.302790366444828,0,8.1897013481332,3.1961938328367205,1,0,0,0,0,0,4.049269475691886,0
6.120665656362075,8.15963811668014,1,0.4981567988759085,1.036274021675877,0,5.106702525607461,2.672729473961335,1,0,0,0,0,0,2.977827644457136,0
7.554389432537516,10.035457743968475,1,0.9459235222806139,1.4579556403445082,0,4.137119099840107,3.5712244680466947,1,0,0,0,0,0,3.0789839310563187,0
7.8237068097142455,10.233905581010927,1,1.099716083611122,1.4835393154747545,0,6.304417974242781,3.7934225822322154,1,0,0,0,0,0,3.891118801954747,0
7.478720077251648,9.714470578715883,0,1.1644898287401104,1.4956035170339161,0,3.2356780392936377,3.6645466877410193,1,0,0,0,0,0,3.5390559134812127,0
6.741179580141667,8.551577311628808,1,0.6723074152746652,1.4387343935627714,0,3.8294351093444883,3.392888765183808,1,0,0,0,0,0,2.6918757238073994,0
6.9726856852840395,9.209935224576329,1,0.8175779858267036,1.613300407108979,0,7.36153795177487,4.320335503061592,1,0,0,0,0,0,3.361217769318754,0
6.761412885272243,8.175426547421772,1,0.6161038439191615,1.1421460446154246,0,6.290012114697458,3.1953306474588103,1,0,0,0,0,0,3.5709536586967943,0
5.625920471327424,6.376241641099697,1,0.7910264438137927,1.5445806410175842,0,7.993421010359192,3.0569552529857473,1,0,0,0,0,0,4.022158432515087,0
7.68991128594509,9.772321923419213,0,0.9744077099459922,1.3606572786857694,0,6.585455519584746,3.3944620104406944,1,0,0,0,0,0,3.8968519820007805,0
5.917261984726838,7.247581633265056,1,0.6156971376347267,0.874269397628106,0,5.497002503190951,1.9100156701760893,1,0,0,0,0,0,3.4125459658361597,0
7.0190375611762175,9.10831687155646,1,1.245350333884393,1.474849032170229,0,4.965720908544306,3.885258795908688,1,0,0,0,0,0,3.333306873191297,0
7.867904447714469,11.20406305432211,0,0.6624014831930836,1.6201701009229246,0,4.682062151510144,3.8084287123666862,1,0,0,0,0,0,2.5965902167346187,0
4.5959187750237,4.83335833334677,0,0.7970779597793509,1.2915305198482936,0,3.447206701079144,3.2940210644648626,1,0,0,0,0,0,3.296887306915433,0
5.578185736121295,6.966183661845829,1,0.5280661355708951,0.8361505817258504,0,4.65101379027512,2.1260183435573943,1,0,0,0,0,0,3.579967913666814,0
6.661826728664675,8.884536046636512,1,0.8554571534610306,1.5382508104362376,0,5.0730586769565615,3.5913425623011426,1,0,0,0,0,0,2.823475432380449,0
7.721992789611081,10.561024203208278,0,0.9900021516440499,1.4746233395253256,0,4.712532739655162,3.622260738312943,1,0,0,0,0,0,3.2828300375424457,0
6.561358706191673,7.678956706402181,0,0.9800170336366436,1.3539872769678236,0,2.4329673549950983,3.257527820095027,1,0,0,0,0,0,3.5214700162860084,0
5.31289444665396,5.485805373732043,1,1.3728213305876178,1.030429526249045,0,5.3402394242128,2.667090353504714,1,0,0,0,0,0,5.339176287832837,0
6.371919061130929,8.004411629503998,1,0.5989463280374457,0.85229753791883,0,4.771860984543103,2.2853601492692226,1,0,0,0,0,0,3.863786088293149,0
7.940667091839188,10.460597703598058,0,0.8013029807882195,1.4135268221598745,0,5.100508767468837,3.5799473993701403,1,0,0,0,0,0,3.217605071884221,0
6.873381659556756,9.33411243161592,0,0.5564431198906711,1.5647470892563677,0,2.316940885629526,3.6122258011590027,1,0,0,0,0,0,2.4531927234700275,0
6.805407098728081,8.49975058890949,1,0.5729745825838776,1.4780999306813367,0,5.194583775940901,3.4899091727224327,1,0,0,0,0,0,3.601729482420366,0
7.669955272654037,9.865899795661264,0,1.8103440474331727,1.3020575468642153,0,3.9399796050985123,3.1385802150221656,1,0,0,0,0,0,3.8410061226161574,0
5.825273952213694,6.753254260857767,1,1.4416187679134935,1.251595803343763,0,4.66624731468165,2.854187733650255,1,0,0,0,0,0,4.8466517010108445,0
6.716350531688347,8.903934099060372,1,0.31320699708048255,1.504033062420679,0,5.350708368196987,3.1864153911329662,1,0,0,0,0,0,2.956636301896463,0
7.360497718422492,9.211746553876052,1,1.1802932811585312,1.3930197538708464,0,6.063477975987061,3.5146484073025883,1,0,0,0,0,0,4.11131468392148,0
7.431836300046279,10.132893850670076,0,1.8218364225941979,1.6039757693124184,0,3.7037778659113547,3.735388699384057,1,0,0,0,0,0,2.696035908700231,0
6.6706762403513515,8.967802839252432,0,0.6145279496865916,1.5623760066751213,0,3.0613533852683776,3.7705551602817424,1,0,0,0,0,0,2.577501418946962,0
4.631165856156284,4.842174076344688,1,0.7737304548624634,0.9961523455966524,0,3.5414397863529814,2.373917349221391,1,0,0,0,0,0,3.7930889792171394,0
6.537651044813088,7.7940729035019825,1,1.291268688547896,1.1104184735461853,0,7.177294472710726,2.6109601924207597,1,0,0,0,0,0,4.202000164381104,0
6.947717768237657,9.103304470473253,1,0.3506657009393659,1.4122408634285564,0,4.024468352762679,3.3049476404262066,1,0,0,0,0,0,2.8103731528042304,0
7.332658283829888,9.441140328852763,1,0.9049290507371816,1.4835393154747545,0,4.108327764839046,3.7934225822322154,1,0,0,0,0,0,3.6170609402975673,0
6.944712788212371,9.080444166468215,0,1.381403986717117,1.4682112870742252,0,4.755676935477663,3.478580580184499,1,0,0,0,0,0,3.2362507997359304,0
6.559324505496704,8.052406915459224,1,1.4581074657524449,1.520798799589942,0,3.7663208269749986,3.6101959890869204,1,0,0,0,0,0,3.3418994765992096,0
6.551798291319849,8.35942656578147,1,0.6741831226026491,1.4722906031259997,0,4.75776059715178,4.130053580170743,1,0,0,0,0,0,3.3131287246725174,0
6.887883551372087,8.276399461954187,0,1.1660171947605757,1.2879947041317141,0,4.781988604594515,3.270940774104518,1,0,0,0,0,0,4.358010585751138,0
5.2209306416083265,5.815110278431136,1,0.8785071160330704,1.067617357749723,0,3.442599495905092,2.4290039766455402,1,0,0,0,0,0,3.7074113032443803,0
7.043637984698859,8.670119620371763,1,0.3953204675941453,1.2614007719655091,0,5.7238933586527,3.0309353472392915,1,0,0,0,0,0,4.45324937761173,0
6.7298773653660895,8.346041342317921,1,1.4914280421087178,1.153941717535537,0,4.208904702325259,2.805374745366019,1,0,0,0,0,0,4.221587161429474,0
7.468580911117515,10.293309170938585,0,1.1199749862413801,1.508076503616055,0,4.227045005968751,3.6740465218692044,1,0,0,0,0,0,2.7334302626596436,0
8.21088799781915,10.476010603756976,1,2.4126003118145882,1.5570046185086914,0,5.348403488800431,3.5919743175140617,1,0,0,0,0,0,4.1454209503399335,0
7.304614609973455,9.923918284870096,1,1.0552593322230013,1.6059698924630343,0,4.480210218532858,3.8286164115994223,1,0,0,0,0,0,3.0539457860548316,0
6.853547176651079,9.266525317090466,0,0.30103430276613746,1.396260488959307,0,2.6132795174802634,3.442793171064113,1,0,0,0,0,0,2.0190122437847093,0
4.347169701495052,4.516463882384967,1,0.8594524685112614,0.955133218496236,0,6.892592252310551,2.132075251648236,1,0,0,0,0,0,3.9728332252889387,0
6.313158058498672,7.484526881008674,1,1.2834938427009004,1.110439811017852,0,6.2493755676933205,2.7247954401739847,1,0,0,0,0,0,4.9190685571943815,0
6.907322350633096,9.811363137727009,1,1.0707561603587417,1.439045905747572,0,3.9317937316875877,3.6423836069865336,1,0,0,0,0,0,1.8024624898759258,0
7.376867695833505,9.773792823436013,0,1.431357524086852,1.3970591207818053,0,4.655912291410028,3.5919743175140617,1,0,0,0,0,0,3.2342380022612973,0
7.692994485107145,9.759159110639857,0,0.7454906927382083,1.4903292610793586,0,4.638635273357406,3.5715909241988686,1,0,0,0,0,0,3.9563550054545584,0
6.647490666227777,8.620829276897929,1,0.8610904484014082,1.343430451361486,0,3.01037515226235,3.348965362182092,1,0,0,0,0,0,2.561711406478634,0
7.074187651947893,8.512186312725603,1,1.2432535465533623,1.5951162403957966,0,3.982170030912256,3.700424104748909,1,0,0,0,0,0,4.099349602947567,0
7.058354364320619,8.667406169758635,0,1.300973860058697,1.3153483743632748,0,4.964704196220554,3.268263009671062,1,0,0,0,0,0,3.7223225653332133,0
5.701672549872031,6.782432413197841,1,0.8073171971711005,1.0464450995633314,0,4.992157696751712,2.4187617725967625,1,0,0,0,0,0,3.5041133631673063,0
7.160159283040705,8.814762630583456,0,0.6152753343995101,1.2923428503234566,0,4.98907500843119,3.5037987015242242,1,0,0,0,0,0,3.7236066565220747,0
5.561886696665715,6.639774611216311,0,1.0267651752031086,1.097732388419739,0,7.328547852150821,2.6899299474668528,1,0,0,0,0,0,3.2925357320993456,0
7.569265762205427,10.656846484230613,1,0.9635565966999954,1.4976253735320455,0,4.894227536669242,3.634266729737023,1,0,0,0,0,0,2.771930791427553,0
6.940796819017318,9.123373071991049,0,0.7146663171894291,1.5451511740705057,0,3.4275901418132877,3.7778755084443434,1,0,0,0,0,0,2.8970634051025996,0
6.1448242047256185,7.227745252973207,1,0.9464075899848384,1.4007893827528668,0,2.5824655198139363,3.3586490033406275,1,0,0,0,0,0,3.365794822227926,0
6.433313209020403,7.788431800053567,0,1.8251273195762923,1.6171186316764448,0,2.552683001559647,3.8443998510446473,1,0,0,0,0,0,3.0421279276685116,0
7.559710424028098,9.333592349924213,0,2.977443329123723,1.0140195871648612,0,10.170893102244936,2.4707670949526985,1,0,0,0,0,0,2.8493811583332533,0
5.868620398531519,6.565629541161831,2,0.8339027220155126,1.1647869891904397,0,8.515910423348169,3.2798018901390558,1,0,0,0,0,0,4.348847857393087,0
9.70173426444345,13.86216794049537,0,2.2612378880828405,1.4235956690089209,0,4.302623753190008,3.314698038451673,1,0,0,0,0,0,2.4773558725264153,0
9.700213811640046,14.051242477363001,0,1.7610254090650594,1.5902326644197746,0,6.719751471838203,3.5618533862416224,1,0,0,0,0,0,3.134836097155555,0
7.1075442354357214,9.673570891193641,0,1.4087279485381323,1.4163897025748289,0,6.685223000441599,3.5621051240975805,1,0,0,0,0,0,2.860073315951202,0
7.957659372793641,11.08320502109014,0,1.9929434311443746,1.5303932201127273,0,4.256452437597987,3.7954473105238677,1,0,0,0,0,0,2.894957582666804,0
6.768419662117301,9.077543640800009,0,1.416245731932773,1.5637309485942323,0,2.7262765360619867,3.982493308503053,1,0,0,0,0,0,2.576645605207421,0
3.722540912860836,3.4378715076375705,1,1.8457310002353138,0.9668392080373897,0,3.87655696899542,2.313865660474649,1,0,0,0,0,0,4.358009209063177,0
7.370825358809309,9.732655670008787,1,0.6019441379659989,1.3089873316681986,0,7.448212519622877,3.50799410508321,1,0,0,0,0,0,4.082373104805923,0
7.7321368208299415,10.120647203334169,1,1.1214321694282336,1.5825928116426358,0,3.0187945612434164,4.1175707342337216,1,0,0,0,0,0,3.2210810725020615,0
6.313993725022183,7.760230059518551,0,1.1716179701391956,1.5112181756906489,0,2.988410466719768,4.048670925073443,1,0,0,0,0,0,3.2692574292822796,0
2.8573896009478927,2.4353346659961908,1,0.960408744721678,0.39534894927506153,0,6.565391331232477,1.1237661111461592,1,0,0,0,0,0,4.7077839934756325,0
7.28585322877956,9.993560770438663,0,0.7451751694006656,1.5277189102492204,0,4.509909019503408,3.955133916798659,1,0,0,0,0,0,2.735532408500625,0
7.845732063308539,10.572587780270405,0,1.6173757031794338,1.800357907500786,0,4.8039522695841805,3.7514453777561485,1,0,0,0,0,0,2.900200277090554,0
6.294993801681031,7.911642733692777,0,1.3301199302791014,1.4255391070857084,0,3.678038381376025,3.268619685883758,1,0,0,0,0,0,2.774588161134697,0
5.52184296419501,6.489235821839765,0,2.0211578433175217,1.1028136853535362,0,4.382204090738988,2.5320698615038535,1,0,0,0,0,0,3.8932508566732036,0
7.731996425513828,10.962947590550899,1,0.4723717994662414,1.3012552310745733,0,5.375629605985678,3.7124331321587167,1,0,0,0,0,0,2.8153722650421207,0
6.041716658428546,7.538345795604826,0,1.1576459210689358,1.2416878532567097,0,4.147139598855095,2.9836778468897784,1,0,0,0,0,0,2.5885472398715725,0
5.403515602902406,6.229613798489433,1,1.5920468372803016,1.0528688530281445,0,7.834248987055738,2.5523866361174212,1,0,0,0,0,0,4.236026923837923,0
7.436993745224389,10.006539057005277,1,0.7747201894460078,1.3576358253948446,0,4.703877143143715,3.4608928958576737,1,0,0,0,0,0,3.1843970291344332,0
7.474874309301905,9.561631218737121,1,1.3767890249494776,1.4028672987299622,0,6.553989511342519,3.5189393613826345,1,0,0,0,0,0,3.948229358001343,0
8.036850375789582,10.703669123021538,0,0.8669764997320235,1.7230027717077931,0,5.78343139532916,4.348638721771285,1,0,0,0,0,0,3.0206722001691437,0
6.347444967175589,7.84940627370902,0,0.6766800613751109,1.349330135209522,0,1.3348170396701138,3.4355717340561176,1,0,0,0,0,0,3.101041863536563,0
5.224337250711564,5.68080828840872,0,1.5544233727662087,1.0124228256203425,0,6.766478928608068,2.5811418465922427,1,0,0,0,0,0,4.053321341661307,0
7.06489869932276,9.042897310664225,0,1.1786529051761683,1.2884925273305061,0,4.792609367301031,3.229918224740161,1,0,0,0,0,0,3.6286667962708528,0
7.232014474921106,8.906985213346946,1,1.3255581450883458,1.1780501354851411,0,5.355959136155484,3.227093613779651,1,0,0,0,0,0,4.523969070620036,0
6.657116215070964,9.421820569957244,0,1.0051843534345875,1.7911288992290388,0,2.28626051809406,3.817823572136192,1,0,0,0,0,0,1.894460987488885,0
6.655622502525681,8.175460250175126,1,2.3141744260791945,1.0998453938361912,0,5.161312854256224,2.911403154618963,1,0,0,0,0,0,3.0207059924474775,0
9.485284617827753,12.383489264516689,2,1.3650988755463176,0.6053001010688348,0,9.312623015465709,2.068820862927462,1,0,0,0,0,0,5.699640886228163,0
8.57300042058825,9.593535905212573,1,1.9762666704021976,1.7266719686327427,0,2.3799472894653153,4.154052115823006,1,0,0,0,0,0,2.6591965965900797,0
5.810488549490605,5.7655435513030024,0,2.9535398520028067,0.8411749263386031,0,5.302815678645027,2.0463944181544322,1,0,0,0,0,0,3.6892343056906745,0
8.154934773733071,10.755510711944222,2,0.39637449741999087,1.3603059950833007,0,4.485774056523591,3.392037224911937,1,0,0,0,0,0,3.3272373845849317,0
7.5675582026892965,10.138805921460307,0,0.6797038565565288,2.0525773992806418,0,2.786127399023786,5.336945308771228,1,0,0,0,0,0,2.569038214212123,0
6.220830652276456,7.778922882978757,1,1.25702230071197,0.8877430393217558,0,6.952579926997745,2.0199208062478204,1,0,0,0,0,0,4.8175792379008895,0
7.693566424963336,10.553372491318777,0,1.2779833499296294,2.061645015054675,0,3.3502333687275785,4.844133630094573,1,0,0,0,0,0,1.7964730796866248,0
5.049047193332472,5.262085042007639,1,1.491840965391452,0.8009522068470698,0,7.230597309116778,1.9532081814039477,1,0,0,0,0,0,4.955898018042722,0
7.701857853045203,10.837201497916706,1,0.4320570559961,1.3985102040200004,0,3.729961773716386,3.57901383433104,1,0,0,0,0,0,2.8187310386118876,0
7.0383349033060965,8.363165211616877,0,1.3106921797659186,1.5934838231780886,0,2.4131811575522497,3.6858200381143744,1,0,0,0,0,0,3.184364287428909,0
6.568813362418567,7.911854003702411,1,0.8808223428803656,0.9766762501466081,0,4.987386149286358,2.3094610960291044,1,0,0,0,0,0,4.2895229979928615,0
7.417786183954839,11.044511028952543,0,1.3176276578533421,1.8065724821575622,0,2.562849861086409,4.680687181589989,1,0,0,0,0,0,1.3694985800899584,0
3.930665127673062,3.355385501866735,1,1.9344298006421918,0.9624876605268398,0,3.891870715871036,2.366502272010499,1,0,0,0,0,0,3.7407493485360503,0
8.92414659540788,12.040308525853424,1,0.8485200408113697,1.478001869756018,0,2.922603783752455,4.067802172936635,1,0,0,0,0,0,3.978358897900838,0
6.482121646459904,7.895029724713856,0,0.8939751194252766,1.5828128855816856,0,1.912702206173261,3.6526415630176254,1,0,0,0,0,0,3.010094411163455,0
5.908966659686822,7.168186598776193,1,1.178096415301292,0.6977909846801941,0,5.413568259763666,1.6821775904564409,1,0,0,0,0,0,4.975889455611616,0
7.113652658665078,8.782100888736098,0,0.6944849895675547,1.788738975435766,0,2.5036051608376266,3.716845171274697,1,0,0,0,0,0,2.515402369194531,0
8.780452981980943,12.307603545761987,1,0.693901027840238,1.4442512380451618,0,6.681730084496983,3.636208599120386,1,0,0,0,0,0,4.081108657031754,0
4.328525656348269,4.275425081472139,0,1.4707780808266575,1.2372806682828352,0,3.042583613035773,2.5928543295092124,1,0,0,0,0,0,3.2284417454379093,0
9.826903039699324,14.449227317262986,1,0.2804596395628414,1.8367548438343781,0,2.301827275656684,4.737485878225806,1,0,0,0,0,0,2.30026427712283,0
3.079311716603554,2.2059953804366357,1,1.471211290448761,0.5001335512649403,0,6.333143812841888,0.7884131801656082,1,0,0,0,0,0,5.185058752774166,0
8.893363079390062,13.077838184206588,0,0.3695086055867932,1.9792708161514536,0,2.03589917709818,5.084041193542787,1,0,0,0,0,0,1.399940213972491,0
4.1355928276168985,3.6420477801764526,1,1.6973886886963379,0.6959769082556897,0,4.20354007513348,1.3028349319694708,1,0,0,0,0,0,5.461922874966291,0
8.464272780465809,12.506858088969445,0,1.1627128755488583,1.9742105544833741,0,3.3012892125483217,4.980660226289898,1,0,0,0,0,0,1.4667607960715177,0
5.834873228532343,6.384620468337274,1,9.150611519167592,0.5950084850391547,0,11.889291811913449,1.17170288150674,1,0,0,0,0,0,16.2111743411019,0
21.476448989842496,20.251261244512126,1,249.26988001182065,1.902543735281615,0,20074.899076898895,5.131266044046469,1,0,0,0,0,0,48.33061992881765,0
4.200889351562827,4.27879287684773,0,5.562140739874854,0.9173615453962614,0,22.566580065438714,2.3374253556282696,1,0,0,0,0,0,3.0850326240407986,0
9.496401231045738,13.693321391462362,1,0.9312865840881922,1.84272419822362,0,16.73118044852084,4.796571890650763,1,0,0,0,0,0,2.9265745689975224,0
3.0400139988542043,2.2219857113782044,1,0.8862637088162538,0.7876387442550018,0,24.276362273630077,1.6596399012156091,1,0,0,0,0,0,3.3892120485101414,0
10.032630656088699,14.980623540601611,0,0.5923230549471565,2.402656643125176,0,5.612942527313667,5.829122888541975,1,0,0,0,0,0,1.3820296766003892,0
4.2054726157120434,4.262401913289322,1,0.8500818492802504,0.7896574207558299,0,23.18065080521288,1.712275140736082,1,0,0,0,0,0,3.905141516827244,0
10.020489492035699,15.329204587276237,0,0.8692327209493727,2.114022429175367,0,10.626622295659345,5.378117372206685,1,0,0,0,0,0,1.486359991015734,0
3.19683186342259,2.7668379625853063,1,0.811469220774053,0.6937539110636852,0,24.770204401038544,1.2653834196471812,1,0,0,0,0,0,3.7317358161343024,0
9.789390224776806,14.948305306161512,0,0.5586806082703308,2.2383622278023703,0,10.28085218165417,5.466720723785915,1,0,0,0,0,0,0.5857339009271487,0
4.360740838273846,4.553788162662583,1,0.7636912395307778,0.6993239538690519,0,23.984999393691563,2.072092291060737,1,0,0,0,0,0,3.9753360989905127,0
10.328142434415629,15.822627002684047,0,0.7852074428635427,2.273596594059751,0,9.54703244562256,5.773259375926669,1,0,0,0,0,0,1.3503386256670056,0
3.6426030131389795,3.3708856117034287,1,1.212784693106177,0.7110913912102504,0,21.726235934954843,1.245945675770591,1,0,0,0,0,0,4.2303129781165465,0
9.992964100520313,15.397528651030234,0,0.7078438991398613,2.3650076702086866,0,5.840773312271917,5.736871336853024,1,0,0,0,0,0,1.0578318576571526,0
4.394950011513143,4.785914586657606,1,1.0639450466245817,0.7081669861991382,0,27.221470377357175,1.7001308282764112,1,0,0,0,0,0,3.564454174424814,0
9.529804255603285,14.400640472724602,0,0.4295940767226867,2.28174942937337,0,7.590892874560367,5.244446719346688,1,0,0,0,0,0,0.9851874215643314,0
4.830765255818089,5.331561296976208,1,0.900016480754771,0.6661939468432834,0,23.21949846260183,1.6603087385491142,1,0,0,0,0,0,3.9911573917710332,0
9.967587433913138,14.12546310077529,1,1.37546660567325,2.0764199118575615,0,15.082102098812435,5.316729034977919,1,0,0,0,0,0,2.7148580255779953,0
7.0669394456710695,6.500615250467929,3,18.457083715339863,1.5551578621701103,0,18.51386036846263,3.023276700175982,1,0,0,0,0,0,8.003626044465188,0
10.441740372136021,15.616216748076052,1,0.6719329726131335,1.9260846920007098,0,10.484131046194234,4.8994435671561325,1,0,0,0,0,0,1.982911284231246,0
6.433995555327031,8.095181948158851,0,0.6987998554556014,1.6113612485452768,0,15.141915252331291,3.8001018630135954,1,0,0,0,0,0,2.4164079938705267,0
7.709148119893234,10.64343969405216,1,1.2467356411061334,1.3294913767837442,0,25.710536948079294,3.323853519095786,1,0,0,0,0,0,2.4028035644258456,0
9.176289575155906,13.087319002876223,0,0.9313068343614895,2.1708368269060374,0,8.028848596420133,5.252067057280884,1,0,0,0,0,0,2.0170621786208747,0
3.598776088092184,3.5397745098389053,1,0.6809745189820354,0.730847945779808,0,22.85515741667765,1.6226642895947152,1,0,0,0,0,0,3.0966102225673247,0
9.267251093772744,13.817155986457378,1,0.49189149529992965,1.4222478275152906,0,16.175900177205868,3.694962619636158,1,0,0,0,0,0,1.748295948258209,0
8.67213990626189,12.697523657323831,0,0.6372453157707558,2.0803178630159227,0,12.794379661656578,5.048328527869876,1,0,0,0,0,0,1.9826897824613234,0
4.122102919517895,4.430599753375585,1,0.8211729006796724,1.1119288216745074,0,22.322300866704616,2.026837202971569,1,0,0,0,0,0,3.1834807129379836,0
10.568346712792799,15.712725237803012,1,0.42394249330316286,1.854026200206728,0,19.417671130604724,4.935820750316908,1,0,0,0,0,0,2.0537634397708717,0
6.434417730251468,8.796587773015453,0,0.9412024475411345,1.5044444769025074,0,11.768853633308224,3.6523032976127157,1,0,0,0,0,0,1.61964981260656,0
7.107318346950511,9.837864618028803,1,0.44923074394908896,0.9112338949327912,0,27.595965735981007,3.1012540051760165,1,0,0,0,0,0,2.70920761071874,0
9.435146990639824,13.711922117248395,0,0.5314865318706692,2.161752889957465,0,8.566850167038943,5.249640946752641,1,0,0,0,0,0,2.001260033380539,0
4.837891436576745,5.999160204266448,0,0.40874653741319755,1.1160648616023514,0,20.063215941369368,2.5894182447968452,1,0,0,0,0,0,1.872912947844439,0
9.251531824966472,12.376460257514749,1,2.6983674617216686,1.5175109332460555,0,21.14703458847734,4.248990514902048,1,0,0,0,0,0,3.1156207423932383,0
9.045681141687663,10.717319837600067,0,2.452096956221691,1.718900446087346,0,13.1984248924228,4.029023022632867,1,0,0,0,0,0,2.3617881213016787,0
7.676582768829791,8.905508813537317,1,1.0221348146585791,1.3671834392698246,0,16.55151655645437,3.2937665876293667,1,0,0,0,0,0,3.572730989403997,0
4.465487516358559,5.078569310786692,0,0.19832378878894139,0.9206777088290921,0,20.475778987660668,1.9974344494851584,1,0,0,0,0,0,2.2776479353209838,0
6.823122899933317,9.036239273263957,2,1.151838112031219,1.4341794096056246,0,17.466584580377383,2.630654668129196,1,0,0,0,0,0,3.267643072017669,0
37.45482545291461,45.840799219602715,1,3.4876775942377396,145.43532603022106,0,12.797586470801917,77.22419069279101,1,0,0,0,0,0,1.63607238962767,0
13.366915467985702,8.488780663899076,5,7.042124214008723,42.18553317816656,0,20.875383754198076,25.775572249281456,1,0,0,0,0,0,5.504480080400163,0
9.729229215223778,6.491812617907712,4,5.040976255669756,1.25085499349771,0,23.423759545305078,3.4024063924903913,1,0,0,0,0,0,5.649829655693849,0
6.448161458666241,7.80937236734491,2,2.875953159283238,1.1467806712015753,0,27.84093161597655,2.9753373359899444,1,0,0,0,0,0,3.8800966607861995,0
7.192187677683456,9.644881629839842,2,0.766619131201248,1.5002247927918624,0,15.829551527075356,3.8211329375889385,1,0,0,0,0,0,2.820481088710493,0
4.03280970393358,3.016558312761573,0,0.49697219061681075,0.9213514499990106,0,20.155082148784206,1.8897661898294564,1,0,0,0,0,0,3.031400943581116,0
7.902056876661207,11.821415555590042,0,0.8243817287830375,2.1185244379581376,0,10.244524001841995,5.367926874222915,1,0,0,0,0,0,0.8526905550673765,0
5.253611176236876,6.233891441722375,1,4.615226702048868,1.0149694123025623,0,21.00787794399893,2.2351187042194507,1,0,0,0,0,0,3.0650693088874057,0
13.188746559332701,20.644684361751,1,2.1411915071754892,2.0079581196150755,0,10.579975921555718,4.993301384034542,1,0,0,0,0,0,1.670580223774483,0
5.1788381771299505,5.580229444357458,1,2.325347092348713,1.3697832023455012,0,19.539090575984428,2.7722817341315786,1,0,0,0,0,0,3.5666646625639613,0
6.873226290860522,8.247883972541661,1,3.0035833170431108,1.006238386716016,0,20.50099105880208,2.5362168821874516,1,0,0,0,0,0,4.297719314468511,0
7.782165680385574,10.76679850767481,1,0.45232136722582417,1.3689361400504316,0,22.28971288608573,3.276377818483412,1,0,0,0,0,0,3.3090662076626884,0
7.573601917554768,10.791345137279837,0,0.7200218159916911,1.7773693121136258,0,16.239330960463032,4.100767172316999,1,0,0,0,0,0,2.0652525216447715,0
5.742229349449102,7.739326305335345,1,0.6464716285968473,1.475040796118435,0,14.129940418541743,3.2572510587276087,1,0,0,0,0,0,1.9203883340653296,0
5.841058665126674,7.350340210432216,1,1.6751292732303018,1.1619797206004776,0,20.984002570507172,2.386113061403778,1,0,0,0,0,0,3.267363894616206,0
6.7757178293134235,9.030649801804639,1,0.7293190467431989,1.4627045947063262,0,17.942849082307852,3.664553601628455,1,0,0,0,0,0,2.5508423379391756,0
7.2573620548030044,10.547484778342035,1,0.9411185309340633,1.2897050221980346,0,19.090329039577416,3.3138298725003628,1,0,0,0,0,0,2.2795278238211485,0
8.06390745382011,11.464199053606393,0,1.0226803866462602,1.7875922775350024,0,14.217009605522593,4.346657939064944,1,0,0,0,0,0,2.123284789826593,0
5.454694729064192,7.452640533935803,0,0.33362052196050207,1.3586307863540132,0,18.846704037347322,3.272036744263273,1,0,0,0,0,0,1.9511624557941478,0
4.76971765904668,6.166561629658275,1,0.1597662762753705,1.1793681247778498,0,24.977269454449676,2.556517561771772,1,0,0,0,0,0,2.178082458910356,0
6.422616567482567,8.79454290076542,1,0.9797010226926011,1.4573917442812472,0,21.06197627914881,2.955436622372578,1,0,0,0,0,0,2.344757935105254,0
5.902267549847344,7.929051029250704,0,0.8569618029354487,1.3842383308782928,0,21.343707200972993,2.609313806949533,1,0,0,0,0,0,2.4241147992503005,0
7.095869970115999,10.02444732187264,1,0.8012631412380016,1.2241791937063806,0,21.920057849408657,2.895566464488044,1,0,0,0,0,0,2.008133355308708,0
6.802410179189852,9.03239427977849,1,0.952059018695707,1.1210404291380438,0,25.7365998703324,3.114837835920576,1,0,0,0,0,0,2.97079834547257,0
7.0725948852079,9.719974618260272,1,0.9717201566192978,1.5996303959776195,0,17.212961777803216,3.874661575437459,1,0,0,0,0,0,2.3457512685656763,0
6.947797110077255,9.732346790345371,1,0.3913580941071909,1.4531515143470697,0,16.944851487573033,3.7727808403899354,1,0,0,0,0,0,2.6772637275875413,0
7.706858189977959,11.426782131055777,0,0.4743247077794446,1.2943737892024716,0,18.941567071701375,3.596588407606753,1,0,0,0,0,0,1.9176302370613476,0
7.329779928846532,10.1650650648757,1,1.0990977463860732,1.4099097002588854,0,21.279541646529236,3.207381526535403,1,0,0,0,0,0,2.0138848638131472,0
5.876395298827739,7.584169624750481,1,1.1426806930288835,1.680361407832911,0,19.638304224443253,3.172304806219212,1,0,0,0,0,0,2.6338195137337457,0
6.850605809427311,8.98614490090582,1,0.3472019304557649,1.4463147334589954,0,19.059249327241346,3.052905756243069,1,0,0,0,0,0,3.23347451796533,0
5.80893360439353,7.644037927759007,1,0.5803867233260311,0.9937565879718502,0,21.757526592360513,2.3498153568102023,1,0,0,0,0,0,2.880235133983442,0
6.796224147325969,9.527239267681006,1,0.3713412212634461,1.3707989848552837,0,22.50447743720136,3.2378328811538113,1,0,0,0,0,0,2.2874074314943424,0
7.990737113109651,11.634626438454422,1,0.9946054476878351,1.5656794847315965,0,22.00271965754668,4.0023204936621735,1,0,0,0,0,0,2.0470180706256653,0
7.583424958488228,11.124735714598499,0,1.3167042317339137,1.4702979460909782,0,13.786113704794206,3.521302329190366,1,0,0,0,0,0,1.9419550989350616,0
6.311535852411799,8.308031311776663,0,1.2380501229441405,1.567286262905482,0,11.0221502460072,3.6842743066776777,1,0,0,0,0,0,2.1987684709702213,0
4.733943020727345,5.855162325059762,1,1.2052279212979917,1.0665627622489557,0,19.53182995075879,2.4334624125453272,1,0,0,0,0,0,2.112061206551827,0
6.698821270349878,9.418037140912823,1,0.295704624222264,1.3826708017383549,0,27.64745890418758,2.991055028267554,1,0,0,0,0,0,2.387908587013026,0
6.888699192428403,9.472255820001015,1,0.6756058304248778,1.544990422425003,0,20.836295992611806,3.254310925068914,1,0,0,0,0,0,3.17753139756981,0
7.758230704931952,11.075612508109641,1,1.1780036891129373,1.5922807487724995,0,12.295186313193003,3.800083074654114,1,0,0,0,0,0,1.9232933167550668,0
6.784079066209465,9.577418471486558,1,1.36125355962946,1.5245669058658706,0,13.622933621902522,3.6408250926883294,1,0,0,0,0,0,1.6379560267660311,0
6.01964854225476,8.261676707068233,0,1.213987976431901,1.477894849034103,0,16.265011323817227,3.6106210702107617,1,0,0,0,0,0,2.5444484761594013,0
6.155557991371638,8.282781489784645,1,1.0539912144177792,1.3646698646375999,0,20.08730983357447,2.873036685717177,1,0,0,0,0,0,2.9207223424377116,0
5.596328985498737,7.345521308793862,1,1.033634404201609,1.2161020188450133,0,26.688490375151915,2.6139196165143344,1,0,0,0,0,0,2.5608831687676217,0
6.96358609003645,9.736779053400967,1,0.9108039748521349,1.33205755762854,0,22.18778974870013,3.070981745672788,1,0,0,0,0,0,2.4058757332298746,0
7.683239853186816,11.304030726591396,1,0.6862489491592988,1.4506586932952295,0,17.011216653575858,3.6695486268568533,1,0,0,0,0,0,2.0865548623616736,0
7.624854663586689,10.518221543241228,0,0.3974018715192493,1.6562575780480275,0,14.064595399014369,3.9807272705730226,1,0,0,0,0,0,2.583489280431183,0
5.552762281757994,7.150152295283387,0,0.9234685999023313,1.1755976319152535,0,17.755130270002276,2.9965268890064385,1,0,0,0,0,0,2.607701169903458,0
5.578104358288482,7.294339211117186,1,0.5258774631813949,1.077388976436318,0,24.40562509271561,2.576728943301937,1,0,0,0,0,0,2.99209812381684,0
6.631260302071854,9.434167780408936,1,0.47228316315793056,1.3870594829215266,0,25.39916082520322,3.260705822162667,1,0,0,0,0,0,2.721523440197201,0
8.581392440546383,12.714047337455936,0,1.1680236240021094,1.6429329003744542,0,15.904090513836945,3.8975984311574234,1,0,0,0,0,0,2.461245742648348,0
6.181324075516386,8.285891053121759,0,0.4088255800087671,1.5579147413937047,0,16.240935525739147,3.6106210702107617,1,0,0,0,0,0,2.671136878749163,0
6.1065022221039165,7.770742948478357,1,1.1217864840325886,1.3168967386816792,0,19.67024618518999,3.1847493206539506,1,0,0,0,0,0,3.369784749961819,0
6.93871715933385,9.458026333811151,1,0.470018987360515,1.112566604226076,0,25.493416525127465,2.665565215436603,1,0,0,0,0,0,3.3295345258360327,0
7.866275755783008,11.652848464616232,1,1.458186117978479,1.4824176786219636,0,12.306099912192721,3.595044907467407,1,0,0,0,0,0,1.8575907912642404,0
6.486165874893754,8.728840894505172,1,0.6472214701922779,1.6547433231775077,0,14.764575864415551,3.632211628153718,1,0,0,0,0,0,2.117422991446344,0
5.8444309243789005,7.315524235712356,1,0.2671938652093201,1.4079316092973095,0,16.24759371417951,3.145575762772669,1,0,0,0,0,0,2.7078920725042788,0
7.177896226363794,9.47729321079189,0,1.3114797546319776,1.3924130845901272,0,16.87325134518914,3.549828216708942,1,0,0,0,0,0,3.232138793394383,0
5.705522157002288,7.8196042786273425,1,1.1871622210870996,1.3870835451488146,0,15.39753516992667,3.1611843296479964,1,0,0,0,0,0,2.162024096429121,0
6.900244927664876,9.40605188100278,1,1.180585555674261,1.438097977632368,0,22.50447743720136,3.429686676038311,1,0,0,0,0,0,3.1001386013422065,0
6.908626815856168,9.144453334164611,1,0.4463314333215078,1.4960904578200145,0,23.161452833222704,3.2236635270901925,1,0,0,0,0,0,2.9671056556254487,0
7.394605390193034,10.048376422639029,1,1.2684964655670508,1.4557057506519508,0,16.516432614633047,3.782433235835337,1,0,0,0,0,0,2.781582498928966,0
7.054051486017343,10.016780278356528,0,1.1062925595578879,1.4540539411479316,0,15.940392951658472,3.251181802734332,1,0,0,0,0,0,1.8050792889535665,0
6.291139961142206,8.235475421783185,0,0.8930958323307873,1.6715394266389065,0,17.340198593608754,3.5740673438682595,1,0,0,0,0,0,3.253688806916833,0
6.17220012235941,8.082496325043975,1,0.5194820070276247,1.1697958607051187,0,21.474891065017196,3.0221988611343202,1,0,0,0,0,0,2.6520534411374967,0
6.1526637117958485,8.335505750364582,1,0.7498605386577067,1.1332605746379811,0,18.869502997241895,3.0259618006858267,1,0,0,0,0,0,2.7305494565012736,0
7.432588702909737,10.114321871364796,1,0.45253795037399047,1.2535202576177524,0,22.50447743720136,3.4261489058701646,1,0,0,0,0,0,2.808604411127049,0
7.602540279706684,10.863316601399035,1,1.970295786957104,1.6025860899745163,0,25.08875077378395,3.1062926503067176,1,0,0,0,0,0,2.09970311850202,0
8.164405514787864,12.321411216365371,0,0.7499282705592771,1.7816600812966321,0,18.98371929936158,3.5748045119160725,1,0,0,0,0,0,1.8919839322702645,0
7.136055591975833,9.768076043513316,0,0.34695193397421875,1.378424067428028,0,14.970402605460428,3.367511332275424,1,0,0,0,0,0,2.359196992092975,0
5.991134811487134,7.9018013237989795,1,0.9943803250948509,1.4851357332569277,0,20.4513341201082,3.383564019608792,1,0,0,0,0,0,2.624791044281002,0
6.6748427347966395,8.915168101983774,1,1.4827244075493982,1.3167571231876276,0,23.472780444683316,3.1587346127005373,1,0,0,0,0,0,2.394961612617259,0
5.966290801263819,7.748137831109269,1,1.3207405738264142,1.2416546501704353,0,23.543078537617326,2.982450300180491,1,0,0,0,0,0,3.010323749575501,0
7.227683018079189,9.590136557163696,1,0.9865994422839679,1.5440362599796178,0,16.645456585031617,3.3880448740367317,1,0,0,0,0,0,2.3908392656179913,0
7.945483747521674,11.310440449930201,1,0.15305282966458295,1.5827313998004016,0,23.09441249830169,3.498508227903091,1,0,0,0,0,0,3.0192018810010475,0
8.241918236330935,11.789616604865763,1,1.3465852616718461,1.541478130629859,0,19.27595578915317,3.8742270440816635,1,0,0,0,0,0,2.5011503226141225,0
7.214298957196891,10.30814560140871,1,0.39861987140089156,1.3307204727265316,0,17.69382101616414,3.369435900348793,1,0,0,0,0,0,2.2630515120092056,0
6.733591625289306,8.140065742483118,1,2.648456121587458,1.1733356918331386,0,24.08282872832705,2.928041321743679,1,0,0,0,0,0,3.393332413430449,0
6.891651415484478,8.997472610167794,0,2.063244665924899,1.1555068044019077,0,27.567178859320446,2.762850331586412,1,0,0,0,0,0,2.893534683341228,0
7.009878078566413,9.391897966448598,1,2.795226105481519,1.4230155053773315,0,20.6727769232127,3.359289058991984,1,0,0,0,0,0,3.3183173373784394,0
7.629212502957435,10.873594749856391,1,0.5589206669565927,1.6241883193946993,0,16.277382169117367,3.554822673518515,1,0,0,0,0,0,2.365171336211573,0
7.73129544753953,11.122082900074325,0,0.7046717082554892,1.567084179063733,0,15.904090513836945,3.705082992957031,1,0,0,0,0,0,2.0915994621830887,0
7.817422109372943,10.617131035969356,0,1.3154126090527936,1.7391012777659922,0,21.40487552125684,3.859719528856373,1,0,0,0,0,0,3.0994734638987524,0
6.9923481979215865,9.814694290137826,1,0.5602594826400135,1.3018895715304841,0,14.759727924415463,3.198803209491378,1,0,0,0,0,0,2.134082292682441,0
5.770229864276839,7.146533982003625,1,0.8779411471754232,1.326178346831342,0,27.418354101528223,2.7940788761772968,1,0,0,0,0,0,3.067536298099391,0
6.022668501934205,7.643694952335342,1,0.6980911772426666,1.39091711359702,0,19.198778622920763,3.097179416973455,1,0,0,0,0,0,2.1379515774091002,0
6.3049824121542715,8.062293628997526,1,0.7249059503989506,1.1844678536859365,0,19.731079158122235,3.0454887672732625,1,0,0,0,0,0,3.4656700898867214,0
7.143312171119369,10.152915514277584,1,0.5674581753765193,1.3333418372934251,0,26.59316129147002,3.4190619606096746,1,0,0,0,0,0,1.6938935162397157,0
7.6367895704432645,11.063978244321738,1,0.7380505514719219,1.3386668755376083,0,20.292647176595587,3.3826841352698214,1,0,0,0,0,0,2.228221665884012,0
8.149013720235157,11.649311297350765,1,0.3569903119516679,1.9523578888894793,0,15.152962671595787,3.9507554987851576,1,0,0,0,0,0,2.5718161158290345,0
6.288986981381863,8.527736478574697,0,0.7428373457123427,1.4206866052688298,0,15.076711253856839,3.4808710290296396,1,0,0,0,0,0,2.4353169933659284,0
6.114465794479752,7.457016475492919,1,1.9787977704042417,0.8724490493223933,0,20.779205126687,2.2191101493724195,1,0,0,0,0,0,3.137947395326739,0
7.241210601912776,9.508539134656754,1,1.1195078838448493,1.4756479960412148,0,22.455258282214466,3.258354958644239,1,0,0,0,0,0,3.3161197283858392,0
7.536737988119988,10.491289196602954,1,0.511911809199535,1.4702843374315764,0,19.674560357896326,3.707902646403191,1,0,0,0,0,0,2.9506927139740267,0
7.485375079315621,11.040089063419561,0,0.6091904661138386,1.8637831626711288,0,15.173742573609802,3.972372384945643,1,0,0,0,0,0,1.9809218070051822,0
5.724563827799777,7.861372837111301,0,0.881348860721117,1.2709984627786164,0,15.73258868708978,3.5196142377074615,1,0,0,0,0,0,1.7859962959455404,0
5.571268970585317,6.847280463956948,1,0.8580089837474054,1.165806065022352,0,25.98926254737452,2.802599702249733,1,0,0,0,0,0,3.227752488564083,0
8.385907579435113,12.170723181148487,1,0.7267294933263433,1.202438903670273,0,16.592906811400244,2.855607241142616,1,0,0,0,0,0,2.5236778210579756,0
8.323186350731529,12.245713288499406,1,1.3238389059223528,1.600464222326899,0,14.54557292735737,4.147969526864107,1,0,0,0,0,0,2.183646826121663,0
6.701250185040777,8.854851486314315,1,0.6444577459964123,1.5282068295868034,0,16.314155693673126,3.568545749464131,1,0,0,0,0,0,2.228301622226658,0
6.7531103103934775,9.09101280326895,1,0.9889439966212398,1.2034581654214354,0,18.475671311940857,3.0251358723848774,1,0,0,0,0,0,3.2476044482651076,0
5.987844083803073,7.891928868344801,1,1.2531343572982625,1.0745144115108984,0,25.68043250598044,2.9991651553620278,1,0,0,0,0,0,2.8431964867524897,0
7.845980450343227,11.221039496080307,1,0.9494688681078327,1.3803234983228214,0,15.602964576971395,3.7053537177436837,1,0,0,0,0,0,1.9861797482607906,0
7.8314877107658365,11.286115364414044,1,0.6349011666431285,1.6440191920787859,0,14.483572407579409,3.8975984311574234,1,0,0,0,0,0,2.130874100360556,0
6.65708966414403,8.380087561802426,0,1.2719405002664397,1.6462225381625202,0,15.829941684965032,4.021754189459919,1,0,0,0,0,0,3.0599808377366173,0
6.365157807275577,8.661479828267684,1,1.0104038909325168,1.263627477927622,0,14.76457586441555,2.9676406098417947,1,0,0,0,0,0,2.6380422612873655,0
6.716910691635013,9.041742379886966,1,1.8242593400247338,1.2972487692348773,0,20.637744136947564,2.9296832126585484,1,0,0,0,0,0,3.0905051738639235,0
7.183987760094182,10.037706024398277,1,0.536259671510692,1.5530802447618721,0,23.38915755821342,3.4236446642943257,1,0,0,0,0,0,2.428749952933456,0
7.857778478570106,11.07051459749235,1,1.4643421682204643,1.3941426516856938,0,19.927824222278748,3.363067322768629,1,0,0,0,0,0,2.899455690106846,0
7.723915605855742,11.210907961848015,0,0.5148826845664917,1.650060886760908,0,17.165464775454588,3.628860277052141,1,0,0,0,0,0,1.9638437373512763,0
6.406478339313891,9.225992313120027,1,1.6622172253702805,1.543949823710519,0,13.18784526351078,3.677079904195535,1,0,0,0,0,0,1.4078664581651887,0
7.351499693817037,10.008513733673155,1,0.5935042174520142,1.3908636431249564,0,16.370914515748964,3.7164875208592774,1,0,0,0,0,0,2.248661602738176,0
6.657032320708961,9.075649130935336,0,1.324074075236058,1.506961944130197,0,16.27779443843435,3.508602026295142,1,0,0,0,0,0,2.6012003914781294,0
5.972058856572653,7.557084383068965,1,0.705942404489833,1.2920016050142966,0,20.21917500336588,2.703510205092401,1,0,0,0,0,0,2.8915465406720493,0
6.808014719649083,8.910773433274,1,0.9452658360132138,1.5712316287309305,0,21.158517747029315,3.6591226418734246,1,0,0,0,0,0,2.548039964073486,0
6.520005475857794,8.308764936127464,1,1.3595027995339,0.9560468692971837,0,16.63043342911636,2.479789415963434,1,0,0,0,0,0,3.454200706125641,0
7.226670626426906,10.475564199413377,1,1.3842719252280917,1.4083104411697178,0,19.67725778279259,3.6535199114421895,1,0,0,0,0,0,2.175800802518875,0
7.788733722743747,11.593234048651427,1,0.5353690501909028,1.3254481582194537,0,21.997960505103222,3.316293050269302,1,0,0,0,0,0,2.072631244758396,0
7.96986699743081,11.324533242753597,0,0.21082779057930598,1.7106927348183825,0,16.414275578560932,4.089367891197895,1,0,0,0,0,0,2.5149501323489445,0
7.2138168121324275,10.402692996801454,0,0.7621679157283539,1.326307374948756,0,15.789688330857278,3.498664491219652,1,0,0,0,0,0,1.9980799119635801,0
5.925840456160583,7.734972638587703,1,1.3532109641131953,1.4692548804645629,0,19.77625725355279,2.974357553250085,1,0,0,0,0,0,2.0754579294484365,0
7.296981531368131,9.536962119526798,0,2.215026781878933,1.4151457258949178,0,16.337422072837136,3.4743400620804925,1,0,0,0,0,0,2.7806292014584515,0
6.322628876533816,8.36131746737033,1,0.8775790636670033,1.3428796229551478,0,16.69301054800775,3.2648180032254928,1,0,0,0,0,0,3.351143942542438,0
7.7350538111982505,9.90418148950233,1,1.2850354817366965,1.4433877226420389,0,20.209963818347845,3.268397756995461,1,0,0,0,0,0,3.9490791588049494,0
7.6539525077700175,11.150347890863967,1,0.9063703008642361,1.4155909485169968,0,18.71790002963479,3.685810092956178,1,0,0,0,0,0,2.6753095627644745,0
7.755596507214714,10.330483109358262,0,1.281347625917828,1.6783564077477409,0,13.939316309205253,3.511515930034525,1,0,0,0,0,0,2.282724504237808,0
7.067174661538436,9.805267884676466,0,0.6041965281567185,1.6861803828492667,0,9.640083915237017,4.0603384985359074,1,0,0,0,0,0,2.140821680749951,0
5.699224929545565,7.805340608274513,1,1.5065017223294583,1.5629934859573766,0,14.432833167519194,3.161184329647997,1,0,0,0,0,0,1.981654867588917,0
6.350641523516977,8.265109662158464,1,0.36510122677766493,1.3645466506211612,0,21.31224357286079,3.282637641902463,1,0,0,0,0,0,2.6011634275123656,0
6.946073038693891,8.684528949838445,1,0.6254833685306393,1.2971470293374292,0,21.94442919035249,2.7288482935588805,1,0,0,0,0,0,3.8274954167704425,0
8.883678330089918,13.169237524648773,0,0.5639092311439111,1.5589621387671704,0,18.452899178195842,3.8626895897335025,1,0,0,0,0,0,1.844158706438277,0
7.850450372432616,11.02725264486822,0,0.2505010606014465,1.7395497314235988,0,13.728439976236759,3.760433085542319,1,0,0,0,0,0,2.576198500665329,0
5.523007708521871,6.982148934422292,1,1.2415223078070958,1.153498449462474,0,16.625124071457904,2.7373806772321503,1,0,0,0,0,0,2.8398573804440153,0
6.9097079849896605,8.867685327225047,1,0.8305831071024214,1.2325727560590245,0,23.439709954606897,3.145375053795308,1,0,0,0,0,0,3.713089522274414,0
7.0403745570644425,9.587476590911745,1,1.0551844437400784,1.3315583750195876,0,26.11593107335272,3.1638436416182216,1,0,0,0,0,0,2.9834416608406222,0
8.194896555000613,12.501702222669481,0,0.618523217039904,1.8264879338572333,0,17.06149921537547,4.261985258529371,1,0,0,0,0,0,1.0287498453474213,0
6.035091792852201,8.425896488008515,0,1.278712945759734,1.5763760927632542,0,18.448941231410956,3.5672122686595165,1,0,0,0,0,0,1.716231186711008,0
5.09860474328144,6.491175518202358,1,0.5915493885461461,1.014272788516685,0,18.494953517989583,2.3436171999683237,1,0,0,0,0,0,2.906636829300174,0
7.224944618417624,9.957041702633722,1,1.0981298524401957,1.4912607969115503,0,21.266688689184868,3.3216596238163065,1,0,0,0,0,0,2.404442175674527,0
7.480246303398264,10.620193852547638,1,1.4893552387234412,1.3371759048046434,0,16.27941656104758,3.8098537625938977,1,0,0,0,0,0,2.7073783086438215,0
7.806073317401085,11.367233158229181,0,0.6492946289826058,1.8449441485116354,0,16.265011323817227,4.159201314605845,1,0,0,0,0,0,2.475329497466948,0
6.774730391597295,9.016970343651076,1,0.7549092984800897,1.2596961251049987,0,14.053452042416843,3.052543853050745,1,0,0,0,0,0,2.5773489450623117,0
5.473110139885408,7.049004502632285,1,0.6174067529027474,1.1131343227139476,0,25.15688812553721,2.384488453297055,1,0,0,0,0,0,2.907597564795412,0
7.1189310577871545,9.814248168194544,1,0.4892718359062509,1.542484623945849,0,23.23201384263408,3.38134225449405,1,0,0,0,0,0,2.1166846357995186,0
8.175579907851528,11.476350040977955,1,1.3482671821687016,1.4405187983949284,0,20.498118679433723,4.059205235527472,1,0,0,0,0,0,2.5072442699435875,0
8.260550207753713,11.291555110879795,0,0.6236324612161066,1.7658135114149007,0,14.153516956389026,4.572511902569003,1,0,0,0,0,0,2.87108274004357,0
6.3596094490547035,8.803757995950036,0,0.6461234376621132,1.7396352438947031,0,19.37965103397918,3.5640041138148435,1,0,0,0,0,0,2.505491418539727,0
5.38818204787947,7.037882508445885,1,0.30288954000723145,1.2522784503786442,0,21.247233534992642,2.9571252469965423,1,0,0,0,0,0,2.3192849364937977,0
6.798845026645852,9.334663057794772,1,1.0499749452628535,1.5605937839376431,0,16.92037126883875,3.418706298793736,1,0,0,0,0,0,2.23771354510477,0
6.770690305010574,8.966986803918969,1,0.9395016775555947,1.182755559732486,0,19.35683656604963,2.83206965573436,1,0,0,0,0,0,3.2816454757283937,0
7.036809071540477,9.260710919080074,1,0.8732192071382523,1.478725099525011,0,20.45404831562299,3.2393198425111454,1,0,0,0,0,0,3.0090870832748826,0
6.986486189477218,9.928491076816936,1,0.9085977096477744,1.4692813900138326,0,20.20265891714819,3.2911824375015986,1,0,0,0,0,0,2.5283436816437637,0
7.432900351225358,10.439168051705598,1,1.704362092176553,1.3816011789299383,0,15.70427574569118,3.580740141191852,1,0,0,0,0,0,2.1307040765268956,0
7.399275769588636,10.282200334530257,1,0.9229228185300937,1.712219821122586,0,19.021573176143807,3.455556927072891,1,0,0,0,0,0,2.278639373788203,0
6.1655959110037095,8.190627024836083,0,0.4785546443759526,1.7887462528133022,0,19.35789842414532,3.5740673438682595,1,0,0,0,0,0,2.3013302103653004,0
6.023436015200433,7.86492074068314,1,1.450148667053205,1.3666496792213936,0,17.820480238046777,3.421739933947621,1,0,0,0,0,0,2.267335403375589,0
5.80277299957462,7.626350419307825,1,1.345751393943937,1.2207631282980362,0,21.74133252626367,2.6824022404746004,1,0,0,0,0,0,2.428854327926713,0
7.003591484328417,9.207391300909277,1,0.6686753587734982,1.4482198053916,0,18.47870577096713,3.12016154786554,1,0,0,0,0,0,3.0845547590621925,0
6.417582295290519,7.484252712060317,1,1.1307781479993206,1.2281663459494898,0,18.31533294997786,2.971679625138802,1,0,0,0,0,0,3.706544081480205,0
7.1317662552379915,10.128032107628627,1,0.8581731099872207,1.3245315803292532,0,22.094619352242866,3.551059090174801,1,0,0,0,0,0,2.386350876962879,0
7.2752758086657305,9.858473618698406,1,1.9804260791631165,1.400774896472314,0,22.665723955201344,3.363067322768629,1,0,0,0,0,0,3.0016419183200087,0
7.345065905236925,10.336022741796153,1,1.7133535381800087,1.6551890131383251,0,21.416051595465927,3.599122428751456,1,0,0,0,0,0,2.508259916651321,0
7.166564445196178,9.62253710600618,1,1.1289048593479643,1.643051521514508,0,14.745892406677257,3.542330053590561,1,0,0,0,0,0,2.7043132422284026,0
6.649708718708826,9.34902725806553,0,0.6498437133295086,1.730650619145133,0,21.820821054636937,4.20037569667752,1,0,0,0,0,0,2.209141338020561,0
6.270373253518407,8.319556219588762,0,1.3989981694270746,1.3131982562438114,0,18.433530237526643,3.3644125270518446,1,0,0,0,0,0,2.4903400992311915,0
6.282769543007269,8.520143943848032,1,0.7861701564867998,1.0756645070048427,0,18.868838975483452,2.690803153484421,1,0,0,0,0,0,2.1674793388092874,0
7.730165691697698,10.253031348506443,1,1.315328790674125,1.4729011119996163,0,23.61515885041428,2.976458804871341,1,0,0,0,0,0,3.3900586848101604,0
7.923173959448333,10.808289336952436,1,1.0859336955113708,1.2162573198567164,0,22.075888436621817,3.0158105318515855,1,0,0,0,0,0,2.6423847986486684,0
7.531333715216904,10.561717222055096,1,0.840134295225784,1.6338378350223857,0,14.418902157989741,3.556929198314159,1,0,0,0,0,0,1.5760098255334085,0
6.844082896498302,9.23635517418958,0,0.9360548652524188,1.5045122300229656,0,14.921478733887081,3.6549056449458712,1,0,0,0,0,0,2.092908470618834,0
5.2494494562146485,6.953959597067211,1,1.0319930845660623,1.2367557402223466,0,19.1958448650064,2.9571252469965423,1,0,0,0,0,0,2.288187875958699,0
6.449789710093916,8.604593133905356,1,1.1759368578612288,1.319193848533464,0,28.3241775912641,2.7925314003159185,1,0,0,0,0,0,2.7036919126746737,0
7.26979748365072,9.836825465759631,1,1.0829631180205173,1.2089126055894208,0,21.115286078330044,2.8035703949866733,1,0,0,0,0,0,3.1634138188797847,0
8.422912509299028,12.360015690126781,1,1.6560549144559191,1.4460033394279606,0,15.64952968626644,3.656202517262546,1,0,0,0,0,0,2.1947211659201824,0
6.906999035426583,9.61061225546814,1,1.1741051704652667,1.9262474773017673,0,11.127237379755202,4.073375801417824,1,0,0,0,0,0,2.5388193986588825,0
5.421573882264909,6.73844278579346,1,1.4916674821763594,1.0642029537515973,0,21.756768427688723,2.5716472752992057,1,0,0,0,0,0,2.730969547325697,0
6.84048417579714,8.964819603734426,1,0.8678895545459652,1.4775080464291532,0,24.69935000620211,2.775177056532989,1,0,0,0,0,0,2.933135143310569,0
7.376647362701328,10.142180328970394,1,1.2729356892856207,1.4699732676216595,0,19.834259093459455,3.1292102814047693,1,0,0,0,0,0,2.742952798739873,0
7.66532054196164,10.91571506019795,1,1.3174085531829207,1.6708502953328406,0,12.758013267178246,3.9615540882765377,1,0,0,0,0,0,1.9083047243127744,0
5.94589389562475,8.36885493798282,0,0.6947651870760002,1.4356383628786613,0,12.720765059946931,3.428185108714433,1,0,0,0,0,0,1.8038245366889365,0
5.81924683730403,7.591489715341457,1,0.8750700508959661,1.233775003405932,0,23.086474871463547,2.4980323205818546,1,0,0,0,0,0,3.4066008045890115,0
7.533663572779421,10.186615691820146,1,1.4309914520421816,1.5994608552346272,0,22.75102180446746,3.492806801211012,1,0,0,0,0,0,3.1842999689665383,0
7.834281546473695,11.107211722104756,1,2.274968915831189,1.5487778117280684,0,19.437162547388045,3.280481513230845,1,0,0,0,0,0,2.919615009223474,0
7.062316204600666,10.567992479606293,1,1.430582344025285,1.6373150932163807,0,15.47733343116229,3.605985631739478,1,0,0,0,0,0,1.636482093129604,0
7.578758274663426,11.108323733883168,1,1.5801877050538782,1.5559017010867224,0,12.109115587520435,3.752581669398844,1,0,0,0,0,0,1.6026078055601685,0
7.499968004820486,10.253089563116804,1,1.5594065105773214,1.685453621446722,0,16.205410932395143,3.461958073778836,1,0,0,0,0,0,2.5140523979643605,0
6.525151295820452,9.156587361838843,1,0.873535582216471,1.4731310440604024,0,16.618495263559797,3.258301570381024,1,0,0,0,0,0,2.4203591026150533,0
5.982994989677356,7.736270082701302,1,0.6523826089489122,1.3439572106763151,0,20.052927068188723,2.819210004508409,1,0,0,0,0,0,2.875846074148024,0
6.937502850960045,9.63383734472451,1,1.3934298293492522,1.406182288806255,0,18.023159548927,3.393619527767844,1,0,0,0,0,0,2.351499365871905,0
5.495417180791372,7.131530243498646,1,1.5968436160445174,1.3267106504016624,0,23.390502815587467,3.1016676766088347,1,0,0,0,0,0,2.8223818739682742,0
7.306179809958586,9.88718569953649,1,0.9203393476133823,1.5535738130719174,0,22.50447743720136,3.7535345039199224,1,0,0,0,0,0,3.128087014459622,0
7.086897433779917,10.056417828275578,1,1.6449834283771083,1.3793745112485547,0,18.429777083001063,3.23675068469712,1,0,0,0,0,0,2.6680172516576572,0
7.602420835283735,10.92867427180487,1,0.9758567504909451,1.4566312741914123,0,15.64952968626644,3.439854882114304,1,0,0,0,0,0,1.8875272931989837,0
6.533742603747171,9.104679979565796,1,1.4531536591303933,1.5360174649428382,0,16.75090896703555,3.943485144234401,1,0,0,0,0,0,2.1671714112575646,0
7.2762271178718425,9.78053841670083,0,0.4175533651286998,1.8842185022830316,0,17.47099983534528,4.172070110908704,1,0,0,0,0,0,3.2879772378057175,0
6.067144468165876,8.047826251368255,0,1.8598770012680266,1.264687597309671,0,16.339254467396614,3.0776179709655658,1,0,0,0,0,0,2.3053342371613996,0
5.811617199164429,7.4607392883133,1,0.7694588600483612,1.1915398441566245,0,21.68782624255867,2.494989706214281,1,0,0,0,0,0,2.4807462260742463,0
7.188714504040316,9.70631954313072,1,0.7106906012175783,1.412068378603237,0,23.094412498301693,3.093633561542691,1,0,0,0,0,0,3.0438549473700096,0
6.835920076178807,9.059407739725891,1,1.1690121492044163,1.205150173917939,0,22.51377424925515,2.740645179014085,1,0,0,0,0,0,3.087172532406108,0
7.358148985184663,10.476690296576178,1,1.1921396896847483,1.5727669851562784,0,15.45928487230591,3.5997148022486325,1,0,0,0,0,0,2.3323320777804226,0
7.601592790079437,11.076708710101892,1,0.5566010961090884,1.613480552063939,0,14.764575864415551,4.133093715744907,1,0,0,0,0,0,1.9698361200142696,0
7.180225462224831,9.454683682062717,1,1.1737727062857617,1.8016342192332342,0,13.548401569680816,3.7186622043598927,1,0,0,0,0,0,2.82251843733039,0
6.586363212901032,8.994717830875263,0,0.8899141644144497,1.2426477873040769,0,17.215009130302526,2.630332265065917,1,0,0,0,0,0,1.984439144104192,0
6.04840684694723,8.28955512658491,1,1.650657796603356,1.0895755003802052,0,21.355968395845927,2.9296832126585484,1,0,0,0,0,0,2.3787732642030086,0
6.744905309808571,9.391588847166757,1,1.2537837351207672,1.438097977632368,0,20.478508287409838,3.429686676038311,1,0,0,0,0,0,2.661550858478746,0
7.161822141693556,9.753023053335088,1,1.5765690048949006,1.211161380417442,0,20.847231398330774,3.442312607730076,1,0,0,0,0,0,3.3013049081732433,0
7.235561976667645,9.999887028731271,0,0.07272554267167775,1.6948657558249733,0,16.45845248435134,3.803192126167112,1,0,0,0,0,0,2.1225648277334965,0
6.877428292811678,9.730874525905353,0,0.45361937458520274,1.599829203041468,0,16.580330450089363,4.2717533359556334,1,0,0,0,0,0,2.2606078550179474,0
5.629842946676849,7.217317501795482,0,1.5937896706777512,1.2891409981428548,0,21.707749138415977,3.123216772703394,1,0,0,0,0,0,2.8771573274469757,0
6.8987148033609405,9.533123387225464,1,1.5277041734601182,1.4357284051041643,0,21.870140777636585,3.157635146394149,1,0,0,0,0,0,2.529580224781606,0
6.700524717375952,8.546742758176734,1,0.8862747874769263,1.1112714866326616,0,24.504130990220244,2.41893619365072,1,0,0,0,0,0,3.7743749863240184,0
8.067737067392335,11.739085091223789,1,0.9996977559156259,1.510258388526514,0,12.816186981648041,3.5522776262224367,1,0,0,0,0,0,2.1078685086915483,0
8.264065668751707,11.99862699525261,1,0.6572642129925919,1.8473620317952333,0,14.579308217881264,4.013422711282184,1,0,0,0,0,0,2.1980688900034275,0
7.009684994251607,10.0113336050003,1,1.624913789643342,1.6051047885940721,0,19.572444744701702,3.881818660554784,1,0,0,0,0,0,2.3211009245888627,0
6.804636052604821,8.781418480378775,1,1.5276985967481762,1.4303055221142924,0,21.476749610140715,3.239084968694007,1,0,0,0,0,0,3.4539493227840175,0
5.711982657048825,7.242477038716441,1,1.2476437221776269,1.0398582086811088,0,25.33442092648357,2.150970770035716,1,0,0,0,0,0,3.262122778204785,0
7.461691702779923,9.635343485003052,1,0.44049152228209454,1.383765904809566,0,26.872083922846436,3.3917321369080353,1,0,0,0,0,0,3.5453521389098883,0
7.535294229308748,10.729160427359542,1,0.7833767774653777,1.2756179550125268,0,19.032871456635508,3.0376022161360803,1,0,0,0,0,0,2.491590142390362,0
7.714488272073865,10.88254861771563,0,0.8689405420484547,1.496150944672928,0,15.70427574569118,3.534992657177659,1,0,0,0,0,0,2.4977676337622254,0
7.322713856184526,10.60100929839956,0,0.7372400184832508,1.7050189164277387,0,13.599415680600464,3.941717220144057,1,0,0,0,0,0,1.7636720444724467,0
6.164061870813088,8.385037673122556,1,1.0107057332083167,1.7033773494839213,0,16.314155693673126,3.4072208260238996,1,0,0,0,0,0,2.3848293226435233,0
6.580159950118771,9.218301323955945,1,1.0376688381630124,1.6467056956603872,0,18.28847084402745,3.533982203691293,1,0,0,0,0,0,2.5843897857597096,0
5.766811428803147,7.570138282641233,1,0.9126902111366619,1.1743272851794808,0,23.5916796117859,2.7355683088838134,1,0,0,0,0,0,3.087433323968874,0
7.399522527235068,9.983069924934977,1,0.6159775069704096,1.435057279761843,0,26.872083922846436,2.991055028267554,1,0,0,0,0,0,3.4185794882699345,0
6.750718443482725,9.674953732611248,1,1.475945909246207,1.3509279107242214,0,18.321900431990045,3.246746479446661,1,0,0,0,0,0,2.0779514873205196,0
6.725607437925205,9.52718444053919,1,1.3166234462131747,1.4505160403711854,0,17.638150044412335,3.4418472507852624,1,0,0,0,0,0,1.924402186142559,0
8.374866434951251,12.2290107939119,1,1.2143970587568413,1.6550415965896548,0,19.322324603455314,4.086576517667452,1,0,0,0,0,0,2.3301705277159437,0
7.82686988497636,11.550112458920065,0,1.169874907698398,1.6209523966868915,0,17.49123265874898,3.791689394913303,1,0,0,0,0,0,1.9212198868579407,0
6.937377567658839,10.012585309381338,0,0.6091089517996622,1.4368332089065456,0,11.609606027318378,3.382880057175592,1,0,0,0,0,0,2.005780856120348,0
6.14759905524167,7.930797148297441,1,1.2187793694806577,1.3102160512729941,0,23.46949003874332,3.205616341553013,1,0,0,0,0,0,2.829613328351164,0
6.508715073900428,8.6681455143081,1,0.47310746531714976,1.3645466506211612,0,19.26756304805128,3.282637641902463,1,0,0,0,0,0,2.824427743904016,0
6.16891091090767,7.722931088431366,1,1.9768086711668462,1.1701673598164626,0,22.633063206839466,2.814237519191999,1,0,0,0,0,0,3.4239673339862104,0
7.333116559927026,10.176620603856868,1,0.7950406460752981,1.373000719221897,0,20.113653462598883,3.6242602925267424,1,0,0,0,0,0,3.198687431994892,0
7.183832168242607,9.725567178672852,1,1.1219093706471146,1.2311329886440254,0,20.541925645252135,3.391291192842676,1,0,0,0,0,0,3.2499797656262985,0
7.259927048317395,10.70298011989002,0,0.6062709086680039,1.4804636118937533,0,14.90041504287646,3.9053909098260364,1,0,0,0,0,0,1.523250763903966,0
7.398451838888494,10.145053538846254,1,1.1414733699224262,1.4170413662528911,0,14.357696661062684,3.4004806422338962,1,0,0,0,0,0,2.2917869624446983,0
6.650087753774401,9.279735621080505,1,0.4937953757622343,1.6507132011587364,0,21.862313691707623,3.656548310121317,1,0,0,0,0,0,2.6058129514829176,0
6.101429072553981,8.500719802727046,0,1.2189411084953603,1.3779307439829616,0,22.293098783636523,3.239084968694007,1,0,0,0,0,0,2.012072676750948,0
5.672422727828565,7.154241728789036,1,0.4622201754126015,1.2260089823294902,0,22.16835796042307,2.660135267255895,1,0,0,0,0,0,3.1364596712104644,0
6.8210177813094095,8.683270168617947,1,1.5981469739519398,1.3947555245667225,0,17.529475894932673,3.5921110990659892,1,0,0,0,0,0,3.244416631237511,0
7.894759437743009,10.864667078798293,1,1.4145038189420092,1.4027614989274928,0,22.456808361024258,3.3172157150957546,1,0,0,0,0,0,3.2446290789625305,0
7.496408599231831,10.74465597807433,0,0.9579338444680124,1.7184579046780806,0,20.768853151998677,4.272202892524618,1,0,0,0,0,0,1.9875799440579391,0
6.641973160356191,9.554262590032144,0,0.7962371358160957,1.6410432239912973,0,14.235190200836836,3.7097259079314466,1,0,0,0,0,0,1.8994175951095844,0
5.466318441634498,6.467395083427529,1,1.6318298835108604,0.9560468692971837,0,22.56549812863521,2.4797894159634346,1,0,0,0,0,0,3.6610164703699795,0
7.689590593443977,10.788834044298643,1,3.022775773625924,1.464736468959153,0,18.40225386123626,3.562023779537439,1,0,0,0,0,0,2.4803232000342135,0
8.33904573683432,11.922843674367947,1,0.9103383688832255,1.4384081557415995,0,23.959148915926264,3.1995832448597454,1,0,0,0,0,0,2.893225023817284,0
8.234509629386567,12.464474363099928,0,0.44383747898990106,1.7576363061180165,0,18.331172271458428,4.449067889791032,1,0,0,0,0,0,1.570602196172044,0
7.654753617433061,10.363809914997693,0,2.240258980908678,1.5348188163178347,0,12.354980214229755,3.630303154387663,1,0,0,0,0,0,2.3067849916484704,0
5.107982718656821,6.4423458810323195,1,1.1203508346450803,1.1292667596594983,0,18.1414112822586,2.711344192842516,1,0,0,0,0,0,2.1240947568216204,0
6.731353774716022,9.016542410464341,0,0.9025052708479212,1.5299771731025689,0,23.719998788971893,3.239084968694007,1,0,0,0,0,0,2.2625589061620968,0
6.159840373725003,7.997466970783636,1,1.2769059857316034,1.0098718047398965,0,25.01113333750866,2.5584774377472494,1,0,0,0,0,0,3.6369672216401545,0
8.250269568939167,11.899016231936246,1,1.1811603579211862,1.5915296556913874,0,13.132453288273375,3.731059371936742,1,0,0,0,0,0,2.3792003898918566,0
7.281755451240828,10.425982384468492,1,1.719076358881079,1.6908661211837273,0,13.335654817368333,3.8198966380988697,1,0,0,0,0,0,2.072031534327997,0
7.428270537825776,9.842071063607094,1,1.2981288129253006,1.7316322307686247,0,22.607779653863346,3.8510414311057897,1,0,0,0,0,0,2.3903724542198788,0
6.798904171434948,9.003569810877494,1,1.1757033133593051,1.3995816412230926,0,16.634985513307004,3.104242444967493,1,0,0,0,0,0,2.3448629995746684,0
5.737803955639462,6.9962623437868645,1,0.8768103101657821,1.1199784627029368,0,20.50052821899351,2.5627079583387538,1,0,0,0,0,0,3.2296618647316495,0
6.5037924715473086,8.496830298517155,1,1.0891063235489702,1.4921577620432065,0,17.060751814726522,3.3473809474040146,1,0,0,0,0,0,2.8894739162731984,0
6.248405887031225,7.9836263978767885,1,1.1351371403486419,1.1884252004194145,0,25.98926254737452,2.8424911416900875,1,0,0,0,0,0,3.440312037335034,0
8.441052913503878,10.390303631733923,0,4.071606649457278,1.4685786260199087,0,48.62301789746806,3.2843838204712386,1,0,0,0,0,0,6.334864060447082,0
8.821819321586114,10.776825985798606,1,6.760127252107143,1.2442533695659623,0,48.911006958342334,3.1520288662803684,1,0,0,0,0,0,6.105473967904811,0
8.288058240911393,9.601950424634143,0,20.70414897953716,1.562816957966461,0,13.976390780395178,3.3294294647007354,1,0,0,0,0,0,7.130405949164914,0
6.771660746012266,9.144384370814391,1,20.16200346237202,1.1732799526316913,0,18.993795073771174,2.869212547451326,1,0,0,0,0,0,2.077642554320043,0
8.803126584650425,9.028398950272432,1,21.28567785687889,1.4797718335100565,0,28.480707482668407,3.691037030138422,1,0,0,0,0,0,10.193522329378853,0
6.901649152228579,9.449430972026455,1,0.8652565469161108,1.6077313690954886,0,17.408916909659304,3.239084968694007,1,0,0,0,0,0,2.5173700596533215,0
5.375597992970596,7.1364155130716265,1,1.536768236676898,1.3874142874492519,0,15.5056867111807,2.7399908552161225,1,0,0,0,0,0,1.8263818609748574,0
6.728261863839414,9.189847656317518,1,0.8711480162627729,1.474836862414674,0,16.76346795156266,3.5095097707278926,1,0,0,0,0,0,2.40618611085429,0
6.39699639548324,8.526714253490853,1,2.074078789938993,1.1749192231032872,0,20.597960061353344,2.4879897492654894,1,0,0,0,0,0,3.1367487696413643,0
7.468682321131277,11.249999799318442,0,1.375978299307627,1.4039039531081376,0,15.687474771598785,3.502328801083031,1,0,0,0,0,0,1.463928637171571,0
7.264482518718026,10.934629759957781,0,2.5568421909314467,1.6240374868212237,0,12.226415733464632,3.9771448011640205,1,0,0,0,0,0,1.4559797982638296,0
7.37598871043808,10.561846148223765,1,1.4312905819683859,1.5355532245167747,0,15.879444771625113,3.6644922684335786,1,0,0,0,0,0,1.9879063507707078,0
6.4233610022003225,8.97520947211402,0,1.7574148725814847,1.3162158268158133,0,17.43623092665701,3.0916994262183994,1,0,0,0,0,0,1.9002998559883573,0
6.10008504451304,7.956715067276489,1,1.3536961456803216,0.9542468318983708,0,24.046877987103368,2.3045018242139297,1,0,0,0,0,0,3.5462920661490918,0
6.831391325668339,9.373720761061621,1,0.6208098552782884,1.306191317055766,0,20.15985574161465,2.917716131829863,1,0,0,0,0,0,2.5060783996205585,0
7.609514305493169,11.22389616944607,1,1.2581074173367681,1.3449189035492286,0,20.67007059489302,3.2911824375015986,1,0,0,0,0,0,2.3791993578730493,0
7.496483039021673,10.932015633021775,0,1.004785587025884,1.6625509902932543,0,15.813106617529016,4.064225190730983,1,0,0,0,0,0,1.5312444713876041,0
6.163055324919985,8.375367738485684,0,1.6172848684322796,1.2496872360448747,0,13.472038450406044,3.3433223848901426,1,0,0,0,0,0,1.9351962425777707,0
5.719224208469497,8.082525084608779,1,1.4224761125186751,1.034069240389364,0,18.434386913930012,2.267119613617645,1,0,0,0,0,0,2.102930618076473,0
6.843890418914862,9.55179295193596,1,2.3951582346028406,1.808823451272119,0,22.323636406994112,3.6214271588429563,1,0,0,0,0,0,1.8288919030323902,0
7.582031686129861,10.28721056315163,1,19.92563649981788,1.5705322753568385,0,83.1491669730645,3.7725498248405636,1,0,0,0,0,0,3.5971839824425786,0
7.489154518697287,9.025635491574745,0,6.7493804116125045,1.6003341882532274,0,63.90881931999492,4.009259753979141,1,0,0,0,0,0,3.9893773638694445,0
7.919878491334952,8.871852293158366,1,9.01611750739988,1.481750916298356,0,14.959269586689585,3.1613372465191967,1,0,0,0,0,0,3.5541762796580674,0
8.827536821802369,7.91211000398689,1,29.03194942513197,1.0271104685628234,0,21.092942505511807,2.5450915729730372,1,0,0,0,0,0,15.406989965840713,0
41.453327432810426,51.802564775248925,2,175.4177695710892,2.1560236919008853,0,25476.897908440274,4.580666668112128,1,0,0,0,0,0,128.1545698929826,0
9.93816623909785,7.075724011340767,3,2.8675738819590175,0.12142064398240411,0,13201.908042474472,0.5018715996739218,1,0,0,0,0,0,20.06026739818888,0
8.37085481688582,9.40535456567674,0,12.222991979452836,1.6653269836542484,0,31332.837793609426,3.070528292392659,1,0,0,0,0,0,7.677367202287796,0
4.682039521038972,4.6585718029535546,1,0.9918165319738483,0.9936327402537517,0,29775.059565248826,2.0902124719547834,1,0,0,0,0,0,4.960024846198403,0
6.491556930062448,8.562225585650824,1,0.599299018310844,1.0997677424046848,0,31286.946096040938,2.706880012557809,1,0,0,0,0,0,3.6621808724972893,0
7.455493574811175,10.804394773028196,0,1.1858656752861005,1.4455185343033166,0,31487.602745233577,3.6568582393039994,1,0,0,0,0,0,2.126697301564035,0
6.017672699560739,6.787925044990648,1,3.1021321532359574,1.4880700751905596,0,31112.296394395733,3.1096675596091807,1,0,0,0,0,0,4.519599896478487,0
6.900666689016883,7.645864224835661,1,5.422516700506399,1.0726709697444257,0,30979.20029633219,2.925622834395085,1,0,0,0,0,0,5.940819870133648,0
7.8893763908070795,9.528913595364616,2,0.8673677370995957,0.9614630179791573,0,31387.98719538379,2.608117060837576,1,0,0,0,0,0,5.236136931751529,0
7.339235077054512,9.754899096859354,0,0.2875763160109895,1.422181975514885,0,23801.73354170289,3.992214956615945,1,0,0,0,0,0,3.038153979035287,0
5.854324456733463,7.745496027021511,0,0.9425698361035183,1.2956279225276996,0,29448.450960829978,2.9469663991883985,1,0,0,0,0,0,2.260860507976493,0
5.084198650611889,5.6279616497362905,1,0.6547654377008253,0.7695992551000557,0,31301.32811298466,2.0239694083245756,1,0,0,0,0,0,4.403239337696252,0
7.139474321094985,10.387539871248684,1,0.5976280290892825,1.262312364322686,0,29344.912880174725,3.122543312612145,1,0,0,0,0,0,1.9806223186999516,0
7.965342529453683,10.604359812982745,1,0.8537317209795069,1.2762589450976543,0,29469.881769301006,3.4237969637064714,1,0,0,0,0,0,4.237326455298987,0
6.90653635816917,9.365631559218999,0,0.48313807302767353,1.6935536658813732,0,29590.81235745856,3.4186171316979266,1,0,0,0,0,0,2.7585315598120532,0
5.815990078537648,7.583017416651953,1,0.6370441133637976,1.1406623174725006,0,31406.672855462457,2.5396398811394825,1,0,0,0,0,0,3.4901018150930545,0
5.430431752870936,6.922135932312002,1,0.4405846531328547,0.8541007786528113,0,29296.784217760192,2.145895323319005,1,0,0,0,0,0,3.203531068730843,0
7.4607858289974835,10.611459864705813,1,1.318175002186118,1.4416157920527832,0,23498.46941124235,3.7138117998956206,1,0,0,0,0,0,2.096579750923479,0
7.010489444087264,9.374279548034092,0,0.76623819276029,1.5892043958071531,0,31629.393975060368,3.1517730256360865,1,0,0,0,0,0,1.9208037990381523,0
4.225045550965245,4.5859796944095725,1,1.2245230199729784,0.9628329284586207,0,29273.134074416128,2.0291124732714163,1,0,0,0,0,0,2.605316424795072,0
5.8413559406542355,6.793341717420722,0,4.314254691959514,1.2476232831106548,0,30595.036938151068,2.7465558108356727,1,0,0,0,0,0,1.6155907223481853,0
24.809347944001342,26.025909080872818,1,119.86215794345526,2.219664028778025,0,113.07478810611128,4.641605023677657,1,0,0,0,0,0,66.48564402487744,0
37.21083200403776,42.33873419909616,1,68.35476228963299,1.3956165529437197,0,10517.92420035553,3.541543911747003,1,0,0,0,0,0,107.6956580824593,0
143.8146913088858,144.85639644556656,1,75.7430886523398,0.6638198440988851,0,18595.71875230951,1.527288902263623,1,0,0,0,0,4,363.30884446864263,0
48.99349612503869,64.59312454801925,1,20.91437881110982,0.2687007028325367,0,48.16574537209871,0.44633192045123393,1,0,0,0,0,0,159.8630048618632,0
40.12242132799699,64.49449159846037,1,65.01222021887284,0.6413608301941494,0,30.706566916826866,1.202535605261816,1,0,0,0,0,0,151.7988098031685,0
11.702758547393938,6.07229476503171,3,46.212894915585984,1.0212988573092314,0,10.516543463100234,2.2266697143824006,1,0,0,0,0,0,17.362389107500704,0
12.457777812346924,8.446952777655401,1,8.514242389134688,2.5699366724261865,0,3.4640583703483263,6.100490836155984,1,0,0,0,0,0,8.966779623855778,0
9.507189194091417,13.11664005084856,0,0.18106543775767542,1.696622503888726,0,0.8643431865410248,3.682329944025085,1,0,0,0,0,0,5.282174686174489,0
5.483636827222248,8.119405050868279,0,0.1917108460914252,0.5300482156380262,0,0.7737017435389336,1.1096781572493297,1,0,0,0,0,0,1.970666642869278,0
3.3670781413244817,5.426922988453923,0,0.2953199285247528,0.2040345714203233,0,0.28450160049406137,0.7140953316130163,1,0,0,0,0,0,0.5604970477056824,0
1.051780718139836,0.9820126389871817,0,0.2072105232956111,0.05705460424014203,0,0.3397114281193469,0.12545008159156218,1,0,0,0,0,0,1.3920409052434712,0
0.9319063129065976,0.529156316721589,0,0.22801395071822556,0.20153821013667075,0,0.1185742086937048,0.4416331367824361,1,0,0,0,0,0,1.6631597786924668,0
1.7921607300773688,1.3719905480807155,0,0.22396295169451605,0.7225567928583916,0,0.2837511724495085,1.1639941904328381,1,0,0,0,0,0,3.591329336646523,0
4.243954450270656,3.74767865836565,1,0.3649832303150791,1.3251698331980317,0,0.47141269345129816,2.608113903592238,1,0,0,0,0,0,5.693108260005095,0
6.143823425381219,6.819761494597141,1,0.3472841917677626,1.5259758020584873,0,0.6661952702153425,3.1570893147877808,1,0,0,0,0,0,5.31813640362396,0
9.863506075609964,13.779468166710936,0,0.21923920725893273,2.167750649428254,0,0.4634547954764233,4.894598214092801,1,0,0,0,0,0,3.9068665517648595,0
7.7476326563623115,10.395561125306921,1,0.12144460964785962,1.4733534654463405,0,0.3081815764125039,3.7156616953553208,1,0,0,0,0,0,4.249393437259007,0
1.2670367075554383,1.1493867134760503,0,0.3340152550343867,0.035532340432243736,0,0.24449033263390457,0.07341400457603259,1,0,0,0,0,0,2.401276365649482,0
1.0921037103746292,0.7821544370612021,0,0.37819017583061887,0.22542991914138422,0,0.34695079698250253,0.2997625385505213,1,0,0,0,0,0,2.340957543945041,0
1.6756511489606036,1.6745008349030956,1,0.3972953372933631,0.496347728098851,0,0.6537621029565893,0.7264152505159666,1,0,0,0,0,0,4.4512144764115185,0
2.8668512535857813,2.2185003710363573,1,0.15114373194619915,0.6343375108531814,0,0.5702974896297321,1.5911931832364685,1,0,0,0,0,0,5.342536293534966,0
5.381418654484085,5.812986361861935,1,0.4151302840837868,1.3839248792423053,0,0.7345170518301236,3.0997823500727653,1,0,0,0,0,0,4.88189802890739,0
6.719234123750094,8.35378756772708,1,0.6889044776100843,1.8080228407885186,0,0.543068231411509,3.981491804634241,1,0,0,0,0,0,4.130096517783155,0
9.281036207797314,13.245196892905765,0,0.21879888624756066,2.0790341985614127,0,0.11607120939519712,4.5893574135903155,1,0,0,0,0,0,3.3144449375015514,0
7.682978436642719,9.192547471202474,1,0.2198305215105338,0.8222507454599239,0,0.41031467684723805,2.26237667500185,1,0,0,0,0,0,7.033326652152012,0
1.1605619867768915,1.1725069212906218,0,0.253969908591381,0.22955436927094391,0,0.3472904441457215,0.31595033294697505,1,0,0,0,0,0,3.127073325379391,0
2.548680571434791,2.039840301982694,1,0.1907465296896772,0.7354963950907689,0,0.3845701350308358,1.5497998070513916,1,0,0,0,0,0,5.134025690957776,0
6.7167169694101405,7.582306320478848,1,0.33553909387928055,1.6480015014220224,0,0.855113067504913,3.2030447630442014,1,0,0,0,0,0,5.5670189249188144,0
8.966989999886938,11.05789092121401,0,0.4987860415643527,2.1638699884657577,0,1.1010307238117607,4.474488776486653,1,0,0,0,0,0,6.077223335137392,0
10.131206109194618,14.503191916847335,1,0.19296292278106106,1.661157818053395,0,0.21087347876502632,4.445349917727075,1,0,0,0,0,0,4.415232319419227,0
1.3363336906939072,1.087087281562235,0,0.24579740296058844,0.4992605959309617,0,0.6431220660377239,0.9581920588401598,1,0,0,0,0,0,3.140229985100122,0
3.8966359881533537,3.213349604426969,1,0.333453624271475,1.0432792387362602,0,0.5967855715302759,2.30653983678081,1,0,0,0,0,0,6.022876769004439,0
5.801313687677082,6.391407556957729,1,0.16591877128463342,1.6120464149463125,0,0.7261324570591908,3.37557143243264,1,0,0,0,0,0,5.217956645018765,0
10.216953927682628,14.25535480258272,0,0.37742372399880253,2.1991521029060737,0,0.42487502036879643,4.617512924513107,1,0,0,0,0,0,3.6571136073834856,0
3.4927768067371434,3.5523624668736615,0,0.23269301432568804,0.1706818122200986,0,0.7893402245050833,0.598920592519806,1,0,0,0,0,0,5.051139733140911,0
1.9587459666983218,1.7737439082633821,1,0.461926735068688,0.3271412916808355,0,0.13866451396230334,0.7712975773416361,1,0,0,0,0,0,4.660344915250418,0
5.078651491534975,5.151853774418095,1,0.2809200570392558,1.2472180771635388,0,0.8708083991012835,2.7997386667399464,1,0,0,0,0,0,5.181410973916104,0
7.437160792039556,9.019218628947359,1,0.33067384744152495,1.939629445824021,0,0.7168759701572802,4.105192533374634,1,0,0,0,0,0,5.106326084880315,0
10.719899243506894,14.191938063449786,1,0.2647264434955149,1.7249577263279436,0,0.24567608259816376,3.931925376297849,1,0,0,0,0,0,7.111464061856356,0
6.062384173484531,7.242607067650365,1,0.08039542440347591,0.6439305548645474,0,0.5414700015621445,1.624093298490292,1,0,0,0,0,0,5.1587325528081305,0
2.9114119421876,2.4178691051779495,1,0.4446000608898258,0.5900413094505217,0,0.3792429769836104,1.3782233653222153,1,0,0,0,0,0,5.961218132135673,0
6.341378715449197,6.486302961436843,1,0.8721500731935894,1.378909483147456,0,0.6067526138331001,2.9158303673236308,1,0,0,0,0,0,7.579310171383844,0
8.744052846065006,11.445612777945025,1,0.7272447540525722,2.3183638723955116,0,0.4709724583766831,5.2021509864702455,1,0,0,0,0,0,5.082208408806022,0
5.429787247640819,8.028552400776817,0,0.15195136568689613,0.6072118337652544,0,0.5596473895964394,1.9035345836225057,1,0,0,0,0,0,1.7044301779920963,0
2.5887688292746147,3.6793007818392076,0,0.5965527718636132,0.1615631607420578,0,0.35834409558359503,0.5013173188617407,1,0,0,0,0,0,0.9121954739224527,0
1.4630987405671878,1.2319083316026391,0,0.42086990888638254,0.4147432927349177,0,0.27114995666638114,0.5415931480774882,1,0,0,0,0,0,3.318440107533714,0
3.903705417083508,3.262259623611631,1,0.12297515913668641,0.9519141242772263,0,0.5967855715302759,2.0796525801702073,1,0,0,0,0,0,6.663825954867118,0
7.055508139228014,8.199567084901568,1,0.9705738726622913,1.7172481829368222,0,0.5257841861405602,3.743635417913212,1,0,0,0,0,0,5.840896121495955,0
9.843574707733175,13.426922440240753,0,0.24033822263626134,2.304674069314927,0,0.23896252007891527,5.154266388839904,1,0,0,0,0,0,4.802840307333222,0
7.912480317401452,11.025315944267877,1,0.5994775351402241,1.1609751988905346,0,0.4087964779533265,2.5260208892438056,1,0,0,0,0,0,4.273961321039875,0
1.7586829500235241,1.7879072551740263,0,0.15538169343922012,0.43933737980883014,0,0.3426172798352559,0.5429336280690474,1,0,0,0,0,0,4.71698769313063,0
3.2602151334154463,2.820606930461459,1,0.10770742220203881,0.9003361601989411,0,0.25602951263391954,1.5124491245836054,1,0,0,0,0,0,6.940350390548537,0
5.84730459378476,6.339819988219891,1,0.27313507889649785,1.2635362344219176,0,0.5522956651410194,2.7288692989088634,1,0,0,0,0,0,5.107952176103679,0
8.560694625766525,10.935197087589396,0,0.33523248242317605,2.1233903375392202,0,0.8612969698565911,4.588930757139231,1,0,0,0,0,0,5.524272954821409,0
9.551740654033102,12.861668700941765,1,0.21430109780734305,1.3086928976601022,0,0.09446353972353971,3.533642786204351,1,0,0,0,0,0,5.826192243996598,0
8.880348029384711,12.310920731696466,1,0.18324456162991265,1.6233498759123464,0,0.057788458121582155,3.653961748435022,1,0,0,0,0,0,4.330324905217731,0
1.2084523345215374,0.9112532188330177,0,0.4122979510994499,0.30497991662058793,0,0.3218125150255656,0.5061940035048845,1,0,0,0,0,0,2.5464187382236942,0
2.641792815085168,2.2232871197239965,1,0.586647782781464,0.5762792894177914,0,1.6174232329997484,1.334271781803749,1,0,0,0,0,0,6.178440858547881,0
4.598029858992653,4.3167666656966395,1,0.5338373825100804,1.0343738001259437,0,0.3240363131461134,2.3335696658833616,1,0,0,0,0,0,6.431495274875184,0
6.109152625828511,6.912414758390978,1,0.337041165931265,1.728489430504699,0,0.8225256807958268,3.70191589955891,1,0,0,0,0,0,5.4325449633408756,0
5.880896985122522,6.571182299500652,1,0.3761899730493222,1.8555110967061075,0,0.9991314793172992,3.743635417913212,1,0,0,0,0,0,4.9749630801569165,0
10.22075290455458,13.989822685016321,1,0.19836995009926828,1.9892715504133236,0,0.7246028619077189,4.458814722082624,1,0,0,0,0,0,5.1746981690859934,0
8.028958906888521,11.516848282179218,1,0.4065703535981403,1.447206369285657,0,0.20577111832897443,3.6240878469223805,1,0,0,0,0,0,2.9824014517448694,0
1.5339868582309526,1.2960708864972244,0,0.17443745571730385,0.09589927906241345,0,0.14500912532575966,0.1114559507820016,1,0,0,0,0,0,2.7628945489187613,0
1.5472032475442625,1.3280735039707807,1,0.2236575677240375,0.3199849821931251,0,0.03845366188436424,0.44490614738868905,1,0,0,0,0,0,3.5604512610424344,0
1.6652183680014248,1.5477413581589419,1,0.13205078348592883,0.8750692266515587,0,0.3396711496309276,1.314287364153527,1,0,0,0,0,0,4.219883024671649,0
3.7074455086411646,3.135419882702906,1,0.1854544684045113,1.0919037611193922,0,0.7607642994207774,2.415781365358676,1,0,0,0,0,0,6.6411483986905875,0
6.769310803643627,7.364288357506942,1,0.5806310946392005,1.4801213943794203,0,1.0503199381647486,3.3207714124587273,1,0,0,0,0,0,6.4256504304988855,0
10.156379386893494,15.073605002210478,0,0.32077976144020137,1.7793825998152504,0,0.1972992447042229,4.399222620964871,1,0,0,0,0,0,3.2768142065456938,0
10.240320635410594,13.963153213236899,1,0.19722758467438747,1.6465085970967157,0,0.0777450263971842,3.9534086324203317,1,0,0,0,0,0,5.771582815032586,0
1.3605445668001837,1.2504185738470275,1,0.20749990443596733,0.3159836107828548,0,0.17571416488161595,0.4714061767360349,1,0,0,0,0,0,3.359298180192516,0
2.9547240204427156,2.5070069999985014,1,0.38295637760699097,0.98052353354131,0,0.879102419659062,1.934037125599716,1,0,0,0,0,0,5.000002904889522,0
5.552072505102133,5.463123187473225,1,0.05358624172056076,1.4427086616232647,0,1.4413208404962334,2.9365715071201075,1,0,0,0,0,0,6.815831736346747,0
9.305555903306946,12.239378740837964,0,0.5218569574521275,2.2371888735910295,0,0.47400598741842126,4.560169267872352,1,0,0,0,0,0,5.114346648457131,0
7.558755152394202,11.104755178875108,0,0.27436893229875176,1.091941895565617,0,0.32844403393707017,2.6556310686630473,1,0,0,0,0,0,2.8836496612047826,0
6.394098251349868,7.155429144493018,1,0.22682947556321437,0.8403380970925981,0,0.25308124447790886,2.0753025553091025,1,0,0,0,0,0,6.637748879508994,0
1.9993190635834939,1.8775575940456333,1,0.34406505688997135,0.5992157519916518,0,0.2565398302486717,0.9729181688701349,1,0,0,0,0,0,5.107646431779399,0
4.669887978700412,5.021893803522698,1,0.19283796419724658,1.230970433877591,0,0.33366130173302305,2.774678239591694,1,0,0,0,0,0,3.98603272241165,0
6.703441120623759,7.912812021686918,1,0.3354937523610082,1.753961740546418,0,0.7179830877715269,3.7742098922812835,1,0,0,0,0,0,5.347278385576635,0
9.13430142625269,13.20718063715314,0,0.34215013746626016,1.9838295750572748,0,0.3923814600455676,4.742173759723888,1,0,0,0,0,0,3.234127786374616,0
6.8906908916414995,8.308361958590275,1,0.40027553675730654,0.8230022827360011,0,0.08290952302348978,1.9377028565775594,1,0,0,0,0,0,6.12300065439796,0
1.881958997397482,1.8404462693891395,1,0.21857466783708987,0.6202193804884442,0,0.22298684290672377,1.0966426646286482,1,0,0,0,0,0,4.8201128919752945,0
4.54436424328975,4.177622967510076,1,0.2852852018624549,1.174659164298486,0,0.2865648572551882,2.2619029781170625,1,0,0,0,0,0,6.38750509527588,0
7.023854207983227,8.643367454962846,1,0.21238715002149855,1.992152384612628,0,1.3072609129946184,4.226711406078037,1,0,0,0,0,0,4.314209095054521,0
9.39036788476361,11.77378686561812,0,0.19797742491811257,2.269692870859397,0,0.8574394577489064,5.02523765026441,1,0,0,0,0,0,6.292211951624207,0
8.508710745629294,11.47454450562999,1,0.15693889428522814,1.2588798802952659,0,0.18042119673902396,2.9281818442181926,1,0,0,0,0,0,5.3876075932801895,0
1.1977477087423465,0.9401507829336031,0,0.2574860046095026,0.38789597193653413,0,0.2279426078634506,0.8208048632933869,1,0,0,0,0,0,2.6807512606036727,0
2.7821299505575374,2.2990499121486465,1,0.29168123752575537,0.73351956276033,0,0.3792429769836105,1.4220593686505676,1,0,0,0,0,0,5.801810595626864,0
5.547497939918559,5.229333715402547,1,0.3977961029742979,1.2473147741230615,0,0.5881066713236844,2.8287390007636266,1,0,0,0,0,0,7.392973252311617,0
9.328710750276246,13.135303099140051,0,0.1016640550319515,2.0015025044869823,0,0.42068215054641345,4.773160834851964,1,0,0,0,0,0,3.9033293792141275,0
8.52512688223706,11.85330621438599,1,0.24779657828637486,1.4016250534477155,0,0.1560578659633523,3.683707444993866,1,0,0,0,0,0,3.9141015894343645,0
0.7841596604471456,0.5854536811513168,0,0.12168613262720959,0.08263057062587398,0,0.017467476406381167,0.09777251590404346,1,0,0,0,0,0,1.6437126849208124,0
2.0388611708080324,1.6397743093114256,1,0.21520214513837835,0.5877939642024304,0,0.39618227576500575,0.8425934086013053,1,0,0,0,0,0,3.9981390943247774,0
4.30486606118235,3.8806261956758066,1,0.15213628856064765,1.2804201727948195,0,0.7607642994207774,2.4842589287249472,1,0,0,0,0,0,6.410729684123124,0
6.631613783830533,7.159799719624043,1,0.5491394428663467,1.693367067225463,0,1.0715087002537187,3.496078113542185,1,0,0,0,0,0,6.364739142859081,0
8.543604635238246,11.168543931025404,1,0.41797815360473056,1.2856284332419088,0,0.7116951420382589,2.975666152937257,1,0,0,0,0,0,5.478676466689147,0
1.4608018223292563,1.1557656556330866,0,0.08787547873450915,0.06177257044304193,0,0.19425820899947532,0.08544515410416326,1,0,0,0,0,0,2.921582251951201,0
1.6946239910477756,1.5284920012508567,1,0.17493340691430512,0.3409660204289817,0,0.13669390518666072,0.8118748931876235,1,0,0,0,0,0,3.9555761587414136,0
3.9067164744119625,3.3746213901545796,0,0.31506789526839574,1.319599998858244,0,0.4714845864591834,2.6586620013272526,1,0,0,0,0,0,4.869603001240312,0
6.118934607176538,6.227003870694805,1,0.3944328817151467,1.4029722636679267,0,0.5708648684387685,2.940242311940186,1,0,0,0,0,0,6.664341314808142,0
6.8314426528066985,8.198268825044787,1,0.5188010081185209,1.9267077105569639,0,0.7438904818916198,4.046891981149198,1,0,0,0,0,0,5.530469737374041,0
9.831605037595676,14.065943846711255,1,0.1129146624727855,1.687980366281861,0,0.7039643197092553,4.532682422968318,1,0,0,0,0,0,4.035944406750054,0
7.116108822189444,8.828126806163466,1,0.28541299726187896,0.8220896579921697,0,0.16065166487179697,2.3741324177248875,1,0,0,0,0,0,6.152295002907936,0
1.1959329922155357,0.909545293128118,0,0.21598408712645542,0.12680451558335726,0,0.21805434109722613,0.1394200446693747,1,0,0,0,0,0,2.471184587742191,0
1.6102576153595427,1.5741775536117786,1,0.19550908118311205,0.4389034562373581,0,0.7033559364329718,0.7427091026819631,1,0,0,0,0,0,4.203530994555616,0
2.1135596733780715,1.9325811741838639,1,0.2921469084848684,0.5258536870385734,0,0.5078310920763967,0.8324698494357001,1,0,0,0,0,0,5.0432438533934985,0
2.887237482962492,2.425686973597084,1,0.28189035181802724,0.8196773008784564,0,0.4610265144075594,1.4322121969131076,1,0,0,0,0,0,5.4953131560094715,0
6.6698136324291735,6.98043080978495,1,0.3229537706973409,1.5468169224887753,0,0.470712754347718,3.4678022055032454,1,0,0,0,0,0,6.972438334373191,0
6.069073794224096,6.845671652494521,0,0.27529063349670047,1.6285007259242235,0,0.8856062660559705,3.5131818380262625,1,0,0,0,0,0,5.150945292699145,0
8.90306787233783,12.248031173946075,0,0.22960400230274428,2.295593028302312,0,1.280256295760933,4.899809594823483,1,0,0,0,0,0,4.083906352209246,0
10.514229411656748,13.780802273354036,1,0.29611257081239567,1.8121737936466273,0,0.3766966542434258,4.356660216951057,1,0,0,0,0,0,6.737147187978043,0
1.399347082918354,1.2403119802055451,0,0.12558984017629315,0.07917276661576501,0,0.41041393331831777,0.08544515410416326,1,0,0,0,0,0,2.309168881516887,0
1.2286028590899203,1.1576784965098914,0,0.4786277208173961,0.1835036326895774,0,0.43751063081891445,0.2376019523787249,1,0,0,0,0,0,3.157969831267364,0
1.929743597785702,1.7554223290790396,1,0.5047195575480732,0.7422391498328784,0,0.47148458645918334,1.433172617815072,1,0,0,0,0,0,4.695465521960277,0
4.563288068066232,4.197580867724126,1,0.37123922930951014,1.2848244668684494,0,0.8980518903219656,2.46685154897766,1,0,0,0,0,0,6.121474703413975,0
8.74091881267715,11.341350659419566,1,0.19908562383242806,2.199127847792879,0,0.17475965985442218,4.778394285927318,1,0,0,0,0,0,4.621558849071178,0
10.431129362578595,13.65056444711157,1,0.12424814725954303,1.6435499584767377,0,0.42862291050711016,4.865310320588963,1,0,0,0,0,0,6.667621750618977,0
1.2952040804715077,1.148740384333349,0,0.14396086391177648,0.06177257044304193,0,0.10109094423801142,0.08544515410416326,1,0,0,0,0,0,2.596390379739955,0
1.5606462820373754,1.7136488144434372,1,0.29951442082271384,0.43006945115399176,0,0.7742890990345503,0.6521158499029225,1,0,0,0,0,0,4.336905196300525,0
3.10547333404953,2.5512298148174195,1,0.24891764762859347,1.0221946226667948,0,0.37520625711541095,2.2325718283124667,1,0,0,0,0,0,4.364604737876018,0
6.276848769672209,7.059984530987564,1,0.4569449868833745,1.9968295700811134,0,0.668305027540117,3.9989647621254396,1,0,0,0,0,0,5.535133165212774,0
9.426790197532972,13.034286752394939,0,0.39026584091945954,1.9833086926875354,0,0.050798580869833646,4.466571227753108,1,0,0,0,0,0,4.086418149865904,0
7.70586767075093,9.394592596729973,1,0.41339150862715934,0.7709650707724447,0,1.0266967407689296,1.9940550715219847,1,0,0,0,0,0,6.766328959980721,0
1.9611063098804684,2.045434847194401,1,0.6071212760103926,0.4413864536388664,0,0.5771060863963404,0.5882899341953962,1,0,0,0,0,0,5.3818837008601665,0
4.0730768695111825,3.571292113159592,1,0.24306694116664984,1.052909101609309,0,0.4232811222515663,2.0025939001114206,1,0,0,0,0,0,5.787057198245263,0
8.045405018137037,9.780895390908235,1,0.5031559209515255,2.112010720379473,0,0.30197746486245125,4.35827529963702,1,0,0,0,0,0,5.985553091576516,0
8.656595703538196,12.322816135772127,0,0.18131634923588066,1.758002502654328,0,0.39466593870572086,3.9063709837931615,1,0,0,0,0,0,3.426679421109661,0
8.10786152554942,9.85954958570791,0,0.17519328645210683,0.7353017328220124,0,0.5936305504694852,2.121678573979592,1,0,0,0,0,0,6.896756671049498,0
1.4749461507451178,1.0818527588965117,1,0.37817625701712443,0.41213298258709696,0,0.3561708861661367,0.8968025696546102,1,0,0,0,0,0,2.9478092280702697,0
3.0233595752151396,2.1061214958426526,1,1.3709974546398753,0.9180837032530123,0,0.35503481725865205,1.842227789754497,1,0,0,0,0,0,4.462811255354863,0
5.782632910477714,6.218223242241882,1,0.8832685356738916,1.4953177237829869,0,0.38394834997397154,3.2543552524526627,1,0,0,0,0,0,5.5091453198003,0
9.379379905196041,12.825553687644852,1,0.9285096161772198,2.0393242411120056,0,0.50633126731615,4.773160834851964,1,0,0,0,0,0,4.603654973929667,0
8.361333139761705,11.17737531652387,1,0.4903662995054258,1.6494844964530162,0,1.209856726368478,3.703618878567669,1,0,0,0,0,0,4.075002387568491,0
1.698100461951236,2.167109461667692,1,1.6912748919513814,0.11871180682793545,0,0.8075427784411241,0.2485014849471769,1,0,0,0,0,0,1.006761954760926,0
1.0597896150431794,0.9245381600117067,0,0.5658558501295965,0.05304019808651553,0,0.11977999309987752,0.18752488827882352,1,0,0,0,0,0,1.8933593502656039,0
1.1027222742073106,0.7413104748042811,0,0.5671034774003765,0.04194560513921898,0,0.2544391942013197,0.08544515410416326,1,0,0,0,0,0,1.498030099071579,0
1.0750265919953632,0.8072891785381536,1,1.2690802205311715,0.05226351072837121,0,0.39289936993046803,0.10348966252064401,1,0,0,0,0,0,2.2325304981080003,0
1.5079096180429228,1.135800490727905,1,0.9407391601490186,0.02833840711140153,0,0.33957186338186784,0.05823481214000559,1,0,0,0,0,0,2.6676401910570267,0
1.1530266331452401,0.7641301547039919,0,0.3350451450983093,0.035532340432243736,0,0.26971837790159625,0.07341400457603259,1,0,0,0,0,0,2.066275931082538,0
1.5654997944961835,0.9517324877678676,1,1.1089414094127257,0.01966317597929336,0,0.10261907817061397,0.044266864857244306,1,0,0,0,0,0,2.379759975664034,0
2.8856613355015286,2.1533434781344205,1,2.5297320677236783,0.4293958100170782,0,0.7678717101844598,0.6598261833138497,1,0,0,0,0,0,5.787988800213103,0
3.1333434915379708,2.697621127934189,1,0.6740437853210638,0.5709105228827396,0,0.6502635464965555,0.5676786099219884,1,0,0,0,0,0,7.237675749053279,0
2.345685795126671,1.1261598138448217,1,2.6104787885115317,0.6730658299876653,0,0.7541495301521874,0.9475879847440365,1,0,0,0,0,0,4.18880827771004,0
3.615351707418284,2.9889720556208097,1,0.22458896374742804,1.1343127199551537,0,0.5460652627485476,2.492548774460733,1,0,0,0,0,0,6.504900524781578,0
6.7012485794061885,7.6329898486817775,1,0.8600708336449847,1.653811040311453,0,0.470712754347718,3.5623235487723024,1,0,0,0,0,0,5.521515823601637,0
7.34816948244482,8.98362285576629,1,0.41005196355475754,1.7952402920194763,0,0.5299181607203072,3.8868379241403423,1,0,0,0,0,0,5.593936931029322,0
11.551024303905633,15.184280203756996,1,0.20818471453856463,2.101819807827908,0,0.08277783844232212,4.689273574761083,1,0,0,0,0,0,7.178147064344476,0
2.242526638065615,3.0536709615872355,0,0.31854404942384307,0.14218220545755594,0,0.18624775273912259,0.2865346432875385,1,0,0,0,0,0,1.1781939466607896,0
1.2422501847220178,1.2398055327852153,0,0.34945889291251864,0.22965873886711202,0,0.2236684787219123,0.29430197583424134,1,0,0,0,0,0,3.2825607002408974,0
2.7811759226095374,2.5511275333732093,1,0.22263122183140155,0.7147871222985919,0,0.7939592559539784,1.6704635731963382,1,0,0,0,0,0,6.536909308711576,0
6.851449783095633,7.759462005732786,1,0.38677899651098985,1.6842297969859954,0,0.2300135935799315,3.560622124346363,1,0,0,0,0,0,6.0664540489416305,0
8.287739800102523,10.517176735532338,1,0.4050708623047278,1.8285923083333535,0,0.43720316562405204,4.098788111486327,1,0,0,0,0,0,5.097202111138338,0
9.326569587784977,14.003929597785197,0,0.15784452649841446,1.3852361906643185,0,0.20978169531960777,3.4120417713279947,1,0,0,0,0,0,2.8632011615692994,0
4.000821514153117,5.987990129926881,0,0.37121943791375844,0.4275642325934671,0,0.3691844297064303,0.87569744885104,1,0,0,0,0,0,1.343059227081077,0
1.3766490892676184,1.669228374871171,0,0.3191541663222266,0.1218623739430778,0,0.2859042094279741,0.23359722384629145,1,0,0,0,0,0,1.0641973573170702,0
1.1108357994366225,0.9678613730465151,0,0.33798827894549194,0.08572559935425207,0,0.09112474493132336,0.1114559507820016,1,0,0,0,0,0,1.866362888653372,0
1.7558613984850309,2.0265206778870213,1,0.3950488327337833,0.22172948023631397,0,0.29499524305076436,0.46144720469669853,1,0,0,0,0,0,5.239633991788429,0
2.2717927831941696,1.8863708074919587,1,0.22525526958818445,0.8081247529786806,0,0.34144375128583576,1.441777374593362,1,0,0,0,0,0,4.890302603621048,0
5.805455549837611,6.049762016428526,1,0.23369726288231826,1.6508628098339095,0,0.2300135935799315,3.3572494407547797,1,0,0,0,0,0,5.90704398629812,0
6.977543163034067,7.8432706676482455,1,0.18624809815278848,1.5976339608740378,0,0.980509932057799,3.3307207922855637,1,0,0,0,0,0,6.05299370842148,0
10.121580986210699,14.014730907749472,2,0.5441868674187411,2.3331257301421267,0,0.041012778354678786,5.156903690645215,1,0,0,0,0,0,4.538907101400063,0
11.871293081987087,16.90354254178184,1,0.2133715459410369,1.9932817922347907,0,0.6616650950730837,4.486378040747456,1,0,0,0,0,0,4.713713735040324,0
3.7271877486958642,4.91175374092747,0,1.0243994020511882,0.2596002102575871,0,0.47983313736860067,0.5182494592996856,1,0,0,0,0,0,2.350827063535779,0
1.4827658993136983,1.7645100718236428,0,0.2644009710373,0.11891864302553842,0,0.35585608163332105,0.23695788243603016,1,0,0,0,0,0,1.2042355985124717,0
0.9428579430063752,0.7636153560131488,0,0.07691340017151474,0.029985430686885185,0,0.8823771565115325,0.07341400457603259,1,0,0,0,0,0,1.7566314728450672,0
1.6074122702387217,1.2360726281853966,0,0.285869633923952,0.05653436439701762,0,0.6081250156704123,0.1114559507820016,1,0,0,0,0,0,3.059338862612365,0
1.1324371057376719,0.8080304704520551,0,0.2578144274263263,0.035532340432243736,0,0.3824121125480492,0.07341400457603259,1,0,0,0,0,0,2.374282698976975,0
1.204868678689476,1.0441454212586976,0,0.29691046836946633,0.05681716543572303,0,0.09112474493132335,0.03541349188579545,1,0,0,0,0,0,2.6480439436703396,0
1.3763960405225513,1.4196054393541184,1,0.17646521865908782,0.18095710274625906,0,0.2236684787219123,0.27581747889344943,1,0,0,0,0,0,3.7544486062365237,0
1.443036880100359,1.6556837480227884,1,0.3302507137147749,0.3865500912266916,0,0.7866430924546063,0.494185358378176,1,0,0,0,0,0,4.236179510495649,0
1.789027277199776,1.5029681216800868,0,0.21964537341077559,0.4690440996068456,0,0.34708793782092673,0.7937381395131446,1,0,0,0,0,0,4.128213141409976,0
1.8402764667943774,1.951851023864083,1,0.20089374279389888,0.5585656151902745,0,0.3567110605636574,0.9040497591773191,1,0,0,0,0,0,4.906133027675773,0
2.5476057714892755,2.1569364717455115,1,0.2567974949413384,0.6190934431458395,0,0.3710528303723164,1.5507853351049894,1,0,0,0,0,0,5.106440287348624,0
4.902800767189913,4.910255338407654,1,0.3624701676080653,1.4772442416256932,0,0.8171721286885005,3.0579966554086804,1,0,0,0,0,0,5.0417588416980825,0
5.297435431902357,5.307441837979693,0,0.1243071553713685,1.3208960722643468,0,0.4621539023743413,2.774656818684507,1,0,0,0,0,0,5.932718445178658,0
5.936805541259741,6.067381925045714,1,0.4822081864986628,1.2152185972820067,0,0.3045380583228058,2.7120324163011382,1,0,0,0,0,0,7.063295234201999,0
7.448191707944147,9.362338625848382,1,0.5107034133118155,1.8588117320566295,0,0.20861403224600286,3.877937324263756,1,0,0,0,0,0,5.310588732472018,0
7.270398760909174,9.139102941361145,1,0.27305404040988435,1.99153010433488,0,0.7149468067830487,4.043046848999803,1,0,0,0,0,0,4.54401238299218,0
10.43585080058871,14.249077207757466,1,0.24571769723422182,1.7053171581263884,0,0.44248753376257866,4.480426485999905,1,0,0,0,0,0,5.7189334071207,0
8.749193729768837,12.77792208558439,1,0.26268572715912464,1.7619995031490294,0,0.4709828858979729,4.230621493080331,1,0,0,0,0,0,2.8957432782059485,0
1.3198938172901302,1.3318389253593694,0,0.34169321583409373,0.052071130001054684,0,0.21928729503173333,0.1039661598840477,1,0,0,0,0,0,1.6847532799488945,0
1.3681069568115831,1.3275568984132446,0,0.19725511971076432,0.057506580339163296,0,0.17571416488161595,0.07341400457603259,1,0,0,0,0,0,3.443253567103752,0
1.4165351095401832,1.0910447862137296,0,0.19967366118347232,0.22655917564536535,0,0.3724561900693161,0.5061940035048845,1,0,0,0,0,0,3.089015107348845,0
1.8152986728825007,1.825021010622016,1,0.09347253756773036,0.5602758339918819,0,0.2841424441345155,0.7448153583976931,1,0,0,0,0,0,4.800216348965196,0
6.399791982266938,7.295643880740648,0,0.15128785973199288,1.6355242140549464,0,0.6185007738378163,3.51064720587076,1,0,0,0,0,0,5.453842852104912,0
8.306707967279253,11.442055137351623,1,0.3077658943265561,2.2526150394047564,0,0.647471247530009,4.522576302598485,1,0,0,0,0,0,3.9895414599524672,0
10.358181724308654,13.637071197809744,1,0.3904444817895989,2.0922231992951827,0,0.6290636455710186,4.605828336562656,1,0,0,0,0,0,6.770771903713621,0
2.3791111884395826,3.4902085275251955,0,0.22198891938484344,0.16446501563866742,0,0.3372127722095193,0.34058085844441083,1,0,0,0,0,0,0.637022174671173,0
1.362326633064988,1.3107321766700342,1,0.45422244397716166,0.03804245770748375,0,1.150316558857623,0.082690948364427,1,0,0,0,0,0,3.4522258776276518,0
1.2378432818356035,0.888598791026293,0,0.1709001787284057,0.06132399978959369,0,0.129182010862387,0.0671030519358472,1,0,0,0,0,0,2.551500865687285,0
1.4667323987517498,1.5843639777800056,0,0.20770991408379788,0.21193982994650903,0,0.16971909642093197,0.4416331367824361,1,0,0,0,0,0,4.141055785132617,0
1.9977607934520583,1.8188957977755964,1,0.21505694882472362,0.6664848796177041,0,0.2220775498438447,1.1636711627210317,1,0,0,0,0,0,5.012836536052119,0
3.4736471717500095,2.8787596311704053,1,0.15327366170526235,0.9993526631873055,0,0.5033378144176526,2.0222945604988345,1,0,0,0,0,0,5.568742287260169,0
5.605591497472426,5.8938032004921315,1,0.5265328260404066,1.3043043744702376,0,0.7121216789909836,2.8514372117996096,1,0,0,0,0,0,5.7353547410532695,0
6.266695035343789,6.286916570179092,1,0.20396178363704515,1.2923326663297963,0,0.271708511039482,2.7999669022077622,1,0,0,0,0,0,7.358342747287885,0
8.56688218304891,12.017366519433347,1,0.2651756630206936,2.3099068997981984,0,0.6471505473822529,4.970933915656518,1,0,0,0,0,0,3.8404320055932173,0
10.773622162200446,11.699787613852232,1,0.5554027354001345,1.8744685028353425,0,0.5340008133984149,4.811128543598638,1,0,0,0,0,0,5.569058306447621,0
2.2755964942262352,3.1463489670812224,0,0.30924219892792176,0.12934509727043095,0,0.6545316046887224,0.3467889834911916,1,0,0,0,0,0,0.8311723017665293,0
1.6725955994107888,2.010674362615979,0,0.15035751239530826,0.07725776555539605,0,0.24209646291666087,0.17016975462450368,1,0,0,0,0,0,1.264531191578661,0
1.1926672676474865,1.036839049513649,0,0.461406817378327,0.04391890567621983,0,0.17167108242383383,0.09788500762484675,1,0,0,0,0,0,2.2694833483110437,0
1.2631005180606574,1.2716026130268177,0,0.18323526736633242,0.15760772105193913,0,0.2417068604978432,0.15797655356284207,1,0,0,0,0,0,3.2914544542567263,0
3.225712523397598,2.803768067858599,1,0.3430085781862883,0.8744424254422977,0,0.3076174915248735,1.8668725899438103,1,0,0,0,0,0,5.041136721570108,0
6.7135249819329434,7.892590822042632,1,0.5243506886230264,1.673026704945245,0,0.37209845088199867,3.6043213118571558,1,0,0,0,0,0,5.529781303573356,0
8.412318646440209,11.194742127099001,1,0.25416335020913283,2.134670313779086,0,0.8700670316134944,4.421711518939808,1,0,0,0,0,0,4.764693970033122,0
9.492314838954936,14.154000155907305,0,0.4485549018748761,1.847196832481076,0,0.4115646578159332,4.086516314743756,1,0,0,0,0,0,2.9153252798943052,0
8.645338183895216,10.43632797155806,1,0.41155307509914313,0.8431490017117461,0,0.3422133592827252,2.282303581821021,1,0,0,0,0,0,8.18553949474721,0
1.3045380783431115,1.422491061908566,0,0.496218110613421,0.15650866511137046,0,0.48344496400467457,0.28714091159891053,1,0,0,0,0,0,3.742084362840192,0
2.020955090167106,2.055924478149975,1,0.554409590369815,0.5163664589079839,0,0.7012295289033476,0.875765017396917,1,0,0,0,0,0,5.362832301659427,0
4.092204189321597,3.4787809624184005,0,0.9772391235767911,1.1390096983202904,0,0.4486366806879923,2.102208316519805,1,0,0,0,0,0,5.068733872667401,0
6.549381529830344,7.029207315737307,1,1.016054248484069,1.6031708853399467,0,0.8567871150374183,3.1892334111202,1,0,0,0,0,0,6.307153410127464,0
10.506712874946215,15.758651866728286,1,0.6530376965092007,2.473070612234812,0,0.676675153440967,5.5365992010613905,1,0,0,0,0,0,2.820077467351607,0
7.455231821362597,9.793194501689602,2,2.6747462278304264,0.7114371776719544,0,0.7494896173012271,1.6327853649347388,1,0,0,0,0,0,5.310920936955316,0
3.2588968575100763,2.3636486114182134,1,2.2735535802618876,0.49615937889354833,0,1.1001284650187222,0.8315766910687796,1,0,0,0,0,0,6.147059433612532,0
4.218165249870562,3.5656999169186476,2,3.1141013790845316,0.9637774831678534,0,0.5213824657347768,1.601068097513902,1,0,0,0,0,0,8.905408735341785,0
8.001600422089608,9.848795888580748,2,0.828340728776593,1.9193789574716504,0,0.5377960708887144,4.242663129940055,1,0,0,0,0,0,5.532694753551409,0
8.60229364601601,12.621791816644274,1,0.7393242513265262,2.005358294867283,0,0.6103346849653365,4.54034136162409,1,0,0,0,0,0,2.708958509510816,0
3.2592901226949076,3.030457291931581,1,0.45447280007479174,0.12979046013256312,0,0.38800752153146134,0.3466437922759841,1,0,0,0,0,0,6.19656962250407,0
3.03750147238895,2.343248989371162,1,1.131294593610497,0.4614924211532112,0,0.6431113658280045,0.9349940204787663,1,0,0,0,0,0,6.500421379091968,0
4.958601993882709,4.518235493691642,1,0.35639656567323963,1.3385344609827214,0,0.7182591247942993,2.397917767239618,1,0,0,0,0,0,5.7269802037016735,0
9.641676161628437,14.19102558014187,1,0.6211714933282181,2.0730684790459692,0,0.32929142542392625,4.65532112725488,1,0,0,0,0,0,3.024987047961967,0
7.736613422258255,10.385129976655442,1,1.1701205396561893,1.6989451398943314,0,0.5966366159755364,3.8172373830716326,1,0,0,0,0,0,4.2806277484517885,0
1.3935367743112375,1.173181485890235,1,0.6722435720239865,0.06313694551979046,0,0.1709489748025693,0.19588993586972447,1,0,0,0,0,0,2.008825169432536,0
1.4944125679152047,1.3911717753452868,0,0.160059575060102,0.1957203650583933,0,0.6380888008169044,0.4462476307623463,1,0,0,0,0,0,3.7912686784708285,0
2.427736035907213,1.8971776748159057,0,0.2736466244314164,0.5898179376987419,0,0.3832005515448794,1.0281731571094714,1,0,0,0,0,0,5.364777475653931,0
6.346197092409588,7.777629178363476,1,1.2764345408013738,1.751679836695822,0,0.5436636492084872,3.014643337245739,1,0,0,0,0,0,4.280520901221338,0
10.597645158687998,14.036765952533809,2,0.4297239809673661,2.3522552834870867,0,0.6736325049744211,5.316176420490413,1,0,0,0,0,0,5.83305947131376,0
9.574933739171332,13.540909059665712,1,0.4041276106217822,1.6628187812564383,0,0.21005075065066733,3.7295081496086633,1,0,0,0,0,0,4.29894901500195,0
1.6687474941039224,1.6866621162164597,0,1.5587557939421588,0.11346299004127423,0,0.4618287616950446,0.12083876933153413,1,0,0,0,0,0,1.702119412848146,0
1.4030656007888427,1.0506441657507155,0,0.30247544181293873,0.3441880453474646,0,0.18877010828181706,0.4863282102037152,1,0,0,0,0,0,2.0706053062613003,0
2.556571102456934,2.2540764901330563,1,0.6868868084633734,0.5606136105550921,0,0.6462046534542998,0.831854122102452,1,0,0,0,0,0,5.654214121364198,0
5.242501021693883,5.64045778535978,0,0.5111066623791347,1.4371621506434913,0,1.780603371101018,3.493876756624733,1,0,0,0,0,0,4.663341329212168,0
8.953963798545375,11.22246468208249,2,2.3232575842441734,2.0377404465937703,0,0.3098879566902112,4.31921260795964,1,0,0,0,0,0,4.624656104166563,0
10.8644537001068,16.246061328117456,0,2.5946632281771147,2.155100323164467,0,0.9647363718233047,5.041306506679003,1,0,0,0,0,0,3.538662542292088,0
1.0288155112771864,0.7202441644677403,0,0.7735367202757462,0.08612015924677252,0,0.1316257612655949,0.20285147365166212,1,0,0,0,0,0,1.6224204353914637,0
1.2260531307489158,0.8214274387064581,1,0.5797172656653805,0.23134442481811535,0,0.2781948724069323,0.4393029550278853,1,0,0,0,0,0,2.5884127071460554,0
2.5761720122585117,2.1364656946857576,1,0.9623229584465365,0.6336950506886747,0,0.6057919727740477,1.0375111674766704,1,0,0,0,0,0,5.472534652409091,0
5.960623491943155,6.851254449474691,1,1.298839031952902,1.661755177869599,0,0.7476085260213461,3.493876756624733,1,0,0,0,0,0,4.631871112156929,0
9.044348194066828,11.369787752991304,0,0.7229610110447401,1.1598278183523685,0,0.6156143636364098,2.5448019447061756,1,0,0,0,0,0,6.640844505421483,0
5.678783413629178,6.357708365662628,1,0.266921833705603,0.5755864178943121,0,0.3584208267546503,1.5259237906708345,1,0,0,0,0,0,5.998314259871845,0
2.5745193706767706,2.4010338651830514,1,0.245637077591532,0.739105965905184,0,1.1369805042137053,1.4028773811703377,1,0,0,0,0,0,6.3191150305036246,0
6.239617614201114,6.777084465384887,1,0.330744210984683,1.531734747575216,0,0.35754499511498966,3.4180309101634663,1,0,0,0,0,0,6.457742685349333,0
9.892303686646853,13.198674780600781,0,0.5910731054658521,2.2335494130370277,0,0.6071289012667647,4.820231618672031,1,0,0,0,0,0,3.5063655476809696,0
7.01296873385837,8.90705502729885,0,1.448538455054412,0.9508374422585486,0,0.5975973465629896,2.54210595504142,1,0,0,0,0,0,4.211489537696707,0
2.496154395177011,1.8170173915391015,1,0.3531819910019284,0.5315325848395324,0,0.497882073060493,0.7060161787633199,1,0,0,0,0,0,5.205714509023622,0
5.387411282539052,5.791081842261221,1,0.23885440458029775,1.6187546444855583,0,0.31338524744401186,3.284699228036712,1,0,0,0,0,0,4.952439242776051,0
7.4481626041495845,8.605709161947491,1,2.1617954961639576,1.4956190189546725,0,2.500246718105606,3.4797699338554384,1,0,0,0,0,0,4.012339035656592,0
7.702891914290975,11.594162594759505,0,1.269385182711333,1.0111879076729553,0,0.42397499743950845,2.6907705603746197,1,0,0,0,0,0,1.2811612402796353,0
2.070490958424063,2.0809121876923555,1,1.5124227548942377,0.09601657506055823,0,1.6903084703496032,0.195232815788611,1,0,0,0,0,0,1.4254193021591368,0
2.1831898850886247,1.0582867006477408,0,0.46871147070742203,0.3530565866970336,0,0.28195610146794337,0.5164578402031943,1,0,0,0,0,0,3.6625620680930853,0
7.435671020834842,9.332961827947965,1,0.0707323191276446,1.9342889482225716,0,0.3732368329874749,4.48511050785052,1,0,0,0,0,0,5.217134045812857,0
6.951110244936997,10.151468398552469,0,0.03676819685532426,1.0626119323257959,0,0.4311602180331352,2.31133551705096,1,0,0,0,0,0,2.7109676996071235,0
1.2639086930438361,1.5478209927140298,0,0.42201161422394606,0.11891864302553842,0,0.3110024822398021,0.23695788243603016,1,0,0,0,0,0,0.987026626344143,0
1.8343890878092362,1.450783172734326,0,0.1325506162513415,0.512504564539872,0,0.2549826401852653,0.785134526849512,1,0,0,0,0,0,3.34480565039177,0
4.035401596696884,3.455742768092049,1,0.4183661372414002,1.1657613507018063,0,0.9349927573514021,2.5573315045297855,1,0,0,0,0,0,6.812998976862561,0
7.283055702116569,8.402946458147547,1,0.23019823437743475,1.6967516404571978,0,1.4114874105935664,3.4059875398336086,1,0,0,0,0,0,6.6689004126826275,0
9.764230870595973,13.270986157222913,1,0.20272500741332072,1.80707310835202,0,0.1461862784776646,4.201007621605412,1,0,0,0,0,0,5.802588105515455,0
2.624265118858503,2.5222840740132995,1,0.17668522840824136,0.12316932538443298,0,0.41114473111515887,0.17045229874548695,1,0,0,0,0,0,6.549438719808409,0
2.603595476701657,1.9748933525256707,1,1.0352701980980816,0.6949735224514695,0,0.6422102527612958,1.2927859066103318,1,0,0,0,0,0,5.519036416565284,0
9.863753530596195,13.369628638972264,1,0.2678814452194411,1.614609188688796,0,0.2350594546055618,4.2293348970194415,1,0,0,0,0,0,3.9709962538054535,0
11.56231041321648,14.559576608938452,1,1.0968938082751412,2.230221883102191,0,0.7350838546999711,5.248830083088958,1,0,0,0,0,0,7.7894202197150895,0
2.5438332407525976,2.273671851854776,1,0.9192179854182256,0.10630752719887074,0,0.2427222743464512,0.21439720578649812,1,0,0,0,0,0,4.229402909167902,0
1.2136839428371886,1.1670958910113367,0,0.2426205265509766,0.09726348318913819,0,0.17571416488161595,0.12081250449429491,1,0,0,0,0,0,2.965027865519366,0
1.5631800508472482,1.773139891293103,1,0.11950438401902169,0.3581332372411109,0,0.2327614637258007,0.5440806868757844,1,0,0,0,0,0,4.614686640336695,0
2.345370038684632,2.118790994366419,1,0.1890229395027524,0.9642116501479983,0,0.4966135587471561,1.2990231061645474,1,0,0,0,0,0,5.717202413642408,0
5.722192428117706,5.830007687897472,1,0.5783492292967233,1.3838446660709436,0,0.3417639915811801,2.736705713684026,1,0,0,0,0,0,7.328371104205186,0
8.941919098390844,12.523343663327086,0,0.5296662480626465,2.275235921684727,0,0.7966121129581929,5.190874960778359,1,0,0,0,0,0,4.1877383461417015,0
12.393991695650529,11.188644903621821,1,0.6380420234741104,1.8062449232643032,0,0.33450725618395744,4.303170014177428,1,0,0,0,0,0,8.39086367947025,0
1.7082732666636378,1.016361202059697,0,0.2526581021183027,0.05597654743765872,0,0.26079861666121645,0.10425755521641936,1,0,0,0,0,0,1.9658033906995893,0
1.1947644430301878,0.6264303961918984,0,0.24891977550049094,0.022541579787251423,0,1.0613762481583526,0.04767162545665501,1,0,0,0,0,0,1.8688336082694648,0
1.6541230165696978,1.2666310063505968,0,0.10734604116081335,0.13819195755414965,0,0.25541430464174875,0.1305431649168341,1,0,0,0,0,0,3.75122684771439,0
1.5491256732034002,1.3957737521300593,1,0.498702840202072,0.45718432749374593,0,0.6482484982224936,0.8053508902904104,1,0,0,0,0,0,3.7685568521354136,0
2.0470770897679706,1.906076214367287,0,0.24232853290039372,0.6092672299700712,0,0.3737327291710924,1.0193788175383116,1,0,0,0,0,0,4.944743710212847,0
3.0195999745992474,2.738497035527868,1,0.7697226353609012,0.710531120534809,0,0.46801062970770413,1.2025302789910755,1,0,0,0,0,0,7.041437220578118,0
3.5659258829461686,3.1792561697677195,1,0.1823514455991747,0.8930344205749802,0,0.22000375536162314,2.1940723624510103,1,0,0,0,0,0,5.916235999414758,0
5.333240953453139,5.6230320703202095,1,0.3836901255321086,1.588200780901759,0,0.36559343570064806,3.4895164930647384,1,0,0,0,0,0,4.9712931684842605,0
6.1118671678182865,6.195168597130727,0,1.2570917906140404,1.3551412721846983,0,0.6727342455357723,2.8724487419554388,1,0,0,0,0,0,7.137270995121092,0
6.39058936937914,5.981771555968404,1,0.8029643809531238,1.5302142547974587,0,0.5325186042998131,3.192973289010018,1,0,0,0,0,0,6.780588585001812,0
9.916618450416633,14.01944489486618,0,0.6666383085147608,2.2106141135491413,0,0.23877032410239027,4.575742456130392,1,0,0,0,0,0,4.149451414768193,0
7.914110813953875,10.31300557883429,1,0.33872590091134447,1.3090559889100848,0,0.7907767218524747,3.3999110959907712,1,0,0,0,0,0,5.11553602836168,0
1.1081630135473843,0.9708603579359276,0,0.4164335839796308,0.028104864045601863,0,0.1710962233795727,0.05968790816039293,1,0,0,0,0,0,2.476024411264172,0
1.6849618304433565,1.6303639872770572,0,0.06168332995811643,0.29786967417752086,0,0.3629158654151155,0.5692957302658291,1,0,0,0,0,0,4.218670812570679,0
7.324652026662168,8.905256914479281,1,0.18147335777361345,1.856825641530882,0,0.98941104535121,3.727044619783988,1,0,0,0,0,0,5.43729580309501,0
8.774420837631679,11.141493619212099,0,0.23963717246158445,2.105348824990908,0,0.3589593424354405,4.44639240198183,1,0,0,0,0,0,5.780380350043824,0
9.896528259893927,14.052566598644546,1,0.19010682839662185,1.6641301099372732,0,0.25536927191567416,3.8915325357906534,1,0,0,0,0,0,4.1575867395057005,0
1.1632984456819782,0.8241682542596778,0,0.28074804675984344,0.09385406743414908,0,0.5661600469364976,0.20346846095787136,1,0,0,0,0,0,2.255029531974003,0
4.941831809136073,5.610975125599655,1,0.5183682266964929,1.3235269396959146,0,0.3494635541937668,2.960227659079328,1,0,0,0,0,0,4.418651968982713,0
7.853103756102277,9.682931706356355,0,0.38677679151197586,1.9674882538397809,0,0.4307737575668015,4.127683413546025,1,0,0,0,0,0,5.17958003593712,0
10.784316052672933,14.568093962688751,1,0.32146181590247835,1.995885402882879,0,0.3079636868449902,4.77116540623674,1,0,0,0,0,0,6.916065253327531,0
1.0936567574759022,0.913925117088489,0,0.1078855318036386,0.13385471778139618,0,0.25447204578267446,0.19598069506492988,1,0,0,0,0,0,1.9254237583715839,0
2.375028582950108,1.8969324085914068,1,0.2941303522074033,0.7550019901511159,0,0.5758888670029765,1.1327812147177179,1,0,0,0,0,0,5.3772301549462895,0
4.982525377550983,4.655487816702682,1,0.38745099415185885,1.1861786145967028,0,0.7986899825609357,2.6662334276281277,1,0,0,0,0,0,7.188302052282318,0
8.500095185407739,11.441921875778153,0,0.26254526014729473,1.931984835688391,0,0.7728441916494874,4.280988970835897,1,0,0,0,0,0,4.691606627119265,0
10.695354277530544,13.889429780076085,1,0.2630129050170779,1.953186837330653,0,0.5591873987863534,4.830855585396208,1,0,0,0,0,0,7.137152515399774,0
3.3276418651646402,2.8782631446642113,1,0.56908632351674,0.47291737524698385,0,0.7241762431850827,0.6597266075509166,1,0,0,0,0,0,5.845369768012308,0
2.2045019431677284,1.8680708337502425,1,0.2316255736159417,0.7960777022048973,0,0.3568890664506633,1.1306561502040007,1,0,0,0,0,0,5.153091797151815,0
6.1552451541223006,6.441472682332906,1,0.17590702366154606,1.398830753529721,0,0.5242100873268056,3.015648119585589,1,0,0,0,0,0,6.161728304662194,0
7.6588313744427445,9.682562368547638,1,0.26397541548215187,1.8262337864464424,0,0.7399209570619826,3.7320396952577295,1,0,0,0,0,0,4.807987078071144,0
11.403814246362666,15.965444400268447,1,0.14900228833837492,2.012998819914686,0,0.3858589438612797,4.818561579766355,1,0,0,0,0,0,5.4711210347467585,0
1.8312690709212116,1.701078050025274,0,0.31554926640514336,0.2460500621042922,0,0.5109972140966131,0.5706723313905567,1,0,0,0,0,0,2.2293734266691794,0
3.6099266146075,3.22953111902055,1,0.12371577660040588,0.6386531695180194,0,0.5266609234061468,1.1493620615405071,1,0,0,0,0,0,8.080323695044443,0
4.670861692899008,3.951305265124229,1,0.48515655060702945,1.1602921256411798,0,0.3437371085380516,2.459427527502632,1,0,0,0,0,0,6.392456821002994,0
5.70298025820915,5.996956261840658,1,0.2788091942612422,1.2876664528798039,0,1.2587757139345697,2.7345236692251573,1,0,0,0,0,0,6.088305817827942,0
9.242113770109798,12.719650382824282,0,0.2934494534839309,2.146988034716118,0,0.3409108682581351,4.322667834474906,1,0,0,0,0,0,4.158536029481421,0
10.76402131030759,14.324203103875957,1,0.12335923364884611,1.8351878818266498,0,0.40116993131597617,4.074927692025358,1,0,0,0,0,0,6.7021249329666315,0
1.505567482120266,1.520620929785277,0,0.6300279045784305,0.0498329555547965,0,0.4554363943215811,0.11214461620788305,1,0,0,0,0,0,1.6333860113864411,0
2.8280000213598755,2.238121191703775,1,0.46141864720239256,0.45666409948571063,0,0.9522324477536916,0.7544745660823553,1,0,0,0,0,0,6.433152131376345,0
3.5535375460814578,2.8928474565280617,1,0.3642949686641355,1.0356894916255186,0,0.4452123375344309,1.9079347826427862,1,0,0,0,0,0,5.437422967342075,0
5.41292121230186,5.3131331460157485,1,0.33526101748714665,1.3737188562555462,0,0.3437371085380516,2.960881293805857,1,0,0,0,0,0,6.860139262741744,0
8.093970215050499,10.655108193249264,1,0.5520201918030081,1.9294492855552856,0,0.3775220788992354,4.166567540481294,1,0,0,0,0,0,4.665958676256227,0
9.92098277506073,12.815820046269595,2,0.3175447867762566,1.7453136755265848,0,0.37773230321321244,4.4512836656589565,1,0,0,0,0,0,6.427416527384308,0
1.667295417942155,1.8510969819482657,0,0.36212524354728903,0.1064416479066001,0,0.2325654877616315,0.21439720578649812,1,0,0,0,0,0,1.7537040778386164,0
3.3270064437082194,2.5310012469047396,1,0.6448977955927185,0.6764429980605946,0,0.3083261327754288,1.3204677164257559,1,0,0,0,0,0,5.684113280977005,0
5.574566156828362,5.213759879810861,1,0.6375481693066175,1.1769745120968307,0,0.41469045026233947,2.498854029273825,1,0,0,0,0,0,7.347337665653505,0
8.293817168628514,11.015550780066674,0,0.8278009121218562,2.122544051425033,0,0.46593751966217123,4.522576302598485,1,0,0,0,0,0,4.8525234403493105,0
9.454289000363481,11.993120132527414,1,0.2015861373247713,1.559450823695975,0,0.33703307777061625,3.3999459703490222,1,0,0,0,0,0,7.603425409276991,0
1.2469126220226052,1.1136756085777524,0,0.2053456317404352,0.10202656924392832,0,0.39904150786702536,0.23817999463542983,1,0,0,0,0,0,2.9432733561442346,0
2.176819945893244,1.7878626044803794,1,0.582898620537643,0.7758493813564042,0,0.7699618393956609,1.4628905688696445,1,0,0,0,0,0,4.548255025805364,0
5.694840551351886,6.2301946584565036,1,1.0454092753173414,1.400157882332774,0,0.31473710890567075,2.7742765552565736,1,0,0,0,0,0,5.562500733630701,0
11.256486865992958,16.62696751469202,1,0.22153791290979077,2.3501309161638426,0,0.3980704083471452,5.195091154968782,1,0,0,0,0,0,3.640631591170615,0
2.7416668264966573,4.017484322538882,0,0.11371905353526997,0.1129856745063838,0,0.3110024822398021,0.46364453313162235,1,0,0,0,0,0,0.9157091881081026,0
1.6888689371531111,1.8377702916626375,0,0.2433602630200489,0.08237667786232533,0,0.16983900754510042,0.17005632332354362,1,0,0,0,0,0,4.633851816073522,0
2.4332478603153143,2.347370035941029,1,0.3522429025864772,0.448480824854392,0,0.2182511821383589,0.907688260718693,1,0,0,0,0,0,6.249338937142227,0
5.982419751460439,6.397710286344455,1,0.7007422721551657,1.46004218161342,0,0.438239151985815,3.178572271329484,1,0,0,0,0,0,5.398916773168214,0
7.888081063220666,9.634818877749938,0,0.5304704997231883,2.0672928604781378,0,0.8658255656847138,4.241069817757522,1,0,0,0,0,0,6.3536483284757574,0
8.204873035719537,11.374979318217365,0,0.11787240308728933,0.8552980654817448,0,0.38423145288563365,2.5216823132643142,1,0,0,0,0,0,4.197454644187543,0
5.265216507296428,5.98065812668166,1,0.20533115093716142,0.6201058888260379,0,0.8191348436304005,1.8419186301549715,1,0,0,0,0,0,5.348504587109038,0
8.882614571806434,10.768770478563411,1,0.19418513296888568,1.9488088897257683,0,0.11111300985120429,4.1746306286440245,1,0,0,0,0,0,6.691081004229863,0
8.881464625225183,12.37191539207043,0,0.5090169449744961,1.5367941702701424,0,0.6346702603192175,4.0103464132718445,1,0,0,0,0,0,4.1744517240630685,0
4.006187108294402,6.4451176602345175,0,0.12602527698236307,0.2828779541274441,0,0.5921315971642045,0.7189482970390264,1,0,0,0,0,0,0.6220835873192558,0
1.5462548501026303,1.2599119008484723,0,0.38761359938446394,0.04698285357369815,0,0.17873534829366353,0.17005632332354362,1,0,0,0,0,0,2.234943584739008,0
1.6942371456843117,1.8090999587925691,1,0.10281201000383726,0.10609539373025585,0,0.2419117571063348,0.24346682411507098,1,0,0,0,0,0,4.769839565355674,0
5.5235518381339865,5.802954723126811,1,0.2648948101564865,1.3948860644813819,0,0.48129429390922396,2.897949546856368,1,0,0,0,0,0,5.697787658948961,0
8.602084550498269,11.310288707107002,1,0.5221827860838654,1.9646905088955084,0,0.775351754460436,4.369464275398286,1,0,0,0,0,0,5.326126883822851,0
9.270235919899228,13.228924757436573,0,0.373679291763506,1.5681048504291513,0,0.30574810722876516,4.123845358617012,1,0,0,0,0,0,3.864953316231328,0
8.363667500802576,10.956516908112611,1,0.0816187978946596,1.2833690391981418,0,0.8303203575956895,2.9175149092941233,1,0,0,0,0,0,5.7727334335756755,0
1.1776821304380518,1.2448972763124726,0,0.5061184824413586,0.24805743883193881,0,0.2279426078634506,0.46225622384194687,1,0,0,0,0,0,3.2348746410840254,0
3.106453896403218,3.1286256275036504,1,20.465221441883315,0.5095842300333753,0,1.087758526579118,1.060733923804396,1,0,0,0,0,0,8.174962692263627,0
6.778975480268511,6.774842908423678,1,14.237376495765627,1.214702754111522,0,4.550967409181626,2.1943318442790196,1,0,0,0,0,0,16.94011594988862,0
7.685571816602178,7.070478203038976,1,39.98830672967027,1.6118965264399616,0,4.26053415126646,3.5535419143936453,1,0,0,0,0,0,10.081912514635395,0
6.453626932229211,7.499621145614854,1,4.118318083539814,1.7717331210709375,0,0.9282766154542827,3.577187643422211,1,0,0,0,0,0,5.042527540878285,0
10.914957175219378,14.364283661674223,0,19.357580382641153,2.211930461169508,0,2.1313820823827996,5.154997243565235,1,0,0,0,0,0,6.377174067562434,0
7.496970735479174,10.303110298080643,1,0.13113088000998907,1.472329919278283,0,0.1313420948143968,3.1555011734196023,1,0,0,0,0,0,3.7417870424418984,0
1.2910079083303998,1.1452329660525509,1,0.30012162548906024,0.08793389678617905,0,0.5239379541738053,0.12052032963593862,1,0,0,0,0,0,2.612156752365401,0
2.18857035105138,1.877904183729775,1,0.746355198127236,0.4804201951059429,0,0.1819048467059739,0.6028386802545509,1,0,0,0,0,0,5.084688499833232,0
4.071795726355172,3.5662188944375615,1,0.7329433879250238,1.126889241454781,0,0.4778086651222877,2.6167960502964265,1,0,0,0,0,0,5.586971160712183,0
6.338980313707022,6.720674853715024,0,0.27121516063281104,1.4633438203223537,0,1.3514923634382427,2.968751564936526,1,0,0,0,0,0,6.324811645037131,0
7.718117326805861,9.192052630157834,1,0.8839550326121958,1.6129292428667181,0,0.7309526595060005,3.5796993479967667,1,0,0,0,0,0,6.62542302474799,0
8.99727095476987,13.402160269452498,0,0.25832542580028106,1.37114084076507,0,0.3811389646331884,3.326317887700478,1,0,0,0,0,0,3.115028043641031,0
6.995703109325273,7.606075823187157,1,0.7901083342781331,0.84693298685006,0,0.9776792148170914,2.002037958435195,1,0,0,0,0,0,7.737829702025101,0
1.949027532536169,1.6180315607469091,0,0.14904664724926986,0.5323993921594765,0,0.5066201773696841,1.0608766921697028,1,0,0,0,0,0,4.46804425921065,0
5.4999355982683795,4.7885245106363925,1,0.3189939887914063,1.228941786267419,0,0.9447703814715913,2.747432175300541,1,0,0,0,0,0,6.636292337769801,0
6.065130571328789,6.930735108265198,1,0.4325632316554104,1.46613752682619,0,0.6266465081152134,3.0130058840019145,1,0,0,0,0,0,4.996698175990849,0
9.862027834336082,13.051084907862665,0,0.6225959991754781,2.337294945830357,0,0.41497564930286124,5.638746110092406,1,0,0,0,0,0,5.856152384407747,0
11.594456732718829,14.345461010571213,2,0.5326287694327765,1.6594585466757878,0,1.0205061252991452,4.35897571018123,1,0,0,0,0,0,7.993773899115956,0
2.034074229209051,1.5661710854633693,1,0.26906236213406143,0.03361345198666761,0,0.7729935257395082,0.07243084928427967,1,0,0,0,0,0,3.5600961284057977,0
1.410997184382972,1.3147435526958706,0,0.45091087890448944,0.05222637855561802,0,0.2568643591498151,0.05968790816039293,1,0,0,0,0,0,3.5941500108895745,0
2.0928336523848605,1.6226824124213124,0,0.18113433475391935,0.5503052743878809,0,0.391724102247948,1.104766749578805,1,0,0,0,0,0,4.5851225929174495,0
3.4724001989888005,2.68212777810385,1,0.8533526684482748,0.856558502346147,0,0.6021998742212218,1.891445735567125,1,0,0,0,0,0,6.004112872136222,0
10.600682064614865,13.84495156833239,1,0.27361779275055215,1.198260498596977,0,1.1454091085794038,2.455933393424794,1,0,0,0,0,0,6.5098360565581626,0
8.91522758803504,10.49758301883631,1,1.954118506249835,1.7432099231735554,0,0.8526833562971405,3.897093911907216,1,0,0,0,0,0,6.3071726019882135,0
10.20827596996903,13.776561161601391,0,0.5562989415224923,2.4594673649263923,0,0.9873591220393068,5.396063020177868,1,0,0,0,0,0,5.2882467363354095,0
11.052637614287809,14.911765496244339,1,1.2012667738140452,1.471918346859987,0,0.9355251326906552,4.162092090972228,1,0,0,0,0,0,6.549106504262572,0
1.5483744633635697,1.0894052989008656,0,1.2367897945155972,0.06493446346411841,0,0.34980339788806114,0.12052032963593862,1,0,0,0,0,0,2.9998268763875453,0
5.215498683107825,5.243936525912391,1,0.20561969366668192,1.3963658493609554,0,1.371120569906522,2.825747824877541,1,0,0,0,0,0,6.135261644602571,0
6.548653060485746,7.708826268316948,1,0.551232847417409,1.6809978065620523,0,1.0828719559606785,3.6769496386778204,1,0,0,0,0,0,5.157564738304337,0
11.777423368232967,17.346146519076612,0,0.4078180599417838,2.4843795623996647,0,0.7346337986381253,5.526143527081308,1,0,0,0,0,0,3.467642646965994,0
5.4223854520525565,8.22808109657458,1,3.2572097992722617,0.35145288244655215,0,0.41869489805081306,1.0916892192523981,1,0,0,0,0,0,1.3156454602818901,0
2.2329284027389744,2.8753477724816006,0,1.0317668840039367,0.17183832471429164,0,0.3081161549794351,0.2929511782389713,1,0,0,0,0,0,1.3643489546042944,0
1.3890171163783256,1.3129115011859889,0,0.5424500159246299,0.1109210727875225,0,0.30926890266716434,0.12363067380755266,1,0,0,0,0,0,3.3627378420559526,0
1.1896007310270358,1.2682201202307908,0,0.2903121372985423,0.3355396261226328,0,0.36874615438895686,0.7540456591847959,1,0,0,0,0,0,3.3668417443714604,0
2.4223967055009297,2.318495671439545,1,1.9383937686905495,0.48019640998813873,0,0.26248458258608387,0.7023646806037946,1,0,0,0,0,0,6.324340802991667,0
3.8981799325031785,3.417772152843695,1,1.6222006914053677,0.9569149341873071,0,0.7802919266074426,1.692634020154344,1,0,0,0,0,0,6.8896419535632045,0
7.668568367112565,9.59670120779101,0,1.8252140705153463,1.8988081657414622,0,0.682558906138891,4.170312595523244,1,0,0,0,0,0,4.943839361756504,0
9.727388760409173,13.73719398238059,0,1.0360173346486508,1.7795521216835493,0,0.7569081390546131,4.4718049618527385,1,0,0,0,0,0,4.34586303322388,0
11.18764484839035,15.446939621247882,1,1.0308271401357811,1.7287324586295578,0,1.418178237527116,4.054669358002734,1,0,0,0,0,0,6.016484068502786,0
1.571109621936562,1.7090512378719926,1,1.494030177283233,0.09293601209157461,0,0.1725675939816508,0.16319099749599586,1,0,0,0,0,0,4.460077106042623,0
1.8678179843801246,1.7730235452651522,1,1.3318187720700632,0.5981362917211783,0,0.11237364772060215,1.002001622385153,1,0,0,0,0,0,4.902642573198193,0
4.370660126242492,3.4461616790155714,1,1.4901943146639574,1.0120700883481915,0,0.7776751954595017,1.9269708053984305,1,0,0,0,0,0,6.514655089102078,0
10.233917010228232,13.428671674685013,0,0.2593288105639567,2.0232987410671157,0,0.3919430781014872,4.541564448606133,1,0,0,0,0,0,5.395139304294769,0
10.409208619473867,14.561770485670154,1,0.9626298386773402,1.7398467586814141,0,1.2682926867384217,4.200551932413817,1,0,0,0,0,0,5.048873750152389,0
1.5862670492480069,1.0036409371737751,1,1.09593551343828,0.20338727380172397,0,0.07145993525456963,0.23444901446815586,1,0,0,0,0,0,3.2182995218228747,0
2.360868994426256,2.0375709568147093,0,0.556829037735224,0.4086517931748921,0,0.6918351130689298,0.988420986085677,1,0,0,0,0,0,5.207658932702653,0
6.3930300813644445,4.9298669608675265,1,2.6531467200901035,1.2221439374428713,0,0.5987679706623956,2.3046579317380043,1,0,0,0,0,0,8.700319662725452,0
9.972789431128229,13.097306905437371,0,1.3816514255845793,2.0604205316546538,0,0.5668543949625707,4.445804783005119,1,0,0,0,0,0,4.8008819976494435,0
9.96372919453869,12.789714022620537,1,0.44370899319774515,1.4752491889995412,0,0.8391465139067387,3.4489296714865816,1,0,0,0,0,0,7.1998494107421935,0
1.148475053283762,0.9571944714646313,0,0.5399060684548291,0.25057818628752526,0,0.6254321533176914,0.3321843050555976,1,0,0,0,0,0,2.5567725573579936,0
3.065316128009828,2.437613499103712,0,1.0297586594011967,0.7424172400019369,0,0.6666192930454202,1.814962516886136,1,0,0,0,0,0,5.741358944507347,0
4.158656512461174,4.029628170542302,1,0.6724841147427676,1.4198963979437602,0,1.1328615571989336,3.0082756426091013,1,0,0,0,0,0,5.515349123641738,0
9.82835285598911,13.372034527335915,1,1.0113810241322638,1.9383398873242945,0,0.6108066529259978,4.328096882851609,1,0,0,0,0,0,4.1826423189160185,0
8.422269200352138,13.040344616471431,0,0.5851774111018533,1.0895176067130086,0,1.0193250881371623,2.7189724530332393,1,0,0,0,0,0,2.220979049710969,0
6.430157014334322,7.048340149034346,1,1.5223921578324027,0.6882648195584661,0,1.0799253964350104,2.0565064890717926,1,0,0,0,0,0,6.972856455199976,0
2.178534410838634,1.897978519451168,1,0.45807972026338883,0.4751608536086285,0,0.8103172699372074,1.0629394634671314,1,0,0,0,0,0,5.0121617534384315,0
4.319502407521681,4.012300976148289,2,1.9708567220157267,1.0670399069922212,0,1.529714723430736,2.445420847771541,1,0,0,0,0,0,5.327081782984812,0
9.827435652629276,12.743334988076862,2,1.7361971198148975,1.9835873113407338,0,0.5291576386687051,4.360350007117638,1,0,0,0,0,0,5.501783750824631,0
11.144196937616698,16.47191287894524,1,0.7201507755651755,2.2643984525753105,0,0.3952853162776784,4.642166300725713,1,0,0,0,0,0,3.031732990391255,0
2.0303308172050145,2.300164577508777,0,1.2113792325011288,0.05155381588793634,0,0.38521916205961615,0.20878172379984897,1,0,0,0,0,0,1.170775478538033,0
1.4511011728722636,1.2765885014286509,1,0.8599134348459027,0.22256020321763403,0,0.847325841287966,0.29619407527821806,1,0,0,0,0,0,3.4747189530050937,0
2.921546779064912,2.261621421659333,1,0.9073013984089632,0.8240944115689034,0,1.0738738456942274,1.5381094065950167,1,0,0,0,0,0,5.644162404907226,0
7.052903999849221,8.185683686057748,2,2.756411139796459,1.8733567884792166,0,1.0259711430336376,4.136649670026465,1,0,0,0,0,0,5.394905656936408,0
10.546015630397664,14.591218112124551,0,0.8218458105065743,1.907825091931719,0,0.48286882303602263,4.420474745690312,1,0,0,0,0,0,5.508441318827026,0
6.099699061542776,6.880068421367534,1,1.944895588809262,1.2503851858675619,0,0.8922347063735319,2.212547628244483,1,0,0,0,0,0,5.773470373240737,0
2.082140427906484,1.4845248204649617,1,1.3412817335569323,0.4363824689688784,0,0.5945772112099619,0.5720934313563562,1,0,0,0,0,0,4.573361351531247,0
8.850696128382475,11.676837296786383,0,0.6027479855565072,1.8242699153548205,0,0.7374940147705544,4.647819454881679,1,0,0,0,0,0,3.398027455071534,0
9.39988908008649,11.852539854250145,0,3.026112827246647,1.9171499202186553,0,0.5402858415630312,4.563617368175187,1,0,0,0,0,0,6.704799640827867,0
1.5117115890175914,0.8955622412371625,0,0.47050282693126844,0.11689879100978307,0,0.46388401039440674,0.17568771906544184,1,0,0,0,0,0,2.7259081439211665,0
3.929505752846141,3.1256321924576738,0,1.3194167121625568,0.8205509934878966,0,1.1889395655899715,1.7680276893561637,1,0,0,0,0,0,3.9757709306836535,0
8.401964655341352,11.906886275698007,0,0.5625850841143879,2.0743754046383223,0,1.8234241792355073,4.5291893718455665,1,0,0,0,0,0,3.1708399150666544,0
7.51180952572322,9.545973866134872,1,0.8319895688987788,1.1144430612833633,0,0.8023120415323345,2.4347560453675507,1,0,0,0,0,0,5.319419797687946,0
2.4541819752912395,1.7324890531059678,2,1.0703733106205078,0.5670580997367616,0,0.24521921007702338,1.0099772981847326,1,0,0,0,0,0,5.102063996866988,0
8.166839149504408,10.418705293701334,1,1.160735111013488,1.9492934148569843,0,1.2717658649287626,3.7956648846502956,1,0,0,0,0,0,3.852551832459007,0
12.323191641212292,17.260118655859944,1,0.793188320964086,2.082398516450718,0,1.0742226066141605,5.212731861956555,1,0,0,0,0,0,4.738782672762813,0
1.2615840304410553,1.0004525996590747,0,0.4873998802397935,0.15930121560837587,0,0.37410006049370986,0.19279571456504568,1,0,0,0,0,0,2.7474781622053106,0
3.634500898627125,3.434838433309931,1,0.38661297042474496,1.083572942004267,0,0.816269814362607,2.030484830926329,1,0,0,0,0,0,5.151849602666223,0
7.310069132268404,9.086818001306133,1,0.4815490538925832,1.7158634296801052,0,0.6838997113439504,4.144530183958256,1,0,0,0,0,0,4.834135463745362,0
10.530634689033233,13.497394964383899,1,0.30384677003608696,1.6088147196171654,0,1.6630529680290054,3.9197237835029535,1,0,0,0,0,0,6.693041228187566,0
1.2461487443447625,0.9360317596157767,0,0.15259420228519094,0.3400462275320782,0,0.6008029798580328,0.5625501765778957,1,0,0,0,0,0,2.7209439362294363,0
3.933764808340123,3.308018869373066,1,1.190064781635015,0.8718256509469254,0,0.4957974020344235,1.9560409312920424,1,0,0,0,0,0,6.632645389896814,0
8.585172645859192,11.51309463157454,1,1.1654114382688365,1.7935352124667245,0,0.5766996913103318,4.328096882851609,1,0,0,0,0,0,4.278325416897632,0
8.395435763015318,10.648075178636075,1,0.5838073058389007,0.9415216866124094,0,0.8864592832162248,2.4643204121238655,1,0,0,0,0,0,6.516501269320884,0
5.5037945299061874,5.52452442331003,1,1.2005503211050264,1.6366308709376531,0,1.176394842137799,3.0255283093325502,1,0,0,0,0,0,6.15382623802814,0
9.42676241096428,13.496877697511218,0,0.23751850264309143,2.1208650792018124,0,1.0078529441110513,4.827175129890547,1,0,0,0,0,0,3.8714216406772115,0
7.670938790290818,9.285214380920413,1,0.4926613594253471,1.1129437428053193,0,0.6866994063156605,2.48331037378507,1,0,0,0,0,0,7.035282908106931,0
6.283578795979046,6.680307144564473,1,1.579020323471632,1.6869351632828669,0,1.1268832089338423,3.6756967969046976,1,0,0,0,0,0,5.750277293789619,0
12.039322855174618,17.648218882260323,1,0.4659813764126219,2.291379036379789,0,0.5388414139594098,5.522453231741764,1,0,0,0,0,0,4.367097544268884,0
3.1191900383813103,2.2106421964697214,1,0.8579794690521452,0.7353874589820755,0,0.7754134209901302,1.4436414022535953,1,0,0,0,0,0,5.348837368723062,0
6.060032149486537,6.154833987873442,1,1.7069618479849527,1.5018308636580546,0,1.0809092491391814,3.220068613493117,1,0,0,0,0,0,7.3433279396053095,0
9.9203910100696,12.496323088657503,0,0.42041260551227405,2.4466380013430884,0,0.29682153717504633,5.426761896242813,1,0,0,0,0,0,6.323160625087533,0
8.115882914118098,10.770287053873828,1,0.7804884423978067,0.7258390475049044,0,1.5944555269137548,2.102787223788197,1,0,0,0,0,0,5.37893696785245,0
3.451384413663371,2.4634375267717936,2,1.4656677075484454,0.6946403126250528,0,1.6057382207289492,1.2258249333732318,1,0,0,0,0,0,5.957638126860397,0
6.8363140625947105,7.1286553063757845,1,1.1863415561495592,1.8192809894498727,0,0.8114715158638224,3.556446968305991,1,0,0,0,0,0,6.160046299653574,0
10.086862951790488,14.699424027434874,0,0.2856294926980562,2.073874958880829,0,0.38484212902780546,4.839777428766231,1,0,0,0,0,0,2.8112824866096,0
2.537444796176793,2.8896496356953554,0,0.3622076435695908,0.12760758989314536,0,0.40622892904504765,0.2547899669397288,1,0,0,0,0,0,2.2077026819751433,0
3.071745129102199,2.5039630383123126,1,0.4377018365423261,0.710517741703674,0,0.48080593573622943,1.4636958622918073,1,0,0,0,0,0,6.433183106533738,0
8.669494978140554,10.274193693936656,1,0.9621420861495533,1.91444306237495,0,1.2099511820785398,4.264561577896719,1,0,0,0,0,0,6.185160015474998,0
10.922831087081118,16.095257705156946,0,1.3857430230427024,2.205830811778266,0,0.37920533459449735,5.526143527081308,1,0,0,0,0,0,3.513295878683711,0
3.3214880497268906,3.536116734807826,0,0.40402778160532504,0.7926982076857977,0,0.3284235690576124,1.3301272211688646,1,0,0,0,0,0,3.4556744529307606,0
8.619716262852545,11.080894824888068,1,1.1780484562905278,2.111915041361571,0,0.7223496466740233,4.452829269588714,1,0,0,0,0,0,5.542486078731215,0
11.569575328493661,12.832969888819969,2,1.2934843595783998,1.3121678102491974,0,1.8028204688596579,3.2429953693035163,1,0,0,0,0,0,8.277621826563477,0
5.270946225300891,6.029130583771375,1,0.7388521058033747,0.7735084845321298,0,0.21174122700110576,1.4964447711385749,1,0,0,0,0,0,4.972732191243274,0
6.504594519394172,6.643274117344903,1,0.7836075474192767,1.5927109065439298,0,1.239757335266437,2.9183046399841306,1,0,0,0,0,0,6.90155158246887,0
9.677990734519906,13.725180607938459,0,0.3871460144975432,2.1783311644281937,0,0.7509922463945365,4.805168760778118,1,0,0,0,0,0,4.441650793517166,0
5.863951304129802,8.299248386300937,0,7.026338011394361,0.4819244625301406,0,1.9297791932378867,1.4369592076312756,1,0,0,0,0,0,2.689054130862907,0
3.533434243788678,2.4015722927336474,1,6.583457545824368,0.4148469651746131,0,2.1485162180009376,0.8845989758031538,1,0,0,0,0,0,4.665479252240663,0
4.16288047011318,3.7331026412890043,1,9.533836549876764,1.3015911701948633,0,1.1458594687048707,2.790770274136827,1,0,0,0,0,0,5.83020767182542,0
7.084685876509038,7.89707730652945,0,3.7519011609919057,1.597954908469269,0,1.4926248110859954,3.4835160416714714,1,0,0,0,0,0,6.002994417647187,0
10.086396943538885,14.736886309500068,0,1.4239386116428414,1.7676877548868501,0,0.5002485669658239,3.8727787841239674,1,0,0,0,0,0,3.486626265723435,0
8.847404975453841,9.727344901917666,2,12.317064508833582,1.026184238182522,0,1.7543580060506652,2.48331037378507,1,0,0,0,0,0,10.178740124348042,0
4.343831869282147,3.908207494740205,0,5.232850240699481,0.9529855569282082,0,2.112383215928935,1.5645090849341887,1,0,0,0,0,0,6.786339766041535,0
12.02246190643043,11.41341988374706,1,63.718874308191936,2.264810671955919,0,5.816535175245944,4.442756725279516,1,0,0,0,0,0,16.644847726038897,0
6.673268731652428,5.9521914297376535,2,3.0105215183085625,0.911361469118403,0,2.9652051757447513,2.1154404203437904,1,0,0,0,0,0,5.366028422153289,0
8.61591775794398,12.870887312407522,1,7.046527349537206,1.9660086124729528,0,0.8252674799481006,4.206491529687314,1,0,0,0,0,0,1.785961441122477,0
5.644622550493145,3.85889963475348,2,4.714981848030966,0.12800055910833105,0,0.37415044897128835,0.4294976511237869,1,0,0,0,0,0,10.14779197942896,0
2.9510166520110386,2.172048882378206,1,1.2924460043932675,0.2217767831329461,0,1.620648396739842,0.30795061363424747,1,0,0,0,0,0,6.515376838323277,0
9.117529989153493,8.348055999697424,1,28.457597099989222,1.844319179107436,0,4.94567519862585,3.801065353676649,1,0,0,0,0,0,11.871149052645261,0
11.426645123461116,14.354574654066916,1,2.820683636296488,1.7214859064520032,0,1.7588622905757147,4.4963283671814445,1,0,0,0,0,0,7.993890073112349,0
9.226277171607915,11.574267393612091,1,1.9499116056478707,1.0761217595545935,0,1.951557701400956,3.2322782115347244,1,0,0,0,0,0,5.971476155617289,0
5.3859832632757945,5.658895526056663,1,0.48600260099337245,1.3136676906875497,0,1.1215053737804745,2.9074932872065538,1,0,0,0,0,0,6.053435055427168,0
7.826910386210436,9.639912606578287,0,0.1468751882468131,2.1768491813712605,0,0.9196559342176903,4.295615626530891,1,0,0,0,0,0,5.7213017373255415,0
10.470590186935976,15.076103890488277,1,0.3605023665501337,1.5067277240727388,0,0.37306712487862886,3.494013126028103,1,0,0,0,0,0,4.750636801693117,0
4.281071479685189,4.142461676971099,1,0.2530356313806895,1.2020860116046563,0,0.42895351905846774,2.1523317609764505,1,0,0,0,0,0,5.229502095085209,0
8.651510881734634,11.653649054371868,0,0.21708818526010687,2.209000490024039,0,0.3460106943083816,4.060583709015605,1,0,0,0,0,0,4.943936542286595,0
9.991094486488649,12.40725817738424,1,0.20392800006875603,1.7544514023174391,0,1.267879047830538,3.5341169613174275,1,0,0,0,0,0,8.551828060469811,0
1.5226897859954251,1.5242145778726404,1,0.18855383509796372,0.24161464920175585,0,0.2881198667694229,0.37271876468295223,1,0,0,0,0,0,3.9352205259636843,0
8.390305483490765,10.844298609663934,0,0.19066932652143695,1.9577442760726633,0,0.5489640940792245,4.344565409493108,1,0,0,0,0,0,3.9867493110573813,0
11.392824658185257,14.700121267098474,1,0.5710507824697231,1.6414783767658543,0,0.42558565443474694,3.5245251843279055,1,0,0,0,0,0,8.17897916237061,0
5.7601694767508524,5.878928502722551,1,0.29068509374959817,1.3698367945998728,0,0.6683181239147344,2.677958491740478,1,0,0,0,0,0,6.672856526731785,0
8.73192793696819,11.198119478244038,1,0.6062643931855649,1.9956535693274715,0,0.637380514549748,4.059756992989902,1,0,0,0,0,0,6.128490666752485,0
10.41234235815381,14.118211875795161,1,0.5762912922042835,1.4657902995209657,0,0.7289633313522366,4.322198253513397,1,0,0,0,0,0,6.291095830190491,0
3.8655050923608125,3.124647654935891,1,0.28975024004493566,0.9384487298272604,0,0.3324197740048001,1.9131636217399655,1,0,0,0,0,0,7.089668356989826,0
8.914360955171915,12.675076660895705,0,0.3606662905809989,2.0169759381185806,0,0.6971030667747201,5.049517595374288,1,0,0,0,0,0,4.020544648341927,0
8.938944682667895,11.156800202435956,1,0.311446007712414,1.1998680594432525,0,0.7647706940866319,3.167554978605438,1,0,0,0,0,0,7.333347513329441,0
3.8485596781879083,3.7310643071653824,1,0.39071648076144905,0.7702336047629655,0,0.8080003586287197,1.7838842295705102,1,0,0,0,0,0,4.763026503801831,0
12.127612757548954,16.659001964834022,1,0.25095653324985523,2.475662547274891,0,0.5623078585130019,5.411089197975643,1,0,0,0,0,0,6.701417028413523,0
1.7892438525540644,1.919811211814363,0,0.34792159641750775,0.10453522035729303,0,0.2901864524322006,0.2046588043815914,1,0,0,0,0,0,1.9899884445018623,0
2.6739376522742946,2.6282988682384927,1,0.31789296220510554,0.49249798955894775,0,0.33980286568206874,0.9623632225247871,1,0,0,0,0,0,6.851681741661746,0
5.989392563529755,6.007521918742934,1,0.06679567683817413,1.2292879280737394,0,1.0198352734739062,2.6898322578254277,1,0,0,0,0,0,7.097765721432834,0
10.539701937813508,14.238492621525992,0,0.77779604835128,2.0723950933550377,0,1.2701070153803484,4.828075782804832,1,0,0,0,0,0,3.8622691874800426,0
6.560351857937544,7.2837255550897595,2,0.45608802372448953,0.9951799844148276,0,0.692347578116195,2.188186758516958,1,0,0,0,0,0,7.249519742557678,0
5.996107192979062,6.69905107236217,1,0.5413437869866246,1.43426154173565,0,0.6263027929534082,3.1438879057663387,1,0,0,0,0,0,6.123338778113341,0
9.930544047740398,13.362520646739837,0,0.184062965130877,2.280105813502974,0,0.3533217820908177,5.018241522678995,1,0,0,0,0,0,5.079490689353662,0
9.22840917428891,11.403841938810672,1,0.31785680196700217,1.106565226877284,0,0.9161943196073706,2.8302386605427112,1,0,0,0,0,0,8.161116383850356,0
5.1773843982733005,5.243745344080748,1,0.4400957927988069,1.3455666818198466,0,0.3926448208750052,2.3904961001670966,1,0,0,0,0,0,6.077614888502401,0
8.197757400505543,10.5155659270383,0,0.2785136374055414,1.8974774638015584,0,0.4921525649977591,4.414254201163492,1,0,0,0,0,0,4.783866343163397,0
8.690357581760757,11.442780930618385,0,0.14700786405145377,1.0583393683985833,0,0.5232004681436594,2.538011930678847,1,0,0,0,0,0,5.71606861505265,0
2.2915234568900074,1.9840407569724494,1,0.3440070987790078,0.5753010881754201,0,0.24712731190970494,1.4813351036473092,1,0,0,0,0,0,4.536556674857838,0
6.12538033685288,6.356028354840297,1,0.23778045781969342,1.4564316274940232,0,0.8399035761774291,3.480309399251844,1,0,0,0,0,0,7.043404863737574,0
10.648020394363673,14.088812896179322,1,0.3009586612123554,2.0610760356433713,0,0.6200108203531322,4.221282607736947,1,0,0,0,0,0,6.476659241007524,0
5.909173063573011,6.677842353724908,1,0.12202801434642706,0.8015615369406264,0,0.9534150504922247,2.157547230257886,1,0,0,0,0,0,6.432318267165741,0
8.967636556423956,12.127767165050935,0,0.4318565043174825,2.091589292452058,0,0.7604031004413896,4.80636631530439,1,0,0,0,0,0,5.040549503113464,0
7.932748803823084,9.665561809859707,1,0.581430905784301,0.6694262125905848,0,1.0218050597273851,1.8533705678221064,1,0,0,0,0,0,7.347720011228055,0
5.099427778126957,4.583117142373796,1,0.4018858508432589,0.924879540953046,0,0.461259772344637,1.9108674337126788,1,0,0,0,0,0,7.94467184986182,0
8.96254730163186,12.181198117769803,1,0.21393416824375705,2.212386137888827,0,0.46941782101482216,4.4576312291428355,1,0,0,0,0,0,4.357239262828924,0
4.965937410344908,5.903425596110886,0,0.25549090088836646,0.3439133641070052,0,0.6586304196087467,0.9365412886960582,1,0,0,0,0,0,4.512157790916582,0
7.284289179031771,9.113755189664406,0,0.2627805706069141,1.7007126524530536,0,0.5566227285790717,3.9277695291396912,1,0,0,0,0,0,4.9288473342391015,0
11.358216828789132,15.663219701284302,1,0.47450671179609216,1.4351610083703328,0,0.9632024968070128,3.744426646568896,1,0,0,0,0,0,6.724997749160206,0
6.174224956160303,7.290129732971688,1,0.08115645898390855,1.626128305331798,0,0.4349471174116357,3.0357862135716096,1,0,0,0,0,0,4.62110847547029,0
9.865169431936282,14.023859973131037,0,0.3455084759400232,1.6858733278569304,0,0.4075854392173802,4.679492244974021,1,0,0,0,0,0,4.659776630718062,0
2.7136712214329726,2.79543576403242,1,1.3585191384224233,0.18743729662290887,0,0.39103362929797336,0.3261468696178661,1,0,0,0,0,0,7.411929382414643,0
5.644894796727122,4.471756272240481,2,3.7104013679795838,1.1146653183429525,0,0.6871157585230221,1.9581119023901783,1,0,0,0,0,0,8.59113185943768,0
8.831485094337923,11.533055069520206,0,0.23084212041080165,2.4276517100011388,0,0.5752761431370661,5.135627790747497,1,0,0,0,0,0,4.673269741951197,0
10.481574305592208,13.3513541092015,1,2.347770561769019,1.8397788235291501,0,1.2788599543758723,4.226208655166565,1,0,0,0,0,0,8.054441228045144,0
1.7902704442350426,1.8461938838616314,1,0.1699233721410848,0.22904051560652242,0,0.44834475075217656,0.6735390222601015,1,0,0,0,0,0,4.7728898252747465,0
4.334296053849458,3.9880490257767733,2,0.59007527559667,1.4094082642867818,0,0.9572829658208251,2.69535408958688,1,0,0,0,0,0,4.890257312409728,0
9.30979959119871,12.509377196404854,1,0.3703553423634008,2.1081969438324073,0,0.4492856337940738,4.635535951997635,1,0,0,0,0,0,4.848901400909399,0
7.336469664473318,8.917880335472162,1,0.030890770673084555,0.987007774998977,0,1.0836683050219427,2.2788461770891217,1,0,0,0,0,0,6.107039596169469,0
5.2212385717836485,4.821015288709663,1,0.11987576542523389,0.5229687036376827,0,0.39895280164421454,0.9532782172183893,1,0,0,0,0,0,8.190760750288657,0
6.465882511227732,7.664653577504769,1,0.2091836828052539,1.739228269172258,0,0.5392347433450557,3.018153336255784,1,0,0,0,0,0,5.230921542005278,0
8.787920964825823,12.339647446962086,0,0.27422895209998294,1.3143593672130223,0,0.778918355436234,3.568086196113621,1,0,0,0,0,0,4.001346705038035,0
7.23229198602731,8.568063530291198,1,0.05073361840605109,0.8741298420668718,0,0.9588638618827612,2.0363676437051805,1,0,0,0,0,0,6.9692665718131375,0
6.80890947717235,7.875371788815295,1,0.253982367319204,1.7259627757222198,0,0.7264762500156676,3.468478038595724,1,0,0,0,0,0,5.873598912562184,0
9.619018360842828,12.869773182180314,1,0.22889969409688096,1.419493130320378,0,0.9941851893325557,3.300406886418462,1,0,0,0,0,0,5.144367269255122,0
6.122703762803726,6.857580404513603,1,0.5146029756120458,0.8790678438849922,0,0.8754754218231664,1.913578500750012,1,0,0,0,0,0,6.549086579977464,0
5.917377914930837,6.7105923063403985,1,1.090145953478597,1.8750357714634278,0,0.6843655298195042,3.735899951173114,1,0,0,0,0,0,5.512640305180639,0
9.585342853081182,14.181840802576913,0,0.20153649854702402,1.5375840708025155,0,0.4949690607228452,3.950290582549732,1,0,0,0,0,0,3.0834892037807817,0
7.619388992851194,8.098197980924084,2,1.6510794870524088,0.8851296719274934,0,0.8754117012954241,2.2454691348619114,1,0,0,0,0,0,9.534655733064675,0
3.0033924691271805,2.515152017225289,1,0.5494845517264604,0.6557830427330372,0,0.6319764179579267,1.0702982090733275,1,0,0,0,0,0,5.388729607042154,0
6.424402560066979,7.042492761809234,1,1.8674849963204492,1.643383005663709,0,0.2973972949963057,3.2726289452220314,1,0,0,0,0,0,5.334453766664442,0
11.626140719326601,15.920938073754906,0,1.1378513944656783,1.7374761581551952,0,0.8364871791355548,4.067025538899202,1,0,0,0,0,0,6.034187402680804,0
6.051951903827664,6.618617990048407,1,1.1211057207052513,0.8792064636188616,0,0.42055441490080875,2.0239011144366663,1,0,0,0,0,0,6.21599232120243,0
6.3328071127044625,7.057301378383008,1,0.7143727071537307,1.4855456501637192,0,0.989910316083269,3.6575460483968096,1,0,0,0,0,0,5.2984556557766584,0
10.249246231256874,14.588848364099416,1,0.894940045172163,1.7462834191347705,0,0.47694990420718814,4.063158611022434,1,0,0,0,0,0,4.181938885001136,0
6.075372058365898,7.016166647705189,1,0.24667006014059076,0.6204195826922949,0,0.4309568817117482,1.4181451760777324,1,0,0,0,0,0,6.341633127929839,0
7.544692940670572,9.67770990802439,1,0.4779886402040312,2.240372378599688,0,1.3297872456693178,4.743830901100226,1,0,0,0,0,0,4.27000749352987,0
6.476125567933087,10.073954426668196,1,2.541642177392276,0.8934510530827529,0,0.27469236747904857,2.27190805645024,1,0,0,0,0,0,1.4880306513137715,0
1.8064684251364127,1.6273309930542668,0,0.6178091021298749,0.09010526063360723,0,0.30924009820546927,0.21558979791128513,1,0,0,0,0,0,2.893647055873797,0
5.500568424312126,6.0913188853240765,0,0.13678682823304755,1.3326106354750307,0,0.7193202246216417,2.772440826560101,1,0,0,0,0,0,5.213106883041826,0
7.712569435324573,10.53244021168459,1,0.2716210859191742,1.0876481014051789,0,0.1989585905216981,2.541343745483824,1,0,0,0,0,0,3.902523496416763,0
2.631983751893396,2.309744270319186,1,0.710265611918635,0.5850811136867241,0,0.4769105451759442,0.7973456419241232,1,0,0,0,0,0,5.831421428487523,0
8.896515743512612,11.210539998813578,1,1.3006260141010682,2.2766263627555805,0,1.1418864550583412,4.833497624259077,1,0,0,0,0,0,5.673503846299952,0
8.9003867800548,11.15514033941912,1,0.25179417835734474,1.0131196374763016,0,1.0187968965558143,2.555945588326276,1,0,0,0,0,0,6.492846054206078,0
5.11781464267699,5.013083351634847,1,0.3940968920008909,1.0696595103219413,0,0.403220671962304,2.2296862479796373,1,0,0,0,0,0,5.327727959992886,0
9.359970996997017,12.526287164847288,1,0.21737002725127297,1.9106940183909877,0,0.5920892219514204,4.183592672761676,1,0,0,0,0,0,5.694651621715817,0
5.643809766957411,6.701951640410146,1,0.18995727665111284,0.9072929518074802,0,0.7273378524603062,2.224387708924337,1,0,0,0,0,0,4.855775297544746,0
7.242809648240836,9.222584451226016,0,0.3278341837511276,1.6330530562071988,0,0.6336487085641047,3.5535442663520476,1,0,0,0,0,0,4.32823651580421,0
10.230965195516815,13.280133020207975,1,0.5664751070953035,1.370286923455927,0,0.40997591060330885,3.479734476956899,1,0,0,0,0,0,7.525554461765306,0
2.498757249573212,2.663264105230692,1,0.3033625967933792,0.36308852342106523,0,0.1878778469590191,0.6919831955054268,1,0,0,0,0,0,6.915749935026547,0
6.288405788513568,7.496079314210681,1,1.0961692223807176,1.5818160273609287,0,0.49077013065038333,3.462687270019467,1,0,0,0,0,0,4.922058391815447,0
10.543198526352699,11.296791430448684,2,1.7212473298487445,1.421041697913058,0,1.2992136447638925,3.3370533298372607,1,0,0,0,0,0,10.689600464178294,0
1.508161713805193,1.2683293958431214,0,0.4882525131188997,0.14383792129512613,0,0.9335005447033873,0.18747257043653362,1,0,0,0,0,0,3.2073590277125454,0
6.796295436502322,8.066580109260771,0,0.29388601051326513,1.5470336297211307,0,0.42883492824281866,3.9073167160244364,1,0,0,0,0,0,5.361335865151273,0
11.773404671087011,15.763884985763347,1,0.6029627428352585,1.859651620082249,0,0.7558502179724389,4.916243672316936,1,0,0,0,0,0,6.647251320942665,0
4.8198431054220245,5.034003242169243,2,1.763200444396041,0.39085116632561817,0,0.699310792589271,0.6061794709581745,1,0,0,0,0,0,5.640927009987827,0
8.075438357801163,9.003440809864214,0,0.49919140256620753,1.3033394837553307,0,0.5574643578520484,2.892912327633977,1,0,0,0,0,0,7.599149411982284,0
11.821786554875105,16.86450489648357,1,1.499418852873283,1.8837167528080374,0,0.5832838002902344,4.423362346339676,1,0,0,0,0,0,4.4429539951072226,0
8.608521429874083,11.614163453726455,1,1.2737276921411023,1.0379216854084352,0,0.6890849412847904,2.329759050949746,1,0,0,0,0,0,5.511314672577862,0
6.091060527797623,6.42838770727893,1,0.3501030252027004,1.2521969092008867,0,0.5279379849508834,2.5742907157282353,1,0,0,0,0,0,6.686153046000968,0
7.736591419084476,9.757026311405221,1,0.23986366469264717,1.9685356093689728,0,0.38133960225833496,3.9618601249018868,1,0,0,0,0,0,5.102710465606635,0
9.312440050844673,12.632624779389529,1,0.1570911547806147,1.401742460742564,0,0.7369076911117767,3.4476375745426804,1,0,0,0,0,0,5.474402185949998,0
2.5919582016165066,2.6321572834483136,0,0.4741459830061065,0.5408868633674443,0,0.6180881789418957,1.188339223293965,1,0,0,0,0,0,2.7101200741165345,0
5.50257085793262,5.409062992518604,1,0.47757406742519737,1.2935237274114109,0,1.1299120262987694,2.811909322179221,1,0,0,0,0,0,6.614277155838019,0
8.460857211775895,11.1228032719583,1,0.2695332500633292,1.9874125333953339,0,1.019684598332066,4.62065758130903,1,0,0,0,0,0,4.974968338727855,0
10.136326048806424,14.39085340428667,0,0.18876210578134414,1.5471622664941214,0,0.561777525720107,3.524631657350665,1,0,0,0,0,0,5.385369151886564,0
5.138446867752816,5.687013646904396,0,0.5072428973134546,1.2208090350379313,0,0.6064693728783197,2.6044936057394708,1,0,0,0,0,0,4.338206552420619,0
10.003257485712346,14.232795803466496,1,0.2501697972587683,2.005866143281329,0,0.38141127833280614,5.01531954770601,1,0,0,0,0,0,4.490646178897194,0
3.762595020466824,3.5090555960776437,1,0.1064544675811269,0.3580615359794965,0,0.41897845649864274,0.7533997102203573,1,0,0,0,0,0,7.419755070987454,0
4.911086515761787,5.0170454570047145,1,0.19491508080138642,1.6495989734885004,0,0.7541354402173239,3.2694231871776083,1,0,0,0,0,0,5.276371964011149,0
11.214292686322397,15.732189055231942,1,0.12088280359572746,2.065234535896286,0,0.26692700587915874,5.049517595374289,1,0,0,0,0,0,5.593595991578672,0
1.53097499963812,1.2918738661551041,1,0.22604363897621804,0.15304714240742462,0,0.3112521509692207,0.30138669804670226,1,0,0,0,0,0,2.9796103461245957,0
8.559093681195256,11.009553833257607,1,0.18615758640733038,2.1373507274071044,0,0.7129582346600744,4.387013560211541,1,0,0,0,0,0,5.242855508891033,0
8.619884911963993,11.398019745074931,0,0.10522401874938682,1.476253897378387,0,1.2726293433420053,3.342877204109175,1,0,0,0,0,0,5.46727718054922,0
7.255266454766035,9.005660113940221,1,0.2976402272486269,1.1489643288174989,0,1.0141786543757054,2.785361306235244,1,0,0,0,0,0,5.190109615791954,0
10.294585287688994,13.634354167582217,1,0.12317444580880807,1.9616818693667284,0,0.510646003114321,4.545861486716516,1,0,0,0,0,0,6.469434080203248,0
1.802006987954373,1.5265575610870115,0,0.20444664353318684,0.22643724600756224,0,0.3462696710029603,0.3105899572202034,1,0,0,0,0,0,3.481571644075812,0
8.903743341547582,12.36488522787717,0,0.27016224939896316,1.866651531785531,0,0.5724245131228818,4.662990607561408,1,0,0,0,0,0,4.716789327195216,0
10.121091354242168,13.266291516990707,1,0.13746189535034817,1.2548175324951667,0,0.8591843494271456,3.18752893034988,1,0,0,0,0,0,7.067992432917302,0
5.589776374323151,6.331732280436931,0,0.2405406053256619,1.7699687552319272,0,0.4571152609039714,3.3854962951915173,1,0,0,0,0,0,4.5909216030896385,0
12.24842479354982,16.60502960485953,1,0.1511602068998591,2.517702831661108,0,0.5350977773564833,5.139464508724646,1,0,0,0,0,0,7.1170107314008995,0
3.2035763132475887,2.6964362563018254,1,0.14399699855250908,0.7150430769482535,0,0.13001262284135567,1.226045638650908,1,0,0,0,0,0,5.321837956298331,0
6.733555719507497,7.65022638048776,1,0.3138753257304776,1.6843605395806094,0,0.5783715594777328,3.1525063536828535,1,0,0,0,0,0,5.835592690536362,0
9.733658362130802,13.084189345656222,1,0.27402226756069215,2.0163015653499174,0,0.7042676823331144,4.408126944914137,1,0,0,0,0,0,5.320305894339299,0
5.47173972695211,6.6679753700610105,1,0.26192769434231833,0.884774206856074,0,0.622710673977839,2.2667520574989366,1,0,0,0,0,0,4.581749756447681,0
3.73680397973719,3.1556859765646528,1,0.3084928602889444,0.9561446709766688,0,1.026841263332848,1.8030341258734308,1,0,0,0,0,0,7.884669435289328,0
9.101699460697692,13.142203235792321,1,0.17755793987719823,2.1565475611056604,0,0.8301201793079389,4.573934324880046,1,0,0,0,0,0,3.4834345779679876,0
10.456843304870068,11.535444974075281,1,1.4451308887233896,0.9527728844566223,0,1.8792351144100767,2.6950095211543337,1,0,0,0,0,0,10.720610181538714,0
3.3220317536331896,2.758137951834009,1,0.44654866785680847,0.7328870340877622,0,0.5917193835188566,1.501371702028969,1,0,0,0,0,0,6.5095987282685766,0
6.809220153848765,7.357001433023912,0,0.25159111797975736,1.6741629671321272,0,1.0586814548309318,3.234301246138328,1,0,0,0,0,0,5.574031884385952,0
8.246932312524699,11.027521338322302,0,0.3334697335574426,2.0528552667831224,0,1.0895144806880273,4.113126089627913,1,0,0,0,0,0,4.610741553938483,0
11.367798770685283,13.72973807711234,1,0.2102485615668571,1.8071552647219393,0,0.6868735776969217,4.306499936916877,1,0,0,0,0,0,9.847392765461501,0
6.410626655238552,6.923689932149165,1,0.4367122577967059,0.9026209377272009,0,0.7698495421672217,1.662905316803978,1,0,0,0,0,0,7.1174988861052935,0
7.448513375131304,9.145056761785083,1,0.05298432714020695,1.7398102776649418,0,1.1327070045351406,4.146602015996789,1,0,0,0,0,0,5.27627331462374,0
9.658016711185335,12.675877056248792,0,0.3348539050461459,1.9492682255153553,0,0.6543970434833588,4.640926717200973,1,0,0,0,0,0,5.705581006009572,0
10.95304944284282,13.948693838024333,1,0.21995750194216737,1.6565567131038685,0,0.8658366699458351,4.270591572613129,1,0,0,0,0,0,8.42798229234172,0
1.5307065757926084,1.4564166445929803,0,0.0694606913353284,0.0585313016424651,0,0.3115457101676154,0.11858005236555615,1,0,0,0,0,0,2.4162610712718866,0
3.1761500665101416,2.7071193175919017,1,0.2407320046644565,0.6231791191792411,0,0.5075505857176882,1.3933786675387456,1,0,0,0,0,0,6.627106334502425,0
7.392124281465806,9.730375081378591,1,0.46444622594229584,1.7727086669878207,0,0.8488104549737542,3.9158200765577043,1,0,0,0,0,0,4.257904570983758,0
11.870617951708168,16.360615666852166,1,0.5441835002696989,2.0688473091929644,0,0.6076129852842742,5.1372161719258695,1,0,0,0,0,0,6.064951258911682,0
1.9354351659117481,2.4471720943918083,0,0.08826155083152827,0.10852075296473676,0,0.4618466739400352,0.30521380507753243,1,0,0,0,0,0,1.1229948167834816,0
1.9420937773541844,2.1998318321855828,0,0.30748515941144516,0.062181124862755,0,0.6027115859992449,0.1312599497825916,1,0,0,0,0,0,5.605416148378284,0
5.862944079446578,6.767095661965067,1,0.16677670674444683,1.7718955519485506,0,0.8891295664117651,3.1562759467955486,1,0,0,0,0,0,4.641267059346793,0
9.645638156967486,12.954358155070398,0,0.21431944958990407,2.2151732079927102,0,0.5453788385038785,4.692869855140663,1,0,0,0,0,0,5.198350185353382,0
9.88834233846993,12.679597667748583,1,0.08459985899333966,1.2900419710277409,0,0.6023579754093309,3.4769493166797134,1,0,0,0,0,0,7.542680650495958,0
2.0203203075971103,2.285755610582803,0,0.13277680331566202,0.16628897342704166,0,0.0959320798760831,0.19248255537697895,1,0,0,0,0,0,5.651489396340825,0
6.580785230436596,7.965246712317176,1,0.47034827644308663,1.8710665870655023,0,0.4532950850802535,3.8765176749793024,1,0,0,0,0,0,4.482169878894815,0
12.540086672393706,17.355246326181945,1,0.17993313061700167,1.9706481774566273,0,0.9723618229617619,5.643459123603291,1,0,0,0,0,0,6.481215472721882,0
1.849884626185564,2.0924924335050505,0,0.09645291854414649,0.08458177509191993,0,0.35744967448135323,0.3750672624751674,1,0,0,0,0,0,1.8888389978926594,0
4.630318550227619,3.893660728415105,1,0.28434105912907903,1.383335632188695,0,1.4572140626182692,2.206019692580357,1,0,0,0,0,0,7.207487929575003,0
6.015383892144948,6.768510472019594,1,0.24799784478825193,1.5314226700178675,0,0.7247776549122046,3.076772330218316,1,0,0,0,0,0,5.617868708210152,0
9.51296978216397,13.09716466617133,0,0.4095390994387508,2.518679240135257,0,0.6205286201933387,5.52606699520645,1,0,0,0,0,0,4.484041559858836,0
9.85394655648355,12.541946447250066,1,0.40896057140832665,1.2383694693481018,0,0.5852817602036108,3.437394112159644,1,0,0,0,0,0,8.054185763099241,0
3.013469066137451,2.695085957465097,1,0.20805179565838486,0.6237884707542095,0,0.6832165384965093,1.6636785385180106,1,0,0,0,0,0,7.110107216688773,0
5.625061852796017,5.655810004889187,1,0.4506354979220356,1.6714957694860555,0,0.7915311995814067,3.5504623895766523,1,0,0,0,0,0,5.400695756002563,0
8.052517560534248,9.76750873575199,0,0.12148172913340165,1.8761151579874151,0,0.5647127605739481,4.142133447720335,1,0,0,0,0,0,5.544214753551316,0
12.168590747468265,17.365215182169546,1,0.3694390338114975,1.836598112199047,0,1.121301308623001,4.393464212909689,1,0,0,0,0,0,5.086316041981155,0
2.392257144446061,1.8247038056079359,1,1.0410579320545545,0.07136469110847425,0,0.8699120693953257,0.2253122328360404,1,0,0,0,0,0,4.485027992557457,0
1.573028437183178,1.6847620336113829,0,0.20924098815877246,0.15303344363966895,0,0.6795484684954116,0.16541697066457633,1,0,0,0,0,0,4.330219337534877,0
2.8363267628379383,2.019677459748137,0,0.8418932901230564,0.7956785527442433,0,0.3471129773487065,1.3007313536353626,1,0,0,0,0,0,4.646010221836377,0
8.504753665376242,11.344534678441374,1,0.5391372775685376,1.7090096965451163,0,1.0193924384985573,4.004210947177557,1,0,0,0,0,0,4.2746282407066545,0
7.89921158472022,9.990445913613094,1,0.7594180870329914,1.7871191373841209,0,0.934758880534687,4.442301589572368,1,0,0,0,0,0,5.537035839900503,0
10.46659976455575,13.557400451159054,1,0.8560366645397266,0.5687636411153711,0,1.3974575194281065,1.6138434919467566,1,0,0,0,0,0,7.0983662656677975,0
4.318434605678246,3.316836660308105,0,0.4856185348646037,0.9998096720507623,0,0.8009450681629877,2.1251640488164685,1,0,0,0,0,0,8.225537854492007,0
6.587012618247196,7.435479068927163,1,0.36333421584883646,1.3747120012968193,0,0.564351665527568,2.7940679388766365,1,0,0,0,0,0,6.191022987609204,0
11.06836208835274,15.069445489105759,0,0.5835027355075537,2.348417633727731,0,0.7653531627571748,4.752095512147072,1,0,0,0,0,0,5.501278602697987,0
7.868998513669346,9.285726160711473,1,0.2827268353533821,1.015006768393383,0,0.5019652802985929,2.4127175169401482,1,0,0,0,0,0,7.142934531074549,0
4.111290786324046,4.206285479438496,1,0.17430320689047057,0.9198786543966015,0,0.4672249451300391,1.9613492789403248,1,0,0,0,0,0,4.836110802326054,0
12.182139426795635,16.75805095721284,1,0.15657458922750683,2.338656268105927,0,0.20953052190691723,5.155515424186861,1,0,0,0,0,0,6.269012011117109,0
3.9319442703106624,3.404272056954885,1,0.20194640301068495,0.5344910365390281,0,0.4063543545651065,0.9495929122215436,1,0,0,0,0,0,7.415479079354753,0
7.282407834716194,8.325728180325953,1,0.27205891931870396,1.8417848089941329,0,1.049298492380887,3.7521860077570643,1,0,0,0,0,0,6.224282120123335,0
11.206842902667471,14.399943389020171,1,0.14496833919211063,1.6016088228279046,0,0.7451039499316403,4.200727002151883,1,0,0,0,0,0,8.741567618890643,0
5.114831683228564,5.100089042009625,1,0.2694734890611431,1.1790965109101612,0,0.6225234238707893,2.1878942186765147,1,0,0,0,0,0,6.054934355397238,0
9.428435646468966,13.197527105589135,1,0.3038386644391096,2.4034805030793365,0,0.662909804243194,4.8750287449085254,1,0,0,0,0,0,3.810229719030445,0
7.169260436626336,8.349666472669606,1,0.1514078189699568,0.5070969477814118,0,0.563519138303325,1.450470931949792,1,0,0,0,0,0,7.356591811683372,0
9.806252722079371,13.728991159624565,0,0.15001522694767622,1.9740232680211642,0,0.6429243407492058,5.244154462451929,1,0,0,0,0,0,4.7735039458773265,0
5.529052773760965,5.990021901129435,1,0.16426380122933115,0.41087281357082983,0,1.0622362818435163,1.2578612888053633,1,0,0,0,0,0,7.008150325261884,0
5.009696368180341,5.49585204088652,0,0.33920627256647295,1.0522470210892834,0,0.485224698102811,2.2769898602768555,1,0,0,0,0,0,5.102173120583426,0
12.136765068986596,15.947862968611089,1,0.2369660936930976,2.045658839525258,0,0.5965632479462871,4.744884022446477,1,0,0,0,0,0,8.264128955438032,0
2.963459125593498,2.7498906413988986,1,0.2485095852916569,0.6108744197442382,0,0.4063543545651065,1.296185701303319,1,0,0,0,0,0,7.2393047315418695,0
9.576640265908292,13.74409484728027,1,0.472579152085364,1.8837167528080374,0,0.2602074057440409,4.423362346339676,1,0,0,0,0,0,3.6658612584174373,0
4.391143132536965,4.373144552209266,1,0.17118729623568496,0.24786593027952797,0,0.4916547710094252,0.41434754771349325,1,0,0,0,0,0,6.1466891620962905,0
6.589425345605434,8.754161909781653,0,0.09639864341220616,1.6547890620025338,0,0.7418922426679363,3.307947851514058,1,0,0,0,0,0,3.6418405969411625,0
8.39869314547411,11.57292632178727,1,0.2500748440683093,1.1865075261650424,0,0.35608104249366446,2.6181699471890667,1,0,0,0,0,0,4.655618089602415,0
4.432573596220147,4.347311339124246,1,0.5344056848749081,0.45522392801492395,0,0.23796195079470428,0.834901209033386,1,0,0,0,0,0,6.185888712594689,0
5.638260097684299,6.9652905806646555,1,0.07817007359303946,1.209291425875463,0,0.7126935444029179,2.2996681937909167,1,0,0,0,0,0,4.024514014554552,0
10.3545191411919,13.663152813222483,1,0.316476497602204,1.8499708787811817,0,0.7552043718509459,3.799852251163691,1,0,0,0,0,0,6.778637505810582,0
7.456255016694183,9.363734909530688,1,0.07629312416971515,0.9332682242699711,0,0.47280267771902923,2.4204359817774304,1,0,0,0,0,0,5.6652302840082776,0
6.040833217366492,6.219170558073273,1,0.18254444964013306,1.3720878959604352,0,0.5567594039584184,2.8639171248035957,1,0,0,0,0,0,6.4773398721931335,0
8.69054366392741,11.140225619557523,1,0.4285942462602981,1.657581754074653,0,0.19791483920160402,3.6578713846337085,1,0,0,0,0,0,5.881710435915352,0
2.5806419777780434,1.893738093448641,1,0.2647639711892864,0.3399156443190601,0,0.6707080658085672,0.49254729015508464,1,0,0,0,0,0,4.4789499971710605,0
5.89710151925636,5.141518359732014,1,1.4518576675682557,1.1679372486843638,0,1.2428152261619931,2.4613393432398087,1,0,0,0,0,0,3.8291569435619373,0
10.698149655744242,13.46825776066797,1,0.38462690426646534,1.352309060124909,0,0.3623027981867184,3.291237639354721,1,0,0,0,0,0,7.671621497120565,0
7.380743844397706,9.074100632127799,1,0.11059105022190772,0.9883645913989465,0,0.5300851338878291,2.586454474333268,1,0,0,0,0,0,6.292267381622841,0
7.9650185136217715,10.894840007283664,0,0.28482955676095556,1.905105016036721,0,0.37703690004271073,4.317765551362041,1,0,0,0,0,0,3.816246867783181,0
6.687299389639252,7.523212171905839,1,0.15825731345438304,0.8577448620975693,0,0.3471149475910457,1.84771655193374,1,0,0,0,0,0,7.090190005242045,0
3.4833186993414746,2.7946772571118097,1,0.3964591191759028,0.5985844095374449,0,0.646502641638671,1.088993765785188,1,0,0,0,0,0,6.680458698223684,0
8.833266807470194,11.512056161383905,1,0.3599388441951358,2.075965646533168,0,0.1805461567775954,4.146470897328085,1,0,0,0,0,0,5.476797675692033,0
8.71541155159804,11.977357364147577,1,0.38729846971019233,1.6638231942716637,0,0.846914191851335,3.4348843827308597,1,0,0,0,0,0,4.800864979749434,0
5.181873740362409,5.371125623024331,1,0.04680204468082091,0.9141972756485713,0,0.5824729577600963,1.9650035076083143,1,0,0,0,0,0,6.549212993831155,0
9.649594131378404,13.873543765314608,0,0.416325229517335,2.326365498150164,0,0.18913462424708843,4.809855149566172,1,0,0,0,0,0,4.077460971927461,0
8.709197832634437,11.145117603249915,1,0.5569570688566061,1.3980086809274552,0,0.49922829525467505,3.2834360841333834,1,0,0,0,0,0,6.312657107179107,0
7.685298492968605,9.399617083037588,0,0.14263645222025537,1.456158282582616,0,1.1996230763853726,3.0736748589903335,1,0,0,0,0,0,5.865946365216651,0
10.744334289949506,13.640227601544876,1,0.3486064655859195,2.0323904269578588,0,0.47524912240297584,4.759350428943295,1,0,0,0,0,0,6.60495522863389,0
4.670705614465,4.79746769378738,1,0.16859301646383884,0.4425167989305948,0,0.9400472638706965,0.7021136274685065,1,0,0,0,0,0,6.145011417403274,0
6.881710680630947,8.636052230430652,1,0.45436908577721,1.7189672134640086,0,0.42811531038824696,3.9684713828657356,1,0,0,0,0,0,5.0792786228742415,0
10.014809972186447,14.065399453461769,1,0.12826676992615563,1.3857822481824378,0,0.2975730315080196,3.418764563822607,1,0,0,0,0,0,4.709739159025567,0
4.043685476937111,3.607618128233943,1,0.41772096930128266,0.39833447631870095,0,1.2193909212423089,0.8308330027751925,1,0,0,0,0,0,8.650803419068627,0
9.27263587563473,10.619670483039922,0,1.8189705527805629,1.8021977165039376,0,0.8386774761289656,4.529227399824768,1,0,0,0,0,0,5.2154359144133196,0
31.096269643593963,25.788052254663594,3,21.713861038477802,111.36887652615448,0,1.2369056998631671,13.197714755688951,1,0,0,0,0,0,10.173766722349589,0
21.69973348599602,16.74626004493878,4,14.239315093220682,4.4163283254057095,0,0.9465358883680316,11.860455885454002,1,0,0,0,0,0,9.320359629489893,0
8.155099015803025,8.751615856706602,1,0.28486898425342744,1.3138830873030432,0,0.5807409852589991,3.947947661056274,1,0,0,0,0,0,7.963565528493858,0
8.77080647354097,10.791509271883559,0,0.12357946449891945,1.7144111395674737,0,0.5277202926959561,4.572727618302241,1,0,0,0,0,0,5.791189325206933,0
5.924636970343277,6.42306688691897,0,0.2610832099832958,1.1121749905084084,0,0.5353778223155091,2.878618339770178,1,0,0,0,0,0,5.128723550022593,0
9.261476886118484,12.122156170749113,1,0.09477964646182256,1.6830776076253209,0,0.4650098749023727,4.777681126138841,1,0,0,0,0,0,5.053947732228753,0
6.989615010203034,7.657936456533913,1,0.22105576711657254,1.6232942589766093,0,0.9044341352385141,3.9346688045746157,1,0,0,0,0,0,6.207742564658922,0
7.983003251701392,9.00583647504292,0,1.3301415744594354,1.5738744561015097,0,0.6127023980269148,4.6911695187148315,1,0,0,0,0,0,5.7044115524322505,0
8.380388513060442,8.088942451026066,1,1.505943374242591,0.8502298253532179,0,0.5981351247114717,2.8791091400208773,1,0,0,0,0,0,5.989663394917299,0
8.959387215091564,11.529782357905903,1,0.12253874218999318,1.9670977619811962,0,0.3828094793089624,5.163996878649587,1,0,0,0,0,0,4.747822206652135,0
6.456124642120859,6.861551784364857,1,0.11394425809219193,1.3524757364366926,0,0.869578607558809,3.9346688045746157,1,0,0,0,0,0,6.250121129866751,0
9.247331501981588,11.093433731701216,1,0.21718447729078336,1.741831407080083,0,0.6800669618227768,4.417873770486091,1,0,0,0,0,0,6.399327593615629,0
7.863449893496666,10.295328607077934,1,0.26479603441607447,1.1966449628920848,0,1.0578920393399667,3.2876532850697635,1,0,0,0,0,0,4.80498582493015,0
8.571872620367968,10.594191919473523,1,0.4732965472040968,1.8661848790377626,0,0.4240168526077605,5.026033677388548,1,0,0,0,0,0,5.511773811771542,0
6.66290783618768,7.071490930121669,1,0.06044204412345569,1.0941610013387115,0,0.37498824975066036,2.862926516110088,1,0,0,0,0,0,6.506479863897836,0
7.468102098382252,9.597613680429793,1,0.19286118840577354,1.5801041700748453,0,0.504989545047954,4.250322870857435,1,0,0,0,0,0,4.857094411873609,0
7.903294101653695,9.704508505568851,1,0.18492585662111066,1.4755617966138737,0,0.5898241065843881,4.720472046282365,1,0,0,0,0,0,5.456410258613075,0
8.0945051538785,9.06311831060628,1,0.2754802467765297,1.633581696215929,0,0.8889373582437647,4.19640351926491,1,0,0,0,0,0,6.466775596405757,0
6.680388835005822,8.117677635733065,1,0.42583237648530414,0.9020516009441764,0,0.5084412747527485,3.0017561189803734,1,0,0,0,0,0,4.9908080862511035,0
8.436016812984342,10.174095964940282,1,0.3613477188070587,1.6581049434542252,0,0.770422483371139,4.154267075079204,1,0,0,0,0,0,5.863783465166806,0
8.048613382217155,9.809814138008882,1,0.1787013793926399,1.5940381543892712,0,0.4852328486788582,5.131191956169467,1,0,0,0,0,0,5.954662319407132,0
7.36637497887797,8.563388272622573,1,0.38303886065780407,1.4697290561695884,0,0.6490701647917877,4.3429432967851564,1,0,0,0,0,0,5.682793650655147,0
6.153530280060346,7.7493322480936975,1,0.42237249406332666,1.120878616165472,0,0.4165322064465702,2.7917820449361113,1,0,0,0,0,0,4.588430923908326,0
8.608428219290449,10.670113323919812,1,0.1877639394546981,1.356763882371539,0,0.5863447837319645,4.109614479570048,1,0,0,0,0,0,5.4676547843778,0
8.875533025413368,11.088780495665873,1,0.22574663571031192,1.1744183369613634,0,0.8097758915850176,4.006246598419414,1,0,0,0,0,0,6.244083154090923,0
7.895819044548297,9.366967434156155,1,0.2575814718561513,1.8808493680267238,0,0.33204576409302455,4.552308580312221,1,0,0,0,0,0,5.202250230227865,0
6.095318511898306,6.6371317976276645,1,0.09087014940463348,1.2055708574495956,0,0.3735433158989648,2.82375916306539,1,0,0,0,0,0,5.367133387921104,0
7.916445811802658,9.446237831184956,1,0.13997530528957006,1.6486565928807941,0,1.0222068673813105,4.21274273410037,1,0,0,0,0,0,5.885886551827435,0
9.03415533738283,12.07953238475814,1,0.4535809790853057,1.3857139607874323,0,1.4269991992418956,4.2569852278792855,1,0,0,0,0,0,5.155717717455865,0
7.443587265132105,8.358747674385056,1,0.11044951646572801,1.5520501535083269,0,0.9231873949413719,3.885614514550226,1,0,0,0,0,0,7.231220514021056,0
7.903800545973844,9.872500369796086,1,0.3452908087979818,1.2554260611079306,0,0.8273713112257713,3.7199532690184522,1,0,0,0,0,0,5.6777267956134345,0
6.588737962658249,7.20098871670958,1,0.4219277200662055,1.416629447778849,0,0.4604040915625034,3.9710151725684604,1,0,0,0,0,0,5.5586107924078405,0
9.07751848120086,11.458331405202099,1,0.41075883218100984,1.3488454344426914,0,0.3507150508062515,3.675500309850567,1,0,0,0,0,0,5.705629223863957,0
6.579409899302365,6.718506485336631,1,0.4529292008674756,1.4883930842441917,0,0.5649583591458442,3.7708332013963943,1,0,0,0,0,0,6.377519951848529,0
7.733324417562084,9.913651719409382,1,0.5190560436627875,1.3170881398607577,0,0.29131020147775105,4.195521760279549,1,0,0,0,0,0,4.327043654615523,0
7.250087389211753,8.440649929631451,0,0.09787957998616362,1.8126169374908923,0,0.8359138865375089,3.9690728107584667,1,0,0,0,0,0,5.3985129422609655,0
8.890319446930588,10.083699913007127,1,0.1242909138759263,1.4957485407537174,0,1.081280510689206,4.017027962916883,1,0,0,0,0,0,7.249220386214865,0
7.231801542787541,9.55779905920252,0,0.3053497937855685,1.7442711725171238,0,0.6204615338156316,4.302300673447897,1,0,0,0,0,0,4.088614105750362,0
6.538751976503052,8.12806271465252,0,0.29842746561319844,1.1114427506238582,0,0.9431616301986336,2.8508747887707697,1,0,0,0,0,0,5.009643893704569,0
8.80923939493519,10.479307350439507,1,0.2888582433598176,1.8061780205902478,0,0.7413120158871798,4.892703743454896,1,0,0,0,0,0,6.0359695518707035,0
7.558348944867591,9.374308791049616,1,0.15212267993257822,1.0611489563111856,0,0.7311944308866041,3.091223009181782,1,0,0,0,0,0,5.545588144109941,0
6.829723531910522,8.339693252656303,1,0.1707249062222187,1.470491414437946,0,0.803193611446954,3.6570695553389396,1,0,0,0,0,0,4.481256277621187,0
7.827083126006318,8.887272718889621,1,0.25910750550689937,1.3359965928285074,0,0.3583808692857882,3.961523044907819,1,0,0,0,0,0,6.9254981126060375,0
9.66521000721579,9.654376659305187,0,14.75001321419666,1.758357761001217,0,2.8015924284236666,4.193952900757501,1,0,0,0,0,0,12.148941161236044,0
7.843595181836427,9.510636616304588,1,8.773843555362983,1.6720764790978442,0,0.9766084768443363,4.444870086211289,1,0,0,0,0,0,5.205300259659437,0
7.474793707987654,9.312701196129796,1,0.3924108093930975,0.9585740961867049,0,0.6618861649214385,2.9438109347946986,1,0,0,0,0,0,5.294880631976515,0
8.464735519115163,10.653928524036251,1,0.14949714506847528,2.043836555731024,0,1.253854962274762,5.1001582371279754,1,0,0,0,0,0,5.882809629837074,0
6.044975730299836,6.534512596794485,1,0.17279631887013785,0.9741923247508837,0,0.7434591175468594,2.669841045731779,1,0,0,0,0,0,5.624519477253442,0
8.050162409974874,9.712927827483659,1,0.06599942751301852,1.4932272712487016,0,0.5524487372264228,3.965380104347247,1,0,0,0,0,0,5.870392998841209,0
8.698070335227866,10.520634455458833,1,0.08633054009045733,1.2838048033245624,0,0.5241439595399289,4.040297022730954,1,0,0,0,0,0,6.109288341434805,0
7.8903203636581996,8.451389810322572,0,0.32787995766768274,1.8041328603648692,0,0.6934559415454352,4.587796385153105,1,0,0,0,0,0,6.042719331551788,0
8.107157950202005,8.129237823797343,2,0.7252286191267084,1.1564338275948076,0,0.2670431538332577,2.465383564240124,1,0,0,0,0,0,10.02209465353682,0
7.7138157844658695,9.937928822722586,1,0.36317662532541406,1.534896023665052,0,0.8231152113925841,4.1660417735134505,1,0,0,0,0,0,3.6492941141691615,0
9.771582133128726,12.580459335281816,2,0.3789321222275228,1.3770229480485887,0,1.36383224352597,4.4538565546258,1,0,0,0,0,0,5.398142356336295,0
8.271385614899721,10.165518521521467,1,0.13233232773949188,1.478624462101207,0,0.5394032838898959,3.657384189302703,1,0,0,0,0,0,5.247619084310681,0
7.011895520210636,8.34114458469272,1,0.16334980787562647,1.277544685505373,0,0.6475444611756949,3.1023265825673825,1,0,0,0,0,0,5.102292018545171,0
6.860830764862772,8.665508150418848,1,0.3653991702460573,1.5437288256937227,0,0.6195363445503335,4.123298678609087,1,0,0,0,0,0,4.180999974816732,0
7.719044912536644,8.56626493721677,0,0.20508181173696188,1.7109011822765372,0,0.3180172025815062,4.4854331191359265,1,0,0,0,0,0,6.487138838361342,0
8.970626895659027,11.09290520294891,1,0.22116021837452635,1.389613889400529,0,0.6643411139699738,4.154267075079205,1,0,0,0,0,0,6.666979150723638,0
7.242615997376195,9.162450044758454,1,0.3180633606213371,1.6247191851482783,0,1.1784239266130565,4.2947625280763955,1,0,0,0,0,0,4.561236012336915,0
6.807403613058577,8.445888018587162,1,0.24382001364907968,0.9139030920047648,0,0.46713863178517306,2.508881207989864,1,0,0,0,0,0,4.864242615987941,0
8.50238927807063,10.47974758779151,1,0.08893754141903933,1.9774101378428126,0,1.0986759636665788,5.026033677388548,1,0,0,0,0,0,5.386597558895928,0
6.7064830469156425,8.008701953702149,1,0.14593345964875282,0.9877888171537482,0,0.568177078011812,2.703932142845775,1,0,0,0,0,0,5.234860673891459,0
6.481982152483031,8.263621921760341,0,0.1319780899137578,1.3807445121882065,0,0.2264595670476291,4.006246598419414,1,0,0,0,0,0,3.982934940161778,0
7.710905012029235,9.367358703618509,0,0.16684299506003455,1.5120163911643136,0,0.44151765101254314,3.754971026609627,1,0,0,0,0,0,4.917562680485593,0
8.721708098630083,10.597684791958153,1,0.21600852888178557,1.4687473205950716,0,0.5234742253774836,4.396956935923438,1,0,0,0,0,0,6.489410809639008,0
7.668466787278888,9.62274433538673,1,0.11997709869850673,1.360601922191364,0,0.8525082378077395,4.471584818575752,1,0,0,0,0,0,4.6206905833211716,0
6.272147460229794,7.549093484340461,0,0.22935648303486167,0.9817161068722013,0,0.5879839796371282,2.656682495066283,1,0,0,0,0,0,4.553794023294235,0
8.961523371970634,11.286604173357524,1,0.3537766125190962,1.7888366263258546,0,0.9378139796695762,5.13676256799096,1,0,0,0,0,0,5.844169987478306,0
6.063939784676262,6.719346757017911,0,0.37931530442861955,1.0849321903814357,0,0.6402670568453259,2.9190119682185753,1,0,0,0,0,0,5.390826892449125,0
6.965052469793379,9.19418533750883,1,0.253867773721838,1.3212833132032846,0,1.026371540431545,3.7761367397288295,1,0,0,0,0,0,3.714698406390119,0
8.36761510196117,9.956956837042487,1,0.23222298149744827,1.4813743702418556,0,0.865908418786763,4.193121173174551,1,0,0,0,0,0,5.826268153222025,0
8.366781264548909,9.57488828687431,1,0.3573071886391177,1.4689838289327692,0,0.42717223536148197,4.074909691584535,1,0,0,0,0,0,7.694050503180067,0
7.520607207463439,9.872780978661055,1,0.20346964156737338,1.41913636202402,0,0.7266835226792177,4.331281670778195,1,0,0,0,0,0,4.09798798306932,0
7.710454549778582,10.241732463934857,1,0.20287747154106978,1.3828968314460943,0,0.3088694252071883,3.8893358858819265,1,0,0,0,0,0,4.132715090838957,0
8.288528369964887,9.62816624561512,1,0.41593929700203974,1.4076303242009272,0,0.835060144162526,3.6343819745753088,1,0,0,0,0,0,6.552209862763567,0
8.065586080122156,10.337522435484189,1,0.25161149530011406,1.618468412002764,0,0.6886063853952777,4.582788173055786,1,0,0,0,0,0,4.4371585571642935,0
6.132917701260093,7.278269159611734,1,0.18161048738319951,0.8974746838200593,0,0.6286853138413149,2.7912797334781367,1,0,0,0,0,0,4.9227116327899525,0
8.002223200438875,9.591190573462068,1,0.6517654952209666,1.9122118655588332,0,0.6495487424164721,5.13676256799096,1,0,0,0,0,0,5.454730628665464,0
7.395484209557697,9.658587670897669,1,0.21215263965333664,1.1754075495157652,0,0.28861736705923824,3.8546761046974867,1,0,0,0,0,0,4.5624001622779655,0
6.1404283802554485,7.159374999734985,0,0.6284705556518332,1.4104387766243114,0,0.7644845598659676,3.425234839238806,1,0,0,0,0,0,3.9707791826278687,0
8.669726328967963,11.336927490982518,1,0.16904556787539532,1.498020818107999,0,0.6613552815230368,4.818829811825668,1,0,0,0,0,0,4.756795385976874,0
6.572798849115521,7.787631105047026,1,0.21321635435443084,1.1812876643828574,0,0.43506547824559966,3.4536664335128306,1,0,0,0,0,0,5.134193183079641,0
7.092859264610915,7.956165326236068,0,0.2247282432840214,1.3291598932505448,0,0.3761408272222948,3.8552659595837726,1,0,0,0,0,0,5.236409583359537,0
9.032883464598497,12.02980759123228,0,0.2513338324936221,1.4823394464147444,0,0.9961791600602949,3.882241980434366,1,0,0,0,0,0,4.7822759147898966,0
6.341655282834947,6.52887502617842,1,0.3073461305296444,1.2429705552869286,0,0.792755062596457,3.0331593118554103,1,0,0,0,0,0,6.673820863415889,0
6.27754443918351,8.300032841685727,1,0.16847254852891877,1.5453773591650886,0,0.7458529163432951,3.7761367397288295,1,0,0,0,0,0,2.8852208818820255,0
8.89940405656978,11.179346467749596,1,0.280787501368141,1.2926675825601017,0,0.7640627323440364,3.809557460573912,1,0,0,0,0,0,5.30856474301614,0
7.031152031455071,7.487508104075405,1,0.1675068223667725,1.5608947802858095,0,0.8147095086323699,3.401320041229983,1,0,0,0,0,0,6.474116005264242,0
7.529448941245606,9.36347141439165,1,0.43981694282033634,1.5268609391863812,0,0.3033314277002236,4.174012192994767,1,0,0,0,0,0,4.6058201960407565,0
7.97404700504677,9.495975018796562,1,0.17817265635807622,1.8372162345711374,0,0.5953851488434485,4.410258486971087,1,0,0,0,0,0,5.99041246288704,0
8.07236033992481,9.287578355485007,1,0.2085579637446491,1.349426481910449,0,0.7547243070457832,3.688934295936124,1,0,0,0,0,0,6.761685485173049,0
7.8751402621565845,10.534825456433937,1,0.3694562276980568,1.5717979137416047,0,0.6849414816273229,4.142797065467622,1,0,0,0,0,0,4.073540123832052,0
5.588891401599937,5.81594318114401,0,0.37003521500724973,1.2773248531598775,0,0.6345243967408025,2.9093913065019885,1,0,0,0,0,0,5.704156166584259,0
8.90720670650542,11.36290770570031,1,0.2148308289458283,1.4943517352027635,0,0.9285513778472897,4.033586729797953,1,0,0,0,0,0,6.100578435780566,0
8.252719869802698,9.624503795878022,1,0.3433770609104252,1.7265870826671543,0,0.40918825066401776,4.15932644969075,1,0,0,0,0,0,6.797366936586626,0
8.157659444575966,10.731417035545459,1,0.13274198233186663,1.5745135667917651,0,0.2278610082674507,4.650536505560941,1,0,0,0,0,0,4.283596581654679,0
5.538380178116815,6.027863323311207,0,0.40472078501930675,0.903428562616444,0,0.3071175580866985,2.299025556416687,1,0,0,0,0,0,4.8065370297861385,0
8.961755166566743,11.512751659501266,1,0.26720893171697147,1.530214569941892,0,0.1297061268675993,4.234434995543788,1,0,0,0,0,0,5.459276415548224,0
7.2505769860080616,8.424510443452974,1,0.33736808414637215,1.5177626827431798,0,0.36050341582926904,3.998820287475285,1,0,0,0,0,0,5.849108132250697,0
8.218074792310976,10.221056589346071,0,0.3725286201008126,1.645112108096363,0,0.6106179013860311,4.256134085542559,1,0,0,0,0,0,4.782203676689849,0
7.545366621987499,10.083051860548963,1,0.46955521546064727,0.9039532785401817,0,0.18513661127283418,2.545899103901221,1,0,0,0,0,0,4.158733737305312,0
8.404338073352124,9.305884647831123,1,0.19216147357900848,1.6755561327716293,0,0.43598885194871617,4.850690028915444,1,0,0,0,0,0,7.225165379235438,0
7.366945714025719,8.823276258830715,1,0.36274001547178175,1.1098789814230408,0,0.739113356537116,2.9907131402991514,1,0,0,0,0,0,5.413720533414392,0
6.753740193522869,8.91892843762879,1,0.17334749915237085,1.4464302239413502,0,0.4602279812937561,3.8598725667462617,1,0,0,0,0,0,2.976927027708841,0
9.264111449386812,11.472475386480282,1,0.31563325729899144,1.6151623268856121,0,1.177636975417791,4.153126925562478,1,0,0,0,0,0,5.7232036071520795,0
9.047898185761554,6.495417677216196,6,3.2821869092929594,2.6867882737043303,0,0.7843613856226193,6.44560716047577,1,0,0,0,0,0,6.132903552433664,0
33.363758024648845,43.76002809958753,0,15.363927440608679,0.8410096909550837,0,1.030880668671275,2.9786376555264473,1,0,0,0,0,0,2.971133907914349,0
16.424965803093183,18.72774142415555,0,7.768305003991901,8.429404184921522,0,2.7929565443069913,20.60050082025787,1,0,0,0,0,0,2.3411101485943355,0
21.260537427198866,22.572449545527,0,3.9631555924961157,1.863353944674919,0,1.0323438553295927,5.0805914223255915,1,0,0,0,0,0,3.6631533901740685,0
8.455998026181259,6.59912605472797,3,1.3733130168479395,1.0093206981572052,0,1.5012919267779754,2.7431859082651133,1,0,0,0,0,0,7.732175866881633,0
6.526428003425433,7.132333073458111,1,0.9500218905046631,1.2816970417798532,0,1.6435932719809596,3.9429478842531616,1,0,0,0,0,0,4.86275942845082,0
7.880648865295056,10.319158013330604,1,0.11144252046543578,1.2570505530918625,0,0.5261820287846406,3.7988006441324806,1,0,0,0,0,0,3.702175717588207,0
6.525647499082318,8.356589017158518,0,0.33776151009846866,0.8745520147305499,0,0.7155952356505569,2.8013875567200204,1,0,0,0,0,0,4.446569046686982,0
8.157879716707985,9.181319773127562,1,0.21007531362259688,1.221396740016939,0,0.9254207067002238,3.9039443639075637,1,0,0,0,0,0,6.2737641893797615,0
8.442995515561304,10.283195258681399,1,0.19977701605423548,1.3144892279332003,0,0.47267735023836327,3.7657620165963985,1,0,0,0,0,0,5.001274858701564,0
6.12959268551348,7.3840337929603495,0,0.16346528475752825,0.908368741836509,0,0.44667315878129826,2.330146422224055,1,0,0,0,0,0,3.877099020368365,0
8.41186425898266,9.82464401764398,1,0.13566291329800237,1.2832780333005829,0,0.5787246345463326,3.8651661136275566,1,0,0,0,0,0,6.012330125633973,0
8.532717630092911,10.560990935922947,1,0.07588037988274107,1.3584318071804398,0,0.5990888907883236,3.9011075546912393,1,0,0,0,0,0,4.682428474470205,0
5.745929206934374,6.620384048959692,0,0.14447364065878868,0.791485864761396,0,0.5554033691211033,2.4600437478399533,1,0,0,0,0,0,4.328388764201616,0
8.96952089595416,10.522242889477061,1,0.17130458308199586,1.374852760963877,0,0.32034008449503326,4.0235788153744165,1,0,0,0,0,0,5.424992164346689,0
8.436107479420777,10.967753859298439,1,0.1938929417542777,0.9863161392293451,0,1.217023037982241,3.1228152081246363,1,0,0,0,0,0,4.484196353784444,0
6.323619328126517,6.786329918897083,0,0.13701303851821905,1.0565633953909275,0,0.5213925708471904,2.5241788001271246,1,0,0,0,0,0,5.081438997343801,0
10.311394847609613,13.341210421053786,1,0.0827312748511804,1.294271231721083,0,1.0400680683957413,4.444616637359491,1,0,0,0,0,0,5.160376610422778,0
6.781114544167541,7.430140041439591,1,0.3203508704740008,0.8350794613739649,0,0.975724814034387,2.5036055923629386,1,0,0,0,0,0,6.452708941924346,0
7.472373119246864,9.94439868355233,1,1.029091356647772,1.193719387742276,0,0.6734090282881857,3.629431046747025,1,0,0,0,0,0,2.793721261153705,0
8.719760304486105,9.838414507136802,0,0.08982949585744825,1.2090372360454151,0,0.6468916036087817,3.4398570498734533,1,0,0,0,0,0,6.422996574487565,0
8.257585287356909,8.987304636777104,1,0.29428818674283286,1.3581055879161994,0,1.284276946309247,3.7372122659518734,1,0,0,0,0,0,6.022442116579914,0
7.6663760777723855,9.173775119787852,0,0.07006537948831709,1.3363774966510098,0,0.7059966752290021,4.286121585871883,1,0,0,0,0,0,4.526793962141632,0
7.591816653028042,9.091772330159047,1,0.1637336353762292,0.9096373662551662,0,0.8425743436537401,3.1140582900092237,1,0,0,0,0,0,5.123931994411203,0
7.718340239843721,8.674454660182406,1,0.5046594942124235,1.571862379224825,0,0.7259724823591431,4.42314382003112,1,0,0,0,0,0,5.2062164232650545,0
8.647912220615416,10.29604708669967,1,0.17921357629599632,1.047240155868939,0,0.3399730124053312,3.0240800421160112,1,0,0,0,0,0,5.680194886646131,0
6.028678240154134,6.401130763824281,0,0.3805612825067299,1.0495993576341223,0,0.582499581139962,3.07559612330272,1,0,0,0,0,0,4.435617400299684,0
9.729424775878758,12.366243674897284,1,0.19636696031462433,1.716226045130313,0,0.7376250341215826,3.98529961198051,1,0,0,0,0,0,5.40105663495087,0
6.936507205835343,8.178769889439229,1,0.2657755702212622,1.102972897991402,0,0.46721656091802793,2.9982917708220933,1,0,0,0,0,0,5.133901190916393,0
7.093983404327684,8.707960028775085,0,0.4152747350690973,1.1953689954718953,0,0.2882790408678577,3.8318158466253935,1,0,0,0,0,0,3.80972007674447,0
9.465404310290403,11.546128492154093,0,0.506581442062123,1.179867519663342,0,0.8751622760309221,4.077222587358663,1,0,0,0,0,0,5.597383914584258,0
8.127328098568157,9.047044764889513,1,0.324720345030558,0.9687487160493978,0,0.7173508438249864,3.0958066626310003,1,0,0,0,0,0,6.586940290733471,0
7.336177110475461,8.907008640235498,1,0.27921227005448856,1.3288858628430553,0,0.3212198860441898,4.115106528112918,1,0,0,0,0,0,3.5783280242268614,0
9.166249304957422,11.437362295831301,0,0.31597702417246926,1.2479738603560295,0,0.5259192161388513,4.0301059862551565,1,0,0,0,0,0,5.037717631420673,0
6.65665566488501,6.983234073459679,1,0.3197576121942648,1.1263124669338616,0,0.5613878348698044,3.2204800574796923,1,0,0,0,0,0,6.946129554053883,0
7.525932848649722,8.978704784347627,1,0.08204647983004673,1.1274081343118754,0,0.6066176691008274,3.7989604665398042,1,0,0,0,0,0,4.6403091450429255,0
8.465033598355083,10.348346286906223,0,0.275437805566899,1.502872240786918,0,0.4504775019044493,4.035966622323782,1,0,0,0,0,0,5.049693565115488,0
7.58615336911244,8.257180383554033,1,0.25751834050915157,1.237954766714257,0,0.547300466544854,4.036300915598577,1,0,0,0,0,0,6.1128568162949755,0
7.777802423372219,8.250427587845492,0,0.5005854701077308,1.2644923362141463,0,0.1316254857322479,3.7841635095290505,1,0,0,0,0,0,6.278406876774891,0
7.428224423062948,9.414383829709703,1,0.49067806540522974,1.2455746019049323,0,0.44516083487945285,3.94612462339679,1,0,0,0,0,0,3.926280073204887,0
8.60521045624644,10.238692358346707,1,0.1545840996580861,1.1700071801933383,0,0.8919082548780437,3.4013725345352,1,0,0,0,0,0,6.217566741655263,0
8.321773776632563,10.134911093172985,0,0.37625669216921287,1.1853023742264797,0,0.314123016584707,3.410767352665896,1,0,0,0,0,0,4.8346238069439575,0
8.23236935537675,10.407128540458539,0,0.37292233784752427,1.266948673438815,0,1.9758538430672403,3.7444780014634578,1,0,0,0,0,0,5.211892723244755,0
9.287820633699553,10.913643185240696,1,0.15761151025169348,1.2307880575943764,0,0.5238870722292853,3.576110927230757,1,0,0,0,0,0,7.650481683352832,0
8.323699701204262,10.623580215262006,0,0.048046600229333984,1.1840683530429184,0,0.7059966752290021,3.8494906567080545,1,0,0,0,0,0,4.105181919447463,0
8.864788632988137,11.447481241864212,1,0.48145668083371296,1.230263345389049,0,0.9114898349718026,3.775980475643478,1,0,0,0,0,0,5.390162212476843,0
8.545225838400775,10.149771699136364,1,0.33551850163409,1.194575321605546,0,1.2074937307947904,3.1302100836446654,1,0,0,0,0,0,5.989268616286342,0
8.916762685427672,11.125352709037545,1,0.22028092226358917,1.6044457412112012,0,0.2953764965872985,4.083791090435922,1,0,0,0,0,0,4.9341351560112106,0
6.158006544109696,7.391389578834469,1,0.6475284897172797,0.9027055407371886,0,0.9892877078258331,2.3667326138341784,1,0,0,0,0,0,3.6278855927294646,0
10.356544227410883,12.383832567733592,1,20.806085582261986,1.4075904373801236,0,2.7644463548141474,3.9755331199816917,1,0,0,0,0,0,7.441782927410619,0
6.749690551629778,7.679077591474173,1,0.39351662496888296,1.467886845734048,0,0.45461902693399164,3.122080875183857,1,0,0,0,0,0,5.217392242729835,0
7.8584912212053855,9.335331912267558,1,0.3458273268816062,1.4836274086089496,0,0.6838676316524409,3.841916892357732,1,0,0,0,0,0,5.717502524110396,0
8.667385370278897,10.81919997199642,1,0.12529824900644954,1.1464020046461434,0,0.2830155053953688,3.3061317432705413,1,0,0,0,0,0,5.535256844250051,0
8.158904180358945,9.228771066362517,0,0.386264691650974,1.363187776709494,0,0.9259320918215972,4.3194428183028455,1,0,0,0,0,0,5.596393628216948,0
7.923785596764942,10.40544199165983,1,0.16942621297507338,0.9733744917155812,0,0.8359036526485262,3.4311315787617485,1,0,0,0,0,0,4.681979683077151,0
5.972214302068766,6.668022546223405,0,0.08934198695599754,0.9521908052065106,0,0.8034982962248629,3.159732738229859,1,0,0,0,0,0,3.861479955395426,0
10.309451652852923,12.367523570052004,1,0.36991460900300527,1.490319734290193,0,1.080628978263534,4.4751253177443076,1,0,0,0,0,0,7.0483940997607,0
7.319541888238643,7.579330305440087,1,0.33809522140247517,0.9307383243650114,0,0.5198119926882911,2.832012881926345,1,0,0,0,0,0,7.3387006723350385,0
5.892975523067166,6.9271136771655515,0,0.2099151928459188,1.1951083250533792,0,1.1697104521932489,3.4621503101472424,1,0,0,0,0,0,4.40667135977057,0
9.411129081378867,11.974392952235744,1,0.1397475459277992,1.421693981554846,0,0.7015894756763068,4.450211127361896,1,0,0,0,0,0,5.275546577743212,0
7.507895367768636,8.3490948536065,1,0.25863949303457845,0.9831383992605145,0,0.24482431774997326,2.67307276942149,1,0,0,0,0,0,6.502266388771043,0
6.3710897503054555,7.5852902391234025,1,0.48284148284923334,1.329140838825738,0,0.22971962512075872,3.930202850179662,1,0,0,0,0,0,3.7483363011698176,0
9.260690453322868,11.092239726096606,1,0.07826271009411769,1.3252152100568622,0,0.4719538714139514,3.860757760964443,1,0,0,0,0,0,6.45013233348514,0
6.719667828098186,7.319942260859989,1,0.1345154612186851,1.181827540688991,0,0.35184876423706213,3.5834459329902546,1,0,0,0,0,0,5.7934835281730255,0
8.04653096110773,10.346297341293031,1,0.21571546735203634,1.1723047866172225,0,0.1665972359144604,3.503892422132072,1,0,0,0,0,0,3.8737896428145433,0
8.187939548782829,10.149585858807015,0,0.15041646280077298,1.4514081205988183,0,0.33805017732751774,3.943796293969563,1,0,0,0,0,0,5.19083862924928,0
8.65112698008303,9.821678097185403,1,0.2919618354814099,1.2121043851415951,0,0.2122654215755444,3.180565959966773,1,0,0,0,0,0,7.704606620526266,0
7.515549991811137,9.30790436218178,1,0.2105574901818726,1.4640739633003608,0,0.8826611825628226,4.014546384474404,1,0,0,0,0,0,4.110603478963064,0
7.80294701777954,9.947614404834006,0,0.6383038659262374,1.2403984984743188,0,0.4301161469937458,3.0736603317348368,1,0,0,0,0,0,4.868852902413693,0
7.307044993530036,8.00371407822178,1,0.42499266656396745,1.404468901897737,0,0.40489418998759236,3.7777433995946397,1,0,0,0,0,0,6.209683391435949,0
8.192778809926056,10.395598145674406,1,0.21458552555342958,1.3648747020076597,0,0.3736374342932542,4.211754847882416,1,0,0,0,0,0,4.553042885348557,0
6.69862859957607,7.8193251970261475,1,0.2754881830373252,1.1019772629259417,0,0.24245860784371007,2.505659515063626,1,0,0,0,0,0,4.293470898136996,0
8.280990697577135,9.120000360813835,1,0.3725475437616202,1.3415071790435458,0,0.7190890259093681,4.0616595162930835,1,0,0,0,0,0,6.012939726001214,0
8.204044832905396,9.937952402575766,1,0.3815379272173012,1.4017569491085542,0,0.520855980813995,4.251043990234322,1,0,0,0,0,0,4.702766004904041,0
6.947515920336841,7.835290089572304,1,0.3328548315706023,0.8221121459096997,0,0.4719794552219231,2.864218375202899,1,0,0,0,0,0,5.316604751368282,0
8.661367721644607,10.142274206630463,2,0.26614863215987095,1.4990590714303782,0,0.8367995449505448,4.348871861442831,1,0,0,0,0,0,4.608724706415404,0
9.028517134905757,9.858998919415024,1,1.8950171396041318,1.337604145401599,0,0.6893667110610482,3.986787187776731,1,0,0,0,0,0,9.604342838724929,0
5.721695664154671,5.85648714481212,0,0.22979400738761568,0.9203837731101373,0,0.3599906310826547,2.8206372468381353,1,0,0,0,0,0,5.591543810992429,0
9.738395082624706,12.392131618131366,1,0.24465750936431463,1.4019049341381264,0,0.21134620196303874,4.715500626438782,1,0,0,0,0,0,5.921243790008461,0
7.912272755801572,9.48128269747075,1,0.12260818797468043,1.0553907389678643,0,0.9358721030263397,3.053427952421635,1,0,0,0,0,0,6.2733826627452505,0
6.938540723519308,8.09920779430531,1,0.4019657762935909,1.1687910789537153,0,0.510540475865523,3.737774586625373,1,0,0,0,0,0,4.306099146707523,0
9.129793058555837,10.881943193562364,1,0.3196246939916669,1.225744564450686,0,0.5571601748586094,3.6373702985157945,1,0,0,0,0,0,5.516359530015978,0
7.8359643369133165,8.169586837343275,1,0.11095925537508101,1.3218983727884113,0,0.4474745973853917,3.4862080065478716,1,0,0,0,0,0,6.747595175487588,0
8.055183515004352,10.10177463374444,0,0.9558136303296506,1.415023653148566,0,1.1170259930409419,3.6705642132745098,1,0,0,0,0,0,4.341465206946987,0
8.589379648193702,9.670555726923302,1,0.24711424032453433,1.1492610989309684,0,0.4808322598165219,3.5382889275291776,1,0,0,0,0,0,6.222170210855783,0
8.169344083484333,8.310434991527732,0,0.26657572281136077,1.2117250990253188,0,0.5416685474889846,3.1314336375719956,1,0,0,0,0,0,7.928071974046819,0
8.892957255880253,11.785459459379659,1,0.2051314865690925,1.333681325238967,0,1.0011210970664712,4.581495356131747,1,0,0,0,0,0,4.086345476152017,0
6.114176358412225,6.354661219611764,1,0.24291828990481987,0.8863246580293456,0,0.3465805091743479,2.5324545495772144,1,0,0,0,0,0,5.15134242662168,0
9.964633041897,12.762854492823838,1,0.20926623542583664,1.5499307605279582,0,0.6657858368472738,4.304132547647349,1,0,0,0,0,0,5.01511032312799,0
7.585526934251686,7.311911518617509,1,0.2706911565409311,1.2249844610557128,0,0.912060780141176,3.812243217213046,1,0,0,0,0,0,6.840969952766361,0
8.985029447690007,10.685206055077831,1,0.35724527852866544,1.4064153860243653,0,0.8452748804086732,4.050374788708119,1,0,0,0,0,0,4.740654354174183,0
9.186942027840281,11.500856058933019,1,0.3790928618936769,1.1336661914016521,0,0.37742799595093773,3.6264448795940583,1,0,0,0,0,0,5.294716955013483,0
8.989797990388876,9.684718854350189,1,0.24888221668001115,1.5310338104159182,0,0.8539160532756489,4.4524445424764645,1,0,0,0,0,0,7.492238502727809,0
8.77146739947437,10.12408392575924,1,0.3307904884067692,1.0602169000113524,0,0.8569619652897331,3.0413597404228883,1,0,0,0,0,0,6.137624092632275,0
7.047380183451933,8.423126844879553,0,0.29301297521115194,1.3518153089575047,0,0.6607415360580671,3.5996063939578895,1,0,0,0,0,0,3.4444636745820967,0
8.464194680187116,10.24442022947056,1,0.20587848223216554,1.2101236863168645,0,0.3623471578049283,3.6373702985157945,1,0,0,0,0,0,5.178702163589991,0
7.593212867716102,9.022486949654386,1,0.22260381798680445,1.1745871711867149,0,0.5911199300628598,3.618014687549136,1,0,0,0,0,0,5.130295443964901,0
8.460642227552134,10.86688537396259,0,0.12877731116973176,1.2406350559386643,0,0.8377477473835027,3.5900186937243617,1,0,0,0,0,0,4.567824979439713,0
8.728549405973217,9.59751654240315,0,0.31749970087713986,1.4142356997720509,0,0.7307955569118798,3.770876569412981,1,0,0,0,0,0,6.648754343209471,0
7.815233998877211,8.498159515432071,1,0.35111129563683274,1.293578941292178,0,0.2382759206600415,3.5737971285515524,1,0,0,0,0,0,7.063230539315662,0
8.131442720657782,10.547844056036269,1,0.18176477542309952,1.1711714315455992,0,0.3369471991708611,3.5371875917916684,1,0,0,0,0,0,3.9458442053251312,0
8.057401326195476,9.826628928538078,2,5.036164054821634,1.4604064002972346,0,2.0618924830205225,3.907283329898628,1,0,0,0,0,0,4.2931830472874815,0
35.40924058740435,20.225749618189038,2,128.49239063311248,2.0547523136906185,0,28.977107540244788,5.9568110522520294,1,0,0,0,0,0,34.719974870118016,0
11.09114935809605,10.99377541702443,2,10.803373456082253,0.9585660310552607,0,12.872063686179342,2.4559369681733068,1,0,0,0,0,0,9.48158826785452,0
5.456111629539455,7.0702805459542315,0,3.529028918987364,1.3174450761434207,0,0.432291852157625,2.338100998397643,1,0,0,0,0,0,2.127842201840915,0
9.49509128781214,11.232389333750614,2,0.7094031742849854,1.2731926672026523,0,1.6273413564456858,2.6752017979771687,1,0,0,0,0,0,8.009281349089816,0
8.773169849404907,6.191941753461208,1,4.812264654440389,1.0021547229322012,0,13.707758840104558,2.139705238046073,1,0,0,0,0,0,4.828928566795484,0
25.701502291736368,12.776641093269092,2,18.401785224355972,1.0511287153190745,0,30.909368476363788,3.0386137955021484,1,0,0,0,0,0,22.314259648360633,0
8.229063749237842,9.120687772021634,0,0.9507240727904722,1.2252532681438237,0,1.668595111329433,2.8385464583117326,1,0,0,0,0,0,5.795238749851837,0
8.310073837475667,9.942998880610082,2,1.4374897474631547,0.9102419136239042,0,1.317182771628385,2.2243725481419285,1,0,0,0,0,0,7.253537726166679,0
6.863499664556057,8.469532842900682,0,1.6548279090334745,1.3257713929077788,0,0.821215539457185,3.0183069998690017,1,0,0,0,0,0,3.575367887403994,0
6.3303802784725205,8.137326413810777,0,6.744676893046746,0.8885193162921314,0,2.458659859294292,2.470697204873671,1,0,0,0,0,0,3.738927099895839,0
7.603028669503457,9.418335302982602,0,0.5600981031828403,1.415711624116742,0,0.4897665590695335,3.3916511923072123,1,0,0,0,0,0,4.230846388247622,0
6.713121185792785,8.932293677617704,2,2.476551661446024,0.6199368376797756,0,0.5265376306081127,1.679333980497743,1,0,0,0,0,0,3.9388806093254054,0
8.465549479029322,11.55068160164687,0,1.8932159931075223,1.5021048975353115,0,0.8218801440075711,3.779973782669532,1,0,0,0,0,0,1.959230888041831,0
6.15340970597925,7.523712530044051,1,3.683712435814197,0.6644624613064705,0,0.6537089358295893,2.2454860329800277,1,0,0,0,0,0,4.0445409342970144,0
13.244962862886325,19.249194944660854,0,0.3411545336563696,1.4297148453915103,0,0.4565591730054015,3.8539300436057893,1,0,0,0,0,0,3.35745912311155,0
6.390148593901619,5.905722487812264,2,1.0587342145511183,0.49235161046377574,0,0.29234581466931275,1.0615496534089253,1,0,0,0,0,0,10.073244462512196,0
8.104776188768168,10.878930160197704,0,0.7141922504831445,1.820001091619506,0,0.9246851013066681,4.252246548201001,1,0,0,0,0,0,2.8077453250929882,0
7.090921308068566,6.470357342105098,3,0.865953899064604,0.8491269767257018,0,0.4209896391229637,1.7561834863534103,1,0,0,0,0,0,11.917101515988337,0
9.59824448866348,12.94014194790977,0,0.5969988072666602,1.712541626839039,0,1.2842248164536239,4.272012002618512,1,0,0,0,0,0,3.367135381413449,0
4.582479811588771,3.9022029334070982,2,1.4309597293778165,0.6100229925163669,0,0.6009779392492702,1.1053428790125617,1,0,0,0,0,0,7.376953631375623,0
10.189708140125344,14.452145687861199,0,0.646227004845873,1.554225286871528,0,0.2935659317448289,4.164927029776693,1,0,0,0,0,0,3.170635132044216,0
4.846237644939137,4.665694498896417,0,0.8987696970209819,0.8402217319768291,0,0.7497276092357981,1.5343375416884166,1,0,0,0,0,0,5.128087746509151,0
9.503365575025315,13.326206708156404,1,0.28986269508741724,1.3797289601700602,0,0.1992096615758995,3.776721479559511,1,0,0,0,0,0,3.3990010100732326,0
4.611555737172607,3.9023768012756452,1,1.0271403273381279,0.9622939810706436,0,0.2746465038141682,1.745998021593809,1,0,0,0,0,0,7.295626868421371,0
10.545487691157716,14.549170629487772,1,1.046432597623503,1.5491135057129395,0,0.37891375382791614,4.138967092432043,1,0,0,0,0,0,4.487615165888777,0
5.234182888707328,6.124436498278023,0,0.9707201492266769,1.1066051882403738,0,0.39785721486360626,2.3040696086120747,1,0,0,0,0,0,3.6562021889254064,0
9.431673541968916,11.669043445595221,2,0.8218583997873244,1.0730405833305852,0,0.30845115583217075,3.0200948121517093,1,0,0,0,0,0,6.903637577354097,0
5.616047807780047,6.660766681303952,0,0.6670283819109826,1.0798413374100075,0,0.24878760449966258,2.908196492165935,1,0,0,0,0,0,3.311170855411979,0
9.183965337431724,11.537887358795038,2,0.8459042232504385,0.8971152322168359,0,0.7295833463414376,2.723241649433919,1,0,0,0,0,0,6.553635676300068,0
7.262716957696841,9.483701531319019,0,0.28563654568239855,1.5799388014064508,0,0.36988248339180013,3.3751678889543353,1,0,0,0,0,0,3.1232843831713017,0
6.378478507974272,6.365054605293958,2,1.1031507339193363,0.4337827889763834,0,0.26806247028755176,1.3205142286284695,1,0,0,0,0,0,8.514441130377215,0
8.967209773064797,12.551194405629033,0,0.9131305229871214,1.734333226081493,0,0.197364296537816,4.305965561468537,1,0,0,0,0,0,2.075346574562164,0
5.89285127484661,5.8642713423928345,1,1.2878553300666244,0.6593050388816866,0,0.31463265945497676,1.7127630452970233,1,0,0,0,0,0,6.754466210151227,0
9.518761509232268,14.117568831242245,1,0.3542470349197052,1.5942706369978272,0,0.6675997306698873,3.9338351790436463,1,0,0,0,0,0,2.4411721191560956,0
4.722009244514867,3.929044309983081,1,1.433761638773224,0.7156775094942687,0,0.38732629470592206,1.9442032783104226,1,0,0,0,0,0,7.0549624673954465,0
11.309016908576059,15.337554092828391,1,0.28996816561563044,1.533140171099971,0,0.47287225907359365,3.8107485895810864,1,0,0,0,0,0,5.538107552320403,0
6.278377397637355,7.628419200456977,0,1.1542800047978052,1.1076198785868292,0,0.20927739766218528,2.5864005324902353,1,0,0,0,0,0,3.4401411893391742,0
9.229680115829087,10.707281320458756,1,0.7649195045218992,0.8410716675186544,0,0.26604982048127146,2.711715766735442,1,0,0,0,0,0,8.45656894612604,0
6.624332140126345,8.519637603247826,0,0.5062394466869768,1.4473879415171838,0,0.49867130385800146,3.496679374261947,1,0,0,0,0,0,3.1687318352600493,0
7.540189268068543,8.948998260122574,2,0.9562537105433178,0.7466023155396241,0,0.5453304515125248,1.9260788794005728,1,0,0,0,0,0,6.173930888930046,0
8.320449998503554,11.404004152327522,0,0.4943883320527289,1.681827279635606,0,0.3057778678677917,3.990384213548591,1,0,0,0,0,0,2.929069248123792,0
5.322696767539112,4.666440786208864,2,0.9358054213877907,0.48288215938004775,0,0.5190672820504957,0.9043668460171459,1,0,0,0,0,0,9.102248791608993,0
9.557908640093268,13.986697331870879,0,0.3973644530786975,1.8964243232867335,0,0.5105472513129227,4.690858787423336,1,0,0,0,0,0,2.3606436310390473,0
5.496750548595523,5.388569904618431,1,1.648760023547735,0.7264157042377117,0,0.5547911909120155,1.7347654892494457,1,0,0,0,0,0,7.932939180871428,0
9.26696563841647,12.731648101695225,0,0.33748427833786837,1.6876598521917088,0,0.317917970596511,4.198736490705483,1,0,0,0,0,0,3.2199194400451048,0
3.8748824695390036,3.3624236598120816,1,1.7299449226475097,0.43693496836292,0,0.11641966291947518,0.9373399105526674,1,0,0,0,0,0,7.440834691665816,0
9.284335773991955,12.941121921384536,0,0.5329381802794044,1.7204659201156485,0,0.500441118407921,4.287384389607489,1,0,0,0,0,0,2.6594050549543047,0
4.916438870967866,4.596239764192945,2,1.5794178324149577,0.6404535703118086,0,0.17513097362164518,1.2300161813163304,1,0,0,0,0,0,6.929880540548787,0
8.948588533817134,12.792594684362195,0,0.2941458461910286,1.8485916679366348,0,0.3226899767509352,4.015377773062639,1,0,0,0,0,0,2.3373734040362226,0
5.74101922052252,5.310849416565257,2,0.989720628927045,0.27171155170909506,0,0.3045557933749247,0.9632999082677804,1,0,0,0,0,0,9.818850438329696,0
7.8156198672140995,10.657513201751364,0,0.8327157191035974,1.5680669754480783,0,0.35040570984381664,4.190997089715168,1,0,0,0,0,0,2.2824849246940193,0
7.3436278583398895,8.040654751799508,1,1.4868255064164286,0.712524361480716,0,0.4653781566756267,1.8856293856956068,1,0,0,0,0,0,7.806180753103249,0
7.017214488817232,9.580358739203263,0,0.8056154249671201,1.5605505031862386,0,0.19772821052801498,3.4676090656113265,1,0,0,0,0,0,1.6247525581333113,0
6.835088102390455,7.338222976267224,2,0.8839105999353642,0.5742468880650983,0,0.3129285591422677,1.7237483820762602,1,0,0,0,0,0,8.300085974007875,0
6.329332862972117,8.342685682059892,0,0.8203600182759596,1.4002090835681233,0,0.650543461164664,3.1215927572684894,1,0,0,0,0,0,2.2203428979841062,0
9.277042869554636,11.87956183322075,1,0.9633039118822457,1.068076402578749,0,0.3054124735388275,3.0239329569506808,1,0,0,0,0,0,5.810708191545534,0
7.352317132248508,8.371505726760436,0,0.6397186432265144,1.336532929060779,0,0.3783376367168711,3.018627281661977,1,0,0,0,0,0,3.6389954591728615,0
9.46457757686983,13.593541918439948,2,2.7981401562054145,1.2288255201890341,0,1.608582494887548,3.330284451778102,1,0,0,0,0,0,3.2676437549442023,0
85.27538988810696,138.88561373739878,2,107.2149278412234,0.30649322451702976,0,1916.2680880355683,0.8430728594784208,1,0,0,0,0,0,325.60997620779284,0
14.491851721853743,18.817642487605553,3,47.59469093141845,0.7933923753172469,0,48.79941534890086,1.8769638978356604,1,0,0,0,0,0,46.23263812149494,0
17.849231473274752,29.154074629074668,0,3.9673962988884925,1.5714136188041292,0,0.2970296832563064,4.4411099032147465,1,0,0,0,0,0,0.8786127347660122,0
14.256119261835087,19.423088737630437,1,1.6410645545665883,2.474223513021263,0,0.3163374912782022,6.944306310029104,1,0,0,0,0,0,4.026789999980972,0
14.944439231951748,20.737921454140185,1,1.680099709433546,1.411727533304742,0,0.28942843841217336,3.769460240130568,1,0,0,0,0,0,4.157906369603715,0
15.77224279652494,21.04376861848346,2,0.8808010634104462,2.9627283610186512,0,0.8808109663387815,6.318068359306389,1,0,0,0,0,0,8.16780095903618,0
6.187363892744289,7.671627715821139,0,1.3295339631073668,1.1545900457869562,0,0.23971727715113708,2.8145640880374607,1,0,0,0,0,0,3.0953684769641323,0
9.101219270184462,11.952672894682028,1,0.4943607406208534,1.0002832575795921,0,0.529860861315899,2.6599799189143307,1,0,0,0,0,0,6.241332647367862,0
6.355099155132196,8.519047298972485,0,0.5418496705853605,1.1237459646351966,0,1.0472478690207785,2.918039741047405,1,0,0,0,0,0,2.3340429044557616,0
7.720247374157232,8.770521734370236,1,1.155670252225155,0.796216068589274,0,0.9247268320127175,2.1280871933571883,1,0,0,0,0,0,7.98657266800878,0
7.215033618362418,9.630892260976747,0,0.4962872016396927,1.4054081173868305,0,1.1150819697968615,3.2870105924064044,1,0,0,0,0,0,3.4250280664571844,0
7.587206924166848,8.663981294044666,2,0.8509218080089883,0.7842978046286659,0,0.14425839281287564,1.9383895131436593,1,0,0,0,0,0,7.815346848051259,0
9.469559341759599,13.499650555457274,0,0.37782580838659563,1.4728886269030328,0,0.25472171208140104,3.750091251133876,1,0,0,0,0,0,3.451899410156557,0
5.171183624386064,4.810283026505621,1,1.1951682261580987,0.47070145209088265,0,0.3192431545385439,0.9717210414720125,1,0,0,0,0,0,9.34446136615158,0
9.830393092663304,13.926091087258884,1,0.6526081632143742,1.7455269422951156,0,0.29777116333347353,3.858293565515246,1,0,0,0,0,0,3.6154248902576818,0
5.872531503364357,5.632415700297466,1,1.531349204901365,0.7306761839834921,0,0.21877122184622644,1.749484154390387,1,0,0,0,0,0,8.106039455173457,0
6.552938913976658,8.420017821015925,1,0.9357089345892293,1.3682778023891013,0,0.3280960225169267,3.231750823426683,1,0,0,0,0,0,3.179994832663713,0
8.559688941654867,9.587559177968783,1,0.5283164643788993,0.9009819856545596,0,0.8279386582757832,2.1644740776785336,1,0,0,0,0,0,5.844904758255743,0
7.708191060412301,8.918681191907641,1,1.4603715920078093,1.0231774798572122,0,0.8265309254808755,2.653656410948784,1,0,0,0,0,0,6.57315833618825,0
6.7434823223889335,9.210707124869131,0,0.6732480970877744,1.471671454515616,0,0.28894445919758327,3.2023145048372506,1,0,0,0,0,0,2.037490524867537,0
6.54715496041675,7.628680936151769,1,1.8986084474755915,0.5582121210211348,0,0.7617133077978033,1.0980725946224448,1,0,0,0,0,0,6.3556321391423625,0
10.316576535896248,15.597465649977517,0,0.48549921422084863,1.9709414323945436,0,0.16346222516034756,4.326648442990678,1,0,0,0,0,0,2.8157089665578505,0
5.62080081079398,5.435580432862432,1,0.9805463092990205,0.805336915855405,0,0.29494969506774993,1.7732338939791972,1,0,0,0,0,0,7.621925790077639,0
9.699094851819357,13.451460601373988,1,0.31380492304471125,1.4475566050482709,0,0.6034081740681735,3.0326822635062616,1,0,0,0,0,0,4.48321471522674,0
9.31609597689344,9.399757095467196,1,0.9344281878870146,0.9871587957367116,0,0.5450307824237381,2.014870529942122,1,0,0,0,0,0,7.13305255660784,0
11.590973309565076,15.429199431713709,1,0.5599931556829135,1.3142228559344282,0,0.7850899191168306,3.2946429322312882,1,0,0,0,0,0,5.6294003146453955,0
4.834159291391723,5.114816443167126,0,0.8447356657053059,1.0381017657735747,0,0.28233902953997203,2.2897290344506827,1,0,0,0,0,0,4.040569281142922,0
8.692373760759052,11.398890698212316,2,0.5566093379888046,1.0842318509984226,0,0.5685704177927186,2.9764981442145544,1,0,0,0,0,0,5.992765159974615,0
5.342933081424782,5.16473712258813,1,0.9777337651151354,0.9217310764959303,0,0.8334046358119331,2.218492302399233,1,0,0,0,0,0,6.174307452573182,0
9.161264267654907,12.628388334756075,1,0.8131824435425754,1.4676708688518887,0,0.4582029583718631,3.3204358032248003,1,0,0,0,0,0,4.654701168164623,0
5.061798899972631,5.071532683450281,0,1.7003657779288954,0.9202250807711464,0,0.3189320423484783,2.217938176006668,1,0,0,0,0,0,5.800941127807884,0
9.764835489603911,14.467293810197738,1,0.3366419616218347,1.3215739805580344,0,0.16028232803897616,3.3204358032248003,1,0,0,0,0,0,3.424452665512871,0
4.353696946148605,3.758724249976107,1,0.9547813706410173,0.7929193228086506,0,0.11673797233440046,1.6800445261389778,1,0,0,0,0,0,7.842845809747882,0
10.402585963911015,15.029980924528948,1,0.6140192631951005,1.7600272406045006,0,0.3405826196321182,3.8427775733251313,1,0,0,0,0,0,3.7536377689252856,0
4.759974876416766,4.4706044251323505,1,1.154791756961847,0.7295541418089526,0,0.8267540369200832,1.7207122364849785,1,0,0,0,0,0,6.2613774075301265,0
9.214945810016262,13.330585299406003,0,0.6865728692803745,1.545681100342645,0,0.9104127305857188,3.9322597714395484,1,0,0,0,0,0,2.9080351274395224,0
5.012559931481322,4.041012837916735,2,1.437784305051785,0.6443666499672038,0,0.4761390378946496,1.4327149352364013,1,0,0,0,0,0,8.903096608039283,0
10.28707580318777,14.565544965248613,0,0.7200208947980099,1.6299584849934632,0,0.12267601042099409,3.8427775733251313,1,0,0,0,0,0,4.3469963234992814,0
4.812022928902512,5.029005688589442,1,1.3510350465511314,0.8807351330868358,0,0.5199450647666735,1.7618928072013698,1,0,0,0,0,0,4.99224495371519,0
9.122974721278341,12.250873299500778,1,0.892417904538145,1.1906108947659462,0,0.34567880319684446,3.3480330627260018,1,0,0,0,0,0,4.764022019044669,0
5.512705322008042,5.783353856811443,0,1.291360238471365,1.0254075172474226,0,0.501831715652768,2.345840913091859,1,0,0,0,0,0,4.833798863295507,0
9.376088869969188,12.281459857713122,2,1.1008266404187685,1.1251591657469797,0,0.38193503673687723,2.8920072120907965,1,0,0,0,0,0,6.291088282708796,0
6.6361289284546645,8.385861494537073,0,0.6096953130886097,1.5008245657009587,0,0.3933639074677028,3.3259716076714625,1,0,0,0,0,0,3.173138165295711,0
7.742495826954209,8.57064590586307,3,0.7042072107035515,0.5547796038988522,0,0.7234870247225327,1.5388594024530682,1,0,0,0,0,0,8.58043861240828,0
8.78605230674577,11.669780825361894,0,0.48962399703502274,1.4239598319466484,0,1.4979926364823342,3.3985470157850823,1,0,0,0,0,0,3.853434539308216,0
6.546391743588895,6.8376172285900205,2,3.333086364461222,0.7366130611619919,0,0.9397696255547396,1.638141429267327,1,0,0,0,0,0,8.163877746035581,0
8.80725642139521,10.828389577662525,0,0.7792945201618244,1.4499303267157542,0,1.0180908558270574,3.465161594614855,1,0,0,0,0,0,5.897620181929654,0
4.866316353780917,4.3600199237110004,2,1.137490391569771,0.34117887648753364,0,0.2909446527409427,0.7646281692404044,1,0,0,0,0,0,8.077614866349972,0
9.145157791291563,12.934509994275198,0,0.4228333928374296,1.6915487109629923,0,0.4159388762484485,4.0248082618713,1,0,0,0,0,0,2.680195667250785,0
6.058016738280825,6.113908041125168,1,1.5452570017310516,0.41258802569844555,0,0.30576373363942366,1.350816439008034,1,0,0,0,0,0,7.956012267136382,0
7.945733059728591,11.01331835784967,0,0.3131597575083227,1.5508962712518293,0,0.6491359644243626,3.9540212671568598,1,0,0,0,0,0,2.972261440824832,0
7.809057619077193,9.111879572683277,2,0.9449982130132222,0.5655434158469804,0,0.18897428044378334,1.4417658802721807,1,0,0,0,0,0,7.95875352204555,0
6.041192695178006,7.717169512959579,0,0.2922550513796293,1.3867698593865723,0,0.3749439016643943,2.785371190584773,1,0,0,0,0,0,3.2911571043984225,0
9.657073536790655,12.88375698718567,1,0.9863470886684377,1.0489270997849516,0,0.9674628462112554,3.0780402516564793,1,0,0,0,0,0,5.9185506906946,0
5.124654245191449,5.248885940527252,0,1.3862950405473615,0.9210680374612281,0,0.22392835973894692,2.1378366329810055,1,0,0,0,0,0,5.095571576742187,0
10.039728900326578,13.92198376231515,1,0.7310907450037096,1.4246576097585435,0,0.22064831642150032,3.231750823426683,1,0,0,0,0,0,4.501485472911941,0
4.010770174932052,3.5078182743397845,1,1.4139174557237006,0.6793032696134821,0,0.7439298723043366,1.109047685190571,1,0,0,0,0,0,8.014192427524572,0
10.772387720537418,16.090654578635565,0,0.3431425794379153,1.7265785072062085,0,0.3896829426188483,4.071991964933215,1,0,0,0,0,0,3.148192086122491,0
4.772738708220455,4.475115505943122,1,0.9227630181322177,0.5883937388781522,0,0.265445476295587,1.3665601065016286,1,0,0,0,0,0,6.079780517610315,0
9.064384038066976,13.22568206796894,0,0.4204929173841873,1.6588589559260067,0,0.26236107978245155,3.708259461450335,1,0,0,0,0,0,2.747542542998268,0
4.423906606986803,4.067094654222039,1,1.7402230384051791,0.31885036797935257,0,0.3545542688716976,0.6646496782024771,1,0,0,0,0,0,9.037244390876918,0
8.259338524383116,11.993564157575126,0,0.8093579313370798,1.7247627606281517,0,0.5228775059072768,3.8675052759017436,1,0,0,0,0,0,2.252077888373336,0
6.689158019563096,7.138707237903216,1,0.9193434095899402,0.6507666523135626,0,0.38033943465205605,1.5528307483078194,1,0,0,0,0,0,8.138336280406772,0
8.214093442371661,11.947825454696385,0,0.2371014122168022,1.5575348974529308,0,0.4530182903732875,3.7130371815491845,1,0,0,0,0,0,2.5877524499147277,0
4.934911766527918,4.629110324201546,2,1.8631260683219426,0.3208741865993855,0,0.34163777582221094,0.8943516183191526,1,0,0,0,0,0,8.842263120720414,0
9.576831775675217,13.849268987052646,0,0.3918323253176601,1.7262167645241036,0,0.5473730788608867,4.353344311271349,1,0,0,0,0,0,2.7934345986667646,0
5.538787387442683,5.375059640812623,1,0.9383504555013125,0.6672713502842174,0,0.24674019066873948,1.666738102190767,1,0,0,0,0,0,7.162270562004418,0
9.30610694149403,13.220891335641433,1,0.698897562949395,1.4608883926023455,0,0.5154498019867206,3.4380834685806807,1,0,0,0,0,0,4.093421539130729,0
4.379655004513142,3.809420103056552,1,2.0165331277765715,0.8217274956735253,0,0.5087964734674579,1.9514371628590585,1,0,0,0,0,0,6.7419451341711065,0
10.424490443553978,14.429693903583885,1,0.66243090766351,1.3300830997944693,0,0.24433407320023187,3.3476884067943544,1,0,0,0,0,0,5.2931266430571595,0
5.510195758325221,6.755989205428716,0,0.684169695185201,1.0218343737115059,0,0.29140735383439353,2.2834949132448794,1,0,0,0,0,0,3.4569620350736203,0
8.502374037519306,10.318908475950485,2,0.8892322535892041,0.8852827643490182,0,1.4496699218925428,2.36774849107512,1,0,0,0,0,0,7.527470455794852,0
6.69162663170512,8.519123752373487,0,0.7502345562607606,1.4327264499318992,0,0.9862874422057775,2.874399431755581,1,0,0,0,0,0,4.117487813896039,0
7.595564658305049,9.690712847316123,2,0.8833796752104485,0.8615587708783978,0,0.96775077551106,1.8762124142759578,1,0,0,0,0,0,5.615617989169077,0
7.723902759600707,10.823129170923078,0,0.35881848532754423,1.6633215244049995,0,0.4077761929793511,3.4894756502450206,1,0,0,0,0,0,2.2389636166773914,0
5.961833696543145,6.623964178114114,1,2.541097898008825,0.45212906531312547,0,0.5480315793311937,0.9625883361799131,1,0,0,0,0,0,6.395731047849589,0
8.484498668965887,11.643463632497635,0,0.6317440817965456,1.7759504176752636,0,0.45092961795809616,4.012245394590208,1,0,0,0,0,0,3.8247426741143324,0
5.9465108862158935,5.7242528362948555,2,0.5569707172344096,0.692621138369581,0,0.26893462179270555,1.495485176400293,1,0,0,0,0,0,8.689449908455055,0
8.486080828869948,12.303374446606004,0,0.37577874300270986,1.6508500422280203,0,0.2403489870853972,3.6900384192909175,1,0,0,0,0,0,2.5525560019751166,0
4.946261104112425,4.9087398387486765,1,1.571670364596433,0.32498956440611904,0,0.1679954866274823,0.9534520532465838,1,0,0,0,0,0,7.2102874631991805,0
8.165818483198112,11.815537442135374,0,0.44406307662664257,1.7247627606281517,0,0.8784267679401305,3.8675052759017436,1,0,0,0,0,0,2.0316336886238875,0
6.3348060781889295,6.546956616615748,2,0.6697751254677691,0.5012755484677273,0,0.2926474785716747,1.5886801320061397,1,0,0,0,0,0,7.740294868893294,0
8.231221719978194,12.236966353888452,0,0.7401653782985891,1.6083006066085128,0,0.4684911264432294,3.8036188973708933,1,0,0,0,0,0,1.996002043300117,0
4.751581693224752,4.1830847025627005,1,1.699751347498779,0.37266919440675106,0,0.19471168524302096,0.7110891714630998,1,0,0,0,0,0,7.765151332510557,0
8.401759410209943,11.65496736473376,0,0.6513160510134866,1.6487671889728945,0,1.2338725958272614,3.4797363122329386,1,0,0,0,0,0,2.27120562000006,0
6.605888795061471,7.46915154313534,2,1.5167327650907423,0.5497591463724721,0,0.35395324648195803,1.7093269872902512,1,0,0,0,0,0,6.3725351189092,0
6.646328440565434,8.427177941002553,0,0.9802356645645899,1.5703569538320687,0,0.38283807341205234,3.74960722991674,1,0,0,0,0,0,3.5584552230858293,0
8.149035453661144,10.12364213007201,1,1.6681933961339181,0.6926377661024188,0,0.2818850914887072,2.1475976259038743,1,0,0,0,0,0,6.263052456488579,0
5.636067336849212,6.979638753699138,0,0.5575450399345133,1.0622481951363927,0,0.7439796411306204,2.5486776205316177,1,0,0,0,0,0,3.244181323554094,0
9.86691407333722,13.680490731201981,2,0.17813495280214492,1.3215739805580344,0,0.6834244658834063,3.3204358032248003,1,0,0,0,0,0,4.968962993857555,0
5.167551676169391,5.320169929434355,0,0.9034730056600087,0.9294819231189683,0,0.3442411247388122,2.2703569275113935,1,0,0,0,0,0,5.335241574554493,0
8.980456539246525,13.229712323402191,1,0.8951977388754901,1.297940801528925,0,0.14523046634430106,3.5053440438738344,1,0,0,0,0,0,2.941268298495495,0
4.313011515222013,3.473948556195451,1,2.2025291939000846,0.730657649461174,0,0.385628826423292,1.5914756738956053,1,0,0,0,0,0,7.0497537215370265,0
9.628033362695852,13.825536264169939,1,0.6303796405002662,1.5167395123189857,0,0.6258334064388593,3.7133896756558227,1,0,0,0,0,0,3.1476676060179027,0
4.834998209926381,4.060191317308245,1,1.0012061996899018,0.5626341603914576,0,0.2369721737688748,1.4894675236931236,1,0,0,0,0,0,7.139116881949871,0
9.162166656553321,13.114443548662328,1,0.42401347275722023,1.5573935689498626,0,0.6732180350971052,3.4056881344009904,1,0,0,0,0,0,3.436976611926669,0
4.7837691670628635,4.164009840493247,1,1.1052530419382702,0.8394826673230632,0,0.4626538780429126,1.78866608256629,1,0,0,0,0,0,7.275415474086742,0
9.853779364931285,14.623122623086896,1,0.6094541097599386,1.4569184088844573,0,0.18188838863909307,3.701392662005394,1,0,0,0,0,0,2.902347513233373,0
5.4551177726469575,5.721924646709413,0,1.169760860775034,0.8497824329271831,0,0.5217278801902056,2.174722504148456,1,0,0,0,0,0,5.380061277561562,0
9.082472714286675,12.304510258535785,1,0.7242763864559844,1.246256705665193,0,0.5832935399299882,3.0880102694750065,1,0,0,0,0,0,5.142552589220623,0
5.395850926961893,5.759990174871577,1,1.3004273651845828,1.2438738404569307,0,0.5050285916251044,2.2824504673960972,1,0,0,0,0,0,5.043618038608113,0
10.413234327997436,14.241830586224362,1,0.2911227787589038,1.1988954084896344,0,0.4805183883873954,3.1822426603525926,1,0,0,0,0,0,5.192789709805183,0
5.566076604471738,6.836424029668045,1,0.3659975180158251,1.183995790366194,0,0.5876185310951285,2.579182819458781,1,0,0,0,0,0,3.8176840386337436,0
8.066333386649607,10.478046603657873,1,1.6576137124528239,0.8553766086586921,0,0.4096785335845415,2.4134112655546907,1,0,0,0,0,0,5.415164322938593,0
6.297231772424137,8.35582726759647,0,0.9691344133705819,1.262636155020314,0,0.4156198105229401,2.7788186838182245,1,0,0,0,0,0,2.8853702586349366,0
8.043658646295992,8.551116346572238,2,0.7396522372886081,0.8713837319765819,0,0.7027126700441606,2.0331048464342074,1,0,0,0,0,0,9.658686751263527,0
7.758063382082035,10.941765048286104,0,0.8294003874245113,1.525797478332595,0,0.4645077128900682,3.666926148072248,1,0,0,0,0,0,2.090041970050059,0
5.419123850123597,5.1171769914497975,2,1.6329691962153832,0.3924549208151014,0,0.6891573430284644,0.9411497735996149,1,0,0,0,0,0,7.740242566788221,0
9.90905257667342,13.025089135026775,1,0.8382591368342882,1.7601968785847433,0,1.3707552301824546,4.117751416559568,1,0,0,0,0,0,3.6072530881813174,0
7.394653415165752,6.538368385887019,1,0.541399384853982,0.626654709681967,0,0.25359917392394665,1.5922819304742544,1,0,0,0,0,0,11.000016070883547,0
9.58497412438393,13.504241936254683,0,0.43805215644201356,1.5364524476420915,0,0.029837090737070193,3.526438756381757,1,0,0,0,0,0,3.9630788911458925,0
4.309859588885379,3.5350879790314886,1,1.3059194973954038,0.6148554605043864,0,0.2743784600008631,1.1027942306530565,1,0,0,0,0,0,8.498306107307933,0
9.185364800191662,13.583855784802987,0,0.8292319250995099,1.636319117584561,0,1.0298332697060553,3.853391686778412,1,0,0,0,0,0,2.4933249229740517,0
5.211790442601909,5.213147505221098,1,1.4207379084510332,0.7517561531822612,0,0.4429113494196689,1.7656503584845105,1,0,0,0,0,0,7.175892047328016,0
9.258929456198683,13.655160637542817,1,0.8526532901524031,1.4608883926023455,0,0.39278255128587236,3.4380834685806807,1,0,0,0,0,0,3.252915239549388,0
4.913732673185294,4.786873151220058,1,1.9800714798859969,0.77520402959328,0,0.20232264209823475,2.0210711622113315,1,0,0,0,0,0,6.3590914637987925,0
10.602221425327892,15.20451494556576,1,0.7581450803960389,1.3497084148918195,0,0.772609996785742,3.626043958288262,1,0,0,0,0,0,4.584270037193318,0
5.65988872356027,7.271585741842174,1,1.1508799680525281,1.0899529689000662,0,0.4071887760946433,2.4781123482580067,1,0,0,0,0,0,3.5072820540686958,0
7.861437142675015,10.28112410815613,1,1.4581005805829863,0.9226829743336875,0,0.49723541703642943,2.1629816241122723,1,0,0,0,0,0,5.178918712046833,0
7.238667097816565,9.956064823347468,1,0.6761045909448061,1.3861406899599715,0,1.345035051445298,3.528898108353805,1,0,0,0,0,0,2.886287100648027,0
8.000068963090582,7.556470173558337,2,0.5638951732629127,0.7023934710078459,0,1.4504105012596935,2.049293817133644,1,0,0,0,0,0,11.74547292309872,0
9.226842600328094,12.694182901551226,1,0.9380385681291183,1.5443149080896408,0,0.3184111920214139,3.480581521724293,1,0,0,0,0,0,3.9932692767417786,0
4.617959700178315,4.312379416237274,1,1.5972948042613966,0.7482159744871574,0,0.642227593180657,1.8230295972200166,1,0,0,0,0,0,6.135197088839473,0
9.518845042662761,12.519962474587489,1,0.9130644242874526,1.2592619329286403,0,0.4796060742760453,2.9740250498070004,1,0,0,0,0,0,6.144984617983115,0
6.9954710293798605,9.247373947675996,0,0.7545041497840923,1.2240571253651993,0,0.27168935298159047,2.8789830277088235,1,0,0,0,0,0,3.0019162646534925,0
6.857007549110552,6.773538888188551,1,1.1814491377967595,0.480498479947262,0,0.10520548280868561,1.2512588983133455,1,0,0,0,0,0,9.37348739767004,0
10.0899986642195,13.94102128467997,0,0.36843843456328895,1.6362037234810614,0,0.20641082892796614,3.742827520754763,1,0,0,0,0,0,4.382681980090639,0
5.234081854647819,5.390191150906541,0,0.9385100843086119,0.8691998557623469,0,0.3389348722384747,2.192804401485365,1,0,0,0,0,0,4.550047236597525,0
8.015386174108045,9.513118308767606,2,1.016711221151277,0.9177078925304823,0,0.3456636202768867,2.3235872410688825,1,0,0,0,0,0,7.563230276513977,0
7.004228695042788,9.670008207921306,0,0.6188404435509112,1.4241230029432395,0,0.7639122229257458,3.2995558096017095,1,0,0,0,0,0,2.7785052402814543,0
6.307312539430124,6.927925867316806,2,0.9530179786440744,0.8605957963476984,0,0.3053959575531937,1.8076207230613117,1,0,0,0,0,0,6.379977823856746,0
9.022988749850967,13.035951491841992,0,0.4364507192193664,1.4006077906256948,0,0.3750590913449623,3.677968650455608,1,0,0,0,0,0,3.2727905144288227,0
4.566341059947454,3.8405203221058657,2,2.148710266715357,0.7577549162378282,0,0.5628279301441672,1.705675377363269,1,0,0,0,0,0,6.693117740833762,0
9.866745742229918,14.680432218779837,0,1.299135063012771,1.4283775827829421,0,0.20641082892796614,3.701392662005394,1,0,0,0,0,0,2.9274117200970853,0
5.013227783017745,4.68357580662823,1,0.24900910909687754,0.8646436098925239,0,0.5277657403461185,2.105586713047872,1,0,0,0,0,0,6.399373345021556,0
8.913682460975275,12.257887317816833,1,1.7284825717299785,1.1968602171836071,0,0.6050395897189259,3.0097109329301963,1,0,0,0,0,0,4.197447204334454,0
4.515970575619699,4.593690444162559,0,2.4167133229113613,0.9376859464171821,0,0.33569107351588534,1.921295251535316,1,0,0,0,0,0,4.778180362301412,0
10.620289490524554,13.798974678558228,2,0.35377459410334133,1.6090999654854694,0,0.690703202962036,4.158627749299213,1,0,0,0,0,0,5.950915617505915,0
4.589255531139249,4.116689903492278,1,0.5430584519830419,0.8975864359300039,0,0.7317586313006277,1.7347285748920689,1,0,0,0,0,0,5.383410609276076,0
9.249204360769982,12.821199300209793,0,0.7361712323709699,1.550735781552049,0,0.5524553198981756,3.3204358032248003,1,0,0,0,0,0,3.8339178573845327,0
3.7927925056459375,3.114079176678722,1,0.7707940108145044,0.6389556254748354,0,0.21801432605851395,1.290895082837024,1,0,0,0,0,0,7.114677426559413,0
10.102090976516056,14.32206759735419,0,1.5273798847309548,1.6943524065905438,0,0.35673594773827677,4.190730919567576,1,0,0,0,0,0,3.321239358205616,0
4.433517606956855,4.100143024004808,1,0.9379225389861157,0.6521575014431846,0,0.7794331310803241,1.5524596306832081,1,0,0,0,0,0,6.540879563624797,0
7.417312212851035,10.009605799535892,2,2.3826964609117,1.5928483493745247,0,0.6049602515755338,3.9659077941115157,1,0,0,0,0,0,3.462248251648763,0
14.356105536783497,19.17843177521412,0,2.807385191864931,0.3267929834685741,0,0.9824468433405371,0.8268909655945571,1,0,0,0,0,0,9.444566197869575,0
9.33448562286355,11.332942112334162,1,1.4729760887096004,1.865670171473,0,0.4578930803357703,4.159278222324181,1,0,0,0,0,0,6.493089110753025,0
6.971673478772927,6.557712484368017,4,0.6787862212538169,0.5213469483951877,0,0.9728621466198893,1.4112656994593167,1,0,0,0,0,0,10.730288265236705,0
9.936153911299654,11.672233627505292,3,0.9661864589885377,1.685381514386779,0,1.4725449598965383,4.03587284676437,1,0,0,0,0,0,6.490654794582929,0
11.303907658356625,14.650712250038579,3,0.523872683098506,1.1127669035748533,0,0.9795775760336547,3.252828305413617,1,0,0,0,0,0,7.484482882203771,0
5.0811798473623,4.470794792317193,1,0.8437832592879035,0.8076237548143768,0,0.18513844024657242,1.6410614867346418,1,0,0,0,0,0,8.587284640015385,0
9.488205327607528,14.064644530178262,0,1.7693099969529884,1.5265387011091103,0,1.1656152556609711,3.8823083082759977,1,0,0,0,0,0,1.954686841095509,0
7.246371067960884,7.602980860077605,1,13.402435764432457,0.5947184601016338,0,2.247258989756701,1.4327149352364013,1,0,0,0,0,0,19.515617453037052,0
10.745781447490518,15.859266951864122,1,0.37922593639301533,1.6299584849934632,0,0.20742831374284848,3.8427775733251313,1,0,0,0,0,0,3.4278274745527435,0
6.169173539099933,5.202602270813394,1,1.6446957210113333,0.8524018621634258,0,0.7642429567739023,1.7698125949080015,1,0,0,0,0,0,8.390603203791775,0
9.59028621356499,12.811439012895876,1,0.5907626635473961,1.452076885257882,0,0.4780125700690558,3.0780402516564793,1,0,0,0,0,0,4.923236079042648,0
5.166134609121567,5.2564021538292405,1,0.9210861373754375,0.8268087641513124,0,0.1852317611679276,1.8627092245994372,1,0,0,0,0,0,6.099271881872593,0
10.351702430354246,14.040261513584484,1,0.9982169927403394,1.244976685279635,0,0.40597009696539565,2.930275191559444,1,0,0,0,0,0,5.274057056526633,0
5.21150279357178,6.416788894094259,0,1.202432286132871,1.141533787198965,0,0.4838103774912831,2.568071208511353,1,0,0,0,0,0,3.4396536652983922,0
1.6587231244128542,1.6329158674096778,0,2.7374777502646097,0.04617279553149131,0,0.6641378597098712,24211.1779858633,1,0,0,0,0,0,0.40645813230993816,0
0.9510224251689156,1.2368505966997125,0,0.012264525658204605,0.0002996947951945309,0,0.8098626455591208,14123.775356890224,1,0,0,0,0,0,0.1203920425814892,0
3.942742274287217,4.2097623318099995,0,8.723470780017204,0.04057584893019111,0,2.532758516563467,14123.187158420258,1,0,0,0,0,0,1.1119691017804938,0
3.944636468733001,5.422816365842011,0,2.0736184082462237,0.08792524089370574,0,0.9148679795409647,0.04854307502975024,1,0,0,0,0,0,0.3316371373377752,0
156.43906848898632,136.99846744910636,4,232.22677335203824,82.75800807826957,3,100.44667571307988,12897.708052263963,1,0,0,0,0,3,105.00284129590217,0
357.65867331095455,327.16735465332823,2,135.2608165201514,19.42394880224378,9,134.64968296092877,187.7307677381122,1,0,0,0,0,9,18.98508276777977,4
28.131542994956078,9.37663408094141,1,677.8633764748171,54.11604131472199,0,1735.4697323184118,7.442302317634616,1,0,0,0,0,0,33.312856893729304,0
15.123894751551529,9.25622414505657,0,137.3043971686179,0.03614412296923399,0,16.338352691383392,0.3348636614460456,1,0,0,0,0,0,25.560452437724166,0
528.9737847241952,819.3264429990061,3,197.5588512619646,0.44377443841596365,0,605.9980448161505,0.5236336662038543,1,0,0,0,0,0,144.01108369458402,9
67.43801519911571,115.4666359956655,0,8.378825475137205,0.005882436164040933,0,1.3732253745146283,0.04535346208280561,1,0,0,0,0,0,0.4133449072622774,1
9.360632748271243,9.11476778844612,0,1.8419580096995951,311.5241898203374,0,0.6464165296929909,0.06404886510824291,1,0,0,0,0,0,0.37260749813264515,0
2.882181607618591,2.347243843472759,0,1.6537635675129274,282.5024296208106,0,0.48437319693051395,0.41820736373877176,1,0,0,0,0,0,0.3419754179064006,0
10.021351718566425,6.478353463498703,0,4.677064457615622,7.926302122071348,0,1.760074922432676,10.59555609781299,1,0,0,0,0,0,0.4237157866857896,0
33.96295001363413,51.84704402389078,8,95.64593642356988,0.2078862034244126,0,1.0181575301432062,0.1318936796866041,1,0,0,0,0,0,0.5594547479918602,0
9.223691192423624,10.497286744084183,1,3.2605933296391973,0.06642907479961789,0,2.539116829620189,0.042649858980898,1,0,0,0,0,0,0.21989492828270282,0
27.65290370765151,35.85260927574097,4,36.678966347182296,0.08613669521647818,1,13.304337906462903,0.24232681627139308,1,0,0,0,0,0,2.8457583467856287,0
9.625937470579334,11.593283265456652,3,65.94266552857565,0.11245321354433388,0,3.340781673184865,0.2889313677778121,1,0,0,0,0,0,0.8223208946214087,0
7.004755883785435,7.489231881324393,0,5.3709109425055805,0.049521877820572754,0,1.24008364386327,0.07024131757168797,1,0,0,0,0,0,0.4445359081277275,0
12.443078443943278,7.6169721172344,2,38.77732621294791,2.6861414614094765,0,33.26998271347165,1.026363796762853,1,0,0,0,0,0,23.97628060999707,0
31.178554611876837,39.43301712746119,1,112.70250338838818,19.050076460412217,0,32.899022393305444,1.4493251133957148,1,0,0,0,0,0,19.848854186590184,0
1.72865591396618,2.106601490713313,0,28.96049723127542,0.13397792087871258,0,1.2952085373903308,0.1095398076157171,1,0,0,0,0,0,0.3639692606680116,0
4.024119913881336,4.333202180693008,0,4.349779772957671,0.23427696605283255,0,5.267747699290528,0.1596496470301706,1,0,0,0,0,0,0.47853349372141296,0
7.397938251926634,5.264470957051992,0,9.184594620683644,1.0608365435402813,0,0.6885863775037404,1.9842027729889313,1,0,0,0,0,0,0.938276215217362,0
8.137605295844475,9.978993311878414,0,3.2926067612225203,1.1100380149140452,0,10.275615124045789,0.4341619487641015,1,0,0,0,0,0,0.8926796485638666,0
1.6368740252596796,1.2075867926984076,0,2.4690285984703575,0.5395055535163107,0,0.4262578572461407,0.13143036422976484,1,0,0,0,0,0,0.6785431050035067,0
0.816899246126513,0.7046060715887105,0,1.0429848053024564,0.0817205453033498,0,0.31800043514114795,0.055300840540795156,1,0,0,0,0,0,0.19904015595713612,0
4.458580878647264,6.877978220140742,0,3.780935223774671,0.02553210144539942,0,1.479289126902183,0.04174873476372275,1,0,0,0,0,0,0.22060929981567515,0
35.42961978558185,60.013673502335145,1,9.617719910689864,0.003124949221827182,0,1.576387611430977,0.04171881441984034,1,0,0,0,0,0,0.5195485101936024,0
4.289726480064499,6.417535854516025,0,1.5726049692722364,0.02893517976870842,0,1.660946420126218,0.01727320437931989,1,0,0,0,0,0,0.3152707110496549,0
13.410750341662231,19.26188425436598,2,12.125553762100465,0.009006349471590817,0,1.532389513326428,0.015455231790136957,1,0,0,0,0,0,0.1664148504317841,0
13.434447512818037,21.47200191523005,0,6.3253788375315505,0.02313118311722054,0,1.8481657712515243,0.02102824348261085,1,0,0,0,0,0,0.13202108291591463,0
30.04693899257497,48.20327204750092,0,3.030309836747515,0.3465942178535801,0,0.596805894410067,0.05901655507505116,1,0,0,0,0,0,0.6603670117316962,0
0.8471760559611716,0.611648872106963,0,1.0401560247006305,0.2371213983416444,0,0.22757931830310055,0.10038858774081384,1,0,0,0,0,0,0.6355269040874159,0
1.4579451388340599,0.747128582868512,0,5.5362395129948805,0.35799678541647584,0,1.3949354699446992,0.17167207440222704,1,0,0,0,0,0,0.6921560719916295,0
5.272307600055227,6.359659935483845,0,5.019269293065102,0.11768003745544335,0,0.9338310523345706,0.08892037613899922,1,0,0,0,0,0,0.45429225938554285,0
1.8580312947967512,1.5234386608627555,0,0.8874952620775987,0.13322160406474803,0,0.22757931830310055,0.05695967820058462,1,0,0,0,0,0,0.5361467433522685,0
3.2538610442936458,2.6486969702178107,0,5.025942591976882,0.45922461119806346,0,1.2236331260054947,0.4304225909257985,1,0,0,0,0,0,0.6814081955117566,0
7.788957815367512,9.09470187676123,0,47.10854804941779,0.06867666116301903,0,2.7672056846285824,0.2564037890977946,1,0,0,0,0,0,1.7965225899882782,0
25.767870648741052,38.11783420062608,0,22.159555383594572,0.03811588730778656,0,2.3052237756906058,0.08543632287101419,1,0,0,0,0,0,1.184553689098816,0
24.233923272977297,39.453699416186545,0,7.629148951330972,0.02606850760356408,0,3.211576121462974,0.061747948245199046,1,0,0,0,0,0,0.17391744996209227,0
19.016432072834874,31.486104047487927,0,12.249163871934954,0.01782853872547747,0,1.4440501345617651,0.052726643121963186,1,0,0,0,0,0,0.28710149142421965,0
45.92481249764441,73.80484899813528,0,19.84231738092454,0.024045830383117646,0,3.789076666359975,0.1021359284298192,1,0,0,0,0,0,0.9940805125216041,0
6.3217684233182325,7.955109558227525,0,6.0156430907058125,0.0029904586462024896,0,1.0601946134947544,0.03432453650247686,1,0,0,0,0,0,0.21648214620448847,0
3.028350242355126,4.50962013792135,0,1.7662530390744964,0.0028008366190351566,0,0.6035522261576228,0.018622002641978132,1,0,0,0,0,0,0.17008893825329283,0
30.504563814867037,46.79348222641148,0,3.2565706191790063,0.014878211255533375,0,1.9116399083759363,0.06319841837184942,1,0,0,0,0,0,0.23591115633906512,0
44.31442739636625,69.80260564937589,0,11.248651062454993,0.27059583967998324,0,5.632065939075524,0.796741159647151,1,0,0,0,0,0,1.434831683804961,0
10.749031846942186,16.42078577127213,0,11.137982357579013,0.08375828866394838,0,3.269401947549115,0.029593294410288205,1,0,0,0,0,0,0.2538987011661116,0
4.073156674485253,5.960968440357177,0,1.7203741182413261,0.02705141825684299,0,2.078126489940883,0.011363233485053406,1,0,0,0,0,0,0.12469847183317309,0
31.841318154855365,52.70476969871301,0,8.608358483249573,0.02464216337730018,0,0.8366357806207522,0.02057877324150826,1,0,0,0,0,0,0.4014561525124276,0
37.678993947599544,58.355098451270656,0,5.923654562133066,0.012366241583478694,0,4.799920093326561,0.007857286032740059,1,0,0,0,0,0,0.320534142796489,0
2.7439877835625306,2.6749591926037066,0,8.271235761387368,0.26525835583646173,0,1.0068196489585062,0.05123310292466587,1,0,0,0,0,0,0.4886501288752534,0
163.24181774192857,253.7670651559713,6,263.51829986501605,0.31497256176784,0,2.8311892882625367,0.22950828958415087,1,0,0,0,0,1,4.692531827725571,3
5.765997394609819,5.17083003688085,1,15.348794503706184,0.10479851950011032,0,3.644891739193455,0.4381882009231647,1,0,0,0,0,0,0.548883130605115,0
15.786607632612712,25.47111506920203,0,6.14790312625616,0.009428030038362699,0,0.5182408707611598,0.012909718806326085,1,0,0,0,0,0,0.3043474813055092,0
11.606826724212906,18.317781460832116,0,4.637603343857282,0.052123305902398574,0,2.560114827238303,0.023229245578430986,1,0,0,0,0,0,0.22722225936372245,0
15.010515789573086,14.576570439402113,0,8.501287072133666,0.6448390859610573,0,7.805905927631736,0.38011586801198455,1,0,0,0,0,0,4.963569501264998,0
1.8743190899496516,1.1587285137303802,0,9.285103411110331,0.4646367042107351,0,3.3450884012369215,0.10265177081174093,1,0,0,0,0,0,1.0576468893684274,0
3.851044294808276,3.573927673616278,0,30.52327999554015,1.7259706588668946,0,3.048797852903872,0.723778553901689,1,0,0,0,0,0,1.498013442971937,0
2.809192608215874,3.7208280978053905,0,3.5333953750568017,0.538299309485835,0,0.6742498250291358,0.19047860389821283,1,0,0,0,0,0,0.10525588892394241,0
4.516244616239849,7.100157485612539,0,4.949251971902099,0.07407556765189113,0,2.2927635574037573,0.10291858230321882,1,0,0,0,0,0,0.13518262939392828,0
2.0625766252229183,2.536993933429809,0,6.578176968471952,0.17546819966261398,0,0.9386024753676043,1.0954811451107032,1,0,0,0,0,0,0.495473221835947,0
0.17826448769060882,0.16618021478755385,0,1.6136749271932778,0.0005473146636716349,0,1.0107973930524674,0.010267668490369967,1,0,0,0,0,0,0.1829454900407764,0
0.7680281030241655,0.5726681602092231,0,1.385678583086947,0.010989184311670458,0,2.4701755875267652,0.008034007405200296,1,0,0,0,0,0,0.26729127344560355,0
0.720260830754678,0.5147107157305815,0,2.996677672085849,0.030874025343492505,0,1.426016790895107,0.010187237207786984,1,0,0,0,0,0,0.2130890146541596,0
1.3320824971164187,0.988123232172285,0,3.2659650880936413,0.018981931190003083,0,2.381741239272952,0.015821059563084633,1,0,0,0,0,0,0.4178344016565918,0
1.8101403170954273,2.197828591121506,0,4.763814434539243,0.018711443621802964,0,1.1766262523540891,0.016761209280434546,1,0,0,0,0,0,0.181507799059177,0
0.7064299544981406,0.42844606139340496,0,12.433016829004288,0.07800636591477188,0,1.1026203650963389,0.013157910643693885,1,0,0,0,0,0,1.0912418096979073,0
15.626707886679581,17.94978507599408,2,23.994876642000303,0.017770157706374516,0,7.157998628147008,0.08010036284927002,1,0,0,0,0,0,0.4169774601272751,0
19.032865935491415,27.883445552625876,1,16.356892699656918,0.039852770709484245,0,5.330475647204911,0.05555494011156336,1,0,0,0,0,0,1.9369991038903847,0
9.872228197817432,6.381852421376475,0,20.060700975023224,0.1585702368074635,0,2.8680698548875543,0.14264785253847628,1,0,0,0,0,0,0.6128591203277565,0
0.574975046366909,0.2959936153248965,0,19.39934045614205,0.004008440205645896,0,1.1368326563091882,0.03390055389298674,1,0,0,0,0,0,0.589798596082385,0
0.8859921186780909,0.9379602817045006,0,6.927959656623964,0.010678562635841556,0,1.2353631308129078,0.010187237207786984,1,0,0,0,0,0,0.12285395217289649,0
0.408736756079479,0.23034742439572864,0,3.1216298191918197,0.004209109394100358,0,1.3586865290355583,0.01291002521292125,1,0,0,0,0,0,0.18758511925094432,0
0.43051756210804754,0.29435977231618055,0,0.9972329464245823,0.01678936344210813,0,0.7268350010963628,0.027132548633109987,1,0,0,0,0,0,0.23632356583852415,0
0.4350644774633694,0.2955527722764465,0,1.3619950534847862,0.018142790858790343,0,0.2844741478788757,0.029686353443398244,1,0,0,0,0,0,0.1407435959058991,0
1.2324061721298958,0.8510936019218774,0,8.742287121380318,0.04445102575398292,0,1.9418418401526232,0.024348433902446284,1,0,0,0,0,0,0.4988109104755679,0
2.5113299071385624,3.1357692362023304,0,2.8192100966866644,0.6997149737719643,0,3.127347070438774,0.06005616727593341,1,0,0,0,0,0,0.1159636587186197,0
19.547014614692884,19.272303462751637,0,7.193933890681671,0.6644144494588818,0,1.624067953620994,0.4559722740407285,1,0,0,0,0,0,0.9609850861649112,0
5.975240471467309,6.274133388400827,2,36.9801296831806,0.24173821751274638,0,3.834144641168676,0.1363643384305542,1,0,0,0,0,0,1.9400364583093628,0
16.353406671636925,24.007373846565237,0,20.267416951511535,0.09866900200433315,0,3.219674911785935,0.10597081465854184,1,0,0,0,0,0,0.7235428189116846,0
75.71488677905687,113.68903679286633,2,48.319747363950285,0.2774386040021545,0,5.416529003791872,0.08615273742258406,1,0,0,0,0,0,0.3448879113031929,1
6.433507569479838,6.395792027843717,0,20.744733773332754,0.12356609561431951,1,12.868852615589624,0.06899866083265645,1,0,0,0,0,0,1.3645260608505312,0
220.19575712339383,378.212407255154,0,8.572448274155997,0.010383179480968986,0,2.312900000725591,0.038805313003315536,1,0,0,0,0,0,0.29800968465301914,4
78.32363005698264,131.92229126290715,1,9.770100645931691,0.02135125173075686,0,3.4946861388778077,0.0893565680484533,1,0,0,0,0,0,0.6307339504905274,1
0.9319799520377441,0.6156130810893504,0,4.177475619979306,0.015781706875064506,0,3.0126176571630117,0.026301363632882768,1,0,0,0,0,0,0.4631287182564302,0
0.5985707135214337,0.32256694880324543,0,51.58486226732402,0.018069575063585117,0,1.424834859849795,0.007351798982489905,1,0,0,0,0,0,0.568890735683835,0
0.9965873630231076,1.1306890546985475,0,2.8595774508531875,0.012247398849615548,0,2.9821707823828247,0.00627979522104593,1,0,0,0,0,0,0.07222518490255112,0
1.0766233308281978,0.9448788471621989,0,2.1102951189213774,0.0015704137903715634,0,0.5955113723631769,0.016767176338303227,1,0,0,0,0,0,0.19153242018810632,0
1.1931722199562507,0.8657334209699152,0,2.4047677759805026,0.024727257716412404,0,1.9463669655411804,0.03404064913212791,1,0,0,0,0,0,0.6052009806159631,0
0.3109548340929116,0.1365843623600291,0,13.015514659446998,0.015921492229730373,0,3.058390337574119,0.03164239869619631,1,0,0,0,0,0,0.12373851994930095,0
12.967557278129295,21.465464119777522,0,6.840283556626841,0.013184504828077119,0,0.7731524582329017,0.04708802862696301,1,0,0,0,0,0,0.23133106946890114,0
12.344018774793788,18.661885165294464,0,3.6471811363984834,0.10725592000233973,0,0.919599458308443,0.09777146503738063,1,0,0,0,0,0,0.3346005599267107,0
0.5129803656191222,0.5645511442473001,0,2.037482985020649,0.015195670969797275,0,1.231620977587545,0.026252118916671834,1,0,0,0,0,0,0.3112532213622752,0
0.3750189752543596,0.44094188207460455,0,1.5416553039794292,0.001563735483303099,0,0.2844741478788757,0.01693612140252457,1,0,0,0,0,0,0.1049010265240878,0
2.391502040969839,3.753917019972827,0,1.7311239928838478,0.03600512800065202,0,0.22757931830310055,0.03848822965854404,1,0,0,0,0,0,0.09333541801689743,0
1.2346989004273135,1.3295554686009323,0,1.3376005683373335,0.001200202440641512,0,0.9961278447922022,0.0220021467650785,1,0,0,0,0,0,0.15548606111409152,0
0.38145174580984553,0.14268320380095845,0,1.3896029596142,0.013293600301291316,0,0.22757931830310055,0.007870013078132102,1,0,0,0,0,0,0.16146064612984456,0
0.3736214983736545,0.3217383353494771,0,1.3501613136179709,0.01134521211754157,0,0.2844741478788757,0.023702978268811188,1,0,0,0,0,0,0.18451611946716104,0
0.2721422451658888,0.16895045536841874,0,1.5070305484883395,0.022773628492523595,0,0.30343909107080075,0.028907472733788086,1,0,0,0,0,0,0.17106456813004597,0
3.939248903747493,6.210656546856525,0,1.820809509819151,0.00416581940671135,0,2.025899720828385,0.03420344774644905,1,0,0,0,0,0,0.1491070536536087,0
5.445600462662961,5.093318560822221,0,0.9864815741929827,0.05552626638166157,0,1.73709485037244,0.0937500822609785,1,0,0,0,0,0,0.3293704510959236,0
1.6935523147737153,1.3051311171898596,0,1.7530374543755418,0.059930740262199474,0,1.2111605351227361,0.036759802891195195,1,0,0,0,0,0,0.1771433641253352,0
0.35891450900748784,0.1923626877668399,0,0.8270030487515698,0.004148973617237993,0,1.8292744132540175,0.0300563541608641,1,0,0,0,0,0,0.1668070559719932,0
0.2509453980068366,0.09165289077381342,0,1.0745502377301634,0.004446840268515369,0,0.683995303874928,0.010431687836817324,1,0,0,0,0,0,0.33300504615427506,0
0.5026420589594056,0.22836505910214452,0,1.2118783291436648,0.003838612633353465,0,0.8406389188248016,0.02608048847468085,1,0,0,0,0,0,0.36662555759220494,0
0.5904006628102839,0.38370110548437186,0,1.1222283435504545,0.004948556661373527,0,0.8406389188248015,0.025594526701963896,1,0,0,0,0,0,0.33592000969291186,0
0.8135622633991316,0.5600776797014445,0,2.792968119260988,0.0053764555275811815,0,0.8406389188248016,0.0156466044232787,1,0,0,0,0,0,0.3675456576251831,0
0.4444925108144209,0.2455115383391333,0,1.3933602672796352,0.0035092636315389187,0,0.6845897583633567,0.020221480692764464,1,0,0,0,0,0,0.3749760070173546,0
1.4075603008991977,1.2226030462814894,0,1.2870947833374307,0.006796853925594397,0,3.0189033694311966,0.00768097911918041,1,0,0,0,0,0,0.2764212207440059,0
2.9674497334159367,3.8523443187495747,0,1.801672020505761,0.011822595796267207,0,1.7417809126117043,0.012993494491466593,1,0,0,0,0,0,0.2312702529945577,0
50.68940513888762,79.92206133275143,0,10.991103898500171,1.7169030550071316,0,3.4873980498177675,0.6965727900076568,1,0,0,0,0,0,5.035041066056438,0
8.510677099831351,6.801602540405089,0,6.830285857693648,0.5438128171692835,0,2.628014935754414,0.40390014567878524,1,0,0,0,0,0,1.300031772670272,0
14.282476583804453,14.893028106370595,1,12.364665926665152,0.06925027312936774,0,2.6660464539653903,0.20756789089837002,1,0,0,0,0,0,0.2977764603072689,0
8.920276720360114,11.935334962648867,0,3.8099622510993205,0.6898627019681893,0,4.123277566451721,0.0863692265980262,1,0,0,0,0,0,0.4755581294590787,0
2.7429856186243873,3.7006665183462295,0,2.190615445376246,0.02283969230359466,0,0.9453295967089868,0.08979418037519794,1,0,0,0,0,0,0.3097821112320692,0
0.2717057760232837,0.10177743617930742,0,0.9028770975157372,0.001965370197660042,0,0.2844741478788757,0.007931946689182814,1,0,0,0,0,0,0.26808976215083763,0
0.6796037428870609,0.40610930590727173,0,5.634825795800971,0.013960012264703878,0,1.5864368853828243,0.015306806831808493,1,0,0,0,0,0,0.2569912833255122,0
0.4969507920685699,0.35137100506387586,0,2.5864104866897346,0.021481455450849285,0,1.8209058722360103,0.010575928918910417,1,0,0,0,0,0,0.30728910093740475,0
0.6288809194005518,0.35011797135852996,0,2.2301983185280285,0.026265375895767197,0,2.443023244870294,0.010688942733294493,1,0,0,0,0,0,0.5547444271272974,0
0.4615686077115225,0.4261061171071946,0,9.56603262238237,0.0036650901287126033,0,1.3866129064083847,0.014170419921181272,1,0,0,0,0,0,0.18807187945354226,0
0.7725051112128033,1.0530928952776653,0,0.7443522478618471,0.027713763955353368,0,0.13275460234347533,0.010121136515449476,1,0,0,0,0,0,0.14817228959180245,0
0.3420446183646163,0.2789447453756985,0,0.973976860335821,0.02839947738816888,0,0.2844741478788757,0.014170419921181275,1,0,0,0,0,0,0.20689449147718852,0
0.4009515700076166,0.14667685265364627,0,1.3499837196498317,0.004833956237915087,0,0.640581113582561,0.015534153190755611,1,0,0,0,0,0,0.26256896210762626,0
16.35639706188978,24.174846517147177,0,1.1831284966637805,0.031606860003337525,0,1.350984881145742,0.03642606916890571,1,0,0,0,0,2,0.7050029665624067,0
5.235251063991242,4.820144860981311,0,4.533967726451269,1.3466467330698433,0,1.043439024002104,0.2528659203638882,1,0,0,0,0,0,0.3070925546610175,0
5.301968473994143,5.109012763972461,0,4.28763710354604,1.1881907224794397,0,0.26478990280651005,0.1713078177778269,1,0,0,0,0,0,0.18416198402778827,0
0.30303498138255425,0.03494773006650127,0,1.1299643657323657,0.02302253776414155,0,0.5019747087949974,0.05026059369171962,1,0,0,0,0,0,0.2694382834233262,0
0.6877950046709758,0.6467414132635485,0,0.9626137644336885,0.01227169327104843,0,1.6434965892958053,0.05653014538955231,1,0,0,0,0,0,0.303287691716698,0
1.3848994387660336,1.434791503302788,0,0.4241191661693187,0.005040159045854536,0,1.5063531210974217,0.022586662434443606,1,0,0,0,0,0,0.283733213451275,0
0.28351485215641825,0.056814250615535855,0,0.09301348643861823,0.013438526732456539,0,1.6291399678552505,0.008475430667451994,1,0,0,0,0,0,0.2069277693412627,0
0.3711658789731394,0.3131926331280346,0,0.0997439759156043,0.0006981671238884057,0,0.9627011077526638,0.011054025502383732,1,0,0,0,0,0,0.21702886172423236,0
0.38560639211094766,0.4027219534273993,0,0.06384716910960939,0.0014960724083322979,0,1.5591695176862261,0.023687197505107997,1,0,0,0,0,0,0.13574099341588458,0
5.683958802201983,7.727155861570864,0,6.817278391414716,1.8550512103021592,0,5.1169601615847835,0.7795923764554332,1,0,0,0,0,0,1.5311627349046057,0
2.1591774454891413,1.8155589751832233,0,22.956394632144086,0.008856844497851147,0,3.994843695696182,0.014215582602645079,1,0,0,0,0,0,0.819030274823357,0
0.33221530724732584,0.3399940136255864,0,0.5848267393829971,0.027623022526133162,0,0.24824053388110315,0.010121136515449476,1,0,0,0,0,0,0.21108562602257597,0
3.62821886498957,4.228072411905229,0,1.146601138128543,0.02241316860072929,0,4.34712055331322,0.0569699249247395,1,0,0,0,0,0,0.5705021607584136,0
0.6659219927785724,0.4024876293826772,0,4.467650879922084,0.05430720962096626,0,0.990290323807735,0.020465414005491293,1,0,0,0,0,0,0.23467712713963346,0
3.1388507534039145,4.532481900891226,0,15.097464463661897,0.047963003255444815,0,1.2873272463360474,0.021045839009062588,1,0,0,0,0,0,0.16653166979755898,0
0.5929048281046252,0.3757261935450706,0,60.88259549892327,0.01701785040297256,0,0.6192752915664539,0.02162304706344188,1,0,0,0,0,0,0.41126805865448834,0
0.4311943896774017,0.23086957773034947,0,23.473097015745317,0.006874883060231086,0,0.9161354770655049,0.016886070299828276,1,0,0,0,0,0,0.40779256541774506,0
0.4592727031205172,0.3106288122512025,0,14.025294006052288,0.016033971328224244,0,3.1820216765824796,0.028644589757628278,1,0,0,0,0,0,0.9660570328230513,0
6.146559235726672,4.288003921686501,0,8.077655564209696,0.1375707572465505,0,18.704433525912634,0.035238568437819584,1,0,0,0,0,0,3.248458133807308,0
1.3564511112718671,0.846905621360861,0,18.718805038632013,0.06080378532240353,0,3.867821727026758,0.06690258633712376,1,0,0,0,0,0,0.32863424190570295,0
1.3206315823259163,0.6888725739055386,0,129.73108298768727,0.028995647163539716,0,6.879944057061715,0.1616500530235251,1,0,0,0,0,0,2.3142194009259853,0
0.7558720904552485,0.1923756439579613,0,59.571168249956465,0.013818104642181224,0,2.1224700970931116,0.08755478335979489,1,0,0,0,0,0,0.7358069766202757,0
0.3374325345471403,0.17471894343709615,0,0.3657918699613441,0.018660500466211833,0,0.6297212408476305,0.036403302007579234,1,0,0,0,0,0,0.1621146888521614,0
0.3646880128971245,0.19554206028187782,0,0.6125373339022533,0.0033292714217970087,0,0.6990091763428817,0.001061588854063777,1,0,0,0,0,0,0.32047222976679896,0
0.22518267643356604,0.15634895556729844,0,0.27511077679231166,0.02283224398484639,0,1.167768993228103,0.029802598877315005,1,0,0,0,0,0,0.4855025820067348,0
0.43665973039779177,0.454382389508277,0,0.2750636614781865,0.009856221946073246,0,0.26952406675867446,0.04345288073051483,1,0,0,0,0,0,0.2653298664549766,0
0.20435618112601123,0.14086748140642905,0,0.09132172782982721,0.013341868975199607,0,0.09807842652851159,0.017350519740770527,1,0,0,0,0,0,0.0786637942393713,0
0.3066102232427822,0.298718147743604,0,0.8416961838951806,0.001197284799990239,0,0.08304334799254229,0.0045876753308438465,1,0,0,0,0,0,0.1300453716775363,0
0.7938561184659239,0.2880441203720542,0,0.17660361357275095,0.49196154253048907,0,1.25959972018323,0.0046907887299991406,1,0,0,0,0,0,0.5747619446366768,0
5.090263915606812,7.65134493597264,0,19.21537206444958,2.2780647947238792,0,1.4311607334675402,5.9581965869773885,1,0,0,0,0,0,1.1119084175304992,0
0.677944745359832,0.36443626225985065,0,42.25043983834721,0.015541718160278814,0,2.5052543167046304,0.07158786236977041,1,0,0,0,0,0,0.9994843750597985,0
1.5042504878140748,0.7255777286630161,0,18.212073752515405,0.02103999189471311,0,5.695358782595143,0.05299739356583358,1,0,0,0,0,0,0.5321388042478956,0
1.2424869177698166,0.7347869251665866,0,1.0242482899063083,0.03172836569479332,0,2.8219943453971146,0.0440308597912924,1,0,0,0,0,0,0.3141097571258548,0
1.6449525647746173,1.150205956741698,0,2.0246732078373104,0.046909679202779914,0,1.1242402645630931,0.030633632216429542,1,0,0,0,0,0,0.33270246346267107,0
1.2415301697953192,1.4870835073535673,0,3.503976447247964,0.12530646752813496,0,1.1936026622916291,0.09679562400820854,1,0,0,0,0,0,0.13037127296239462,0
0.3846273411706309,0.27153130792762237,0,0.9316753390667443,0.03686664682727124,0,1.675861062667338,0.016629835449156593,1,0,0,0,0,0,0.24693112845938422,0
0.7238549234226477,0.9182824894577196,0,0.9564315935697019,0.003944676548843639,0,0.8099610742282572,0.03279347181131076,1,0,0,0,0,0,0.16010991217817816,0
1.0381448332785757,1.0794065724715365,0,1.9091853147498568,0.001542281583193802,0,0.8099610742282572,0.016838902853311116,1,0,0,0,0,0,0.2342835901913777,0
0.44790617972809577,0.31730063840377676,0,2.6416264588902036,0.02695784885672602,0,1.4163132454978875,0.007715475225310296,1,0,0,0,0,0,0.1915299034732749,0
0.24435265285990848,0.173579964289538,0,0.19568941677820118,0.021427808347541946,0,0.21016805684681056,0.026282620186694444,1,0,0,0,0,0,0.16856527337008134,0
0.48946006486989246,0.5376115197136725,0,2.2588849803791207,0.022825763357557455,0,0.8529070644815341,0.017449755312689125,1,0,0,0,0,0,0.2562377639338062,0
0.22462803239955537,0.12633857001599763,0,0.4346086151849712,0.033601434379499445,0,1.1936026622916291,0.02326634041691883,1,0,0,0,0,0,0.35985698594269255,0
0.4330534001653304,0.21814599877073584,0,0.44700986607818666,0.013961837648870292,0,1.8291350478870436,0.0340838971758123,1,0,0,0,0,0,0.30362664123916616,0
0.16039237377944,0.12478678011887279,0,0.09240360983039754,0.027863965380027174,0,1.3389054453815978,0.02326634041691883,1,0,0,0,0,0,0.08005284006661337,0
0.351421333348465,0.27024705164233226,0,0.61763058417308,0.012361547514763952,0,0.6770396778203804,0.010179023932401988,1,0,0,0,0,0,0.2507701892083539,0
0.7613527893012983,0.6541090536249107,0,0.6928860038920914,0.01586807856601286,0,1.5212288826159106,0.021812194140861406,1,0,0,0,0,0,0.35495299660855817,0
0.33717885504277634,0.2722506474526946,0,0.6647752658680369,0.02002883971672912,0,0.09807842652851159,0.05011546263094388,1,0,0,0,0,0,0.08492348123962293,0
0.2887412663900627,0.17751346011169433,0,0.31731378726607895,0.00946237074962094,0,1.086849350867718,0.02326634041691883,1,0,0,0,0,0,0.5254778138656315,0
0.46195880241457155,0.20699049840525763,0,0.33273958262561915,0.016317586792048745,0,0.951615772964522,0.013144156517543464,1,0,0,0,0,0,0.2069739543791443,0
0.6780622410422293,0.6722282764254359,0,1.3597190741599405,0.026455894811414762,0,1.0056535249095067,0.010179023932401988,1,0,0,0,0,0,0.23122945183371163,0
0.6881783621622879,0.5716371265496065,0,0.33220697290815293,0.013961837648870292,0,2.225026392580431,0.0340838971758123,1,0,0,0,0,0,0.17809162650219795,0
2.5961060403515113,1.240705140035681,0,0.5591156181984969,0.49734641887523134,0,5.678558331824249,0.16006692832673877,1,0,0,0,0,0,1.8149875542708953,0
6.423584182574649,8.050706679696008,0,14.797106884889496,0.790402220395106,0,2.3426545222841533,1.8845242663462896,1,0,0,0,0,0,0.6712208820340033,0
11.604564098650513,10.38310003481476,3,42.385884043055015,0.6489698422585699,0,9.178554896615722,0.04949959308235579,1,0,0,0,0,0,7.034088481730232,0
65.05755586012717,106.99262006449581,1,6.792355376851039,0.19901842687930552,0,7.638347129226098,0.008424134898068012,1,0,0,0,0,0,2.0186315452570183,1
12.129300158345883,10.426938879150638,1,9.364862002180391,0.40413996141828634,0,12.543667464023406,0.29669373428109436,1,0,0,0,0,0,3.6728438656482565,0
0.38312860595360737,0.25004349914429286,0,0.2947832042760251,0.014692587425315467,0,1.287960689009703,0.021095333141705346,1,0,0,0,0,0,0.16696161416112942,0
34.46525928045113,56.35441725965731,0,1.2930335479786956,0.01972083726014809,0,0.9105457174779836,0.0706132594115366,1,0,0,0,0,0,0.6002011684174116,0
29.22621888691472,42.85133758732567,2,6.633482866931454,0.07607019146179524,0,6.10967621763938,0.10144337568978515,1,0,0,0,0,0,2.2793158256927395,0
9.756043426775285,15.131776032318049,0,1.8068256655381865,0.001937046518121204,0,0.46752253966164076,0.018288285420672283,1,0,0,0,0,0,0.24061970123342669,0
118.04642849337655,200.84561710658664,0,5.713462068357227,0.012977532408572058,0,2.377968222163238,0.03605617435445391,1,0,0,0,0,0,1.0820964098184371,2
95.0209909737742,158.6803146676707,0,23.363840674387607,0.10369063276134963,0,5.671273779869565,0.06069607812378405,1,0,0,0,0,0,1.3558826993999855,1
7.709803075370638,12.45818136851734,0,3.830566639809167,0.012536381138241171,0,1.4500188699168812,0.053252744549131086,1,0,0,0,0,0,0.22918676719444864,0
11.44527298907432,18.958646858239174,1,2.112419803872208,0.014299899544792199,0,1.9482712006284446,0.030822046854547015,1,0,0,0,0,0,0.4414584400469889,0
28.816546628562033,48.15749310512029,0,5.73361803475632,0.007789405294804949,0,1.5288946082640769,0.03334002867695089,1,0,0,0,0,0,0.24664636566035153,0
27.449595450611106,46.84842602804229,0,2.1576761809242337,0.01475416270095913,0,1.0664270663891064,0.016221749450696026,1,0,0,0,0,0,0.251219639788651,0
58.14268211796358,95.8769625350423,0,2.427084401989508,0.01934530643755987,0,1.3803725685889132,0.058529242781738634,1,0,0,0,0,0,0.09812775287822353,1
23.917448365313597,39.65364578100394,0,5.961799394022544,0.005016768541228283,0,1.103404955314918,0.006775379391875326,1,0,0,0,0,0,0.36559522555485013,0
0.8279906958258563,0.5384195661460708,0,4.743003895591401,0.00620436317779521,0,0.27384306968156824,0.016901682312760978,1,0,0,0,0,0,0.47092678304693847,0
9.280365816848773,13.745780753830697,0,0.21261175705849153,0.024249602826480778,0,1.9152586894808836,0.03382701063988458,1,0,0,0,0,0,0.4117689152624435,0
6.0511946071099505,8.329812096002167,0,2.3178948527848102,0.01834233183072332,0,0.5926696699185706,0.018398845538579806,1,0,0,0,0,0,0.5584265574367208,0
11.340594809459112,16.5224570350747,0,2.6179569242725527,0.06925702275487916,0,1.5282796372017984,0.05577654712168645,1,0,0,0,0,0,0.8757544677177863,0
26.47905760998303,15.450535144957668,3,283.7250771622154,3.045783309894761,0,382.4567455073802,5.477699890781414,1,0,0,0,0,0,45.56441471588202,0
4.9531109361827115,2.292879007891698,0,41.35162146622817,0.0865444744980303,0,3.6107381323750665,0.02431040539276131,1,0,0,0,0,0,8.583151586463442,0
45.61894242259014,56.269295306957126,0,10.89031292745464,0.13232834851472267,0,1.2605202412377636,0.6553381301414745,1,0,0,0,0,0,143.01839703363214,0
4.1934319120718735,5.3434935179891525,0,1.2709700396146735,0.025540293143203153,0,0.7638843921048017,0.03478026649075762,1,0,0,0,0,0,0.29978075262200604,0
2.2998382804714588,2.0199269197153225,0,0.262275008206259,0.025870160137274202,0,0.560315363670163,0.03336826671722375,1,0,0,0,0,0,0.20873438335399977,0
0.790450127976043,0.6992099493574829,0,1.1655284394567622,0.03197195531194977,0,0.8078553613241918,0.01813725747147292,1,0,0,0,0,0,0.07245597921739431,0
0.7245303884408292,0.390420432710902,0,0.433800176620033,0.031106734762737696,0,0.8020746621414849,0.11323499829059658,1,0,0,0,0,0,0.5553606561379891,0
1.789794256418022,1.424422319538769,0,3.0790006849507865,0.011945924614458795,0,0.95351428925692,0.0311398734713598,1,0,0,0,0,0,0.46228647951668134,0
1.5282237932292657,1.3063667982138163,0,1.2073805413301648,0.02389371858290326,0,0.6327513416328532,0.07026335457391789,1,0,0,0,0,0,0.49101965655958946,0
0.3408816991223827,0.1507256227401768,0,0.003916163504254596,0.020075467697618178,0,0.7215678263625602,0.03388021070769627,1,0,0,0,0,0,0.12949153844410222,0
1.3189451516875843,0.9853182683729393,0,0.6346216865011034,0.024096090961891452,0,0.022202793381432048,0.0644793252404729,1,0,0,0,0,0,0.36238246076137276,0
0.48851614112766073,0.18317149328148394,0,1.2861970846853181,0.006391689407474317,0,0.11493350550351249,0.030920016499104294,1,0,0,0,0,0,0.2190155287058253,0
0.6475664678503243,0.6578753849720143,0,1.5860361350745666,0.011966096154200958,0,0.5218983568052924,0.02456669650202299,1,0,0,0,0,0,0.21119603901262587,0
0.4915273967281799,0.2745347574077045,0,0.0041444311599090015,0.003723891488059187,0,0.11493350550351249,0.02631646234886997,1,0,0,0,0,0,0.2488258086430194,0
0.7008298172438789,0.6124886090444969,0,0.0012304869323363113,0.016257983651140465,0,0.09211328186991781,0.020223124286148322,1,0,0,0,0,0,0.07209047534334063,0
1.470606131226952,1.296986999700124,0,1.14354836898451,0.02245676783797518,0,0.6753608238765926,0.08563502080701671,1,0,0,0,0,0,0.4465719876469664,0
2.7099003641529498,2.594898790721891,0,1.8366058954667337,0.03027115407492387,0,0.8504124826691124,0.09618388120722834,1,0,0,0,0,0,0.3025970224705841,0
1.579118812898093,1.6185731062841435,0,1.718031094239498,0.00690140241932289,0,0.31878096508091003,0.07251173064286101,1,0,0,0,0,0,0.42316206164151604,0
1.0856167018920084,0.8656475957258318,0,1.4327166831005385,0.01325879761738085,0,0.20213416123008401,0.04228993896806523,1,0,0,0,0,0,0.45641663722659065,0
0.8637684919373457,0.37154997032067644,0,5.080795267809917,0.01394055096286632,0,0.7046175356981907,0.08526640168508583,1,0,0,0,0,0,0.6266047531685326,0
2.9245842161947073,4.2976037196829795,0,3.711427099158321,0.019166066889690164,0,1.226546321297028,0.03328167107739055,1,0,0,0,0,0,0.3155175939818374,0
2.7108651622097835,3.08122410303175,0,3.8160042527819247,0.03311692441572537,0,0.17286284971367236,0.03478854035135139,1,0,0,0,0,0,0.12793461398997635,0
6.251607663562492,6.974606315374242,0,1.2530002459508318,0.013086084720876395,0,0.4482263232233822,0.017961827180824015,1,0,0,0,0,0,0.438123747753288,0
0.5870173624194868,0.43580170940213847,0,1.2259054167431223,0.010769145644657564,0,0.3411875659020009,0.04658100744830797,1,0,0,0,0,0,0.2554808697427962,0
3.48860259115978,4.916771920142096,0,3.2006437043282343,0.0054128599754029935,0,0.33020178150022583,0.01815427212366956,1,0,0,0,0,0,0.10715728923231797,0
42.95625991534191,71.273897862491,0,7.7816643566893555,13.113793908025501,0,0.7022055852535571,7.863129645334665,1,0,0,0,0,0,1.3058474448002242,0
3.865276743119261,3.3611743056453305,0,3.862910447142309,0.026575933123944392,0,2.6470857004037085,0.06475319246052808,1,0,0,0,0,0,1.0140469849234448,0
18.66819933679969,12.036671910369748,3,284.27990394270756,0.08902796051626473,0,223.98940937126545,0.29608726517964856,1,0,0,0,0,0,36.22279997840886,0
59.66486708670583,63.205773062466,3,508.196134730179,1.1242986413517222,1,72.58585656748119,4.973117656800544,1,0,0,0,0,0,168.69118353983546,0
55.38288465812412,41.60611694305802,1,325.87689652877054,1.3749067735672642,1,259.0213703073149,0.34891393523328684,1,0,0,0,0,3,106.66452017715767,0
105.29208031568697,159.9839598582124,1,71.84553192042738,134.47407424147428,0,82.31783493596393,118.95098353577661,1,0,0,0,0,0,25.083550741200497,0
7.832969613638873,5.656882670673751,1,6.452885651104902,3.361608863583826,0,1.4945255342655024,2.351476797663442,1,0,0,0,0,0,3.7019648156184726,0
13.167866011744007,7.388417434224339,1,11.020276479832717,0.9040772938647773,0,35.09495050915957,0.9188728878759459,1,0,0,0,0,0,16.598024669913777,0
117.78543974691988,179.16003798397134,5,284.1059241311358,318.0560429186984,1,2813.2397854762626,222.8572684146224,1,0,0,0,0,0,8.18295846434533,0
7.461583211981873,6.855650372891837,0,1.1425428995958546,0.8327069198623134,0,0.9052770351960072,1.8198297408941602,1,0,0,0,0,0,1.5302655530650047,0
3.8082030516815943,3.9295010204892575,0,2.0725518148686026,0.06555317055094916,0,2.9461485132863614,0.1375422006181906,1,0,0,0,0,0,1.471477653182642,0
2.3893940723065294,1.4473982466574948,0,12.161262099492667,0.10403273003830116,0,24.28895968945132,0.3384186168987144,1,0,0,0,0,0,4.3379397998164775,0
21.25254170343602,17.71516283708496,1,241.5774306628983,0.6257002146841362,0,43.54506728346124,2.58740104340863,1,0,0,0,0,0,51.88906979019051,0
38.16188203500178,45.93226839730052,9,679.1145726304497,1.4214720826465304,0,480.7563419982005,3.824061772622769,1,0,0,0,0,0,117.45151150913713,0
65.43799262696064,91.0929658652732,1,63.11879749468214,0.5475107120830189,1,55.86064445849594,1.8650794659128713,1,0,0,0,0,1,222.36645178365433,0
6.496484167363496,2.219602147096898,1,91.2367562818076,0.7560639786910655,0,6.57083624478607,5.196396770362196,1,0,0,0,0,0,7.522748649733395,0
0.7739611775149415,0.7189768716940925,0,2.275496961608165,0.05465781045642604,0,1.1104241635919063,0.07572951340866588,1,0,0,0,0,0,0.10565573100300743,0
1.2365818401261968,0.9104736255562572,0,7.300288540366761,0.025730335745021597,0,0.6622335397424737,0.04339362667512631,1,0,0,0,0,0,0.40128009451297386,0
1.8227754181123492,2.3062846800284516,0,3.7487283100587803,0.013588775872675148,0,0.26728935013859145,0.03869804198722615,1,0,0,0,0,0,0.45704660314220913,0
1.4774655984949754,1.0993696330071276,0,0.3285771784431733,0.03470030180733946,0,0.26592877223283445,0.04341689320091746,1,0,0,0,0,0,0.5122068118689544,0
1.7521094015291498,2.3191990322908063,0,4.152102269055332,0.036810779813719524,0,0.3001538604843813,0.05299211892670858,1,0,0,0,0,0,0.42741322939725157,0
6.938729794296599,7.427353561039972,1,9.130480675925597,0.010029695018794667,0,0.7607881589747901,0.0403189450775314,1,0,0,0,0,0,0.9257005912134164,0
11.335246672116618,11.824916201612702,1,82.87604954926186,0.4410236726187711,0,20.412431154129948,0.5203848440215653,1,0,0,0,0,0,7.764928856722694,0
22.68782430087858,27.444416270660472,3,423.6858760970257,0.11587821017641675,0,235.4939631722978,0.1321006719406954,1,0,0,0,0,0,70.01104856810714,0
0.949173512733446,0.73822488644054,0,6.144701204911114,0.03258595710827274,0,0.5142035584091498,0.20060032609111264,1,0,0,0,0,0,0.27096499665888807,0
0.6701237152538224,0.604790054547748,0,0.5211819290370503,0.01966858452531684,0,0.9140546621010445,0.07454733042843753,1,0,0,0,0,0,0.0937462173494002,0
0.32428634134775336,0.2731072097976802,0,0.5259508337340958,0.014966032530409375,0,0.25340259035309515,0.06458916710557028,1,0,0,0,0,0,0.2762978208264151,0
0.863159457918454,0.5624455896208794,0,0.6088635294950397,0.008006668103097159,0,0.37329271235159145,0.03139068707510637,1,0,0,0,0,0,0.3562714266819482,0
0.33722338754015346,0.2156923345244173,0,0.5736071869785115,0.011651527882683737,0,0.7561110654250488,0.052441970160657256,1,0,0,0,0,0,0.14539621583012918,0
0.21708308332325466,0.15195616309236,0,0.7104732043252855,0.003171989330127344,0,1.0700997257761633,0.052441970160657256,1,0,0,0,0,0,0.16041996627002686,0
0.6449297904939955,0.629832591248012,0,0.7289263032190038,0.0035255344827498105,0,0.7887739209645418,0.03639537347683323,1,0,0,0,0,0,0.15626326928608525,0
0.29734833798699667,0.2763045527120162,0,0.9731813106690776,0.012668570369330223,0,0.3945869960244407,0.0380322563504291,1,0,0,0,0,0,0.31108546316278607,0
0.32726847339270637,0.24043472008065708,0,0.5992011025994588,0.01832610830333518,0,1.074315277830551,0.021750976317853006,1,0,0,0,0,0,0.20517271070388488,0
0.34095499471505186,0.16534594841219594,0,1.0200979772338203,0.005974959816086172,0,0.25340259035309515,0.020227944442199726,1,0,0,0,0,0,0.20339139232400677,0
0.2336419591098424,0.14854420297608323,0,0.5808319129158307,0.012404474426140106,0,0.3641500378317853,0.05898311119331167,1,0,0,0,0,0,0.18688425671082826,0
2.9180406679440005,4.656992489747339,0,0.46199011834129894,0.008060780698785602,0,0.7561110654250489,0.020097071974857154,1,0,0,0,0,0,0.1755642030457201,0
5.947342437126657,7.8966240817958795,0,0.543477719771853,0.026091906176116123,0,0.3439151533365294,0.05296901270710609,1,0,0,0,0,0,0.6365767071632502,0
0.9920237993619705,1.0248915917485215,0,0.4447343862770416,0.03506600467524863,0,0.3641500378317853,0.011167513426904942,1,0,0,0,0,0,0.08478464819583595,0
0.11575071217176698,0.05147593002552676,0,0.8867094051402531,0.03021416817515552,0,0.2581488531571649,0.016476736937012466,1,0,0,0,0,0,0.04717802790003612,0
0.2726239245309059,0.1404906073348069,0,0.95301042274053,0.01832610830333518,0,0.45518754728973165,0.021750976317853006,1,0,0,0,0,0,0.11202412393521752,0
4.468013338485416,6.955431966798562,0,0.8281336741815717,2.6852613461764996,0,0.21242085540187478,15.04997823756862,1,0,0,0,0,0,0.059073558934455955,0
1.3782673474376574,1.937021643772651,0,0.4649959827974443,0.33276189374169507,0,0.6706418217159941,1.4133435999267379,1,0,0,0,0,0,0.1742892806181176,0
0.36191180654462474,0.25655413116463116,0,0.8074820769572006,0.016772491798546084,0,0.0024734969829072737,0.061183418327983505,1,0,0,0,0,0,0.17958300131099691,0
0.11169840969160187,0.06390553685350507,0,0.3298966259120407,0.021497666124842333,0,0.0,0.022188255711640695,1,0,0,0,0,0,0.01547928456500956,0
1.0023822103019822,0.8252266620571789,0,1.0333824865506336,0.017649213320731615,0,8.813399953463607,0.040050027511159665,1,0,0,0,0,0,2.3895493634676055,0
78.61827239956786,81.12857408746017,0,180.46457422391845,7.211302996344422,0,44.02501997466702,9.913346233668797,1,0,0,0,0,0,82.76770133703769,0
5.496631132851878,5.0673172155412685,0,23.637804255781273,0.6942901359684793,0,5.198611008148772,1.2113676115939325,1,0,0,0,0,0,1.305091847071514,0
5.261584588477435,6.347348496729396,0,163.39008445188816,2.830595014215377,0,6.823741925007601,0.3970468693655912,1,0,0,0,0,0,1.3254544533514512,0
4.1671454232963,3.7083871383354925,0,128.8245722998818,0.02502976858172235,0,5.612091481461858,0.07976187955107325,1,0,0,0,0,0,5.697307590774805,0
1.5665173544006483,1.7890754046730828,0,42.07094693465996,0.034170026922156614,0,2.2484633979101725,0.046782398139659516,1,0,0,0,0,0,4.582692448788526,0
0.44408120182113175,0.28801401838121415,0,7.053350862568417,0.0013559048659927402,0,0.6458866290994565,0.03712635317741741,1,0,0,0,0,0,0.7863390584819304,0
0.14332855741524966,0.06687752130273102,0,5.499888723893854,0.0017108331095209383,0,0.5748527617698175,0.016909900756689012,1,0,0,0,0,0,0.19125709606122915,0
0.7938402648100437,0.6041327850247369,0,23.256350178378476,0.01236615679205612,0,1.335556029757459,0.006397294218268681,1,0,0,0,0,0,1.8187630826982712,0
0.2820534651672615,0.12057367035380889,0,5.147710331428942,0.009538976806864862,0,0.18392170085541348,0.03341939173715936,1,0,0,0,0,0,0.2261980732593395,0
0.32655687118077326,0.31763803649887146,0,2.8701154698463904,0.015637855942275982,0,0.3367669926126011,0.034533858737201974,1,0,0,0,0,0,0.8735889616557418,0
0.3026026571091896,0.20421236715721236,0,1.2889622915848893,0.01100151678006575,0,1.3043398731761666,0.007411620907308307,1,0,0,0,0,0,0.5176345209476803,0
1.3518090478382943,1.2018178815526028,0,9.371549092553849,0.008899641806060381,0,0.5684927720544233,0.047483086301420535,1,0,0,0,0,0,0.9110953966302415,0
2.0022127095045557,1.6888784317539487,0,3.5333909294522976,0.02687879724642414,0,0.016660874186767396,0.023078841999187097,1,0,0,0,0,0,0.3637869568241218,0
0.8747873298697566,0.9854768266831001,0,1.6202218996778268,0.014047458955699412,0,0.2786039023885056,0.009991282219511545,1,0,0,0,0,0,0.41206663206169614,0
0.1876809940302942,0.138830017911628,0,0.718561849236805,0.0,0,1.0177081661437726,0.0,1,0,0,0,0,0,0.22849417656516496,0
2.582946402432667,2.295846145496246,0,2.213413080884875,1.0994366136117448,0,2.4382045700184714,0.48784751492826156,1,0,0,0,0,0,5.716833635082765,0
47.48932521845454,79.12663272236927,0,63.74793154144044,1.4336620407899257,0,11.045406827598363,12.488194609754363,1,0,0,0,0,0,4.948682436515426,0
23.92638963271041,40.151639330522706,0,21.31500515611674,1.2626406275763824,0,2.6718250228976492,1.0965017751243877,1,0,0,0,0,0,1.8971667556876286,0
2.600356072439763,3.0207738675988756,0,6.983565908254019,0.6260608758777751,0,1.7747205688722925,0.554188593888179,1,0,0,0,0,0,1.5236519522635947,0
2.4345482175468187,3.0410148621325335,0,2.9420039098729776,0.9635117253670367,0,2.2861071136699636,0.22980279436116957,1,0,0,0,0,0,1.7381574056924496,0
2.1382555469540687,2.2913727171945983,0,1.5785065990520368,0.557989857472594,0,1.3299393587523474,0.556962922597525,1,0,0,0,0,0,1.0813610754435121,0
2.3949199727717376,3.240741408244941,0,1.5314316587224428,0.0899475892290098,0,1.1990611770507604,0.6967988663447535,1,0,0,0,0,0,0.6378922357710464,0
0.30815621014753675,0.1727549340772034,0,0.5233994746394967,0.10916197040128299,0,0.17824225312371322,0.046439783166679294,1,0,0,0,0,0,0.1652688432575212,0
1.6900275756259693,2.187988523669677,0,0.5591440513501955,0.017999958443899334,0,0.28526779791126605,0.03451438648820559,1,0,0,0,0,0,0.8575003168832197,0
0.4283157448093082,0.34966588228006623,0,0.8099651196741929,0.02054188949176349,0,0.46002922261265244,0.01064789690993537,1,0,0,0,0,0,0.9656684693174525,0
0.43872236902182454,0.20112661833119477,0,0.2709014228563851,0.01781371411656057,0,0.19655786880968468,0.017442423268624885,1,0,0,0,0,0,0.6594954959725978,0
5.404646830481947,8.78343780082146,0,1.1311215868432862,3.9870831810002185,0,0.6975804967536874,0.18626357151181538,1,0,0,0,0,0,0.24923120075649352,0
0.33864461087178765,0.21804586012658372,0,1.8147149252242023,0.06464697245939821,0,0.5966939824359078,0.15684678946132743,1,0,0,0,0,0,0.6824140729256074,0
4.644676062267505,7.511505607033993,0,1.1237611357207071,0.44213971391833873,0,1.158170699519294,0.2750429062026423,1,0,0,0,0,0,0.6062114583247746,0
0.2766721398574346,0.14004933970103373,0,0.37340678949985895,0.011128787481430811,0,0.42866261824182156,0.004367058578862778,1,0,0,0,0,0,0.34429112892646707,0
1.1339909600635991,0.6725978757399756,0,0.9783836496732752,0.1245513624306409,0,0.5837823661967325,0.06814664017101388,1,0,0,0,0,0,0.267602689552328,0
1.5180920203559445,1.7000003248526492,0,0.045151705667678045,0.08472838704416749,0,0.34041754186237105,0.0707518997412132,1,0,0,0,0,0,0.32208486221788524,0
1.2094782530575945,0.7968106007303671,0,0.5837207079109482,0.09627324884641197,0,0.5837823661967325,0.023732227586764132,1,0,0,0,0,0,0.5584969203204022,0
1.411711945666518,1.4447425342685398,0,1.4953713068003678,0.2230463052324242,0,0.36668031520730976,0.2457466040293239,1,0,0,0,0,0,0.3387003117113683,0
1.068948769442008,0.6890015847384506,0,0.1950926418007718,0.06687854342860479,0,0.026228319023614017,0.039541974444349925,1,0,0,0,0,0,0.15619409660852757,0
1.574103087322766,2.228053137855453,0,0.4083474312218373,0.018287502999148383,0,0.8440415737399248,0.029072677921187493,1,0,0,0,0,0,0.36931453292905764,0
3.623698575760719,3.7118951019798674,0,5.7309855698413585,0.0292016813365302,0,1.416593263803051,0.10041691226110142,1,0,0,0,0,0,0.5261089036774342,0
5.695356594436963,7.972200572856302,0,2.288880861915286,0.009253308202173747,0,0.8051883856743778,0.022322310143166324,1,0,0,0,0,0,1.3822515515769864,0
1.5315736133102495,1.0131910220119982,1,1.024642041358747,0.03831795685187864,0,0.8609646205173216,0.04288173191171523,1,0,0,0,0,0,0.6611505495698935,0
1.4230142771073937,0.3724168185366759,0,0.562473878384354,0.1262614413480302,0,1.1031427931479894,0.1482094960806496,1,0,0,0,0,0,0.8932990379921546,0
0.7476739471998023,0.7295433258475975,0,0.8621785489463639,0.002795519453650477,0,0.34041754186237105,0.018723973234712223,1,0,0,0,0,0,0.16244510105856497,0
0.8011806357001052,0.5000887392063949,0,0.9070566377190925,0.07921648948838447,0,0.21648678841847552,0.0656287220571339,1,0,0,0,0,0,0.17424930773694763,0
0.516025949105112,0.22290422072582902,0,0.9624398348745717,0.03862124267866478,0,0.5997151538508646,0.03895771228920701,1,0,0,0,0,0,0.15525885445105814,0
0.9011763394003219,0.6423386064775694,0,1.0972837378969948,0.07692644146518005,0,0.34041754186237105,0.061794576578609615,1,0,0,0,0,0,0.5240633985729602,0
1.37639215043387,1.5233229858721247,0,1.1899002830886773,0.39522201125471534,0,0.1711174804300779,0.05121374273251059,1,0,0,0,0,0,0.2213937544954416,0
0.16970066103284548,0.025499234153504528,0,0.5344468099683134,0.013084095796468066,0,0.1711174804300779,0.056845017327651556,1,0,0,0,0,0,0.1545211183852128,0
0.19060866969248202,0.09461552538949411,0,0.30458132213010924,0.0019979089067310527,0,0.1711174804300779,0.04180963786887104,1,0,0,0,0,0,0.09509413032380656,0
0.47975728921418415,0.36067144404420043,0,0.31658890780349147,0.013094633992535132,0,0.2933442521658478,0.030146706583363155,1,0,0,0,0,0,0.14366241237089475,0
1.965388955357497,1.6172852555991861,1,1.0675249936747961,0.006506971251871533,0,0.6105614416141676,0.0074863861351933325,1,0,0,0,0,0,0.5195240449518855,0
3.6359378815894674,3.478615630186037,1,7.747688493291641,0.025956188139773458,0,2.3522291470791696,0.06235108839944622,1,0,0,0,0,0,0.7491675890910914,0
0.8307273991074627,0.4093510930868211,0,1.5342397538723769,0.022183866565532333,0,1.8907097817143228,0.03500609566596431,1,0,0,0,0,0,0.27850034976803734,0
0.20990296543368472,0.0718993803325897,0,0.7111192284567676,0.013884149754358636,0,0.35785454911902903,0.030082834837541896,1,0,0,0,0,0,0.28762284489507967,0
1.6355797278874704,1.4372917818611037,0,0.5328233248287755,0.2314761667710136,0,1.3842297112386965,0.02582604181623501,1,0,0,0,0,0,0.892673444893701,0
6.179416071126822,5.649724985817009,0,3.961683402437168,0.2991137597211776,0,0.3789572152746595,1.2325224125220247,1,0,0,0,0,0,0.2724880960498493,0
4.710205858773521,5.242005710554218,0,3.1132127108194108,0.035993965569513425,0,4.460620696348859,0.16057217712771132,1,0,0,0,0,0,1.3027506699067564,0
6.2143453061080205,5.273247336805756,0,4.944266973716315,2.21073468735391,0,0.8401093338731369,0.35176757321331087,1,0,0,0,0,0,1.0682811430377575,0
6.383689041135541,6.035438043677535,0,6.107417081166748,10.55730100923061,0,0.026228319023614017,0.5643215800535295,1,0,0,0,0,0,0.2210155977596237,0
0.6571913448444102,0.46274934750722396,0,9.205622555106196,0.013158921817001274,0,0.6763230410011422,0.03918074734680735,1,0,0,0,0,0,0.39482567355024,0
1.3474061913076099,1.276508020375681,0,1.6821348861241125,0.014752211289006906,0,0.33212284066089043,0.058510606596879455,1,0,0,0,0,0,0.2825565907909117,0
1.0018538466639642,0.7847035548078032,0,0.4422708398753733,0.020940269342394617,0,0.5916104222905124,0.029819466544273126,1,0,0,0,0,0,0.2945913228109156,0
0.5412311340984309,0.27893301049151514,0,5.970777861990566,0.004645657918888085,0,1.2248068590712549,0.03476486998799946,1,0,0,0,0,0,0.596402782144643,0
0.9134160175711845,0.6038702470381893,0,1.0247570226225722,0.020914241653017772,0,1.8862033358890138,0.011960222373193195,1,0,0,0,0,0,0.5547447700272158,0
1.7478793278001596,1.4657728909183025,0,0.7750099876714865,0.013033863607839057,0,0.6445321417205927,0.037436170122107384,1,0,0,0,0,0,0.24940863647957717,0
0.5956914923074907,0.30472971894885437,0,0.37734848614423727,0.02885595494066129,0,0.5167911238913636,0.048014251527999756,1,0,0,0,0,0,0.5030296358551227,0
0.34855827438146125,0.21524232805094473,0,0.4108729611708486,0.018247583179677757,0,0.8882323898674331,0.012411924440216906,1,0,0,0,0,0,0.4147129850625462,0
0.33797417408358266,0.2144842038128584,0,9.253155600609738,0.0008252408460611683,0,0.6785240850022365,0.016813469979909207,1,0,0,0,0,0,0.5330787345932673,0
1.1636707214447877,0.8578151563460477,0,0.8404242924173099,0.004864475741214952,0,0.9150161806167393,0.048870208773923486,1,0,0,0,0,0,0.3306664474835922,0
0.48554290383323445,0.38511949180575594,0,2.238044435854164,0.012923885317363435,0,1.0355859077176153,0.004343943120743725,1,0,0,0,0,0,0.2287825356624055,0
1.9998391787493066,2.32734359458724,0,90.85861754328285,0.006653249162291971,0,2.2006344885851545,0.049881262566540206,1,0,0,0,0,0,5.977261160815779,0
5.926819725241817,8.915619975187353,0,371.29234795652667,0.009011624859749923,0,5.310500208379167,0.11234647209117113,1,0,0,0,0,0,21.362122613727454,0
29.52344912956197,48.939575322659685,0,10.422052025765476,0.0131981370091812,0,3.498333440623889,0.056484985008724786,1,0,0,0,0,0,2.257654252991172,0
39.64019275631947,67.36660047602466,0,1.2024108221561027,0.025706821413668465,0,0.04496283261190973,0.04104985551600115,1,0,0,0,0,0,0.6984727223645104,0
48.71514084899494,82.57975674703418,0,0.6519667747219224,0.0026951722623716344,0,0.1711174804300779,0.02981946654427313,1,0,0,0,0,0,0.2421784867245173,0
7.048600431476859,9.93175638777443,0,0.4497001749755931,0.012253829595295172,0,3.2352789538619886,0.032318170859190185,1,0,0,0,0,0,1.2698384736286044,0
31.413167020461255,50.40748695920517,0,3.7484949733346142,0.4297204162828058,0,1.5592872883995497,0.1860824743161727,1,0,0,0,0,0,0.6249586062300942,0
7.924348563816094,5.577275944974484,0,0.8783257479693845,0.5871739332130321,0,1.7505699198592315,0.07445514476516987,1,0,0,0,0,0,1.0048395132123193,0
5.44152911222074,6.132227963609881,0,1.7676041494822237,0.5619887117758802,0,1.6531846907116796,0.18434235380203556,1,0,0,0,0,0,0.23215258570388753,0
1.2669582681128646,0.973343509571781,0,1.762670930887207,0.023087052743386842,0,1.836544009151897,0.028579791451857163,1,0,0,0,0,0,0.14299146275321553,0
48.72615153554793,80.88683026703164,0,10.268200420473928,0.128498036538328,0,4.069643367099643,0.10890167027503769,1,0,0,0,0,0,1.2150622581222985,0
7.5777015820437015,7.8995280936721715,0,1.711674998646984,0.07002652198660952,0,1.1737107161410765,0.029423418589266073,1,0,0,0,0,0,0.30709703202948413,0
7.139848024532534,10.487885060812214,0,2.2308704066381124,0.03351469315249818,0,1.7640791662660056,0.02324923776028513,1,0,0,0,0,0,1.1374107576581651,0
26.69228653847494,43.27167279433271,1,1.5485464292566007,0.024770448978718527,0,2.09588042975994,0.012189835850689041,1,0,0,0,0,0,0.17095447754093634,0
7.476581076967204,9.65327827099175,0,9.441677332280712,0.17149929856250415,0,1.6146722381751644,0.2591553101770623,1,0,0,0,0,0,0.6604568438398597,0
3.1084487217574424,3.4523771377444326,0,1.1909663048412575,0.022737632778371326,0,1.9527824758545202,0.038625498054485466,1,0,0,0,0,0,0.5805686178696705,0
2.9903315799735672,4.087465564355311,0,0.7570239706402268,0.002717079399712338,0,1.1693090623929154,0.0200227510153053,1,0,0,0,0,0,0.46879179806034155,0
2.97278878427748,3.3549912092692904,0,1.6860431593630734,0.26786434682338867,0,1.0753579772370159,0.32184049761246475,1,0,0,0,0,0,0.3889018428292341,0
3.797773293094156,4.521483607057943,0,0.9988448667241776,0.023861172213650365,0,0.523394241904348,0.04989797838257315,1,0,0,0,0,0,0.27987575484714755,0
5.350257853474053,8.150601677637159,0,0.9411853974583445,0.015629389149270957,0,0.6181332900532346,0.07410351005049373,1,0,0,0,0,0,0.22714860640229503,0
4.959458396084498,6.362022333820868,0,0.6986871252043959,0.11718957216796626,0,1.4076700749322724,0.18591228498024104,1,0,0,0,0,0,0.9268427673983585,0
3.4575062621750163,2.403772818932333,0,2.795635763405531,0.17064964469372407,0,2.1230089053174717,0.10736617759146454,1,0,0,0,0,0,0.34934821821489254,0
3.2364520294673467,2.483067515173588,1,20.222283468173625,0.11505292761152655,0,0.5803040119518627,0.06820359006959487,1,0,0,0,0,0,0.7990271826176647,0
4.211805172704952,5.836603131088412,0,14.662075526702065,0.030899330245492594,0,1.2737020663988647,0.05007218965752254,1,0,0,0,0,0,0.9614331158459779,0
2.214204595628475,1.9803746479846387,0,4.476862934371641,0.009122347758008555,0,0.7926805237568371,0.03731146239170271,1,0,0,0,0,0,0.30956591989502663,0
1.735732920657203,1.320900104939633,0,11.592350102444906,0.12697266060042772,0,3.316136565776448,0.06113402740063501,1,0,0,0,0,0,0.87491499024691,0
1.0055668418030286,0.4598563289709871,2,10.97797552241132,0.021564082946434963,0,0.8941244845459955,0.028411915788687056,1,0,0,0,0,0,1.3336278161232151,0
1.0144020115173829,1.1921017394324707,0,0.7392865579835003,0.013284570411807065,0,1.0152476440270344,0.012537231242715094,1,0,0,0,0,0,0.23270447033046376,0
14.843401355899259,24.461940382691974,0,1.2134663142304236,0.007637378831132169,0,1.2716189303991667,0.023740498211107998,1,0,0,0,0,0,0.5458840539770369,0
8.240362212634587,11.06248573573742,0,0.4741043330553452,0.01303381860233798,0,1.164735844728191,0.009857573889421734,1,0,0,0,0,0,0.5460172222366056,0
1.828973574572997,2.301987577453653,0,1.464446931184335,0.004560745280811651,0,2.4543479903311836,0.004889579216795483,1,0,0,0,0,0,0.17406091698667758,0
4.359364912023857,4.893011486489057,0,6.54950327692703,0.030863674562829613,0,1.1775580681416982,0.057561069189430034,1,0,0,0,0,0,1.6266624645041337,0
1.4465280457429972,0.768347059925023,0,3.2695350879233738,0.3426949633152417,0,1.808544387642006,0.07829017456703277,1,0,0,0,0,0,0.5308998775624718,0
5.379456364300735,5.44968205389067,1,0.930635615494088,0.14280132253192374,0,0.7688736861921173,0.1335705259764446,1,0,0,0,0,0,0.41152262188171207,0
2.34770190450398,1.9747222496201817,0,1.3057786433745187,0.05003417393919455,0,1.0505563084096878,0.09017467917255144,1,0,0,0,0,0,0.5223214646867638,0
8.077080382623224,10.03634198692322,0,2.6416085039180546,0.2982442887130843,0,3.428326691801191,0.5590350864582533,1,0,0,0,0,0,0.9112979619150856,0
2.7568466008004027,2.759828667792603,0,1.2189809644253646,0.019122639714735032,0,0.7100347994400311,0.0456235624276048,1,0,0,0,0,0,0.2617312011403554,0
8.75383867932399,11.798307232287998,0,3.1373744377490262,0.02745919240845162,0,3.0363706152678183,0.04454527814079894,1,0,0,0,0,0,0.7294314619263675,0
11.755126901625848,19.674036621768398,0,2.7438435209926344,0.008108599360283606,0,1.4819359739747462,0.056439491862337904,1,0,0,0,0,0,0.3129818590112451,0
13.65728513414608,22.28365527868436,0,1.731651919137582,0.01193342428342789,0,1.2163569718671063,0.01352028580802656,1,0,0,0,0,0,0.053569525711022845,0
6.766701412830219,7.830368941486289,0,0.9652827073066402,0.09737213364984054,0,1.2517349346265099,0.13061100890977514,1,0,0,0,0,0,0.6486439321691302,0
1.9803223496775424,1.9852435000838256,0,19.039228660595914,0.35753058820408035,0,4.975121964745661,0.1938355344704714,1,0,0,0,0,0,1.6339289542670161,0
6.5747062965428285,5.720551102161487,0,84.33480760227447,0.021006090889576917,0,3.109450948865991,0.05144892052945535,1,0,0,0,0,0,5.196814702786809,0
0.6985445123733836,0.6763452207502507,0,1.3625350237879783,0.009664178779860536,0,0.523394241904348,0.027196565580589707,1,0,0,0,0,0,0.260850589217968,0
0.7296454848802549,0.4725434898322449,0,0.8375494214457588,0.0047791491128080935,0,0.2933442521658478,0.019381906182367854,1,0,0,0,0,0,0.22409827627032605,0
0.6325413027000004,0.6773526029972242,0,1.1320508503232416,0.0018409988485909984,0,0.5690120693992562,0.0074467596355606725,1,0,0,0,0,0,0.16500318909472586,0
3.145677580635566,4.209868462222323,0,1.2161879095298502,0.02038320199560102,0,0.917720952244215,0.03775636411451991,1,0,0,0,0,0,0.36613834893052516,0
2.39617605469215,2.37476080520748,0,2.464251690095462,0.02653212482987332,0,0.43627422500434937,0.028617769998046737,1,0,0,0,0,0,0.06799780418278442,0
1.2949624301520146,1.428301280030051,0,0.9500638212829584,0.02071828978927427,0,0.5513791555860877,0.024468767846989384,1,0,0,0,0,0,0.446761235164165,0
5.496585756470688,7.374719892814176,0,5.597126855067151,0.030464910971553405,0,1.9852554627494767,0.021314273216342723,1,0,0,0,0,0,0.24297649392057832,0
9.230528840042652,15.25829967415128,0,3.5651813225259836,0.005689208579013762,0,0.37141420970409106,0.027070084176758324,1,0,0,0,0,0,0.3048149320517868,0
0.8058649217725933,0.6446211177458407,0,1.9648114686275595,0.00375466152512224,0,1.2060106219624291,0.012362961901804076,1,0,0,0,0,0,0.1578882189896511,0
13.95959949284401,23.279221076905223,0,2.1492096133021494,0.020547071037453832,0,0.662139054446796,0.019381906182367854,1,0,0,0,0,0,0.7316201459257116,0
2.1321685317212595,2.9389178921993357,0,0.8946362608330158,0.004318136617219454,0,0.5464140812538454,0.014867752104629492,1,0,0,0,0,0,0.23857703580206369,0
17.564496910972885,28.55828592853621,0,0.6125769063773054,0.007724585719906158,0,1.3117884890139937,0.007283677741427033,1,0,0,0,0,0,0.44568027557418144,0
3.5044787404971878,4.4407934351014955,0,2.4834675823275205,0.13812578174727563,0,2.2357529469286,0.22921236104636186,1,0,0,0,0,0,1.0158688327029548,0
30.928239737196918,51.081473875699366,0,49.03321416838518,7.0069545744363,0,2.6548623538461893,1.1816927110752198,1,0,0,0,0,0,1.0079096658971591,0
18.817254227491,28.225219609413482,0,3.818604964898118,0.21494053536870425,0,4.478223967046694,0.10077659906636152,1,0,0,0,0,0,1.7551727162368271,0
4.479844781471213,7.1867187314496634,0,1.0375380102697314,0.02712551203668154,0,0.8882323898674331,0.016691184969842697,1,0,0,0,0,0,0.21819155889156022,0
12.294188638772615,18.713391102449616,0,2.4742237888621017,0.018769178943330373,0,0.6483793874825662,0.020091740090172346,1,0,0,0,0,0,0.2697302096849147,0
62.56189710029501,104.98521149189438,0,14.551394933269236,0.07232146921393456,0,5.8824141308734195,0.026812563820598205,1,0,0,0,0,0,0.6592008272783685,1
3.1743347691111508,3.1535494816396015,0,6.93042552808343,0.012109609621528376,0,0.6459634944326732,0.010207118362652758,1,0,0,0,0,0,0.25707458519110693,0
24.12750459434621,35.911843140399846,0,7.606403275588019,0.0751341594384563,0,1.8039658701834795,0.07172164063781013,1,0,0,0,0,0,1.6740194129779744,0
13.008744223988554,15.732277281119485,0,12.51284131507229,0.06535056651450802,0,6.34879827127767,0.07458014696197895,1,0,0,0,0,0,1.2352421234612825,0
8.04051875702858,11.627989809728104,0,5.601186991474231,0.08907623191013085,0,1.3693331295316769,0.019388055012478242,1,0,0,0,0,0,0.3398974808093288,0
20.442592919030126,33.9992666969454,0,2.346020346043064,0.03570677449239935,0,0.727682851279717,0.06125945274895153,1,0,0,0,0,0,0.8989921184494052,0
2.357361350161667,2.751442554460839,0,2.1969591583499426,0.008093251989188956,0,1.0411105244194143,0.06603998687652947,1,0,0,0,0,0,0.6350156491769159,0
5.7710956944519,9.209395568478316,0,0.8173298314730186,0.01611249243118977,0,0.9737297105197226,0.015461459341427236,1,0,0,0,0,0,0.6411214290068761,0
6.669366770800066,8.786972249299298,0,4.356205729126855,0.021378601260176187,0,0.8129593976321674,0.031215745108984137,1,0,0,0,0,0,0.1721064752439254,0
10.476432519254114,7.557449813592658,0,7.036050913335469,1.7677129126968563,0,5.201705891361253,0.4979042558858367,1,0,0,0,0,0,7.25682144229388,0
174.5643825019982,281.1639469601055,0,23.13566973525281,1.2791548555726173,0,7.596490567304713,0.10884276889079174,1,0,0,0,0,0,9.072124432591828,3
4.3329075707808276,4.008036765562005,0,1.7454684966543446,0.12684973502480226,0,0.8828407115358918,0.05628477773179847,1,0,0,0,0,0,0.4151061075795228,0
19.38256162326412,31.84964028120521,0,2.5652557529442066,0.016477866013456622,0,1.2604053167220282,0.1202080702054686,1,0,0,0,0,0,0.1199109439213948,0
2.915533058265809,3.1943541544827365,0,4.422696723965932,0.019344496244068473,0,0.44433308946021777,0.10738752815836985,1,0,0,0,0,0,0.3456905508707706,0
5.445096220998713,5.521418449922748,0,19.352291440659435,0.42752834292742076,0,0.4866713931303474,0.9690525068996073,1,0,0,0,0,0,2.3527931338469377,0
1.7822766031029142,1.4070818698807617,0,1.6060483058611426,0.11202336838828397,0,0.96085854821117,0.3977641209656505,1,0,0,0,0,0,0.03186561226189744,0
116.18353866859152,198.88361392511555,0,2.3638432257901085,0.06762273569838834,0,1.0762473570411712,0.15550571879263703,1,0,0,0,0,0,0.39768721019817505,2
34.4726596555794,57.11092114442865,0,6.692919696698104,0.060127485215544174,0,1.3658414436721207,0.18704011458201383,1,0,0,0,0,0,0.2233009830942791,0
88.15542502453214,145.18615275455323,0,15.354389281016715,0.12338346559285411,0,1.99758594838351,0.5906554120375667,1,0,0,0,0,0,1.9464831583226987,1
3.2273949971149722,1.0392135440046377,0,21.737606367395067,0.1054932279495387,0,4.3956712175403965,0.3820543749293441,1,0,0,0,0,0,3.715327219866718,0
13.854516743939197,16.019218269902332,0,9.580934686804161,0.05261837467123101,0,3.3502421110373657,0.17362408537015667,1,0,0,0,0,0,8.001417806063367,0
20.68286021852608,20.14736693060257,0,0.556749178294782,0.09808429460930031,0,0.7475760370866956,0.7567271513650908,1,0,0,0,0,0,0.7251973708074373,0
17.947541452783742,19.902517869752614,0,14.173821197336498,1.5983986180448317,0,0.6313136537561137,1.1207827963800079,1,0,0,0,0,0,10.871136213368835,0
4.417308840929206,5.046614282563931,0,4.840835711081064,0.3358184599376051,0,3.506152774215474,1.2848177396042657,1,0,0,0,0,0,0.9557493976008208,0
86.39884409386215,126.45412460102621,0,197.95152308379755,37.52123939632287,0,28.83185535699727,18.69357747583893,1,0,0,0,0,0,23.541462511652135,0
31.613221988937063,52.95750547328989,0,0.07459629174005457,8.026992497995666,0,0.4601485026312436,51.24914312803449,1,0,0,0,0,0,0.7020160078385109,0
2.1030965335297895,1.7213765714621792,0,1.9514100621501966,0.09283632955985568,0,1.070578661353494,0.024602078930097304,1,0,0,0,0,0,1.2636460116627646,0
1.2544032624963255,1.2879993137667138,0,0.4413872829075076,0.010664843935043942,0,0.4159710325885452,0.059032591231176705,1,0,0,0,0,0,0.1694646091084328,0
1.0996870430489813,0.7464929206588865,0,0.6858480825306961,0.3729356281316649,0,0.8129593976321674,3.545741375129946,1,0,0,0,0,0,0.02713090579688135,0
3.4218212856107426,5.30739295838346,0,1.3846054709956892,6.4538509563939055,0,0.4299548658396131,3.862608287890556,1,0,0,0,0,0,0.4267777793165701,0
4.003973544989623,5.59076344777563,0,0.6847894805771348,0.45714625803221315,0,0.36602152931942594,0.5905996831524701,1,0,0,0,0,0,0.12111641503850198,0
1.3482643821512457,1.4488779542316468,0,0.8155627779510546,0.04371593223843272,0,0.19411981520798774,0.04254141009962974,1,0,0,0,0,0,0.1783230249193395,0
7.43986681604259,7.862981063687992,0,3.399000075440557,0.23187844013192419,0,1.792358870054892,0.04921934323056307,1,0,0,0,0,0,0.3985016376208498,0
4.83769880756702,6.29107690072751,0,0.34676737896834303,0.0722190780429571,0,0.4549818128568781,0.05791276455138909,1,0,0,0,0,0,0.5926188852343375,0
0.4754578167286947,0.6298143527579357,0,0.7832122828727707,0.031322065718375314,0,0.2135125587696651,0.012273427767134233,1,0,0,0,0,0,0.05238769776181976,0
0.29762005061248387,0.05798241727510743,0,0.49918174935804793,0.02427713262416331,0,0.33277682607083614,0.03818001520793436,1,0,0,0,0,0,0.33185931382634287,0
0.36465015161832665,0.379908056750102,0,0.03129167426331987,0.004833961957644945,0,0.33277682607083614,0.01824989348630113,1,0,0,0,0,0,0.08637949532265349,0
1.7955433775500085,1.3561529870720426,0,0.6713079921590387,0.03974982267703388,0,0.4342288891511894,0.023715193026259,1,0,0,0,0,0,0.7408238165168991,0
1.4512445935764062,1.4728130234553103,0,1.781098497128705,0.011756888719592325,0,0.3494651144772088,0.058495291060780094,1,0,0,0,0,0,0.30856937076691554,0
2.2585788497721766,2.356038121486736,0,2.367709128777512,0.012534702506366402,0,0.36602152931942594,0.04831631465207327,1,0,0,0,0,0,0.11937663674779836,0
3.564511686767921,1.943656783580717,0,2.789288365458974,0.13588782064626065,0,1.3449394377169521,0.9176247083459838,1,0,0,0,0,0,0.5571520656258426,0
9.654376891015701,6.1196503280604,1,2.6422935154576357,0.3936260462794883,0,0.628541914213326,0.4578638512635905,1,0,0,0,0,0,1.1647312458119483,0
18.985151213972955,30.81243168490687,0,2.3457985688555394,0.045818197242326844,0,0.19411981520798774,0.08222404920565925,1,0,0,0,0,0,0.5302328653969073,0
35.386103893116136,55.5126325858704,0,2.090855357973818,0.10179255370298956,0,1.8370446035235681,0.1020213253085752,1,0,0,0,0,0,1.1035914659001027,0
6.913794573322728,11.207984393775254,0,2.9038045400179002,0.016725911987850166,0,0.8194951078790125,0.026131974350893705,1,0,0,0,0,0,0.2774137385300905,0
3.9098606991789486,3.906999054584547,0,3.3040786027306535,0.3291408368922517,0,0.4159710325885452,0.23234880582740897,1,0,0,0,0,0,0.5244482525407058,0
6.788011183048215,9.20077817846722,0,0.8409620417666772,2.486962944553559,0,0.19411981520798774,0.30424667784055676,1,0,0,0,0,0,0.04988184850694233,0
2.2011872387053057,2.4622834011090684,0,0.5756637417976249,0.06686337216126126,0,0.4299548658396131,0.1987677712348992,1,0,0,0,0,0,0.19404748722396248,0
33.65851922072238,57.552653868194156,0,1.6847011676147798,0.03768648152818081,0,0.7764792608319511,0.019560077182310023,1,0,0,0,0,0,0.21256196451361636,0
26.25658381062324,39.43339229521941,0,3.259914038067185,0.05432794178811117,0,0.8039853698595425,0.01998925774541831,1,0,0,0,0,0,0.2799439447427019,0
2.7974940708364535,3.5513650739068146,0,3.8955807807229803,0.0021397755507800804,0,1.3341201582558266,0.048551376679334964,1,0,0,0,0,0,0.591856440306563,0
12.125105515055438,15.076286936014613,0,0.8375099169219029,0.032349421946585175,0,0.6183479674817207,0.07791093927027481,1,0,0,0,0,0,0.3610690211063424,0
12.324565966653521,19.766296557185772,0,2.5684705081504617,0.0614916841772455,0,1.284293542400587,0.03650420360674972,1,0,0,0,0,0,0.20672556916105755,0
76.09990094874875,131.00180403307405,0,1.5751626157431653,0.007060891191796285,0,0.4549818128568781,0.023269698894632207,1,0,0,0,0,0,0.4218250809405467,1
39.54154636013143,67.56081384451167,0,1.4257285749504498,0.029694237908302584,0,0.33277682607083614,0.08886829789992523,1,0,0,0,0,0,0.2556346796899163,0
2.158918125111158,2.56974985790964,0,1.5082805893509883,0.04481308033069437,0,0.65721499353078,0.060408405169756,1,0,0,0,0,0,0.21797501253085277,0
1.49964898841657,1.8706440589380582,0,1.2222630147732039,0.027203457398838837,0,0.36602152931942594,0.06823627474668585,1,0,0,0,0,0,0.08085139535192773,0
3.1704407270077066,1.9685137362775846,0,13.232511938421828,0.15400969429682854,0,11.606320607805987,0.062053695331095504,1,0,0,0,0,0,4.689195761921094,0
10.921493600688198,10.559096649553055,0,70.4340670633037,0.03592909188171814,0,11.015463390985925,0.054229325974678826,1,0,0,0,0,0,12.848993990849584,0
17.01395154380405,28.29851202277311,0,3.775911672534833,0.029597324514049117,0,0.8540502350786604,0.038075017867919045,1,0,0,0,0,0,0.3870269124237784,0
26.033171957737064,35.51932866172084,0,1.0041556383312935,0.8895173274003282,0,0.7015412645288996,0.7997013397911331,1,0,0,0,0,0,0.1361439652418181,0
7.49231924424636,10.39928348004038,0,1.1815574295872637,0.29711761536329934,0,1.300988103391402,0.4250023037319025,1,0,0,0,0,0,0.4414466294670286,0
8.45329187286766,7.717311460173137,0,5.839585812353617,0.065112188641851,0,1.1895699702881342,0.4531515870528179,1,0,0,0,0,0,0.16767827895482934,0
6.13646818006132,5.731731175071584,0,4.420578156523867,0.010630420589474351,0,0.6821485209672223,0.1106554694420082,1,0,0,0,0,0,0.5034731413909971,0
1.2351864687936167,1.260539023902465,0,2.045994985867797,0.0197143917686123,0,1.1895699702881342,0.04617069546190731,1,0,0,0,0,0,0.31884253216934666,0
6.310980779711867,9.019934243184187,0,8.281514408146489,0.0394652856888192,0,0.3494651144772088,0.02790291654638401,1,0,0,0,0,0,0.653390651499401,0
28.008156275782365,40.532942983880545,0,3.286307285186702,0.911490738826296,0,0.9179835715988477,1.180644607053511,1,0,0,0,0,0,0.44276391511808044,0
36.22087371432371,44.37033748450084,0,3.138246371105677,1.1047918227803633,0,0.44634919636595716,0.6957521118180537,1,0,0,0,0,0,0.7761264847666058,0
13.689100425409196,19.851097649070653,0,14.816456096359875,0.15214646657688624,0,2.3565441259553888,0.22216216925404053,1,0,0,0,0,0,0.9783111437681616,0
1.6101106594827532,1.2428222823568147,0,0.29376515651844076,0.06783968931340002,0,0.0,0.0985355050102813,1,0,0,0,0,0,0.01645687316992814,0
12.515573066290514,15.264516646062914,1,2.4098205621485307,0.026294699348948385,0,2.185493662560761,0.011268648959194499,1,0,0,0,0,0,0.6418810270569524,0
13.820968788119645,23.028425563926206,0,5.488421267739811,0.04282086874595197,0,0.4299548658396131,0.13556037150638894,1,0,0,0,0,0,0.1796437929605798,0
5.616290921530074,7.279017812499219,0,4.055078377321207,0.020709761666823152,0,0.6821485209672223,0.03169498371870478,1,0,0,0,0,0,0.2371223796444923,0
3.5343749079856828,4.883574501027197,0,0.9798785933592822,0.009128807470507648,0,1.150652609600624,0.05855356426185233,1,0,0,0,0,0,0.5565064376093074,0
7.452824982319312,10.299622805137108,0,2.106954621910789,0.033475694142548806,0,0.41597103258854523,0.04950769045063072,1,0,0,0,0,0,0.14771725636676528,0
5.479971339430838,7.529504764453327,0,8.351654938049062,0.02889972429343828,0,0.33277682607083614,0.04061736106145515,1,0,0,0,0,0,0.5737624817037895,0
8.901902727504048,14.223646768532303,0,6.784795561731663,0.01625641795777756,0,0.33277682607083614,0.042038886951793204,1,0,0,0,0,0,0.15941287631110018,0
6.696567984416191,7.705694366520734,1,2.828586648624169,0.004587082743852529,0,1.0679783585907106,0.07274469385070019,1,0,0,0,0,0,0.6158260130782998,0
19.463476569077642,30.160637070512962,0,5.903019196587358,0.030812054742267416,0,0.2135125587696651,0.08946132261486187,1,0,0,0,0,0,0.3755944807541344,0
16.57011083760821,27.099292440456363,0,1.8816130665045208,0.056810992498038726,0,1.3648648125202925,0.025771520871473434,1,0,0,0,0,0,0.29060247458165833,0
8.946019827399349,13.14578886625102,0,10.32631814531357,0.04782465718363895,0,0.42621995785387184,0.10227443844517778,1,0,0,0,0,0,0.675891565448185,0
6.896177397330078,7.97853962346603,0,1.5633004746258337,0.046344921201842665,0,1.8159949705804581,0.13387675123576886,1,0,0,0,0,0,0.8921794725816421,0
39.24412176784662,64.29535100762894,0,3.290175842439316,0.014872192840080026,0,0.6004834163756692,0.09145222551550866,1,0,0,0,0,0,0.7995486705906896,0
37.76167137468256,60.65341252940198,0,10.156483451350221,0.03923636045408571,0,1.4897596213851791,0.07066373099502808,1,0,0,0,0,0,1.501419263197457,0
6.704127635906224,5.010733910686911,0,17.804237829002233,0.8878882994230386,0,3.4433705888255917,0.20942795231481698,1,0,0,0,0,0,1.1552415915678438,0
6.458199405713058,6.263339894711945,0,2.8180165412471285,0.19067051297601226,0,0.44370243476111487,0.976103914233639,1,0,0,0,0,0,0.5115981049569291,0
63.573555398067576,101.03835763996072,0,9.998963736490449,1.2428266265675674,0,2.0770465794080417,2.7480517803176125,1,0,0,0,0,0,1.7914612480495942,1
13.099867011570307,20.58100948451107,0,5.657071461842531,0.04900255958891572,0,0.6183479674817207,0.26179098895613206,1,0,0,0,0,0,0.5774755034635309,0
2.1431830137126555,1.896652737074885,3,8.852706748167918,0.05857927455613672,0,1.8749852203153772,0.12717068697154027,1,0,0,0,0,0,1.314905336887845,0
5.41755535115764,2.262649367783337,0,22.857195779720215,0.06765944427712112,0,5.563675429958683,0.05770520290881906,1,0,0,0,0,0,7.680131889220427,0
32.4076681310525,52.57612198535831,0,20.494642343717626,0.03914441852893412,0,2.895883040830534,0.07138738677579079,1,0,0,0,0,0,1.885238697472905,0
75.10821846106073,122.80357113449192,0,15.206705661982417,0.08103916126951455,0,7.995865428908422,0.27878796900852104,1,0,0,0,0,0,2.8101539614445956,1
15.069062335398012,23.009012394979425,0,3.9711134975813644,0.014126933747169277,0,1.5379168575502706,0.047125828567500916,1,0,0,0,0,0,2.4547868594836864,0
3.7448425155291583,4.730188607978787,0,1.3703156818385358,0.0595688081994107,0,0.8569107319577174,0.06564669387184809,1,0,0,0,0,0,0.4439295572609897,0
3.8828089493208227,3.821205370385122,0,6.6689672833292,0.07955058464292217,0,2.9439956930854803,0.11851420330345265,1,0,0,0,0,0,2.0929548263482323,0
33.91985951833008,52.614414968286894,0,16.113540023930508,0.03505239089935723,0,0.8266032535042734,0.03190519060914435,1,0,0,0,0,0,1.425108532724761,0
17.351112501586698,22.13250077992773,0,1.4364334057287127,0.011651149532448044,0,2.3182060229568555,0.062446415908802025,1,0,0,0,0,0,0.6047169486464574,0
156.61124350936024,253.21202017496802,1,8.019194358317282,0.019944828301188135,0,2.255796167787035,0.0069418845329639566,1,0,0,0,0,1,2.7478443187829997,3
15.338581929521268,15.922891977319287,0,3.0519201703864782,0.10350462603336649,0,1.878823461432782,0.07793548456887507,1,0,0,0,0,1,0.8164281556768564,0
28.46603611185324,43.914463755727354,0,27.212611979626292,0.07920970942840655,0,1.2474201287417905,0.20400724902761563,1,0,0,0,0,0,2.0277394598242076,0
29.63277914071588,43.63477060745675,0,11.949114366468175,0.030930969660973133,0,1.8054371989982811,0.20433624950547316,1,0,0,0,0,0,9.465687034995295,0
4.248238445962146,5.218288567148663,0,3.6010419342789244,0.014017393585823852,0,2.0448947349477438,0.22062387700545302,1,0,0,0,0,0,1.524336636560958,0
26.94032443105307,38.62320937037834,0,10.509567867054287,0.053704048707516376,0,0.33229920439243155,0.06987816704182732,1,0,0,0,0,0,1.136059197343719,0
5.099592501171854,4.570939563062987,0,3.329163009677042,0.058466054736871075,0,0.7982253917530988,0.10383958314196391,1,0,0,0,0,0,1.100646095607416,0
30.42820723664883,50.06603716833558,0,4.6295510658152,0.06077060835349356,0,1.0335633138983922,0.10343465676417576,1,0,0,0,0,0,0.6109074506148473,0
57.06782882593119,94.34922287283568,0,1.5352995538544159,0.039218298025929,0,0.4089616704708965,0.08445272929969863,1,0,0,0,0,0,0.7621468874339254,1
8.153951583560664,12.824325194849376,0,1.9115321672220076,0.05092568329156795,0,1.3118724987364307,0.045742960467541116,1,0,0,0,0,0,0.4635911696549304,0
15.689443372236543,20.695492335916516,0,6.851506570438449,0.026812854231540492,0,0.0006568943300258935,0.031956175176515514,1,0,0,0,0,0,0.3715917198223496,0
2.4631583267743453,1.592600050642107,0,14.497159107163501,0.011285627319418224,0,1.6201988367536981,0.08232330568218156,1,0,0,0,0,0,0.7307388871865257,0
11.917274733006263,16.78192695009576,0,5.082921125629803,0.027592036980646155,0,2.7113776899921858,0.06651675635359011,1,0,0,0,0,0,1.2834038766396714,0
45.4277853815504,72.84412406211449,0,13.552648162518965,0.057691350357696375,0,2.010265116536058,0.08382927867330492,1,0,0,0,0,0,2.865155298026317,0
22.387425681490914,33.40649967276391,0,7.453474730579407,0.03177582247708475,0,1.6130668794110123,0.3087965067080921,1,0,0,0,0,0,1.3743870343685425,0
21.64034738292637,30.44060819616762,0,13.042029826941189,0.08231222653518747,0,20.99154759357881,0.10413234640139764,1,0,0,0,0,0,1.9069005329663762,0
87.82596757191817,134.73885496013622,0,90.768155118313,18.67528978840825,0,37.738647100661915,9.600541403390018,1,0,0,0,0,0,19.22515419123259,0
44.02474716345902,36.79221978360539,2,35.44699447447422,2.408934423179332,0,30.954995501424722,1.5407966382002307,1,0,0,0,0,0,23.621853752081634,0
91.89050098820279,150.08627161981065,1,8.030640618464254,0.6368925003156191,0,4.372137587999618,0.25337936089772517,1,0,0,0,0,0,2.7491361397586505,1
37.94415504691832,57.46050314773408,0,14.443132634587506,0.6243717785863445,0,1.6626799718369218,0.5518941219466019,1,0,0,0,0,0,0.7293672777051026,0
24.093320574998724,18.269153319443248,1,15.213720457932295,2.604722491302497,0,10.27205861370761,0.3997001524432497,1,0,0,0,0,0,10.701762247955845,0
69.35206691352332,88.37256024656709,3,33.518225741203715,1.1229943946120082,0,4.351153671109349,1.1426702044022465,1,0,0,0,0,1,3.1052001192834138,1
27.707749492733974,37.83260886838962,1,11.404049239962102,0.08659424050579187,0,4.71829284328766,0.1237714569780357,1,0,0,0,0,0,2.290015754726894,0
8.418559736834549,11.002174361814049,0,5.0805295080732815,0.07804197419355743,0,1.4347258319757117,0.07370351085309973,1,0,0,0,0,0,0.3481487459524676,0
17.581625857693634,24.34960208506962,0,9.714303840371086,0.017231536722539832,0,0.4659647134434033,0.03282408659918822,1,0,0,0,0,0,2.244867878330789,0
12.828539081721669,18.19153725752674,1,4.373639625162835,0.02938515611156404,0,1.8435044020657272,0.037626700994759246,1,0,0,0,0,0,1.0067020568782503,0
9.29782654584081,10.8137483310556,2,6.609826691798585,0.20145742338356645,0,1.5050788301410738,0.13295986254866193,1,0,0,0,0,0,1.7589732679972512,0
43.98999376050977,69.9825480872064,1,6.652469456326784,0.018450139027178465,0,1.4587006893745498,0.020546755847529977,1,0,0,0,0,0,1.6635062011295085,0
30.014588105428384,25.4731332301334,0,5.793330853254903,0.8805844512980209,0,9.427298857566973,8.023802307818846,1,0,0,0,0,0,1.1529365592852694,0
70.36607412151305,114.33020924362815,0,15.110216140583612,22.55208550373151,0,2.3481499847950715,9.593342252071134,1,0,0,0,0,0,1.6816913383590721,0
18.48051883139197,15.523748580581032,0,17.85732866971132,1.0173206692162453,0,5.469751100031163,9.634939719997007,1,0,0,0,0,0,1.7096204770456618,0
20.251964390664302,26.189676818882567,0,3.7207811602129346,0.4856251385428697,0,3.791884710316771,6.283685500823111,1,0,0,0,0,0,5.62593950852424,0
3.8361047955074925,2.469893883643915,0,3.871798565409203,0.08367332591201096,0,3.105184028429936,0.04329625702264632,1,0,0,0,0,0,1.931072272711789,0
2.5561257717332966,1.9324182015853328,0,7.453905156306005,0.05578909105920788,0,1.3581770858189186,0.08259582219616758,1,0,0,0,0,0,0.8685726541243577,0
9.855308071443428,12.832045948070766,0,8.146124585089783,0.03820557981325879,0,1.5109786163018306,0.10698083232673722,1,0,0,0,0,0,0.5582425460495396,0
12.664820568412948,16.193489229745133,0,8.318331499722007,0.02275237664156403,0,11.26507727923256,0.07268723806907507,1,0,0,0,0,0,3.5161765990262834,0
7.390776900541243,4.8754011847579495,0,32.739305421080516,0.2648199372883747,0,7.955220261234521,3.978311818419523,1,0,0,0,0,0,9.70388368252784,0
17.850492274066955,25.24221151388339,0,2.2640804249682684,0.060151781149977025,0,2.219992669431547,0.049558498742256596,1,0,0,0,0,0,0.7937583686539834,0
45.007225745249066,75.0795378838627,0,1.5005168538079254,0.06612745533113187,0,1.160842506314323,0.09533938307608542,1,0,0,0,0,0,1.0663580566886957,0
63.85870783035224,103.93754286985042,1,8.265891533513262,0.022932467274675114,0,1.5918652145484091,0.08150509731718719,1,0,0,0,0,0,1.1538533521828125,1
19.20616820901855,22.30775119315585,0,12.734373573108218,0.09320774496810486,0,2.25756724090638,0.20708797858868833,1,0,0,0,0,0,12.839131320117323,0
29376.405817984014,50866.301792310194,0,8.764446566281125,1.9655777097644322,0,0.9312712716066499,15496.41777492531,1,0,0,0,0,0,1.9014119443393538,0
18.049577187630057,27.072614995384587,0,5.463665994040047,0.05743243619067777,0,1.2404992993745716,0.19569429585688214,1,0,0,0,0,0,1.9716672580710422,0
46.41500136943786,79.07278427800688,0,3.7306985282958065,0.08028890670786507,0,0.57538703475813,0.10709389096164111,1,0,0,0,0,0,0.688955323640399,0
52.64569085168773,61.845953552446,3,61.25892686048569,0.07600217558276734,0,9.496727854037259,0.8562243212733909,1,0,0,0,0,1,10.468504553515018,0
15.706248433210318,24.16399042721273,1,3.6255481853485634,0.021606042585938044,0,0.7720235115294677,0.12060687978878964,1,0,0,0,0,0,1.5606414302283664,0
13.759561077035825,18.83129549512399,1,7.132635068141271,0.06193535349767328,0,0.9092111835740588,0.09685500592243429,1,0,0,0,0,0,1.640204877995206,0
19.734970576847736,32.18885636186132,0,1.9475048658126197,0.04175014853898202,0,0.6439786026408948,0.12146744270887755,1,0,0,0,0,0,0.3433797131863081,0
8.101496440029162,12.094423022580976,0,0.6564909567152517,0.08311821385729692,0,1.3361306737006766,0.16131761821000606,1,0,0,0,0,0,0.5578339605380865,0
35.0427592637148,57.76679905848027,0,1.3448342172482786,0.05776712196355482,0,0.9350889358005066,0.11719998976331411,1,0,0,0,0,0,1.0305314649582937,0
48.49958347619146,82.28530690173473,1,2.0951697463497103,0.033414749090009126,0,1.2679070717719336,0.030868771156190543,1,0,0,0,0,0,0.6393612923395295,0
4.336846316496053,3.6293801693165726,0,3.519159851216034,0.05463524977021776,0,0.804675798048874,0.028182690441145606,1,0,0,0,0,0,1.4748885664887244,0
7.342388013880605,9.174980513837744,0,13.75634982495308,0.051278171618872714,0,2.5928689101013074,0.2720428545232171,1,0,0,0,0,0,2.5944149286438023,0
3.4146859415378947,3.8815814612954593,0,3.848692434603931,0.06122187031527966,0,1.4233777297319503,0.037192152586430584,1,0,0,0,0,0,0.287995558855069,0
9.81315407016523,10.980966564486987,0,15.014275420677473,0.021139542978747927,0,4.456523150004902,0.083222561227949,1,0,0,0,0,0,9.300578438703795,0
13.78985820124329,18.724898686390976,0,10.423490881321543,0.04231180714885216,0,2.2105643692143597,0.03443569792010729,1,0,0,0,0,0,7.475526129688433,0
19.799424803612983,32.100867787224516,0,3.492569383292311,0.07859562139744064,0,3.639849078482052,0.05995347256492775,1,0,0,0,0,0,0.7203139277267063,0
14.377311125718055,23.361111535463962,0,2.74869507238209,0.09853689076778926,0,1.0468223225409616,0.056296561877172364,1,0,0,0,0,0,0.8075108743043871,0
24.889274566798523,40.59566088342091,0,5.792951662537805,0.09156968841817091,0,2.0698023558029837,0.3494406335807226,1,0,0,0,0,0,1.4600092405555276,0
53.263993458504515,89.70834145425599,0,3.608929795941755,433.34128025070686,0,1.9109773952885232,0.017983378987919373,1,0,0,0,0,0,1.093579184774953,1
25.32040490717803,39.88929437966021,0,22.63159858747612,434.36335329904625,0,8.998295233114977,0.11943997984377056,1,0,0,0,0,0,2.836710378962099,0
18.17359411464628,9.230885025148071,0,16.44468698714374,431.96468089907484,0,2.8109562036765974,0.18546036566380053,1,0,0,0,0,0,13.030972247270649,0
46.59928562763275,74.7645410169302,0,2.5401455069362058,0.13195723711376284,0,1.2588840349958232,0.23254867990131683,1,0,0,0,0,0,0.584884705869908,0
17.234635092307805,22.241771667735083,0,2.1660582409962377,0.9105468899631145,0,0.7675942157838349,1.2690153319910964,1,0,0,0,0,0,0.6448030530402602,0
29.812888945626163,27.638630445129046,0,6.120768934426861,1.407043064811988,0,0.9105579252392243,14.25209354254202,1,0,0,0,0,0,1.2532889150108097,0
14.023939540507692,8.881449289470586,0,28.813288712428108,10.014357719064128,0,1.732472338665786,42.849041172485435,1,0,0,0,0,0,16.249125760504647,0
20.569741570979563,20.560737511749252,0,123.78020695545254,0.04682728111848812,0,222.21734115721023,0.09033274006173557,1,0,0,0,0,0,51.65443793917919,0
12.69505452062538,19.44516906361756,0,6.6280813490569415,0.01185667050262235,0,0.6285259405525063,0.14386481191751616,1,0,0,0,0,0,0.593684426720503,0
3.8312523870238984,4.8175596704045525,0,3.3569715925224393,0.005017404032087458,0,0.8773608595594153,0.019670145400560748,1,0,0,0,0,0,0.6736460200797028,0
12.86740237493597,11.825810169358492,0,3.0859543560548035,0.27059728213876827,0,1.5355042561636691,0.09286327971116878,1,0,0,0,0,0,0.6522360667132121,0
8.521055555420435,8.353305825915522,3,5.378764505403122,0.2692099640885791,0,1.1024153702996973,0.19591517555167004,1,0,0,0,0,0,0.7534523383190246,0
2.01544374755034,1.5152950193388368,0,0.779604371870102,0.15122120589500826,0,0.29119358403563295,0.14332410990884092,1,0,0,0,0,0,0.0926927486383898,0
8.085045111009574,9.180289179811787,0,8.972461755679184,0.8451841571581775,0,5.506584242527997,2.7738061220818673,1,0,0,0,0,0,6.432101078494102,0
47.46008506297708,50.55057664779138,0,444.99626966293704,10.392162339694341,0,117.11407982577352,12.107450318858653,1,0,0,0,0,0,63.960528924782075,0
2.863114832710278,2.3297958677254695,0,1.703842086767756,1.0485643995335803,0,1.229942733301608,0.11563298024739235,1,0,0,0,0,0,0.169716157749502,0
24.249681109288964,34.769089951746196,0,3.2036370839264707,2.343281947604474,0,0.6760657228521636,1.0652969724875918,1,0,0,0,0,0,0.40918758673879385,0
1.3888295492019167,0.6255021862680965,0,4.215989008314245,0.02817451969614128,0,1.711252421057591,0.09312748390758165,1,0,0,0,0,0,0.7698499865373721,0
2.156345573942867,1.1935238376375064,0,9.042264525704176,0.01974289607525569,0,1.8972369865488303,0.08299497087810563,1,0,0,0,0,0,2.434322301385326,0
53.05723068739553,85.53719575913414,0,5.667419212226745,0.025614933922290896,0,0.3819370998509903,0.12447356250545188,1,0,0,0,0,0,0.5497586682016665,1
19.21850346493199,27.93595181102796,0,1.6836637514811446,0.06572663526835938,0,0.6030530374670557,0.02116652861455901,1,0,0,0,0,0,0.338793597360104,0
14.45263583478432,24.027422857353933,0,2.3649004531916433,0.020017075086118524,0,0.9369017794352176,0.013245151409739628,1,0,0,0,0,0,0.4526758339263189,0
16.69132162849652,25.975990155467148,0,0.7544786994177323,0.07781382903706494,0,0.7258869942320223,0.05926401796242932,1,0,0,0,0,0,0.1826171506254767,0
1.2825748279644211,1.0402645433934297,0,0.7425689129466791,0.04849747266556606,0,1.1036828885854288,0.07573667801479467,1,0,0,0,0,0,0.30153136287606463,0
17.009262283898675,28.316948617342565,0,2.5687979773830154,0.010607215725191108,0,1.6183585885520795,0.030858653845416004,1,0,0,0,0,0,0.43446897614070656,0
0.6995545853724228,0.6088914086005096,0,2.571649120724774,0.011984514111993373,0,0.8851083314454871,0.041385961186373804,1,0,0,0,0,0,0.6605413985706514,0
35.483828660794146,58.05453857895841,0,1.0498870022062647,0.16639427052519895,0,2.5447998605235536,0.07619540545117731,1,0,0,0,0,0,0.523118242121611,0
141.99994019869612,239.3381098814793,0,2.7447765117158713,0.9148279347782066,0,1.563216168661493,0.5961314282261284,1,0,0,0,0,0,0.3726934736049565,2
165.0323089093787,279.7243383831938,1,5.288071863851159,0.03309822716689491,0,2.3935931771825065,0.06463385093450497,1,0,0,0,0,0,2.0647064048387413,3
36.68146366000876,61.64818812098197,0,1.844068896440718,0.06402257162630877,0,1.1980117845604399,0.13754517203885164,1,0,0,0,0,0,0.4316832012248183,0
91.80981502430886,154.53982176046574,0,2.434188477636665,0.11283460873495149,1,6.559821066260267,0.18789147837693798,1,0,0,0,0,0,0.32903953751012754,1
5.928016604485379,4.892914090502057,0,5.8762710430972405,0.2857556477685609,0,2.848565205025076,0.20067572318241841,1,0,0,0,0,0,1.2615880392903536,0
1.1258901803429975,0.7707736489170525,0,0.1392976218748117,0.0026609581215264588,0,1.2147340257322363,0.028469597246579784,1,0,0,0,0,0,0.6264310526104324,0
14.624814800572448,21.978091344300772,0,1.381869550294346,0.03520268881730203,0,1.3384080293943577,0.022095845410138232,1,0,0,0,0,0,0.6637837842179934,0
2.5796257888437704,3.41889232180914,0,0.2977639328976111,0.013194557833546987,0,0.3302141667421358,0.060105161446956,1,0,0,0,0,0,0.39503338604470495,0
1.0085998406118613,0.7686578370935416,0,0.6595903874910032,0.00795015524781146,0,0.25910298296433854,0.031582625485654166,1,0,0,0,0,0,0.24763131053695447,0
5.882239889163533,4.920045397678122,0,0.8629226256565208,0.006414371486460368,0,1.791948377743992,0.07892055207593779,1,0,0,0,0,0,1.892625655014038,0
4.918181194272177,5.108652456036392,0,1.6467693459765436,0.006953358926247211,0,1.2107076591357464,0.027745029791077395,1,0,0,0,0,0,0.4963475530202668,0
7.496063471278851,10.52958692456176,1,5.151040444179506,0.030359294179874895,0,0.6310879571926808,0.03679452052268168,1,0,0,0,0,0,0.9230164286868745,0
8.289182669036158,13.080890992414268,0,0.4275296244688319,0.01882852242832927,0,1.146978054415395,0.019469434620884803,1,0,0,0,0,0,0.20533679386688028,0
0.7656625447657479,0.8429426043449572,0,0.23758532164475527,0.0020611329478280697,0,0.718311609806457,0.04423054702921916,1,0,0,0,0,0,0.15911146578605245,0
4.739421584836118,7.762596645771994,0,0.6405025303879128,0.014226165327198314,0,0.3313327222071772,0.014930690244484505,1,0,0,0,0,0,0.05238765596770637,0
3.6523220303183055,4.990265182745587,0,0.5927505765642227,0.012703180183961637,0,0.0,0.013099471007642017,1,0,0,0,0,0,0.1448869661835986,0
1.6952277726216882,1.29549338283784,0,0.38769993712126505,0.024966883131620807,0,1.2147340257322365,0.033590911819559435,1,0,0,0,0,0,0.7694653405569246,0
2.0925149462866526,2.93180614491075,0,0.8273697729650121,0.01976665074534268,0,0.031612312354571244,0.0473325614283686,1,0,0,0,0,0,0.34632982896421854,0
1.7736672869828236,2.3643274229683984,0,0.28800358351316635,0.025583434498532367,0,0.6181332900532346,0.03459074492841085,1,0,0,0,0,0,0.14217687360629544,0
2.3460000489023143,2.8325398487949554,0,1.587098137560148,0.029929985639002586,0,0.954678820859489,0.018052690339607047,1,0,0,0,0,0,0.5063016664884193,0
0.9688813991493213,0.9747863271367357,0,0.9185156115229759,0.02266040227832332,0,0.9390478258514119,0.09764271897142339,1,0,0,0,0,0,0.17948368258309,0
79.7309970783106,130.8159803719862,0,92.18463794031466,17.397946037462635,0,31.78300290575185,7.036590870335236,1,0,0,0,0,0,7.965450698297613,0
31.189668725677762,25.500625204045157,0,27.422393343870585,6.117108133546886,0,14.728848114100774,5.758665038582147,1,0,0,0,0,0,65.07961128227325,0
8.377524598527058,8.544260801466631,1,3.953853066523261,0.05267041607605907,0,1.464439897334229,0.26994961904589576,1,0,0,0,0,0,1.261396329353588,0
3.5999909641439043,3.0492197461752713,0,1.0258994596061186,0.21719091271281982,0,0.561307400405544,0.4558910359559666,1,0,0,0,0,0,0.6220299650707243,0
2.9936400057515025,2.2960427845879416,0,1.2464262740218006,0.04678099650289553,0,0.9735182156441434,0.0299383345202595,1,0,0,0,0,0,0.24438664831502357,0
11.227346273164038,13.765392013849729,0,2.05333623562671,0.025890901732124546,0,1.3189118877234551,0.06347820372415196,1,0,0,0,0,1,1.4037872849773145,0
5.3683835242337326,6.916703263522603,0,0.9417060856082968,0.022613810265628868,0,0.9776306053022978,0.11531961123287235,1,0,0,0,0,0,0.47333334467520083,0
7.45421000171963,11.983776031737179,0,1.2765241602266686,0.04313957906794778,0,0.3805676033397066,0.13310638804209748,1,0,0,0,0,0,0.5752415221987015,0
2.701667681125503,1.8217568752335738,0,3.86201894646276,0.40988508928809925,0,0.8361001476223064,4.451302950133298,1,0,0,0,0,0,0.7924604877210113,0
7.698028287590213,6.044065300117827,0,4.076056870255221,1.7108560151876797,0,2.6930355537831563,8.818231127674245,1,0,0,0,0,0,0.8966245711820416,0
8.579774072842502,12.355269912679015,0,14.544530249494407,0.027949507376615623,0,4.136688781969967,0.06968096070067245,1,0,0,0,0,0,0.599011986049667,0
90.62233246502812,155.08697333179768,0,1.584620732033305,415.8332489395022,0,2.6400412384058516,0.08622088292412708,1,0,0,0,0,0,1.2623522458392102,1
30.54314615712018,50.26556121155993,0,2.1412497253624085,0.026291326574148413,0,1.7369112420600548,0.19755152467066883,1,0,0,0,0,0,0.3889075249522178,0
5.8409518419906465,6.729749689930677,0,6.08183947440347,0.16017088660893253,0,0.2614576124132581,0.13490261390515013,1,0,0,0,0,0,0.8152420934179816,0
4.764376793114003,4.850588437125603,0,1.9643301672898157,0.008886033108784453,0,1.0531604155173215,0.12798792825712363,1,0,0,0,0,0,0.48075834237480175,0
46.65951233992614,67.62656436371488,0,8.221814940028294,0.015666722776939458,0,1.8746779751901652,0.025774627385454996,1,0,0,0,0,0,0.34022323483057004,0
28.39333982272881,43.74217171007362,0,5.877093172638723,0.08607781265779102,0,1.4861720302820245,0.24758258771749597,1,0,0,0,0,0,0.7535108000601036,0
3.7306720292937943,4.684469716632404,0,0.8090590208217373,0.0369143844045522,0,0.413746176042667,0.09119864413151828,1,0,0,0,0,0,0.4165228366674937,0
24.33925467045351,31.837512647659146,0,5.508757239250492,0.09770452311243237,0,1.8460731981937497,0.23333491471497328,1,0,0,0,0,0,1.1580112801492377,0
112.37283528709078,182.7526317011366,0,20.540303470175743,0.07473940704535852,0,9.126303635272198,0.3436653652695325,1,0,0,0,0,0,5.551437959915242,2
31.14476426282203,48.91934949898186,0,3.894520468852385,0.8665059520795602,0,1.739261299148974,7.125522033724171,1,0,0,0,0,0,0.7504707629643569,0
8.256180973997763,8.934619520437245,0,1.8253029561069727,2.3026959992884986,0,0.21842938483817376,23.213877860969504,1,0,0,0,0,0,0.9368432077001265,0
20.255119058327217,31.496660816441274,0,2.229109887322908,0.012312639604088228,0,0.2923387906412883,0.04838949809672073,1,0,0,0,0,0,1.6044840427859652,0
2.8701132523677,2.693196042057693,0,2.6291914413155237,0.023665042317408673,0,0.706259502781381,0.04014853876814452,1,0,0,0,0,0,1.498907641999482,0
13.894920633133971,11.935995579591863,0,8.429517853173152,0.10275255776431835,0,0.57983260176562,0.8958426247275343,1,0,0,0,0,0,2.984491528724063,0
116.51858770629914,168.09023791984552,0,1.70152613559179,480.03054693916766,0,2.382520541148697,0.07212697670562782,1,0,0,0,0,0,1.0924018988061601,2
48.03462038661452,69.40551155284768,1,20.933284175977857,415.8768432698236,0,1.2840673499569717,0.1704374948508518,1,0,0,0,0,0,16.59255900568061,0
24.49385906120263,25.33641336301383,0,544.8510535219452,0.15187300657512443,0,162.0794137232673,0.11535846573104375,1,0,0,0,0,0,65.81544302356728,0
13.759181267761772,18.709162181550653,0,1.526209010627169,459.07909030002395,0,0.37573130610115013,0.08012588278675638,1,0,0,0,0,0,0.8633507825281093,0
0.9777224972464222,0.7572784223005617,0,0.4585756663693732,0.010754635552551219,0,0.2230229185106941,0.026347042615055168,1,0,0,0,0,0,0.5819450712020502,0
1.9982944402554663,2.3631865893098354,0,1.1255567619583906,0.04141727395799284,0,0.16621190660849453,0.02288520609534596,1,0,0,0,0,0,0.3182892878559379,0
32.222200364024175,42.04300255936792,1,3.488028301080458,0.10627077940042931,0,4.160671339479879,0.281707388706011,1,0,0,0,0,0,4.511053887709394,0
2.0495810155921124,3.157622491531385,0,0.5851253885379688,381.9923371570742,0,0.3779099487958708,0.04441068791620023,1,0,0,0,0,0,0.2390736255547469,0
14.339190435860148,23.183306048486042,0,1.686684800478813,0.01758109714242359,0,0.5079458464299886,0.04849411212154082,1,0,0,0,0,0,0.7105372001898609,0
6.894765356691114,10.529393541802932,0,2.45212197410168,0.07991919393815686,0,0.48950288958963034,0.014775950064401727,1,0,0,0,0,0,0.6112441039993212,0
6.56571746404059,5.5168696203288405,1,1.2654717947791274,0.10226464469311236,0,1.1710130869680504,0.16662820038347856,1,0,0,0,0,0,0.7163399382337927,0
1.00628015817782,0.38453432942340343,0,1.0593680693785894,0.03084364561897763,0,0.4709895894345351,0.02734163300706975,1,0,0,0,0,0,1.0023250410623368,0
0.7436620644343486,0.5269965242827193,0,0.6088222739925858,0.02723595526165004,0,0.7152055889659487,0.04372485393531418,1,0,0,0,0,0,0.5189931958582312,0
3.159439404693039,3.3307706636729857,0,4.548344169975719,0.04330167898724614,0,0.5532298989596666,0.1295473692149442,1,0,0,0,0,0,1.5028362523315968,0
2.180334531152229,1.9591731906806802,0,1.7282469021080027,0.04164570548580644,0,0.13916786038412302,0.19045222850139693,1,0,0,0,0,0,0.6112040332807135,0
5.091062121954257,5.501412681719285,0,1.0587147358068272,0.02375360337357832,0,0.6110557355977205,0.01020830535699747,1,0,0,0,0,0,0.3184186327072572,0
0.9521822711328997,0.8792311528686494,0,1.0849069692294189,0.036013804029901966,0,0.7174228818763745,0.08840391943828413,1,0,0,0,0,0,0.7126625990638711,0
1.3443049904137063,1.7008205986734093,0,0.2392892463223527,0.03300753442290911,0,0.1951347292476378,0.09451800319788184,1,0,0,0,0,0,0.4578187649457368,0
0.6447547561685574,0.5904098377152288,0,0.4896486126776348,0.05781533466771319,0,0.474995101636173,0.03804106739602692,1,0,0,0,0,0,0.5617915733185985,0
0.9041506079863567,0.658004695626429,0,0.41678384223092535,0.016747805094515452,0,1.0710531356433686,0.047788583059732936,1,0,0,0,0,0,0.5152992618901286,0
0.2810365362080382,0.1210818393467125,0,0.36725746437985507,0.007115093729085713,0,0.4115917447496558,0.05228702488005932,1,0,0,0,0,0,0.29152212464387606,0
0.46593529660828314,0.33166558495553955,0,0.45264198393801663,0.02237641692718896,0,0.3227051929418861,0.03198281922488594,1,0,0,0,0,0,0.46022200572200733,0
1.5408457552054629,1.8790132853884969,0,0.6785423834224679,0.04546068068644188,0,0.5028884583231312,0.09328922419581033,1,0,0,0,0,0,0.46550560840198724,0
0.5302886068353159,0.6543481596148277,0,0.8448885552658085,0.018189563403650584,0,0.4168209364150641,0.05001444140620607,1,0,0,0,0,0,0.09332116331973815,0
0.39073927561341,0.1484294500724752,0,0.2068998747086554,0.015462107954436484,0,0.1714881539376909,0.07513791699550937,1,0,0,0,0,0,0.4868296495963713,0
0.7244404280438396,0.7568789166607415,0,0.6395553938527878,0.02786434564322408,0,0.26581536974964465,0.0501940571351889,1,0,0,0,0,0,0.4235479521162682,0
1.5619290112292292,1.2263446994822145,0,0.5728468111713898,0.7386822014716943,0,0.39575941565185535,6.373643815593327,1,0,0,0,0,0,0.4276175724359775,0
8.684912530089502,13.162706767120579,0,2.4171377634313367,2.8549682754921886,0,0.2504181859010028,45.07380615894485,1,0,0,0,0,0,0.2344247897006629,0
0.9704226978736668,0.9588463857146043,0,0.32107541748375446,0.1344787461107778,0,0.3708356267563211,0.02354398288774642,1,0,0,0,0,0,0.9845625249187663,0
0.7575210168368323,0.7344990763647331,0,0.4402114748005635,0.03352369877271488,0,0.1531929658739239,0.03881756474459034,1,0,0,0,0,0,0.6001909373377836,0
1.0208356550384106,1.053052825312664,0,0.5458941248547489,0.04648719320839586,0,0.2923116535629495,0.03830881618922867,1,0,0,0,0,0,0.521647158266584,0
0.6095097994919383,0.5434623756088325,0,0.3145666424726653,0.025610192016040652,0,0.25560657608343584,0.043265073616839865,1,0,0,0,0,0,0.7363917030153562,0
0.42205108004483305,0.27533989061843883,0,0.7646702669794055,0.042570230424681874,0,0.2923116535629495,0.05208424588245586,1,0,0,0,0,0,0.33867275682893216,0
0.4787564593346246,0.2572683227515739,0,0.20487887076775582,0.03202143275606016,0,0.1626794726570813,0.052498695086191,1,0,0,0,0,0,0.48476379720269197,0
0.3073459474572902,0.19612218090806657,0,0.36653494068961706,0.045756169141840775,0,0.35070685064929685,0.03877606550648687,1,0,0,0,0,0,0.5480854156062643,0
0.5573640218913798,0.30957754338052823,0,0.526836679652267,0.011846384748379044,0,0.3855066936259378,0.06454510427614898,1,0,0,0,0,0,0.3592176760376251,0
0.44353821215227474,0.25140035690104107,0,0.40035712809590535,0.04559898645320906,0,0.2923116535629496,0.0717751769129536,1,0,0,0,0,0,0.444236288425349,0
0.50549096185543,0.36649275853096025,0,0.1634233979339793,0.022374095361961596,0,0.1531929658739239,0.06268223063400158,1,0,0,0,0,0,0.6304474822166835,0
0.3617419848536013,0.2434012399088525,0,0.1520837026521936,0.0053045845719281075,0,0.25560657608343584,0.0522843118906554,1,0,0,0,0,0,0.7438508511145484,0
0.28087595845801805,0.26406185273499033,0,0.5633283622700774,0.004330999553802634,0,0.32894218052616486,0.015957177062291675,1,0,0,0,0,0,0.14198425426589406,0
0.5140343603936826,0.12180112109278,0,0.3636349348081697,0.006107173408419171,0,0.0061397079794181745,0.04086728710089911,1,0,0,0,0,0,0.5913934322504923,0
11.208361028956435,8.282743149676774,0,17.392779627671345,0.02980673073692587,0,9.43278171334631,0.04690900184769531,1,0,0,0,0,0,8.680472814983785,0
352.37619845838356,540.9049609818354,1,94.42220961906061,24.12208051362961,0,59.685168863272445,11353.736723149415,1,0,0,0,0,0,40.132361445938905,0
1.9834409971616083,1.4999907682018272,0,1.0361409044115437,1.0369491804219102,0,0.6563226262672595,0.2350609066242416,1,0,0,0,0,0,0.2776608550195392,0
0.6359899492677478,0.7049071702335276,0,0.367632469952092,0.011402177087336877,0,0.6770210778967543,0.030817652172848802,1,0,0,0,0,0,0.1731031263922626,0
1.1670344223819762,1.036374212752862,0,0.8559512891728711,0.757117829508602,0,1.0965416325175839,0.36531615992615335,1,0,0,0,0,0,0.22997690907619042,0
0.5192761977424392,0.21732343424780354,0,0.3014147958087394,0.12070677003285173,0,1.5800500308037662,0.6540595840754301,1,0,0,0,0,0,0.3666530430037799,0
0.45221534136386066,0.3402594945356532,0,0.41348576160207867,0.004055315414106807,0,0.567998952355161,0.015186680405501519,1,0,0,0,0,0,0.14613639146357071,0
0.24518272810105365,0.09300973024943973,0,0.32706033373836113,0.007475164522692153,0,0.33092624683068933,0.021393714580771155,1,0,0,0,0,0,0.21630150108325735,0
0.30950148985317916,0.16355491156651386,0,0.5114990860190645,0.1810844401568124,0,0.757331936473548,0.06502431898051192,1,0,0,0,0,0,0.14799624764285574,0
12.26098842522965,18.60182486684223,0,0.47510145392424386,0.08646369650851232,0,1.3105157767268802,0.26047145158005747,1,0,0,0,0,0,0.26572868788626264,0
7.597471491486061,11.533313524027777,0,1.3716031001036766,0.02345943131293979,0,0.41577588545311156,0.14312802509381622,1,0,0,0,0,0,0.6084315048115443,0
4.617599202155841,4.550908152533586,0,0.6248203498328341,0.35583349720349267,0,1.531337698520424,0.29041212259153737,1,0,0,0,0,0,0.2769238825643674,0
1.1800465379795007,1.3764692293191654,0,0.3551296021763392,0.03290756252252828,0,0.7099986904439511,0.030494777129350753,1,0,0,0,0,0,0.062310233469015264,0
0.25809139546396054,0.10759548074126439,0,0.3883813466603945,0.015981039276294386,0,0.757331936473548,0.02733977193051071,1,0,0,0,0,0,0.17686264351477046,0
0.4024312216878322,0.31325398073406263,0,0.3454971996927828,0.029060425032209854,0,0.6719802403666781,0.01792989939438823,1,0,0,0,0,0,0.1778078409147568,0
0.41888009917948643,0.42483710180582157,0,0.3637950879542744,0.010964967190358879,0,0.3313327222071772,0.01792989939438823,1,0,0,0,0,0,0.14049080218090462,0
1.6805968448211068,2.070038003419538,0,1.0554267333161302,0.01104964486974743,0,0.757331936473548,0.07533302900664846,1,0,0,0,0,0,0.3172127853634613,0
2.671447473606307,3.769193801305458,0,0.21636109649859261,0.020407908890059216,0,0.8398980075547635,0.04562598887932205,1,0,0,0,0,0,0.40702316403185534,0
3.0403712292964276,2.599917417114049,0,1.2055094100075983,0.1374018720665653,0,1.0352656161319604,0.3161717752485512,1,0,0,0,0,0,0.49286835097796367,0
22.68070446221077,37.287939586685674,0,1.1766322157967801,0.052295656885482114,0,1.2647053608957814,0.22166815688197183,1,0,0,0,0,0,0.3526414820386474,0
7.484304193252534,9.671551247456275,0,1.4280945640332345,0.07700480159187845,0,3.5826750164104317,0.41730219956902354,1,0,0,0,0,0,0.1276921619727868,0
19.250779309267052,28.513240433873825,1,2.8326181855284016,0.20946125340841742,0,0.567998952355161,0.42386678246937926,1,0,0,0,0,0,1.2205343285245864,0
0.49931842947678157,0.3367521447977232,0,0.3637950879542744,0.007566352146742826,0,0.3313327222071772,0.021818808167005155,1,0,0,0,0,0,0.14049080218090462,0
0.9988852542615854,1.023897810141997,0,0.31904419806003237,0.006755608020792646,0,0.7906664958157223,0.03265293943837207,1,0,0,0,0,0,0.21544745150984382,0
2.0791757121805268,2.555186818170703,0,0.5300569865972232,0.13206265566691605,0,0.595908131926673,0.3440907120344503,1,0,0,0,0,0,0.41591281171402256,0
15.220950757859928,12.820883720576969,0,15.403428206917633,5.241006895743808,0,5.525038854817671,0.2249288457623641,1,0,0,0,0,0,1.2506652393645052,0
12.625536344235496,20.08140879149314,0,4.080965095852806,0.1764283304373154,0,1.4679272834275725,0.07156422285988082,1,0,0,0,0,0,0.5890086864254758,0
86.46785317878226,112.00851536451495,0,39.361217470309505,150.6243980859707,0,4.920314171966899,177.30051003475162,1,0,0,0,0,0,15.142466334287299,0
151.6170083242668,146.915674195115,0,3.957468965819148,177.94871836181508,0,6.907976088942348,235.80735960929064,1,0,0,0,0,0,4.721969958705376,1
3.2289783166995947,3.2598403564623935,0,2.1422441333805438,0.02670397759074203,0,0.7683675120853095,0.0012578417170776499,1,0,0,0,0,0,1.2000085375608085,0
113.68893405917,129.66846582508717,4,205.02522924172558,14.80593840176622,0,16.8500980284385,7.754380230211872,1,0,0,0,0,0,73.93852794929025,1
78.4720863580851,120.15633321033381,2,43.80860780158794,20.33792019286641,0,22.393658443707803,31603.796199360993,1,0,0,0,0,0,3.57135863787966,0
5.653054006465421,6.981759371964901,0,4.167806604628071,0.16170076072570239,0,1.5652950864112363,24201.265358264627,1,0,0,0,0,0,2.4725839061297767,0
24.152048312131875,14.672616440842647,2,21.37080114510492,2.7174036415892395,1,7.3421835278685865,29905.558865142906,1,0,0,0,0,0,9.040203285928854,0
38.7360153191559,51.94379276866937,0,11.683572035428153,88.36694626224858,0,0.3542955554923698,21836.016532164696,1,0,0,0,0,0,1.1845201980369418,0
126.64868588186104,175.94542504427858,0,4.477405891893782,207.48411128295106,1,1.5978418921623894,11756.817727833959,1,0,0,0,0,0,2.8186038499789854,0
20.25776256286619,30.431980724915302,0,1.541616091604463,0.31637239069431117,0,0.3135132327362825,1.6329762824463079,1,0,0,0,0,0,1.1799219157272198,0
12.63789777463669,20.154228998956505,0,0.8344709185342363,389.44582728260013,0,0.1818624129091834,0.06026178907292767,1,0,0,0,0,0,0.5222501673101108,0
12.801102916798248,18.947490903526187,0,4.5145684973824824,0.22247124169732735,0,0.42399035905276766,0.7599962649866288,1,0,0,0,0,0,0.4977962427930785,0
43.637385225167215,68.54940428371741,0,14.410561827318467,0.5760292079338889,0,2.9996769019198655,0.15099688600346078,1,0,0,0,0,0,1.3983321861829723,0
2.266940019674367,2.1674165368261114,0,0.6970739629609799,0.17971871257054195,0,0.36717706508823333,0.4833971870816026,1,0,0,0,0,0,0.25162034147810747,0
0.41642243787684224,0.3541804816038674,0,0.4427747418735837,0.02921749261852013,0,0.0,0.0626342042483323,1,0,0,0,0,0,0.041654358250037014,0
0.5294942743861635,0.5646330396922697,0,0.08692377262939627,0.00331032259426862,0,0.36717706508823333,0.07046866751671646,1,0,0,0,0,0,0.09574326665046695,0
0.6298704040005185,0.84953755992033,0,0.23894322287177325,0.021666186893830968,0,0.41404370347040403,0.04667566552541995,1,0,0,0,0,0,0.1518636114017129,0
0.3668207272629982,0.21619833890959866,0,0.08820888617414868,0.004653082372690466,0,0.9362540943849156,0.019039511058870296,1,0,0,0,0,0,0.3976724742144867,0
0.7712992391758164,0.7855412361359625,0,0.31218866766511427,0.009509718394090885,0,0.8932178643816397,0.04628174196234401,1,0,0,0,0,0,0.8239499171201825,0
0.4580283111955553,0.2984403455848037,0,0.30149461051287124,0.0018036822565864954,0,0.49034115511929466,0.04977679493045394,1,0,0,0,0,0,0.39891559223642625,0
0.14225388483728724,0.08018242346998233,0,0.06754235607946725,0.0073498543263493706,0,0.33123496277632325,0.06114244436749823,1,0,0,0,0,0,0.07749654235026224,0
2.46292568655929,2.504113763983228,0,0.42610721702427556,0.07688696438445086,0,0.9366353469824344,0.18014387279503996,1,0,0,0,0,0,0.6980709939244172,0
1.274704810800599,0.7547785415039086,0,1.8188239860401703,0.018122235336772714,0,0.4531654709292458,0.008776023308383432,1,0,0,0,0,0,0.6953102097716493,0
8.259956455584325,13.212815512352297,0,0.8387224261120914,380.50083500986403,0,0.46925915975355387,0.037879152421057376,1,0,0,0,0,0,0.3844094192031785,0
1.0705197001959113,0.8162535418268024,0,0.6188185171237122,0.029172710375129786,0,0.9752324531710592,0.04549838179634655,1,0,0,0,0,0,0.5106095113426113,0
14.581379527323818,20.96654240739994,0,2.3158713677989455,0.041107784557055604,0,0.8798098768373955,0.0753958093576299,1,0,0,0,0,0,0.8713633144031294,0
1.1937127302252586,0.8184102597813036,0,0.43723159717061155,0.033480630391539146,0,0.48315233194971813,0.054802455472040844,1,0,0,0,0,0,0.637435461402104,0
