Accuracy:  0.6783385655638735 %
F1-score:  0.6232994908978452
Precision:  0.6794579162535258
Recall:  0.6230865024830015

Confusion matrix, without normalization
[[ 143   36   32   46   39]
 [  46  156   52   35   21]
 [  28   21  958   28   50]
 [  28   14   33  370  739]
 [  17    4   37   26 1182]]

Normalized confusion matrix
[[0.48310811 0.12162162 0.10810811 0.15540541 0.13175676]
 [0.1483871  0.50322581 0.16774194 0.11290323 0.06774194]
 [0.02580645 0.01935484 0.88294931 0.02580645 0.04608295]
 [0.02364865 0.01182432 0.02787162 0.3125     0.62415541]
 [0.01342812 0.00315956 0.02922591 0.02053712 0.93364929]]