Accuracy:  0.5266843757546487 %
F1-score:  0.3720859286238256
Precision:  0.38833705727858525
Recall:  0.4102694283872621

Confusion matrix, without normalization
[[   0   42  131   49   74]
 [   1   84  134   29   62]
 [   0   39  889   54  103]
 [   0    7  110  125  942]
 [   0    9   32  142 1083]]

Normalized confusion matrix
[[0.         0.14189189 0.44256757 0.16554054 0.25      ]
 [0.00322581 0.27096774 0.43225806 0.09354839 0.2       ]
 [0.         0.0359447  0.81935484 0.04976959 0.09493088]
 [0.         0.00591216 0.09290541 0.10557432 0.79560811]
 [0.         0.007109   0.02527646 0.1121643  0.85545024]]