Accuracy:  0.940522243713733 %
F1-score:  0.9025217720304767
Precision:  0.8937310551437617
Recall:  0.9130892556084129

Confusion matrix, without normalization
[[ 253   23    9    1    8]
 [  15  260   26    3    5]
 [  17   29 1014   18    7]
 [  18   35   10 1112    8]
 [   8    4    2    0 1251]]

Normalized confusion matrix
[[0.86054422 0.07823129 0.03061224 0.00340136 0.02721088]
 [0.04854369 0.84142395 0.08414239 0.00970874 0.01618123]
 [0.0156682  0.02672811 0.93456221 0.01658986 0.00645161]
 [0.01521555 0.0295858  0.00845309 0.93998309 0.00676247]
 [0.00632411 0.00316206 0.00158103 0.         0.98893281]]